'230306-MULTI-Holiday1-02',1101,50700,,'',1,3300,,'',1,6000,,'',1,1000,,'',1,2300,,'',1,2200,,'',1,6200,0,'Gate',1,3300,,'',1,400,,'',1,9100,,'',1,9500,,'',1,9500,,'',1,9500,,'',1,9500,,'',1,2300,0,'Gate',1,7200,,'',1,9500,,'',1,9500,,'',1,3600,,'',1,5900,,'',1,9500,,'',1,5500,,'',1,5500,,'',1,2100,,'',1,2400,,'',1,9000,,'',1,10200,,'',1,9800,,'',1,10000,,'',1,10500,,'',1
'230306-MULTI-Holiday1-02',1102,73200,4,'',1,8800,4,'',1,700,4,'',1,9500,4,'',1,9600,4,'',1,9500,4,'',1,9400,4,'',1,9700,4,'',1,4600,4,'',1,5000,4,'',1,5700,4,'',1,9500,4,'',1,9500,4,'',1,9400,4,'',1,1800,4,'',1,6600,4,'',1,1100,4,'',1,1600,4,'',1,6500,4,'',1,500,4,'',1,1600,4,'',1,10000,4,'',1,9900,4,'',1,10100,4,'',1,8200,4,'',1,1800,4,'',1,10000,4,'',1
'230306-MULTI-Saturday-01',1101,42600,,'',1,800,,'',1,1200,,'',1,5600,,'',1,600,,'',1,4900,,'',1,5800,,'',1,1000,,'',1,2700,,'',1,6400,,'',1,3100,,'',1,700,,'',1,8800,,'',1,9500,,'',1,9500,,'',1,9500,,'',1,9500,,'',1,1400,,'',1,8100,,'',1,9500,,'',1,9500,,'',1,3700,,'',1,5900,,'',1,5400,,'',1,9500,,'',1,6200,,'',1,1200,,'',1,2100,,'',1,10000,,'',1,10000,,'',1,10000,,'',1,10000,,'',1,10000,,'',1
'230306-MULTI-Saturday-01',1102,62500,4,'',1,1600,4,'',1,6600,4,'',1,1800,4,'',1,1200,4,'',1,1300,4,'',1,7300,4,'',1,1200,4,'',1,9700,4,'',1,9500,4,'',1,9600,4,'',1,9400,4,'',1,900,4,'',1,8700,4,'',1,3900,4,'',1,5800,4,'',1,9600,4,'',1,9600,4,'',1,5400,4,'',1,9400,4,'',1,900,4,'',1,6500,4,'',1,2100,4,'',1,7400,4,'',1,1800,4,'',1,1700,4,'',1,7600,4,'',1,11300,4,'',1,7700,4,'',1,2300,4,'',1,7900,4,'',1,2000,4,'',1,9700,4,'',1,6900,4,'',1,3000,4,'',1
'230306-MULTI-Sunday-01',1101,50700,,'',1,3300,,'',1,6000,,'',1,1000,,'',1,2300,,'',1,2200,,'',1,6200,0,'Gate',1,3300,,'',1,400,,'',1,9100,,'',1,9500,,'',1,9500,,'',1,9500,,'',1,9500,,'',1,2300,0,'Gate',1,7200,,'',1,9500,,'',1,9500,,'',1,3600,,'',1,5900,,'',1,9500,,'',1,5500,,'',1,5500,,'',1,2100,,'',1,2400,,'',1,9000,,'',1,10200,,'',1,9800,,'',1,10000,,'',1,10500,,'',1
'230306-MULTI-Sunday-01',1102,73200,4,'',1,8800,4,'',1,700,4,'',1,9500,4,'',1,9600,4,'',1,9500,4,'',1,9400,4,'',1,9700,4,'',1,4600,4,'',1,5000,4,'',1,5700,4,'',1,9500,4,'',1,9500,4,'',1,9400,4,'',1,1800,4,'',1,6600,4,'',1,1100,4,'',1,1600,4,'',1,6500,4,'',1,500,4,'',1,1600,4,'',1,10000,4,'',1,9900,4,'',1,10100,4,'',1,8200,4,'',1,1800,4,'',1,10000,4,'',1
'230306-MULTI-Weekday-01',1101,42500,,'',1,1700,,'',1,5800,,'',1,500,,'',1,400,,'',1,1600,,'',1,2000,,'',1,6100,,'',1,400,,'',1,1500,,'',1,400,,'',1,2100,,'',1,7400,0,'D Humber',1,69900,0,'D Gate',1,30000,,'',1,1500,,'',1,800,,'',1,6200,0,'Gate',1,700,,'',1,400,0,'Gate',1,400,0,'Gate',1,2700,,'',1,10000,,'',1,10000,,'',1,7000,0,'D Gate',1,3200,,'',1,9800,,'',1,8600,0,'D Gate',1,1400,,'',1,7100,0,'D Gate',1,12400,,'',1
'230306-MULTI-Weekday-01',1102,61600,4,'',1,800,4,'',1,2100,4,'',1,600,4,'',1,5500,4,'',1,1500,4,'',1,1500,4,'',1,47300,4,'',1,20000,4,'',1,10000,4,'',1,24500,4,'',1,7000,4,'',1,2700,4,'',1,8400,4,'',1,1600,4,'',1,6400,4,'',1,2900,4,'',1,1000,4,'',1,9600,4,'',1,6500,4,'',1,900,4,'',1,2500,4,'',1,7300,4,'',1,2500,4,'',1,6200,4,'',1,3600,4,'',1,6500,4,'',1,3300,4,'',1
'230306-MULTI-Holiday1-02',51101,42300,,'',1,1000,,'',1,1000,,'',1,6500,,'',1,500,,'',1,500,,'',1,1200,,'',1,1000,,'',1,7000,,'',1,13400,,'',1,79600,,'',1,18500,,'',1,1000,,'',1,500,,'',1,6800,,'',1,400,,'',1,1300,,'',1,39500,,'',1
'230306-MULTI-Holiday1-02',51102,63200,4,'',1,1500,4,'',1,500,4,'',1,5800,4,'',1,700,4,'',1,500,4,'',1,500,4,'',1,58900,4,'',1,42100,4,'',1,1800,4,'',1,6000,4,'',1,500,4,'',1,500,4,'',1,500,4,'',1,1000,4,'',1,37700,4,'',1
'230306-MULTI-Saturday-01',51101,43800,,'',1,6500,,'',1,500,,'',1,200,,'',1,300,,'',1,1200,,'',1,1000,,'',1,500,,'',1,7000,,'',1,13900,,'',1,98600,,'',1,500,,'',1,200,,'',1,6300,,'',1,500,,'',1,500,,'',1,1000,,'',1,200,,'',1,300,,'',1
'230306-MULTI-Saturday-01',51102,64000,4,'',1,1000,4,'',1,200,4,'',1,6800,4,'',1,200,4,'',1,500,4,'',1,500,4,'',1,200,4,'',1,1000,4,'',1,99200,4,'',1,1400,4,'',1,6500,4,'',1,300,4,'',1,200,4,'',1,400,4,'',1,200,4,'',1,900,4,'',1,8800,4,'',1
'230306-MULTI-Sunday-01',51101,42300,,'',1,1000,,'',1,1000,,'',1,6500,,'',1,500,,'',1,500,,'',1,1200,,'',1,1000,,'',1,7000,,'',1,13400,,'',1,79600,,'',1,18500,,'',1,1000,,'',1,500,,'',1,6800,,'',1,400,,'',1,1300,,'',1,39500,,'',1
'230306-MULTI-Sunday-01',51102,63200,4,'',1,1500,4,'',1,500,4,'',1,5800,4,'',1,700,4,'',1,500,4,'',1,500,4,'',1,58900,4,'',1,42100,4,'',1,1800,4,'',1,6000,4,'',1,500,4,'',1,500,4,'',1,500,4,'',1,1000,4,'',1,37700,4,'',1
'230306-MULTI-Weekday-01',51101,54000,,'',1,8200,,'',1,1500,,'',1,1500,,'',1,5500,,'',1,1500,,'',1,1500,,'',1,1500,,'',1,5500,,'',1,1500,,'',1,1800,,'',1,1100,,'',1,5600,,'',1,2000,,'',1,2000,,'',1,6000,,'',1,2000,,'',1,2000,,'',1,6000,,'',1,2000,,'',1,2000,,'',1,6000,,'',1,2000,,'',1,2000,,'',1,6000,,'',1,2000,,'',1,2000,,'',1,6000,,'',1,2000,,'',1,2000,,'',1,5500,,'',1,1500,,'',1,1500,,'',1,1600,,'',1,5200,,'',1,1500,,'',1,1400,,'',1,1500,,'',1,1500,,'',1,5500,,'',1,1500,,'',1,300,0,'Gtt',1,1200,,'',1,1500,,'',1,4400,0,'Gtt',1,500,0,'Gtt',1,600,,'',1,1500,,'',1,1500,,'',1,50100,,'',1
'230306-MULTI-Weekday-01',51102,63000,4,'',1,1400,4,'',1,600,4,'',1,500,4,'',1,4500,4,'',1,1800,4,'',1,200,4,'',1,500,4,'',1,800,4,'',1,1600,4,'',1,5500,4,'',1,1400,4,'',1,1900,4,'',1,1200,4,'',1,5600,4,'',1,1400,4,'',1,1400,4,'',1,1600,4,'',1,5500,4,'',1,1900,4,'',1,2000,4,'',1,6000,4,'',1,1900,4,'',1,2000,4,'',1,5900,4,'',1,2100,4,'',1,2000,4,'',1,6100,4,'',1,2000,4,'',1,1900,4,'',1,5800,4,'',1,2100,4,'',1,2000,4,'',1,6200,4,'',1,2300,4,'',1,1900,4,'',1,6600,4,'',1,1900,4,'',1,1500,4,'',1,5600,4,'',1,1700,4,'',1,1600,4,'',1,1500,4,'',1,600,4,'',1,5100,4,'',1,900,4,'',1,600,4,'',1,400,4,'',1,1000,4,'',1,1500,4,'',1,5200,4,'',1,1100,4,'',1,1000,4,'',1,1200,4,'',1,1200,4,'',1,5300,4,'',1,30300,4,'',1,23200,4,'',1
