'230501-MULTI-Weekday-05',5503,74700,4,'',1,8700,4,'',1,8700,4,'',1,8500,4,'',1,4100,4,'',1,8500,4,'',1,8500,4,'',1,8600,4,'',1,4500,4,'',1,8700,4,'',1,8600,4,'',1,8600,4,'',1,4500,4,'',1,8500,4,'',1,8500,4,'',1,8500,4,'',1
'230501-MULTI-Weekday-05',5504,75000,,'',1,9000,,'',1,8500,,'',1,8500,,'',1,4500,,'',1,8500,,'',1,8500,,'',1,8500,,'',1,4500,,'',1,8500,,'',1,8500,,'',1,8500,,'',1,4500,,'',1,8500,,'',1,8500,,'',1
'230501-MULTI-Holiday1-01',6003,84700,4,'',1,10400,4,'',1,10500,4,'',1,14500,4,'',1,10500,4,'',1,10500,4,'',1,10600,4,'',1,10500,4,'',1,10500,4,'',1,10400,4,'',1,10600,4,'',1,10400,4,'',1
'230501-MULTI-Holiday1-01',6004,74500,,'',1,10500,,'',1,10500,,'',1,14500,,'',1,10500,,'',1,10500,,'',1,10500,,'',1,10500,,'',1,10500,,'',1,10500,,'',1,10500,,'',1,10500,,'',1
'230501-MULTI-Saturday-01',6003,84700,4,'',1,10400,4,'',1,10400,4,'',1,14800,4,'',1,10500,4,'',1,10500,4,'',1,10400,4,'',1,10500,4,'',1,10500,4,'',1,10500,4,'',1,10300,4,'',1,10500,4,'',1
'230501-MULTI-Saturday-01',6004,74500,,'',1,10400,,'',1,10400,,'',1,14700,,'',1,10500,,'',1,10500,,'',1,10500,,'',1,10500,,'',1,10500,,'',1,10500,,'',1,10500,,'',1,10500,,'',1
'230501-MULTI-Sunday-01',6003,84700,4,'',1,10400,4,'',1,10500,4,'',1,14500,4,'',1,10500,4,'',1,10500,4,'',1,10600,4,'',1,10500,4,'',1,10500,4,'',1,10400,4,'',1,10600,4,'',1,10400,4,'',1
'230501-MULTI-Sunday-01',6004,74500,,'',1,10500,,'',1,10500,,'',1,14500,,'',1,10500,,'',1,10500,,'',1,10500,,'',1,10500,,'',1,10500,,'',1,10500,,'',1,10500,,'',1,10500,,'',1
'230501-MULTI-Weekday-05',6003,54200,4,'',1,10500,4,'',1,7500,4,'',1,3300,4,'',1,7700,4,'',1,7200,4,'',1,10800,4,'',1,11000,4,'',1,11000,4,'',1,11000,4,'',1,11400,4,'',1,7500,4,'',1,8500,4,'',1,3600,4,'',1,8600,4,'',1,7700,4,'',1,8600,4,'',1,3000,4,'',1,8000,4,'',1
'230501-MULTI-Weekday-05',6004,54400,,'',1,10500,,'',1,7600,,'',1,3200,,'',1,7700,,'',1,7200,,'',1,10900,,'',1,11000,,'',1,11000,,'',1,11000,,'',1,7000,,'',1,8500,,'',1,3500,,'',1,8500,,'',1,3500,,'',1,8500,,'',1,7700,,'',1,8500,,'',1
