101,1,'E',1
102,1,'W',1
203,1,'N',2
204,1,'S',2
303,1,'N',3
304,1,'S',3
403,1,'N',4
404,1,'S',4
501,1,'E',5
502,1,'W',5
603,1,'N',6
604,1,'S',6
703,1,'N',7
704,1,'S',7
1101,1,'E',11
1102,1,'W',11
1403,1,'N',14
1404,1,'S',14
1503,1,'N',15
1504,1,'S',15
1803,1,'N',18
1804,1,'S',18
2301,1,'E',23
2302,1,'W',23
2901,1,'E',29
2902,1,'W',29
3003,1,'N',30
3004,1,'S',30
3103,1,'N',31
3104,1,'S',31
5003,1,'N',50
5004,1,'S',50
5101,1,'E',51
5102,1,'W',51
11503,1,'N',115
11504,1,'S',115
50101,1,'E',501
50102,1,'W',501
50203,1,'N',502
50204,1,'S',502
51101,1,'E',511
51102,1,'W',511
