'240108-MULTI-Holiday1-01',1203,80000,,'',1,10000,,'',1,10000,,'',1,10000,,'',1,10000,,'',1,10000,,'',1,10000,,'',1,10000,,'',1,10000,,'',1,10000,,'',1,10000,,'',1,10000,,'',1
'240108-MULTI-Holiday1-01',1204,91000,4,'',1,10100,4,'',1,10100,4,'',1,10000,4,'',1,10100,4,'',1,10100,4,'',1,10000,4,'',1,10000,4,'',1,10000,4,'',1,10000,4,'',1,9700,4,'',1,9800,4,'',1
'240108-MULTI-Saturday-01',1203,80000,,'',1,10000,,'',1,10000,,'',1,10000,,'',1,10000,,'',1,10000,,'',1,10000,,'',1,10000,,'',1,10000,,'',1,10000,,'',1,10000,,'',1,10000,,'',1,10000,,'',1,10000,,'',1
'240108-MULTI-Saturday-01',1204,91100,4,'',1,10200,4,'',1,10000,4,'',1,10000,4,'',1,10000,4,'',1,10000,4,'',1,10000,4,'',1,10000,4,'',1,10000,4,'',1,10000,4,'',1,10000,4,'',1,9800,4,'',1,10000,4,'',1
'240108-MULTI-Sunday-01',1203,80000,,'',1,10000,,'',1,10000,,'',1,10000,,'',1,10000,,'',1,10000,,'',1,10000,,'',1,10000,,'',1,10000,,'',1,10000,,'',1,10000,,'',1,10000,,'',1
'240108-MULTI-Sunday-01',1204,91000,4,'',1,10100,4,'',1,10100,4,'',1,10000,4,'',1,10100,4,'',1,10100,4,'',1,10000,4,'',1,10000,4,'',1,10000,4,'',1,10000,4,'',1,9700,4,'',1,9800,4,'',1
'240108-MULTI-Weekday-03',1203,51500,,'',1,10000,,'',1,10000,,'',1,10000,,'',1,10000,,'',1,10000,,'',1,10000,,'',1,10000,,'',1,10000,,'',1,10000,,'',1,10000,,'',1,10000,,'',1,10000,,'',1,10000,,'',1,10000,,'',1,10000,,'',1,10000,,'',1
'240108-MULTI-Weekday-03',1204,62400,4,'',1,10000,4,'',1,10200,4,'',1,9700,4,'',1,10000,4,'',1,10100,4,'',1,10000,4,'',1,10000,4,'',1,10500,4,'',1,10000,4,'',1,10000,4,'',1,10000,4,'',1,10000,4,'',1,9700,4,'',1,9900,4,'',1,10000,4,'',1
'240108-MULTI-Weekday-03',20500,73500,,'',1
'240108-MULTI-Weekday-03',20501,150700,4,'',1
'240108-MULTI-Weekday-03',21701,150700,4,'',1
