101,15090711,1,0
101,16090501,2,0
101,15090804,3,0
101,15090805,4,0
101,15090806,5,0
101,15090807,6,0
101,16090502,7,0
101,91690,8,0
101,92475,9,0
101,92480,10,0
101,92485,11,0
101,92490,12,0
101,92495,13,0
101,15051807,14,0
101,16170,15,0
101,15620,16,0
101,91100,17,0
101,92470,18,0
101,92465,19,0
101,7600,20,0
101,7610,21,0
101,7620,22,0
101,7630,23,0
101,7640,24,0
101,7650,25,0
101,45505,26,0
101,7675,27,0
101,7680,28,0
101,50102,29,0
101,7700,30,0
101,7710,31,0
101,50104,32,0
101,7730,33,0
101,7740,34,0
101,7750,35,0
101,50106,36,0
101,23040,37,0
101,7790,38,0
101,7800,39,0
101,200,40,0
101,210,41,0
101,220,42,0
101,230,43,0
101,235,44,0
101,9875,45,0
101,9885,46,0
101,2410,47,0
101,23140,48,0
101,45533,49,0
101,3900,50,0
101,3910,51,0
101,20200,52,0
101,3930,53,0
101,50112,54,0
101,50114,55,0
101,50116,56,0
101,222,57,0
101,50118,58,0
101,20270,59,0
101,50120,60,0
101,20300,61,0
101,20310,62,0
101,50122,63,0
101,44480,64,0
101,44490,65,0
101,44500,66,0
101,44510,67,0
101,44520,68,0
101,44818,69,0
101,44820,70,0
101,47130,71,0
101,47140,72,0
101,47143,73,0
101,47145,74,0
101,50150,75,1
102,50150,1,0
102,17550,2,0
102,17555,3,0
102,16090506,4,0
102,16090507,5,0
102,16090508,6,0
102,50154,7,0
102,50156,8,0
102,21135,9,0
102,21137,10,0
102,50158,11,0
102,21160,12,0
102,50160,13,0
102,8070,14,0
102,50162,15,0
102,50164,16,0
102,21210,17,0
102,3864,18,0
102,3865,19,0
102,2410,20,0
102,23140,21,0
102,45528,22,0
102,2390,23,0
102,9895,24,0
102,9867,25,0
102,42420,26,0
102,270,27,0
102,280,28,0
102,290,29,0
102,8200,30,0
102,8210,31,0
102,50170,32,0
102,23180,33,0
102,50172,34,0
102,8245,35,0
102,8250,36,0
102,8260,37,0
102,50174,38,0
102,8280,39,0
102,8290,40,0
102,50176,41,0
102,8310,42,0
102,8320,43,0
102,45510,44,0
102,8340,45,0
102,8350,46,0
102,8360,47,0
102,8370,48,0
102,8380,49,0
102,8390,50,0
102,8400,51,0
102,8410,52,0
102,91350,53,0
102,91355,54,0
102,15630,55,0
102,92000,56,0
102,91360,57,0
102,91365,58,0
102,91370,59,0
102,91375,60,0
102,91380,61,0
102,16090503,62,0
102,15090825,63,0
102,49040,64,0
102,49050,65,0
102,15090826,66,0
102,19090339,67,0
102,16090504,68,0
102,19030401,69,0
102,15090711,70,1
203,26792,1,0
203,26790,2,0
203,26800,3,0
203,30111,4,0
203,9060,5,0
203,9065,6,0
203,9070,7,0
203,9080,8,0
203,9090,9,0
203,9100,10,0
203,9110,11,0
203,9120,12,0
203,9130,13,0
203,9140,14,0
203,9150,15,0
203,9160,16,0
203,9170,17,0
203,9180,18,0
203,9190,19,0
203,9195,20,0
203,9210,21,0
203,9220,22,0
203,9235,23,0
203,9230,24,0
203,9250,25,0
203,9265,26,0
203,9270,27,0
203,9277,28,0
203,9280,29,0
203,9300,30,0
203,9310,31,0
203,9320,32,0
203,9330,33,0
203,9340,34,0
203,9350,35,0
203,9360,36,0
203,9380,37,0
203,9390,38,1
204,9390,1,0
204,9415,2,0
204,9420,3,0
204,9430,4,0
204,9440,5,0
204,9450,6,0
204,9460,7,0
204,9475,8,0
204,9480,9,0
204,9490,10,0
204,9500,11,0
204,9510,12,0
204,9520,13,0
204,9530,14,0
204,9540,15,0
204,9550,16,0
204,9560,17,0
204,9580,18,0
204,9590,19,0
204,9600,20,0
204,9610,21,0
204,9620,22,0
204,9630,23,0
204,12840,24,0
204,9640,25,0
204,9650,26,0
204,9660,27,0
204,9670,28,0
204,9680,29,0
204,9700,30,0
204,9715,31,0
204,9720,32,0
204,9730,33,0
204,9750,34,0
204,9760,35,0
204,30117,36,0
204,9780,37,0
204,9785,38,0
204,26805,39,0
204,26810,40,0
204,26815,41,0
204,26807,42,0
204,28012,43,0
204,28014,44,0
204,28016,45,0
204,28005,46,0
204,28007,47,0
204,28010,48,0
204,28020,49,0
204,28030,50,0
204,28040,51,0
204,28050,52,0
204,26792,53,1
303,30107,1,0
303,8550,2,0
303,15033001,3,0
303,8500,4,0
303,13860,5,0
303,13870,6,0
303,13880,7,0
303,13895,8,0
303,13900,9,0
303,13910,10,0
303,13920,11,0
303,13930,12,0
303,13935,13,0
303,13940,14,0
303,13950,15,0
303,13960,16,0
303,13970,17,0
303,13980,18,0
303,13990,19,0
303,13995,20,0
303,14000,21,0
303,14010,22,0
303,14030,23,0
303,14040,24,0
303,14050,25,0
303,14060,26,0
303,14070,27,0
303,14080,28,0
303,14085,29,0
303,14090,30,0
303,14100,31,0
303,14110,32,0
303,13160,33,0
303,13170,34,0
303,12295,35,0
303,12300,36,0
303,12400,37,0
303,12410,38,0
303,12420,39,0
303,9330,40,0
303,9340,41,0
303,9350,42,0
303,9360,43,0
303,9380,44,0
303,42395,45,1
304,42395,1,0
304,9415,2,0
304,9420,3,0
304,9430,4,0
304,9440,5,0
304,9450,6,0
304,9460,7,0
304,12425,8,0
304,12560,9,0
304,12570,10,0
304,12580,11,0
304,13470,12,0
304,13480,13,0
304,14370,14,0
304,14380,15,0
304,14390,16,0
304,14396,17,0
304,14400,18,0
304,14410,19,0
304,14420,20,0
304,14430,21,0
304,14440,22,0
304,94105,23,0
304,14450,24,0
304,14470,25,0
304,14480,26,0
304,14490,27,0
304,14500,28,0
304,14510,29,0
304,14520,30,0
304,14530,31,0
304,14540,32,0
304,14550,33,0
304,14560,34,0
304,13930,35,0
304,14580,36,0
304,14590,37,0
304,14600,38,0
304,14610,39,0
304,14620,40,0
304,14630,41,0
304,14635,42,0
304,8510,43,0
304,15033003,44,0
304,30107,45,1
403,30100,1,0
403,8550,2,0
403,15033001,3,0
403,1430,4,0
403,1440,5,0
403,1450,6,0
403,15517,7,0
403,15520,8,0
403,15090838,9,0
403,40982,10,0
403,40980,11,0
403,40985,12,0
403,40970,13,0
403,15650,14,0
403,15660,15,0
403,15670,16,0
403,15680,17,0
403,15690,18,0
403,15695,19,0
403,15700,20,0
403,15710,21,0
403,15720,22,0
403,15730,23,0
403,15735,24,0
403,15740,25,0
403,15750,26,0
403,94000,27,0
403,94005,28,0
403,94010,29,0
403,94015,30,0
403,17050103,31,0
403,40984,32,0
403,15051809,33,0
403,40988,34,0
403,40990,35,0
403,40995,36,0
403,40555,37,0
403,40560,38,0
403,15051806,39,0
403,40570,40,0
403,40580,41,0
403,11405,42,0
403,11410,43,0
403,11420,44,0
403,11430,45,0
403,40930,46,0
403,40330,47,0
403,40360,48,0
403,15780,49,0
403,15790,50,0
403,15800,51,0
403,15810,52,0
403,15820,53,0
403,15840,54,0
403,15845,55,0
403,15850,56,0
403,15860,57,0
403,15870,58,0
403,15875,59,0
403,15880,60,1
404,15880,1,0
404,15895,2,0
404,11460,3,0
404,11470,4,0
404,11480,5,0
404,11485,6,0
404,30000,7,0
404,15090777,8,0
404,40610,9,0
404,40620,10,0
404,40630,11,0
404,40900,12,0
404,40910,13,0
404,15051808,14,0
404,40920,15,0
404,15900,16,0
404,15910,17,0
404,15920,18,0
404,15930,19,0
404,15940,20,0
404,11490,21,0
404,11510,22,0
404,11520,23,0
404,11530,24,0
404,11540,25,0
404,11550,26,0
404,40350,27,0
404,40340,28,0
404,15110205,29,0
404,94025,30,0
404,94030,31,0
404,16030,32,0
404,16040,33,0
404,16050,34,0
404,16070,35,0
404,16080,36,0
404,16090,37,0
404,16100,38,0
404,16110,39,0
404,16120,40,0
404,16130,41,0
404,16140,42,0
404,16150,43,0
404,40940,44,0
404,15090839,45,0
404,40950,46,0
404,15090840,47,0
404,40960,48,0
404,16270,49,0
404,15513,50,0
404,540,51,0
404,530,52,0
404,550,53,0
404,560,54,0
404,8510,55,0
404,15033003,56,0
404,30100,57,1
501,14090132,1,0
501,15895,2,0
501,15900,3,0
501,16450,4,0
501,16460,5,0
501,16468,6,0
501,16470,7,0
501,16480,8,0
501,16490,9,0
501,16500,10,0
501,16510,11,0
501,16520,12,0
501,16530,13,0
501,16540,14,0
501,16550,15,0
501,16560,16,0
501,14090135,17,0
501,16565,18,0
501,16600,19,0
501,14090137,20,0
501,16630,21,0
501,16635,22,0
501,14090139,23,0
501,17145,24,0
501,16650,25,0
501,16665,26,0
501,16670,27,0
501,16680,28,0
501,16690,29,0
501,16700,30,0
501,16710,31,0
501,16715,32,0
501,16720,33,0
501,45280,34,0
501,16730,35,0
501,16740,36,0
501,16750,37,0
501,16755,38,0
501,16760,39,0
501,16770,40,0
501,16780,41,0
501,16785,42,0
501,16790,43,0
501,16800,44,0
501,16810,45,0
501,16820,46,0
501,16830,47,0
501,810,48,0
501,820,49,0
501,16860,50,0
501,16870,51,0
501,16880,52,0
501,16890,53,1
502,16890,1,0
502,16910,2,0
502,16920,3,0
502,16930,4,0
502,16940,5,0
502,1160,6,0
502,1170,7,0
502,16970,8,0
502,16980,9,0
502,16990,10,0
502,17000,11,0
502,17010,12,0
502,17020,13,0
502,17025,14,0
502,17030,15,0
502,17035,16,0
502,17040,17,0
502,17050,18,0
502,17060,19,0
502,17070,20,0
502,17075,21,0
502,17080,22,0
502,15105,23,0
502,15110,24,0
502,14090129,25,0
502,15115,26,0
502,17090,27,0
502,17100,28,0
502,2110,29,0
502,17120,30,0
502,17125,31,0
502,17130,32,0
502,17135,33,0
502,17150,34,0
502,17155,35,0
502,17160,36,0
502,14090138,37,0
502,17180,38,0
502,16570,39,0
502,14090136,40,0
502,14090134,41,0
502,17220,42,0
502,17230,43,0
502,17240,44,0
502,17250,45,0
502,17260,46,0
502,17270,47,0
502,17280,48,0
502,17285,49,0
502,17290,50,0
502,14090133,51,0
502,17310,52,0
502,17320,53,0
502,17330,54,0
502,15870,55,0
502,15875,56,0
502,14090132,57,1
603,26792,1,0
603,26810,2,0
603,26815,3,0
603,15090744,4,0
603,15090741,5,0
603,15090721,6,0
603,15090742,7,0
603,15090722,8,0
603,15090723,9,0
603,18090460,10,0
603,15090724,11,0
603,15090725,12,0
603,15033004,13,0
603,45262,14,0
603,45260,15,0
603,45258,16,0
603,15090726,17,0
603,15090727,18,0
603,15090728,19,0
603,94065,20,0
603,94070,21,0
603,94075,22,0
603,17010203,23,0
603,94080,24,0
603,17030602,25,0
603,16090551,26,0
603,94085,27,0
603,94090,28,0
603,17103013,29,0
603,17103014,30,0
603,17103015,31,0
603,17103016,32,0
603,17103017,33,0
603,44250,34,0
603,44260,35,0
603,44270,36,0
603,44280,37,0
603,44290,38,0
603,17103018,39,0
603,17103019,40,0
603,17103020,41,0
603,17103021,42,0
603,40564,43,0
603,40566,44,0
603,17103022,45,1
604,17103022,1,0
604,30020,2,0
604,30012,3,0
604,45590,4,0
604,45595,5,0
604,17103023,6,0
604,17103024,7,0
604,17103025,8,0
604,17103026,9,0
604,17103027,10,0
604,44320,11,0
604,44330,12,0
604,44340,13,0
604,44350,14,0
604,17103028,15,0
604,17103029,16,0
604,17103030,17,0
604,17103031,18,0
604,17103032,19,0
604,94035,20,0
604,94040,21,0
604,94045,22,0
604,17010204,23,0
604,94050,24,0
604,94055,25,0
604,94060,26,0
604,14102702,27,0
604,15090712,28,0
604,15090713,29,0
604,45210,30,0
604,45212,31,0
604,45220,32,0
604,535,33,0
604,15090714,34,0
604,40710,35,0
604,15090715,36,0
604,15090716,37,0
604,15090717,38,0
604,15090739,39,0
604,15090718,40,0
604,15090740,41,0
604,15090719,42,0
604,15090720,43,0
604,28040,44,0
604,28050,45,0
604,26792,46,1
703,28060,1,0
703,19490,2,0
703,19500,3,0
703,19510,4,0
703,19520,5,0
703,19530,6,0
703,19540,7,0
703,19550,8,0
703,19560,9,0
703,19565,10,0
703,19570,11,0
703,19378,12,0
703,19575,13,0
703,20,14,0
703,30,15,0
703,19610,16,0
703,19620,17,0
703,19630,18,0
703,19640,19,0
703,19650,20,0
703,19660,21,0
703,19670,22,0
703,19680,23,0
703,19690,24,0
703,19700,25,0
703,19710,26,0
703,19720,27,0
703,19730,28,0
703,19740,29,0
703,19750,30,0
703,19760,31,0
703,19770,32,0
703,19780,33,0
703,19790,34,0
703,19800,35,0
703,19810,36,0
703,19820,37,0
703,19830,38,0
703,19840,39,0
703,19850,40,0
703,19860,41,0
703,19870,42,0
703,19880,43,0
703,19890,44,0
703,19900,45,0
703,11150,46,0
703,11160,47,0
703,12495,48,0
703,11180,49,0
703,9430,50,0
703,9440,51,0
703,9450,52,0
703,9460,53,0
703,12425,54,0
703,12560,55,0
703,12565,56,0
703,12568,57,0
703,18870,58,0
703,18885,59,0
703,42400,60,0
703,19928,61,1
704,42400,1,0
704,18920,2,0
704,18930,3,0
704,18940,4,0
704,18950,5,0
704,18960,6,0
704,18970,7,0
704,13240,8,0
704,13250,9,0
704,13260,10,0
704,11160,11,0
704,19930,12,0
704,11180,13,0
704,12470,14,0
704,19060,15,0
704,19070,16,0
704,19080,17,0
704,19090,18,0
704,19100,19,0
704,19110,20,0
704,19120,21,0
704,19130,22,0
704,19140,23,0
704,19150,24,0
704,19160,25,0
704,19170,26,0
704,19180,27,0
704,19190,28,0
704,19200,29,0
704,19210,30,0
704,19220,31,0
704,19230,32,0
704,19240,33,0
704,19250,34,0
704,19260,35,0
704,19270,36,0
704,19280,37,0
704,19290,38,0
704,19300,39,0
704,19310,40,0
704,19320,41,0
704,19330,42,0
704,19340,43,0
704,19350,44,0
704,19360,45,0
704,19370,46,0
704,19372,47,0
704,19375,48,0
704,19390,49,0
704,19567,50,0
704,19400,51,0
704,19410,52,0
704,19940,53,0
704,19420,54,0
704,19430,55,0
704,19440,56,0
704,19450,57,0
704,19455,58,0
704,19470,59,0
704,28060,60,1
1101,44406,1,0
1101,477,2,0
1101,18043001,3,0
1101,18030503,4,0
1101,469,5,0
1101,461,6,0
1101,15033006,7,0
1101,470,8,0
1101,15033005,9,0
1101,500,10,0
1101,510,11,0
1101,15110204,12,0
1101,520,13,0
1101,535,14,0
1101,540,15,0
1101,530,16,0
1101,550,17,0
1101,560,18,0
1101,15033002,19,0
1101,8510,20,0
1101,15033003,21,0
1101,30108,22,0
1101,600,23,0
1101,610,24,0
1101,620,25,0
1101,51100,26,0
1101,15021601,27,0
1101,51102,28,0
1101,51104,29,0
1101,670,30,0
1101,680,31,0
1101,51106,32,0
1101,700,33,0
1101,710,34,0
1101,51108,35,0
1101,730,36,0
1101,740,37,0
1101,51110,38,0
1101,760,39,0
1101,51112,40,0
1101,780,41,0
1101,790,42,0
1101,800,43,0
1101,810,44,0
1101,830,45,0
1101,840,46,0
1101,850,47,0
1101,900,48,0
1101,910,49,0
1101,920,50,0
1101,930,51,0
1101,941,52,0
1101,942,53,0
1101,943,54,0
1101,944,55,0
1101,946,56,0
1101,945,57,0
1101,980,58,0
1101,17820,59,0
1101,17830,60,0
1101,17840,61,0
1101,17855,62,0
1101,17860,63,0
1101,17870,64,0
1101,17853,65,0
1101,15090803,66,1
1102,15090803,1,0
1102,17868,2,0
1102,17869,3,0
1102,17400,4,0
1102,17430,5,0
1102,1090,6,0
1102,1100,7,0
1102,1110,8,0
1102,1115,9,0
1102,1120,10,0
1102,1130,11,0
1102,1140,12,0
1102,1150,13,0
1102,1160,14,0
1102,51115,15,0
1102,1180,16,0
1102,51113,17,0
1102,51111,18,0
1102,1230,19,0
1102,1235,20,0
1102,1237,21,0
1102,51109,22,0
1102,1250,23,0
1102,1260,24,0
1102,51107,25,0
1102,1280,26,0
1102,51105,27,0
1102,1300,28,0
1102,51103,29,0
1102,1315,30,0
1102,1320,31,0
1102,51101,32,0
1102,1340,33,0
1102,1350,34,0
1102,1360,35,0
1102,30108,36,0
1102,30102,37,0
1102,8550,38,0
1102,15033001,39,0
1102,1430,40,0
1102,1440,41,0
1102,15033004,42,0
1102,1460,43,0
1102,1465,44,0
1102,1470,45,0
1102,1480,46,0
1102,1490,47,0
1102,1500,48,0
1102,1508,49,0
1102,15033007,50,0
1102,466,51,0
1102,18043001,52,0
1102,18030503,53,0
1102,468,54,0
1102,475,55,0
1102,44406,56,1
1403,2816,1,0
1403,2820,2,0
1403,2830,3,0
1403,2840,4,0
1403,2850,5,0
1403,2855,6,0
1403,2870,7,0
1403,2880,8,0
1403,2890,9,0
1403,2900,10,0
1403,2910,11,0
1403,2920,12,0
1403,2930,13,0
1403,2940,14,0
1403,2950,15,0
1403,2960,16,0
1403,2970,17,0
1403,2980,18,0
1403,2990,19,0
1403,2995,20,0
1403,3000,21,0
1403,3010,22,0
1403,3020,23,0
1403,3030,24,0
1403,3040,25,0
1403,3050,26,0
1403,3055,27,0
1403,3070,28,0
1403,3075,29,0
1403,3080,30,0
1403,3475,31,0
1403,3100,32,0
1403,3110,33,0
1403,3120,34,0
1403,3130,35,0
1403,3140,36,0
1403,1890,37,0
1403,1910,38,0
1403,1920,39,0
1403,1930,40,0
1403,1935,41,0
1403,1940,42,0
1403,1945,43,0
1403,11980,44,0
1403,11982,45,0
1403,11986,46,0
1403,19090337,47,0
1403,44080,48,0
1403,44090,49,0
1403,44100,50,0
1403,18090452,51,0
1403,18090453,52,0
1403,18090454,53,0
1403,44905,54,0
1403,44920,55,0
1403,44930,56,0
1403,44940,57,0
1403,44950,58,0
1403,44960,59,0
1403,46000,60,0
1403,46010,61,1
1404,46010,1,0
1404,46020,2,0
1404,44995,3,0
1404,3355,4,0
1404,3360,5,0
1404,3370,6,0
1404,3380,7,0
1404,2120,8,0
1404,2125,9,0
1404,2130,10,0
1404,2140,11,0
1404,3430,12,0
1404,3440,13,0
1404,3450,14,0
1404,3460,15,0
1404,3470,16,0
1404,21200,17,0
1404,3480,18,0
1404,3500,19,0
1404,3510,20,0
1404,3520,21,0
1404,3530,22,0
1404,3540,23,0
1404,3550,24,0
1404,3560,25,0
1404,3570,26,0
1404,3580,27,0
1404,3590,28,0
1404,3595,29,0
1404,3600,30,0
1404,3620,31,0
1404,3630,32,0
1404,3640,33,0
1404,3650,34,0
1404,3660,35,0
1404,3670,36,0
1404,3680,37,0
1404,3690,38,0
1404,3700,39,0
1404,3710,40,0
1404,3720,41,0
1404,3730,42,0
1404,3740,43,0
1404,2817,44,1
1503,42311,1,0
1503,42320,2,0
1503,42330,3,0
1503,42335,4,0
1503,42340,5,0
1503,42280,6,0
1503,42275,7,0
1503,42260,8,0
1503,19090335,9,0
1503,2430,10,0
1503,2450,11,0
1503,2460,12,0
1503,3810,13,0
1503,3820,14,0
1503,3830,15,0
1503,3840,16,0
1503,3850,17,0
1503,3864,18,0
1503,3865,19,0
1503,2410,20,0
1503,23140,21,0
1503,45550,22,0
1503,3900,23,0
1503,3910,24,0
1503,20200,25,0
1503,3930,26,0
1503,3940,27,0
1503,3950,28,0
1503,3960,29,0
1503,3980,30,0
1503,3990,31,0
1503,4000,32,0
1503,18370,33,0
1503,18380,34,0
1503,4030,35,0
1503,4040,36,0
1503,4050,37,0
1503,4060,38,0
1503,4070,39,0
1503,4080,40,0
1503,4090,41,0
1503,4720,42,0
1503,44052,43,0
1503,44061,44,0
1503,44065,45,0
1503,4095,46,0
1503,4100,47,0
1503,15051802,48,0
1503,55560,49,0
1503,55565,50,0
1503,16050903,51,1
1504,16050903,1,0
1504,55575,2,0
1504,46050,3,0
1504,44047,4,0
1504,44050,5,0
1504,44060,6,0
1504,4180,7,0
1504,4190,8,0
1504,4200,9,0
1504,4225,10,0
1504,4220,11,0
1504,16645,12,0
1504,4240,13,0
1504,4250,14,0
1504,4260,15,0
1504,4270,16,0
1504,4275,17,0
1504,4280,18,0
1504,4290,19,0
1504,21210,20,0
1504,3864,21,0
1504,3865,22,0
1504,2410,23,0
1504,23140,24,0
1504,45545,25,0
1504,3900,26,0
1504,3910,27,0
1504,4400,28,0
1504,4410,29,0
1504,4420,30,0
1504,4430,31,0
1504,4440,32,0
1504,2750,33,0
1504,2760,34,0
1504,2770,35,0
1504,19090336,36,0
1504,42250,37,0
1504,42255,38,0
1504,42270,39,0
1504,42290,40,0
1504,42300,41,0
1504,42311,42,1
1803,5660,1,0
1803,5670,2,0
1803,5680,3,0
1803,5690,4,0
1803,5700,5,0
1803,5710,6,0
1803,5720,7,0
1803,5725,8,0
1803,5735,9,0
1803,5740,10,0
1803,5750,11,0
1803,5770,12,0
1803,5780,13,0
1803,5790,14,0
1803,5800,15,0
1803,5810,16,0
1803,5820,17,0
1803,5825,18,0
1803,5840,19,0
1803,5850,20,0
1803,5860,21,0
1803,5870,22,0
1803,5880,23,0
1803,5890,24,0
1803,5900,25,0
1803,5910,26,0
1803,5920,27,0
1803,5930,28,0
1803,5940,29,0
1803,5943,30,0
1803,5950,31,0
1803,5955,32,0
1803,5960,33,0
1803,5970,34,0
1803,5980,35,0
1803,5990,36,0
1803,6000,37,0
1803,6010,38,0
1803,6020,39,0
1803,2710,40,0
1803,2720,41,0
1803,230,42,0
1803,235,43,0
1803,9875,44,0
1803,9885,45,0
1803,2410,46,0
1803,23140,47,0
1803,45538,48,0
1803,2390,49,0
1803,9895,50,0
1803,9867,51,0
1803,42420,52,0
1803,6080,53,0
1803,6090,54,0
1803,6100,55,0
1803,6110,56,0
1803,6120,57,0
1803,6130,58,0
1803,6140,59,0
1803,6150,60,0
1803,6160,61,0
1803,6175,62,0
1803,6170,63,0
1803,6180,64,0
1803,6185,65,0
1803,6190,66,0
1803,6200,67,0
1803,6210,68,0
1803,6220,69,0
1803,6230,70,0
1803,6240,71,0
1803,6250,72,0
1803,6255,73,0
1803,6253,74,0
1803,6258,75,0
1803,17090503,76,0
1803,15090504,77,0
1803,15090505,78,1
1804,15090505,1,0
1804,17090506,2,0
1804,17090507,3,0
1804,17090508,4,0
1804,17090509,5,0
1804,15090750,6,0
1804,90100,7,0
1804,16050901,8,0
1804,45186,9,0
1804,45190,10,0
1804,6330,11,0
1804,6340,12,0
1804,6350,13,0
1804,6360,14,0
1804,6370,15,0
1804,6380,16,0
1804,6390,17,0
1804,6400,18,0
1804,6410,19,0
1804,6420,20,0
1804,18680,21,0
1804,18690,22,0
1804,18700,23,0
1804,18710,24,0
1804,18720,25,0
1804,18730,26,0
1804,18740,27,0
1804,230,28,0
1804,235,29,0
1804,9875,30,0
1804,9885,31,0
1804,2410,32,0
1804,23140,33,0
1804,45543,34,0
1804,2390,35,0
1804,9895,36,0
1804,9867,37,0
1804,42420,38,0
1804,2540,39,0
1804,2550,40,0
1804,6550,41,0
1804,6560,42,0
1804,6570,43,0
1804,6575,44,0
1804,6576,45,0
1804,6580,46,0
1804,6590,47,0
1804,6600,48,0
1804,6610,49,0
1804,6620,50,0
1804,6630,51,0
1804,6640,52,0
1804,6650,53,0
1804,6670,54,0
1804,5660,55,1
2301,30015,1,0
2301,30020,2,0
2301,30025,3,0
2301,40563,4,0
2301,19090332,5,0
2301,15090757,6,0
2301,15090758,7,0
2301,15090759,8,0
2301,18090458,9,0
2301,15110202,10,0
2301,40625,11,0
2301,40627,12,0
2301,40260,13,0
2301,40270,14,0
2301,40280,15,0
2301,40290,16,0
2301,40300,17,0
2301,11630,18,0
2301,11640,19,0
2301,11650,20,0
2301,11660,21,0
2301,11670,22,0
2301,9330,23,0
2301,9340,24,0
2301,9350,25,0
2301,9360,26,0
2301,9380,27,0
2301,14090119,28,0
2301,9415,29,0
2301,11750,30,0
2301,11760,31,0
2301,11770,32,0
2301,11780,33,0
2301,40860,34,0
2301,40870,35,0
2301,17030601,36,0
2301,15051801,37,0
2301,40875,38,0
2301,11830,39,0
2301,16580,40,0
2301,11840,41,0
2301,11850,42,0
2301,11860,43,0
2301,11870,44,0
2301,11875,45,0
2301,11880,46,0
2301,11890,47,0
2301,7110,48,0
2301,40880,49,0
2301,11910,50,0
2301,11920,51,0
2301,16062708,52,0
2301,11940,53,0
2301,11950,54,0
2301,11960,55,0
2301,11970,56,0
2301,11975,57,0
2301,40070,58,0
2301,40080,59,0
2301,40090,60,0
2301,40094,61,0
2301,40100,62,0
2301,40105,63,0
2301,15090846,64,0
2301,14090130,65,0
2301,14090131,66,0
2301,16715,67,0
2301,16720,68,0
2301,45280,69,0
2301,16730,70,0
2301,44195,71,0
2301,44200,72,0
2301,47000,73,0
2301,47010,74,0
2301,47020,75,0
2301,47030,76,0
2301,47040,77,0
2301,47051,78,0
2301,47060,79,0
2301,17605,80,0
2301,47070,81,0
2301,47080,82,0
2301,47090,83,0
2301,47100,84,0
2301,47110,85,0
2301,47120,86,0
2301,47140,87,0
2301,47143,88,0
2301,47145,89,0
2301,50150,90,1
2302,50150,1,0
2302,17550,2,0
2302,17555,3,0
2302,17560,4,0
2302,44818,5,0
2302,44820,6,0
2302,17675,7,0
2302,17680,8,0
2302,17690,9,0
2302,17700,10,0
2302,47150,11,0
2302,47160,12,0
2302,47170,13,0
2302,47180,14,0
2302,47190,15,0
2302,47200,16,0
2302,47210,17,0
2302,47220,18,0
2302,44170,19,0
2302,44180,20,0
2302,44190,21,0
2302,40030,22,0
2302,40040,23,0
2302,40050,24,0
2302,17075,25,0
2302,17080,26,0
2302,15105,27,0
2302,15110,28,0
2302,14090129,29,0
2302,15090847,30,0
2302,15090848,31,0
2302,15090849,32,0
2302,15090850,33,0
2302,40120,34,0
2302,40130,35,0
2302,40140,36,0
2302,40150,37,0
2302,40160,38,0
2302,40170,39,0
2302,41180,40,0
2302,40180,41,0
2302,40190,42,0
2302,40195,43,0
2302,40200,44,0
2302,16062709,45,0
2302,10960,46,0
2302,10970,47,0
2302,10975,48,0
2302,10980,49,0
2302,10990,50,0
2302,11000,51,0
2302,11010,52,0
2302,11790,53,0
2302,6990,54,0
2302,11810,55,0
2302,11815,56,0
2302,11825,57,0
2302,11060,58,0
2302,44755,59,0
2302,15010501,60,0
2302,44775,61,0
2302,44770,62,0
2302,44765,63,0
2302,11100,64,0
2302,11110,65,0
2302,11120,66,0
2302,11130,67,0
2302,11140,68,0
2302,11150,69,0
2302,11160,70,0
2302,11170,71,0
2302,11180,72,0
2302,9430,73,0
2302,9440,74,0
2302,9450,75,0
2302,9460,76,0
2302,9470,77,0
2302,11240,78,0
2302,11250,79,0
2302,11260,80,0
2302,42170,81,0
2302,40210,82,0
2302,40220,83,0
2302,40230,84,0
2302,40240,85,0
2302,42045,86,0
2302,40250,87,0
2302,40253,88,0
2302,40255,89,0
2302,40257,90,0
2302,18090423,91,0
2302,18090459,92,0
2302,16090525,93,0
2302,15090773,94,0
2302,15090774,95,0
2302,15090775,96,0
2302,15090776,97,0
2302,40564,98,0
2302,40566,99,0
2302,30015,100,1
2901,25840,1,0
2901,44310,2,0
2901,44315,3,0
2901,44320,4,0
2901,44330,5,0
2901,44340,6,0
2901,44355,7,0
2901,44360,8,0
2901,25890,9,0
2901,25900,10,0
2901,25910,11,0
2901,25920,12,0
2901,13765,13,0
2901,13680,14,0
2901,25950,15,0
2901,25960,16,0
2901,25980,17,0
2901,25990,18,0
2901,26000,19,0
2901,26010,20,0
2901,26020,21,0
2901,26030,22,0
2901,26040,23,0
2901,26050,24,0
2901,26060,25,0
2901,26070,26,0
2901,26075,27,0
2901,26080,28,0
2901,26090,29,0
2901,26100,30,0
2901,26110,31,0
2901,26120,32,0
2901,7270,33,0
2901,7280,34,0
2901,26150,35,0
2901,26155,36,0
2901,26160,37,0
2901,26170,38,0
2901,26180,39,0
2901,26190,40,0
2901,26200,41,0
2901,25130,42,0
2901,25140,43,0
2901,25150,44,0
2901,25160,45,0
2901,25170,46,0
2901,25175,47,0
2901,25180,48,0
2901,25700,49,0
2901,25710,50,0
2901,25720,51,0
2901,93950,52,0
2901,50156,53,1
2902,50156,1,0
2902,21135,2,0
2902,25740,3,0
2902,25750,4,0
2902,25760,5,0
2902,25770,6,0
2902,25320,7,0
2902,25330,8,0
2902,25340,9,0
2902,25350,10,0
2902,25360,11,0
2902,26450,12,0
2902,26460,13,0
2902,26470,14,0
2902,26480,15,0
2902,26490,16,0
2902,26500,17,0
2902,6820,18,0
2902,18670,19,0
2902,18660,20,0
2902,26540,21,0
2902,26550,22,0
2902,26552,23,0
2902,26570,24,0
2902,26580,25,0
2902,26590,26,0
2902,26600,27,0
2902,26605,28,0
2902,26610,29,0
2902,26620,30,0
2902,26630,31,0
2902,23635,32,0
2902,26650,33,0
2902,26655,34,0
2902,26660,35,0
2902,12970,36,0
2902,12980,37,0
2902,12990,38,0
2902,13000,39,0
2902,26700,40,0
2902,26710,41,0
2902,26720,42,0
2902,26735,43,0
2902,26730,44,0
2902,44240,45,0
2902,44243,46,0
2902,44260,47,0
2902,44270,48,0
2902,44280,49,0
2902,44290,50,0
2902,44300,51,0
2902,44303,52,0
2902,25840,53,1
3003,2817,1,0
3003,14690,2,0
3003,14700,3,0
3003,14710,4,0
3003,14720,5,0
3003,14730,6,0
3003,14750,7,0
3003,14760,8,0
3003,14770,9,0
3003,14780,10,0
3003,14790,11,0
3003,14800,12,0
3003,10125,13,0
3003,14820,14,0
3003,14830,15,0
3003,14840,16,0
3003,14850,17,0
3003,18030504,18,0
3003,14865,19,0
3003,14870,20,0
3003,14875,21,0
3003,14880,22,0
3003,14890,23,0
3003,14900,24,0
3003,14905,25,0
3003,14906,26,0
3003,14910,27,0
3003,14915,28,0
3003,14920,29,0
3003,14930,30,0
3003,14940,31,0
3003,14950,32,0
3003,14960,33,0
3003,14970,34,0
3003,14980,35,0
3003,44210,36,0
3003,14102701,37,0
3003,14989,38,0
3003,17090511,39,1
3004,17090511,1,0
3004,44210,2,0
3004,15000,3,0
3004,41955,4,0
3004,42000,5,0
3004,42010,6,0
3004,42050,7,0
3004,42055,8,0
3004,42060,9,0
3004,42070,10,0
3004,16021501,11,0
3004,42080,12,0
3004,42085,13,0
3004,42090,14,0
3004,42100,15,0
3004,42095,16,0
3004,41120,17,0
3004,15120,18,0
3004,15125,19,0
3004,15130,20,0
3004,15140,21,0
3004,15160,22,0
3004,15162,23,0
3004,15165,24,0
3004,15170,25,0
3004,18030505,26,0
3004,15190,27,0
3004,15210,28,0
3004,15220,29,0
3004,10130,30,0
3004,15240,31,0
3004,15250,32,0
3004,15260,33,0
3004,15270,34,0
3004,15280,35,0
3004,15290,36,0
3004,15300,37,0
3004,15310,38,0
3004,15320,39,0
3004,15330,40,0
3004,2816,41,1
3103,17750,1,0
3103,50152,2,0
3103,21100,3,0
3103,44523,4,0
3103,44525,5,0
3103,44530,6,0
3103,44535,7,0
3103,44540,8,0
3103,44545,9,0
3103,44550,10,0
3103,44455,11,0
3103,44560,12,0
3103,44570,13,0
3103,44580,14,0
3103,44590,15,0
3103,44592,16,0
3103,15090843,17,0
3103,15090844,18,0
3103,15090780,19,0
3103,15090845,20,0
3103,44620,21,0
3103,17100301,22,0
3103,17103002,23,0
3103,17103003,24,0
3103,17103004,25,0
3103,17103005,26,0
3103,17103006,27,0
3103,19090338,28,0
3103,18090444,29,0
3103,18090445,30,0
3103,18090446,31,0
3103,18090447,32,0
3103,18090448,33,1
3104,18090448,1,0
3104,17103007,2,0
3104,17103008,3,0
3104,17103009,4,0
3104,17103010,5,0
3104,17103011,6,0
3104,17103012,7,0
3104,15040,8,0
3104,15090778,9,0
3104,15090779,10,0
3104,15090841,11,0
3104,15090842,12,0
3104,15085,13,0
3104,15090,14,0
3104,15100,15,0
3104,44410,16,0
3104,44420,17,0
3104,93805,18,0
3104,44435,19,0
3104,44440,20,0
3104,44445,21,0
3104,44450,22,0
3104,44460,23,0
3104,44470,24,0
3104,44475,25,0
3104,44480,26,0
3104,44490,27,0
3104,44500,28,0
3104,44510,29,0
3104,44520,30,0
3104,17745,31,0
3104,17740,32,0
3104,17750,33,1
5003,15090801,1,0
5003,17862,2,0
5003,17863,3,0
5003,17864,4,0
5003,17865,5,0
5003,17866,6,0
5003,17867,7,0
5003,17883,8,0
5003,17868,9,0
5003,17869,10,0
5003,17871,11,0
5003,17872,12,0
5003,17881,13,0
5003,17882,14,0
5003,17400,15,0
5003,17430,16,0
5003,17435,17,0
5003,17440,18,0
5003,17460,19,0
5003,17470,20,0
5003,17480,21,0
5003,17490,22,0
5003,17500,23,0
5003,17520,24,0
5003,17525,25,0
5003,17530,26,0
5003,17540,27,0
5003,17545,28,0
5003,17550,29,0
5003,17555,30,0
5003,17560,31,0
5003,17563,32,0
5003,17565,33,0
5003,17568,34,0
5003,17623,35,0
5003,17625,36,0
5003,27000,37,0
5003,27010,38,0
5003,27012,39,0
5003,27013,40,0
5003,27020,41,0
5003,2735,42,1
5004,2735,1,0
5004,15051805,2,0
5004,27040,3,0
5004,27045,4,0
5004,47553,5,0
5004,93810,6,0
5004,93815,7,0
5004,93820,8,0
5004,93825,9,0
5004,14090101,10,0
5004,14090102,11,0
5004,14090103,12,0
5004,17627,13,0
5004,27080,14,0
5004,27200,15,0
5004,17620,16,0
5004,17628,17,0
5004,17629,18,0
5004,17630,19,0
5004,44220,20,0
5004,44237,21,0
5004,17745,22,0
5004,17740,23,0
5004,17750,24,0
5004,17753,25,0
5004,17755,26,0
5004,17760,27,0
5004,17770,28,0
5004,940,29,0
5004,950,30,0
5004,960,31,0
5004,970,32,0
5004,980,33,0
5004,17820,34,0
5004,17821,35,0
5004,17822,36,0
5004,17823,37,0
5004,17824,38,0
5004,17825,39,0
5004,17826,40,0
5004,17830,41,0
5004,17840,42,0
5004,17855,43,0
5004,17860,44,0
5004,17870,45,0
5004,17853,46,0
5004,15090801,47,1
5101,460,1,0
5101,15033006,2,0
5101,470,3,0
5101,15033005,4,0
5101,500,5,0
5101,510,6,0
5101,15110204,7,0
5101,520,8,0
5101,535,9,0
5101,540,10,0
5101,530,11,0
5101,550,12,0
5101,560,13,0
5101,15033002,14,0
5101,8510,15,0
5101,15033003,16,0
5101,30102,17,1
5102,30102,1,0
5102,8550,2,0
5102,15033001,3,0
5102,1430,4,0
5102,1440,5,0
5102,15033004,6,0
5102,1460,7,0
5102,1465,8,0
5102,1470,9,0
5102,1480,10,0
5102,42205,11,0
5102,42210,12,0
5102,18043006,13,0
5102,42220,14,0
5102,42230,15,0
5102,44370,16,0
5102,44385,17,0
5102,44390,18,0
5102,44393,19,0
5102,44395,20,0
5102,44400,21,0
5102,44405,22,0
5102,1530,23,0
5102,1540,24,0
5102,1550,25,0
5102,1560,26,0
5102,16090517,27,0
5102,1570,28,0
5102,1575,29,0
5102,460,30,1
11503,10101,1,0
11503,43011,2,0
11503,43013,3,0
11503,43015,4,0
11503,43017,5,0
11503,43019,6,0
11503,43021,7,0
11503,43023,8,0
11503,43025,9,0
11503,2900,10,0
11503,2925,11,0
11503,42295,12,0
11503,2430,13,0
11503,16050908,14,0
11503,45575,15,1
11504,45575,1,0
11504,16050909,2,0
11504,2770,3,0
11504,42290,4,0
11504,3680,5,0
11504,42980,6,0
11504,43300,7,0
11504,43303,8,0
11504,43305,9,0
11504,43307,10,0
11504,43309,11,0
11504,10101,12,1
50101,50100,1,0
50101,50102,2,0
50101,50104,3,0
50101,50106,4,0
50101,50108,5,0
50101,50110,6,0
50101,50198,7,0
50101,50112,8,0
50101,50114,9,0
50101,50116,10,0
50101,50118,11,0
50101,50120,12,0
50101,50122,13,0
50101,50124,14,0
50101,50126,15,0
50101,50128,16,0
50101,20370,17,0
50101,20390,18,0
50101,20400,19,0
50101,20420,20,0
50101,20430,21,0
50101,20450,22,0
50101,20460,23,0
50101,20480,24,0
50101,20500,25,0
50101,20930,26,0
50101,18010824,27,1
50102,18010827,1,0
50102,20510,2,0
50102,20940,3,0
50102,20960,4,0
50102,20980,5,0
50102,20985,6,0
50102,21010,7,0
50102,21020,8,0
50102,21040,9,0
50102,21060,10,0
50102,21070,11,0
50102,50150,12,0
50102,50152,13,0
50102,50154,14,0
50102,50156,15,0
50102,50158,16,0
50102,50160,17,0
50102,50162,18,0
50102,50164,19,0
50102,50166,20,0
50102,50193,21,0
50102,50168,22,0
50102,50170,23,0
50102,50172,24,0
50102,50174,25,0
50102,50176,26,0
50102,50100,27,1
50203,28180,1,0
50203,28075,2,0
50203,28080,3,0
50203,28085,4,0
50203,28090,5,0
50203,28060,6,0
50203,28070,7,0
50203,26790,8,0
50203,26800,9,0
50203,30110,10,0
50203,9090,11,0
50203,9140,12,0
50203,9160,13,0
50203,9195,14,0
50203,9230,15,0
50203,9280,16,0
50203,12425,17,0
50203,12430,18,1
50204,12430,1,0
50204,9475,2,0
50204,9530,3,0
50204,9580,4,0
50204,9610,5,0
50204,9650,6,0
50204,9670,7,0
50204,9720,8,0
50204,30117,9,0
50204,9780,10,0
50204,9785,11,0
50204,26815,12,0
50204,28110,13,0
50204,28120,14,0
50204,28130,15,0
50204,28140,16,0
50204,28150,17,0
50204,28190,18,1
51101,44406,1,0
51101,477,2,0
51101,469,3,0
51101,461,4,0
51101,15033006,5,0
51101,470,6,0
51101,15033005,7,0
51101,540,8,0
51101,15033002,9,0
51101,15033003,10,0
51101,30109,11,0
51101,51100,12,0
51101,51102,13,0
51101,51104,14,0
51101,51106,15,0
51101,51108,16,0
51101,51110,17,0
51101,51112,18,0
51101,51114,19,0
51101,51116,20,0
51101,18030502,21,0
51101,15090802,22,1
51102,15090802,1,0
51102,1090,2,0
51102,51117,3,0
51102,51115,4,0
51102,51113,5,0
51102,51111,6,0
51102,51109,7,0
51102,51107,8,0
51102,51105,9,0
51102,51103,10,0
51102,51101,11,0
51102,30109,12,0
51102,30102,13,0
51102,8550,14,0
51102,15033001,15,0
51102,15033004,16,0
51102,1500,17,0
51102,1508,18,0
51102,15033007,19,0
51102,466,20,0
51102,468,21,0
51102,475,22,0
51102,44406,23,1
