'230626-MULTI-Weekday-01',3603,73300,,'',1,11300,,'',1,10500,,'',1,10500,,'',1,14500,,'',1,10300,,'',1,5000,,'',1,5500,,'',1,10500,,'',1,10600,,'',1,10500,,'',1,10600,,'',1
'230626-MULTI-Weekday-01',3604,64600,,'',1,11300,,'',1,14500,,'',1,10500,,'',1,10500,,'',1,10500,,'',1,10400,,'',1,1000,,'',1,9700,,'',1,10200,,'',1,10900,,'',1,10500,,'',1
'230626-MULTI-Holiday1-01',5003,74100,4,'',1,7000,4,'',1,2500,4,'',1,6900,4,'',1,3000,4,'',1,7000,4,'',1,3100,4,'',1,7000,4,'',1,3100,4,'',1,7000,4,'',1,3000,4,'',1,7000,4,'',1,3100,4,'',1,7000,4,'',1,2900,4,'',1,7100,4,'',1,3100,4,'',1,6900,4,'',1,3000,4,'',1,7100,4,'',1,2900,4,'',1,7000,4,'',1,3000,4,'',1,6900,4,'',1,3100,4,'',1,8400,4,'',1,7900,4,'',1,4000,4,'',1,7900,4,'',1,3900,4,'',1,7800,4,'',1
'230626-MULTI-Holiday1-01',5004,65500,,'',1,7000,,'',1,3000,,'',1,7000,,'',1,3000,,'',1,7000,,'',1,3000,,'',1,7000,,'',1,3000,,'',1,7000,,'',1,3000,,'',1,7000,,'',1,3000,,'',1,7000,,'',1,3000,,'',1,7000,,'',1,3000,,'',1,7000,,'',1,3000,,'',1,7000,,'',1,3000,,'',1,7000,,'',1,3000,,'',1,7000,,'',1,8700,,'',1,3800,,'',1,8000,,'',1,8000,,'',1,4000,,'',1,8000,,'',1
'230626-MULTI-Saturday-01',5003,55500,4,'',1,8000,4,'',1,8000,4,'',1,4000,4,'',1,8000,4,'',1,7900,4,'',1,3800,4,'',1,8400,4,'',1,7000,4,'',1,3100,4,'',1,7000,4,'',1,3000,4,'',1,7000,4,'',1,3100,4,'',1,7000,4,'',1,2900,4,'',1,7100,4,'',1,3000,4,'',1,6900,4,'',1,3200,4,'',1,7100,4,'',1,2800,4,'',1,7000,4,'',1,3000,4,'',1,6900,4,'',1,3800,4,'',1,6200,4,'',1,2900,4,'',1,8400,4,'',1,3600,4,'',1,7900,4,'',1,8100,4,'',1,3800,4,'',1,8000,4,'',1
'230626-MULTI-Saturday-01',5004,44500,,'',1,8000,,'',1,8000,,'',1,4000,,'',1,8000,,'',1,8000,,'',1,4000,,'',1,8000,,'',1,3300,,'',1,6700,,'',1,3000,,'',1,7000,,'',1,3000,,'',1,7000,,'',1,3000,,'',1,7000,,'',1,3000,,'',1,7000,,'',1,3000,,'',1,7000,,'',1,3000,,'',1,7000,,'',1,3000,,'',1,7000,,'',1,3000,,'',1,8000,,'',1,2000,,'',1,7000,,'',1,8700,,'',1,3300,,'',1,8000,,'',1,8000,,'',1,4000,,'',1,8000,,'',1
'230626-MULTI-Sunday-01',5003,74100,4,'',1,7000,4,'',1,2500,4,'',1,6900,4,'',1,3000,4,'',1,7000,4,'',1,3100,4,'',1,7000,4,'',1,3100,4,'',1,7000,4,'',1,3000,4,'',1,7000,4,'',1,3100,4,'',1,7000,4,'',1,2900,4,'',1,7100,4,'',1,3100,4,'',1,6900,4,'',1,3000,4,'',1,7100,4,'',1,2900,4,'',1,7000,4,'',1,3000,4,'',1,6900,4,'',1,3100,4,'',1,8400,4,'',1,7900,4,'',1,4000,4,'',1,7900,4,'',1,3900,4,'',1,7800,4,'',1
'230626-MULTI-Sunday-01',5004,65500,,'',1,7000,,'',1,3000,,'',1,7000,,'',1,3000,,'',1,7000,,'',1,3000,,'',1,7000,,'',1,3000,,'',1,7000,,'',1,3000,,'',1,7000,,'',1,3000,,'',1,7000,,'',1,3000,,'',1,7000,,'',1,3000,,'',1,7000,,'',1,3000,,'',1,7000,,'',1,3000,,'',1,7000,,'',1,3000,,'',1,7000,,'',1,8700,,'',1,3800,,'',1,8000,,'',1,8000,,'',1,4000,,'',1,8000,,'',1
'230626-MULTI-Weekday-01',5003,53800,0,'A',1,7000,4,'',1,1600,4,'',1,1700,4,'',1,1500,4,'',1,4600,4,'',1,1200,0,'A',1,1000,4,'',1,1300,4,'',1,1200,4,'',1,5400,0,'A',1,500,4,'',1,1500,4,'',1,1500,4,'',1,1300,0,'A',1,500,4,'',1,5100,4,'',1,1500,4,'',1,1400,4,'',1,1400,0,'A',1,5200,4,'',1,1600,4,'',1,1700,0,'A',1,300,4,'',1,1900,4,'',1,5600,4,'',1,1400,0,'A',1,1300,4,'',1,1900,4,'',1,5400,0,'A',1,800,4,'',1,1800,4,'',1,1500,4,'',1,5300,0,'A',1,1400,4,'',1,1800,4,'',1,500,0,'A',1,1000,0,'A',1,4800,4,'',1,1800,4,'',1,1500,4,'',1,1500,0,'A',1,5100,4,'',1,1800,4,'',1,1500,0,'A',1,1000,4,'',1,800,4,'',1,4900,4,'',1,1100,4,'',1,1200,0,'A',1,700,4,'',1,1500,4,'',1,1100,4,'',1,5100,4,'',1,1000,0,'A',1,600,4,'',1,1200,4,'',1,1300,4,'',1,900,4,'',1,5200,0,'A',1,900,4,'',1,1100,4,'',1,1000,4,'',1,900,4,'',1,900,0,'A',1,4700,4,'',1,1200,4,'',1,1100,4,'',1,800,4,'',1,1100,0,'A',1,5300,4,'',1,1100,4,'',1,1200,4,'',1,1300,0,'A',1,900,4,'',1,1000,4,'',1,5400,4,'',1,3100,4,'',1,7000,4,'',1,4600,4,'',1,7900,4,'',1,8000,4,'',1,4000,4,'',1
'230626-MULTI-Weekday-01',5004,44500,,'',1,5500,,'',1,1500,,'',1,1500,,'',1,1200,0,'A',1,300,,'',1,1300,0,'A',1,4200,,'',1,200,0,'A',1,900,,'',1,900,,'',1,1000,,'',1,1800,,'',1,200,0,'A',1,5300,,'',1,400,0,'A',1,800,,'',1,500,0,'A',1,800,,'',1,300,0,'A',1,1400,,'',1,100,0,'A',1,5400,,'',1,1500,,'',1,1500,,'',1,300,0,'A',1,1200,,'',1,1300,,'',1,5100,,'',1,2000,0,'A',1,200,,'',1,2000,,'',1,6000,0,'A',1,500,,'',1,1500,,'',1,1700,,'',1,6300,0,'A',1,2000,,'',1,2300,0,'A',1,100,,'',1,5600,,'',1,2000,,'',1,2000,,'',1,100,0,'A',1,5900,,'',1,1700,,'',1,300,,'',1,100,0,'A',1,1900,,'',1,6000,,'',1,1800,0,'A',1,200,,'',1,2000,,'',1,5700,,'',1,400,0,'A',1,1000,,'',1,1300,,'',1,1100,,'',1,5600,,'',1,200,0,'A',1,600,,'',1,1200,,'',1,1100,,'',1,1900,0,'A',1,100,,'',1,5200,,'',1,1700,,'',1,2000,0,'A',1,1000,,'',1,5500,,'',1,1300,,'',1,1800,0,'A',1,500,,'',1,900,,'',1,5500,,'',1,1500,0,'A',1,100,,'',1,1200,,'',1,1200,,'',1,6500,0,'A',1,1100,,'',1,2400,,'',1,7300,,'',1,2500,,'',1,7200,,'',1,4100,,'',1,8000,,'',1,8000,,'',1,3900,,'',1
