'230109-MULTI-Holiday1-01',2901,70000,,'',1,3000,,'',1,7000,,'',1,3000,,'',1,7000,,'',1,3000,,'',1,7000,,'',1,3000,,'',1,7000,,'',1,3000,,'',1,7000,,'',1,3000,,'',1,7000,,'',1,3000,,'',1,7000,,'',1,3000,,'',1,7000,,'',1,3000,,'',1,7000,,'',1,3000,,'',1,7000,,'',1,3000,,'',1,7000,,'',1,4500,,'',1,8500,,'',1,8500,,'',1
'230109-MULTI-Holiday1-01',2902,72400,4,'',1,3000,4,'',1,6800,4,'',1,3200,4,'',1,7200,4,'',1,2700,4,'',1,6700,4,'',1,3200,4,'',1,7100,4,'',1,3300,4,'',1,7000,4,'',1,3100,4,'',1,7100,4,'',1,2900,4,'',1,6800,4,'',1,2700,4,'',1,7200,4,'',1,3500,4,'',1,6800,4,'',1,2800,4,'',1,7000,4,'',1,3000,4,'',1,6900,4,'',1,2900,4,'',1,7000,4,'',1,8500,4,'',1,4500,4,'',1
'230109-MULTI-Saturday-01',2901,60000,,'',1,3500,,'',1,7500,,'',1,3500,,'',1,7500,,'',1,3500,,'',1,7500,,'',1,7500,,'',1,3500,,'',1,7500,,'',1,3500,,'',1,7500,,'',1,7500,,'',1,3500,,'',1,7500,,'',1,3500,,'',1,7500,,'',1,3500,,'',1,7500,,'',1,7500,,'',1,3500,,'',1,7500,,'',1,3500,,'',1,7500,,'',1,7500,,'',1,3500,,'',1,7500,,'',1
'230109-MULTI-Saturday-01',2902,73100,4,'',1,7500,4,'',1,3500,4,'',1,7500,4,'',1,3500,4,'',1,7500,4,'',1,7400,4,'',1,3500,4,'',1,7500,4,'',1,3600,4,'',1,7500,4,'',1,3500,4,'',1,7800,4,'',1,7600,4,'',1,3600,4,'',1,7500,4,'',1,3500,4,'',1,7500,4,'',1,7500,4,'',1,3500,4,'',1,7400,4,'',1,3500,4,'',1,7500,4,'',1,7500,4,'',1,3400,4,'',1
'230109-MULTI-Sunday-01',2901,70000,,'',1,3000,,'',1,7000,,'',1,3000,,'',1,7000,,'',1,3000,,'',1,7000,,'',1,3000,,'',1,7000,,'',1,3000,,'',1,7000,,'',1,3000,,'',1,7000,,'',1,3000,,'',1,7000,,'',1,3000,,'',1,7000,,'',1,3000,,'',1,7000,,'',1,3000,,'',1,7000,,'',1,3000,,'',1,7000,,'',1,4500,,'',1,8500,,'',1,8500,,'',1
'230109-MULTI-Sunday-01',2902,72400,4,'',1,3000,4,'',1,6800,4,'',1,3200,4,'',1,7200,4,'',1,2700,4,'',1,6700,4,'',1,3200,4,'',1,7100,4,'',1,3300,4,'',1,7000,4,'',1,3100,4,'',1,7100,4,'',1,2900,4,'',1,6800,4,'',1,2700,4,'',1,7200,4,'',1,3500,4,'',1,6800,4,'',1,2800,4,'',1,7000,4,'',1,3000,4,'',1,6900,4,'',1,2900,4,'',1,7000,4,'',1,8500,4,'',1,4500,4,'',1
'230109-MULTI-Weekday-01',2901,50100,0,'A',1,1700,0,'A',1,1500,0,'A',1,1100,0,'A',1,400,0,'A',1,5500,0,'A',1,1500,0,'A',1,1500,0,'A',1,1500,0,'A',1,5500,0,'A',1,1500,0,'A',1,1500,0,'A',1,1500,0,'A',1,5500,0,'A',1,1500,0,'A',1,1500,0,'A',1,1500,0,'A',1,5400,,'',1,2600,,'',1,2600,,'',1,6400,,'',1,2500,,'',1,6500,,'',1,2500,,'',1,2500,,'',1,6500,,'',1,2500,,'',1,6400,,'',1,2400,,'',1,6500,,'',1,2300,0,'A',1,2600,0,'A',1,5500,0,'A',1,1500,0,'A',1,1500,0,'A',1,1500,0,'A',1,5500,0,'A',1,1500,0,'A',1,1500,0,'A',1,1500,0,'A',1,5500,0,'A',1,1500,0,'A',1,1500,0,'A',1,1500,0,'A',1,5500,0,'A',1,1500,0,'A',1,1500,0,'A',1,1500,0,'A',1,5700,0,'A',1,1500,0,'A',1,1300,0,'A',1,1500,0,'A',1,7000,,'',1,3000,,'',1,7000,,'',1,3000,,'',1,7000,,'',1,3000,,'',1,7000,,'',1,3000,,'',1,7000,,'',1,3000,,'',1
'230109-MULTI-Weekday-01',2902,62600,4,'',1,2600,4,'',1,5600,4,'',1,1600,4,'',1,1500,4,'',1,1700,4,'',1,5600,4,'',1,1500,4,'',1,1600,4,'',1,1400,4,'',1,5300,4,'',1,1400,4,'',1,1300,4,'',1,1500,4,'',1,6200,4,'',1,2600,4,'',1,6200,4,'',1,2400,4,'',1,2400,4,'',1,6400,4,'',1,2300,4,'',1,6500,4,'',1,2600,4,'',1,2400,4,'',1,6600,4,'',1,2700,4,'',1,6600,4,'',1,300,4,'',1,1600,4,'',1,1100,4,'',1,7000,4,'',1,1800,4,'',1,200,4,'',1,1300,4,'',1,900,4,'',1,600,4,'',1,5500,4,'',1,1400,4,'',1,1500,4,'',1,1500,4,'',1,5400,4,'',1,1400,4,'',1,1400,4,'',1,1400,4,'',1,5200,4,'',1,1400,4,'',1,1400,4,'',1,1500,4,'',1,5600,4,'',1,1300,4,'',1,1300,4,'',1,1600,4,'',1,7000,4,'',1,2900,4,'',1,6900,4,'',1,2800,4,'',1,6900,4,'',1,3100,4,'',1,7000,4,'',1,3000,4,'',1,7000,4,'',1,3000,4,'',1
'230109-MULTI-Weekday-01',21500,72100,,'',1
'230109-MULTI-Weekday-01',21501,151400,4,'',1
