'230306-MULTI-Weekday-01',1004,52500,,'',1,3000,,'',1,6500,,'',1,2500,,'',1,6500,,'',1,2500,,'',1,6500,,'',1,2500,,'',1,2500,,'',1,6500,,'',1,2500,,'',1,9000,,'',1,9000,,'',1,9000,,'',1,9000,,'',1,5000,,'',1,7000,,'',1,2500,,'',1,6500,,'',1,2500,,'',1,6500,,'',1,2500,,'',1,2500,,'',1,6500,,'',1,2500,,'',1,6500,,'',1,2500,,'',1,2500,,'',1
'230306-MULTI-Holiday1-02',1603,85000,4,'',1,10200,4,'',1,10000,4,'',1,10000,4,'',1,10000,4,'',1,10000,4,'',1,10000,4,'',1,10000,4,'',1,10000,4,'',1,10000,4,'',1,10000,4,'',1
'230306-MULTI-Holiday1-02',1604,81500,,'',1,10000,,'',1,10000,,'',1,10000,,'',1,10000,,'',1,10000,,'',1,10000,,'',1,10000,,'',1,10000,,'',1,10000,,'',1,10000,,'',1,10000,,'',1
'230306-MULTI-Saturday-01',1603,85000,4,'',1,10300,4,'',1,10000,4,'',1,10000,4,'',1,10000,4,'',1,10000,4,'',1,10100,4,'',1,10000,4,'',1,10000,4,'',1,10000,4,'',1,9900,4,'',1,10000,4,'',1,10000,4,'',1
'230306-MULTI-Saturday-01',1604,81500,,'',1,10000,,'',1,10000,,'',1,10000,,'',1,10000,,'',1,10000,,'',1,10000,,'',1,10000,,'',1,10000,,'',1,10000,,'',1,10000,,'',1,10000,,'',1,10000,,'',1,10000,,'',1
'230306-MULTI-Sunday-01',1603,85000,4,'',1,10200,4,'',1,10000,4,'',1,10000,4,'',1,10000,4,'',1,10000,4,'',1,10000,4,'',1,10000,4,'',1,10000,4,'',1,10000,4,'',1,10000,4,'',1
'230306-MULTI-Sunday-01',1604,81500,,'',1,10000,,'',1,10000,,'',1,10000,,'',1,10000,,'',1,10000,,'',1,10000,,'',1,10000,,'',1,10000,,'',1,10000,,'',1,10000,,'',1,10000,,'',1
'230306-MULTI-Weekday-01',1603,60800,4,'',1,10000,4,'',1,10100,4,'',1,10000,4,'',1,9900,4,'',1,10000,4,'',1,10000,4,'',1,10000,4,'',1,10100,4,'',1,10100,4,'',1,10000,4,'',1,3000,4,'',1,7000,4,'',1,3000,4,'',1,7000,4,'',1,3000,4,'',1,6900,4,'',1,10000,4,'',1,10000,4,'',1
'230306-MULTI-Weekday-01',1604,53000,,'',1,10000,,'',1,10000,,'',1,10000,,'',1,10000,,'',1,10000,,'',1,10000,,'',1,10000,,'',1,10000,,'',1,10000,,'',1,10000,,'',1,10000,,'',1,2000,,'',1,8000,,'',1,2000,,'',1,8000,,'',1,10000,,'',1,10000,,'',1,10000,,'',1
'230306-MULTI-Weekday-01',2002,60900,4,'',1,3100,4,'',1,6500,4,'',1,1500,4,'',1,2500,4,'',1,6500,4,'',1,2500,4,'',1,6500,4,'',1,2500,4,'',1,2500,4,'',1,6500,4,'',1,2500,4,'',1,7700,4,'',1,9000,4,'',1,5000,4,'',1,9000,4,'',1,9500,4,'',1,1300,4,'',1,6500,4,'',1,2500,4,'',1,6500,4,'',1,2500,4,'',1,6500,4,'',1,2500,4,'',1,2500,4,'',1,6500,4,'',1,2500,4,'',1,6500,4,'',1,2500,4,'',1,2500,4,'',1
