101,15090711,1,0
101,22010300,2,0
101,16090501,3,0
101,15090804,4,0
101,15090805,5,0
101,15090806,6,0
101,15090807,7,0
101,16090502,8,0
101,91690,9,0
101,92475,10,0
101,92480,11,0
101,92485,12,0
101,92490,13,0
101,92495,14,0
101,15051807,15,0
101,16170,16,0
101,15620,17,0
101,91100,18,0
101,92470,19,0
101,92465,20,0
101,7600,21,0
101,7610,22,0
101,7620,23,0
101,7630,24,0
101,7640,25,0
101,7650,26,0
101,45505,27,0
101,7675,28,0
101,7680,29,0
101,50102,30,0
101,7700,31,0
101,7710,32,0
101,50104,33,0
101,7730,34,0
101,7740,35,0
101,7750,36,0
101,50106,37,0
101,23040,38,0
101,7790,39,0
101,7800,40,0
101,200,41,0
101,210,42,0
101,220,43,0
101,230,44,0
101,235,45,0
101,9875,46,0
101,9885,47,0
101,2410,48,0
101,23140,49,0
101,45533,50,0
101,3900,51,0
101,3910,52,0
101,20200,53,0
101,3930,54,0
101,50112,55,0
101,50114,56,0
101,50116,57,0
101,222,58,0
101,50118,59,0
101,20270,60,0
101,50120,61,0
101,20300,62,0
101,20310,63,0
101,50122,64,0
101,44480,65,0
101,44490,66,0
101,44500,67,0
101,44510,68,0
101,44520,69,0
101,44818,70,0
101,44820,71,0
101,47130,72,0
101,47140,73,1
102,47140,1,0
102,47143,2,0
102,47145,3,0
102,50150,4,0
102,17550,5,0
102,17555,6,0
102,16090506,7,0
102,16090507,8,0
102,16090508,9,0
102,50154,10,0
102,50156,11,0
102,21135,12,0
102,21137,13,0
102,50158,14,0
102,21160,15,0
102,50160,16,0
102,8070,17,0
102,50162,18,0
102,50164,19,0
102,21210,20,0
102,3864,21,0
102,3865,22,0
102,2410,23,0
102,23140,24,0
102,45528,25,0
102,2390,26,0
102,9895,27,0
102,9867,28,0
102,20090801,29,0
102,270,30,0
102,280,31,0
102,290,32,0
102,8200,33,0
102,8210,34,0
102,50170,35,0
102,23180,36,0
102,50172,37,0
102,8245,38,0
102,8250,39,0
102,8260,40,0
102,50174,41,0
102,8280,42,0
102,8290,43,0
102,50176,44,0
102,8310,45,0
102,8320,46,0
102,45510,47,0
102,8340,48,0
102,8350,49,0
102,8360,50,0
102,8370,51,0
102,8380,52,0
102,8390,53,0
102,8400,54,0
102,8410,55,0
102,91350,56,0
102,15630,57,0
102,92000,58,0
102,91360,59,0
102,91365,60,0
102,91370,61,0
102,91375,62,0
102,91380,63,0
102,16090503,64,0
102,15090825,65,0
102,49040,66,0
102,49050,67,0
102,15090826,68,0
102,19090339,69,0
102,16090504,70,0
102,19030401,71,0
102,15090711,72,1
203,26792,1,0
203,26790,2,0
203,26800,3,0
203,30111,4,0
203,9060,5,0
203,9065,6,0
203,9070,7,0
203,9080,8,0
203,9090,9,0
203,9100,10,0
203,9110,11,0
203,9120,12,0
203,9130,13,0
203,9140,14,0
203,9150,15,0
203,9160,16,0
203,9170,17,0
203,9180,18,0
203,9190,19,0
203,9195,20,0
203,9210,21,0
203,9220,22,0
203,9235,23,0
203,9230,24,0
203,9250,25,0
203,9265,26,0
203,9270,27,0
203,9277,28,0
203,9280,29,0
203,9300,30,0
203,9310,31,0
203,9320,32,0
203,9330,33,0
203,9340,34,0
203,9350,35,0
203,9360,36,0
203,9380,37,0
203,9390,38,1
204,9390,1,0
204,9415,2,0
204,9420,3,0
204,9430,4,0
204,9440,5,0
204,9450,6,0
204,9460,7,0
204,9475,8,0
204,9480,9,0
204,9490,10,0
204,9500,11,0
204,9510,12,0
204,9520,13,0
204,9530,14,0
204,9540,15,0
204,9550,16,0
204,9560,17,0
204,9580,18,0
204,9590,19,0
204,9600,20,0
204,9610,21,0
204,9620,22,0
204,9630,23,0
204,12840,24,0
204,9640,25,0
204,9650,26,0
204,9660,27,0
204,9670,28,0
204,9680,29,0
204,9700,30,0
204,9715,31,0
204,9720,32,0
204,9730,33,0
204,9740,34,0
204,9750,35,0
204,9760,36,0
204,30117,37,0
204,9780,38,0
204,9785,39,0
204,26805,40,0
204,26810,41,0
204,26815,42,0
204,26807,43,0
204,28012,44,0
204,28014,45,0
204,28016,46,0
204,28005,47,0
204,28007,48,0
204,28010,49,0
204,28020,50,0
204,28030,51,0
204,28040,52,0
204,28050,53,0
204,26792,54,1
303,30107,1,0
303,8550,2,0
303,15033001,3,0
303,8500,4,0
303,13860,5,0
303,13870,6,0
303,13880,7,0
303,13895,8,0
303,13900,9,0
303,13910,10,0
303,13920,11,0
303,13930,12,0
303,13935,13,0
303,13940,14,0
303,13950,15,0
303,13960,16,0
303,13970,17,0
303,13980,18,0
303,13990,19,0
303,13995,20,0
303,14000,21,0
303,14010,22,0
303,14030,23,0
303,14040,24,0
303,14050,25,0
303,14060,26,0
303,14070,27,0
303,14080,28,0
303,14085,29,0
303,14090,30,0
303,14100,31,0
303,14110,32,0
303,13160,33,0
303,13170,34,0
303,12295,35,0
303,12300,36,0
303,12400,37,0
303,12410,38,0
303,12420,39,0
303,9330,40,0
303,9340,41,0
303,9350,42,0
303,9360,43,0
303,9380,44,0
303,42395,45,1
304,42395,1,0
304,9415,2,0
304,9420,3,0
304,9430,4,0
304,9440,5,0
304,9450,6,0
304,9460,7,0
304,12425,8,0
304,12560,9,0
304,12570,10,0
304,12580,11,0
304,13470,12,0
304,13480,13,0
304,14370,14,0
304,14380,15,0
304,14390,16,0
304,14396,17,0
304,14400,18,0
304,14410,19,0
304,14420,20,0
304,14430,21,0
304,14440,22,0
304,94105,23,0
304,14450,24,0
304,14470,25,0
304,14480,26,0
304,14490,27,0
304,14500,28,0
304,14510,29,0
304,14520,30,0
304,14530,31,0
304,14540,32,0
304,14550,33,0
304,14560,34,0
304,13930,35,0
304,14580,36,0
304,14590,37,0
304,14600,38,0
304,14610,39,0
304,14620,40,0
304,14630,41,0
304,14635,42,0
304,8510,43,0
304,15033003,44,0
304,30107,45,1
403,30100,1,0
403,8550,2,0
403,15033001,3,0
403,1430,4,0
403,1440,5,0
403,1450,6,0
403,15517,7,0
403,15520,8,0
403,15090838,9,0
403,40982,10,0
403,40980,11,0
403,40985,12,0
403,40970,13,0
403,15650,14,0
403,15660,15,0
403,15670,16,0
403,15680,17,0
403,15690,18,0
403,15695,19,0
403,15700,20,0
403,15710,21,0
403,15720,22,0
403,15730,23,0
403,15735,24,0
403,15740,25,0
403,15750,26,0
403,94000,27,0
403,94005,28,0
403,94010,29,0
403,94015,30,0
403,17050103,31,0
403,40984,32,0
403,15051809,33,0
403,40988,34,0
403,40990,35,0
403,40995,36,0
403,40555,37,0
403,40560,38,0
403,15051806,39,0
403,40570,40,0
403,40580,41,0
403,11405,42,0
403,11410,43,0
403,11420,44,0
403,11430,45,0
403,40930,46,0
403,40330,47,0
403,40360,48,0
403,15780,49,0
403,15790,50,0
403,15800,51,0
403,15810,52,0
403,15820,53,0
403,15840,54,0
403,15845,55,0
403,15850,56,0
403,15860,57,0
403,15870,58,0
403,15875,59,0
403,15880,60,1
404,15880,1,0
404,15895,2,0
404,11460,3,0
404,11470,4,0
404,11480,5,0
404,11485,6,0
404,30000,7,0
404,15090777,8,0
404,40610,9,0
404,40620,10,0
404,40630,11,0
404,40900,12,0
404,40910,13,0
404,15051808,14,0
404,40920,15,0
404,15900,16,0
404,15910,17,0
404,15920,18,0
404,15930,19,0
404,15940,20,0
404,11510,21,0
404,11520,22,0
404,11530,23,0
404,11540,24,0
404,11550,25,0
404,40350,26,0
404,40340,27,0
404,15110205,28,0
404,94025,29,0
404,94030,30,0
404,16030,31,0
404,16040,32,0
404,16050,33,0
404,16070,34,0
404,16080,35,0
404,16090,36,0
404,16100,37,0
404,16110,38,0
404,16120,39,0
404,16130,40,0
404,16140,41,0
404,16150,42,0
404,40940,43,0
404,15090839,44,0
404,40950,45,0
404,15090840,46,0
404,40960,47,0
404,16270,48,0
404,15513,49,0
404,540,50,0
404,530,51,0
404,550,52,0
404,560,53,0
404,8510,54,0
404,15033003,55,0
404,30100,56,1
501,14090132,1,0
501,15895,2,0
501,15900,3,0
501,16450,4,0
501,16460,5,0
501,16468,6,0
501,16470,7,0
501,16480,8,0
501,16490,9,0
501,16500,10,0
501,16510,11,0
501,16520,12,0
501,16530,13,0
501,16540,14,0
501,16550,15,0
501,16560,16,0
501,14090135,17,0
501,16565,18,0
501,16600,19,0
501,14090137,20,0
501,16630,21,0
501,16635,22,0
501,14090139,23,0
501,17145,24,0
501,16650,25,0
501,16665,26,0
501,16670,27,0
501,16680,28,0
501,16690,29,0
501,16700,30,0
501,16710,31,0
501,16715,32,0
501,16720,33,0
501,45280,34,0
501,16740,35,0
501,16750,36,0
501,16755,37,0
501,16760,38,0
501,16770,39,0
501,93950,40,0
501,16780,41,0
501,16785,42,0
501,16790,43,0
501,16800,44,0
501,16810,45,0
501,16820,46,0
501,16830,47,0
501,810,48,0
501,830,49,0
501,16890,50,1
502,16890,1,0
502,1150,2,0
502,1170,3,0
502,16970,4,0
502,16980,5,0
502,16990,6,0
502,17000,7,0
502,17010,8,0
502,17020,9,0
502,17025,10,0
502,17030,11,0
502,17035,12,0
502,17040,13,0
502,17050,14,0
502,17060,15,0
502,17070,16,0
502,17075,17,0
502,15105,18,0
502,15110,19,0
502,14090129,20,0
502,15115,21,0
502,17090,22,0
502,17100,23,0
502,2110,24,0
502,17120,25,0
502,17125,26,0
502,17130,27,0
502,17135,28,0
502,17150,29,0
502,17155,30,0
502,17160,31,0
502,14090138,32,0
502,17180,33,0
502,16570,34,0
502,14090136,35,0
502,14090134,36,0
502,17220,37,0
502,17230,38,0
502,17240,39,0
502,17250,40,0
502,17260,41,0
502,17270,42,0
502,17280,43,0
502,17285,44,0
502,17290,45,0
502,14090133,46,0
502,17310,47,0
502,17320,48,0
502,17330,49,0
502,15870,50,0
502,15875,51,0
502,14090132,52,1
603,26792,1,0
603,26810,2,0
603,26815,3,0
603,15090744,4,0
603,15090741,5,0
603,15090721,6,0
603,15090742,7,0
603,15090722,8,0
603,15090723,9,0
603,18090460,10,0
603,15090724,11,0
603,15090725,12,0
603,15033004,13,0
603,45262,14,0
603,45260,15,0
603,45258,16,0
603,15090726,17,0
603,15090727,18,0
603,15090728,19,0
603,94065,20,0
603,94070,21,0
603,94075,22,0
603,17010203,23,0
603,94080,24,0
603,17030602,25,0
603,16090551,26,0
603,94085,27,0
603,94090,28,0
603,17103013,29,0
603,17103014,30,0
603,17103015,31,0
603,17103016,32,0
603,17103017,33,0
603,44250,34,0
603,44260,35,0
603,44270,36,0
603,44280,37,0
603,44290,38,0
603,17103018,39,0
603,17103019,40,0
603,17103020,41,0
603,17103021,42,0
603,40564,43,0
603,40566,44,0
603,17103022,45,1
604,17103022,1,0
604,30020,2,0
604,30012,3,0
604,45590,4,0
604,45595,5,0
604,17103023,6,0
604,17103024,7,0
604,17103025,8,0
604,17103026,9,0
604,17103027,10,0
604,44320,11,0
604,44330,12,0
604,44340,13,0
604,44350,14,0
604,17103028,15,0
604,17103029,16,0
604,17103030,17,0
604,17103031,18,0
604,17103032,19,0
604,94035,20,0
604,94040,21,0
604,21062800,22,0
604,94045,23,0
604,17010204,24,0
604,94050,25,0
604,94055,26,0
604,94060,27,0
604,14102702,28,0
604,15090712,29,0
604,15090713,30,0
604,45210,31,0
604,45212,32,0
604,45220,33,0
604,535,34,0
604,15090714,35,0
604,40710,36,0
604,15090715,37,0
604,15090716,38,0
604,15090717,39,0
604,15090739,40,0
604,15090718,41,0
604,15090740,42,0
604,15090719,43,0
604,15090720,44,0
604,28040,45,0
604,28050,46,0
604,26792,47,1
703,19567,1,0
703,19400,2,0
703,19410,3,0
703,19940,4,0
703,19420,5,0
703,19440,6,0
703,19450,7,0
703,19455,8,0
703,19470,9,0
703,28060,10,0
703,19490,11,0
703,19500,12,0
703,19510,13,0
703,28070,14,0
703,19530,15,0
703,19540,16,0
703,19550,17,0
703,19560,18,0
703,19565,19,0
703,19570,20,0
703,19378,21,0
703,19575,22,0
703,20,23,0
703,30,24,0
703,19610,25,0
703,19620,26,0
703,19630,27,0
703,19640,28,0
703,19650,29,0
703,19660,30,0
703,19670,31,0
703,19680,32,0
703,19690,33,0
703,19700,34,0
703,19720,35,0
703,19730,36,0
703,19740,37,0
703,19750,38,0
703,19760,39,0
703,19770,40,0
703,19780,41,0
703,19790,42,0
703,19800,43,0
703,19810,44,0
703,19820,45,0
703,19830,46,0
703,19840,47,0
703,19850,48,0
703,19860,49,0
703,19870,50,0
703,19880,51,0
703,19890,52,0
703,19900,53,0
703,11150,54,0
703,11160,55,0
703,12495,56,0
703,11180,57,0
703,9430,58,0
703,9440,59,0
703,9450,60,0
703,9460,61,0
703,12425,62,0
703,12560,63,0
703,12565,64,0
703,12568,65,0
703,18870,66,0
703,18885,67,0
703,42400,68,1
704,42400,1,0
704,18920,2,0
704,18930,3,0
704,18940,4,0
704,18950,5,0
704,18960,6,0
704,18970,7,0
704,13240,8,0
704,13250,9,0
704,13260,10,0
704,11160,11,0
704,19930,12,0
704,11180,13,0
704,12470,14,0
704,19060,15,0
704,19070,16,0
704,19080,17,0
704,19090,18,0
704,19100,19,0
704,19110,20,0
704,19120,21,0
704,19130,22,0
704,19140,23,0
704,19150,24,0
704,19160,25,0
704,19170,26,0
704,19180,27,0
704,19190,28,0
704,19200,29,0
704,19210,30,0
704,19220,31,0
704,19230,32,0
704,19240,33,0
704,19250,34,0
704,19260,35,0
704,19270,36,0
704,19280,37,0
704,19290,38,0
704,19300,39,0
704,19310,40,0
704,19320,41,0
704,19330,42,0
704,19340,43,0
704,19350,44,0
704,19360,45,0
704,19370,46,0
704,19372,47,0
704,19375,48,0
704,19390,49,0
704,19567,50,1
801,18090402,1,0
801,22620,2,0
801,22640,3,0
801,22650,4,0
801,22660,5,0
801,22670,6,0
801,22680,7,0
801,22690,8,0
801,22700,9,0
801,22710,10,0
801,22720,11,0
801,22730,12,0
801,22740,13,0
801,22750,14,0
801,22760,15,0
801,22770,16,0
801,22780,17,0
801,22790,18,0
801,22800,19,0
801,16103104,20,0
801,22810,21,0
801,22820,22,0
801,22830,23,0
801,22840,24,0
801,22850,25,0
801,22860,26,0
801,22875,27,0
801,22880,28,0
801,22890,29,0
801,22900,30,0
801,22910,31,0
801,22920,32,0
801,22930,33,0
801,22940,34,0
801,22950,35,0
801,22960,36,0
801,22970,37,0
801,22980,38,0
801,22990,39,0
801,23000,40,0
801,23010,41,0
801,23020,42,0
801,23030,43,0
801,23040,44,0
801,50108,45,0
801,23058,46,0
801,50110,47,0
801,23070,48,0
801,45585,49,1
802,45585,1,0
802,23140,2,0
802,23150,3,0
802,50168,4,0
802,50170,5,0
802,23180,6,0
802,23190,7,0
802,23200,8,0
802,23210,9,0
802,23220,10,0
802,23230,11,0
802,23235,12,0
802,23250,13,0
802,23260,14,0
802,23265,15,0
802,23270,16,0
802,23290,17,0
802,23300,18,0
802,23310,19,0
802,23320,20,0
802,23330,21,0
802,23340,22,0
802,23350,23,0
802,23360,24,0
802,23370,25,0
802,23390,26,0
802,23400,27,0
802,23410,28,0
802,16103101,29,0
802,23430,30,0
802,23440,31,0
802,23450,32,0
802,23460,33,0
802,23475,34,0
802,23480,35,0
802,23490,36,0
802,23500,37,0
802,23510,38,0
802,23520,39,0
802,23530,40,0
802,23540,41,0
802,23550,42,0
802,23560,43,0
802,23570,44,0
802,23580,45,0
802,23590,46,0
802,23600,47,0
802,23610,48,0
802,18090402,49,1
1101,44406,1,0
1101,477,2,0
1101,469,3,0
1101,461,4,0
1101,15033006,5,0
1101,470,6,0
1101,15033005,7,0
1101,510,8,0
1101,15110204,9,0
1101,520,10,0
1101,535,11,0
1101,540,12,0
1101,530,13,0
1101,550,14,0
1101,560,15,0
1101,15033002,16,0
1101,8510,17,0
1101,15033003,18,0
1101,30108,19,0
1101,610,20,0
1101,620,21,0
1101,51100,22,0
1101,15021601,23,0
1101,51102,24,0
1101,51104,25,0
1101,670,26,0
1101,680,27,0
1101,51106,28,0
1101,700,29,0
1101,22080109,30,0
1101,22080103,31,0
1101,730,32,0
1101,740,33,0
1101,51110,34,0
1101,760,35,0
1101,51112,36,0
1101,780,37,0
1101,790,38,0
1101,800,39,0
1101,810,40,0
1101,830,41,0
1101,840,42,0
1101,850,43,0
1101,900,44,0
1101,910,45,0
1101,920,46,0
1101,930,47,0
1101,941,48,0
1101,942,49,0
1101,943,50,0
1101,944,51,0
1101,946,52,0
1101,945,53,0
1101,980,54,0
1101,17820,55,0
1101,17830,56,0
1101,17840,57,0
1101,17855,58,0
1101,17860,59,0
1101,17870,60,0
1101,17853,61,0
1101,15090803,62,1
1102,15090803,1,0
1102,17869,2,0
1102,17400,3,0
1102,17430,4,0
1102,1090,5,0
1102,1100,6,0
1102,1110,7,0
1102,1115,8,0
1102,1120,9,0
1102,1130,10,0
1102,1140,11,0
1102,1150,12,0
1102,51115,13,0
1102,1180,14,0
1102,51113,15,0
1102,51111,16,0
1102,1230,17,0
1102,1235,18,0
1102,22080102,19,0
1102,22080108,20,0
1102,1260,21,0
1102,51107,22,0
1102,1280,23,0
1102,51105,24,0
1102,51103,25,0
1102,1315,26,0
1102,1320,27,0
1102,51101,28,0
1102,1340,29,0
1102,1350,30,0
1102,1360,31,0
1102,30108,32,1
1102,30102,33,0
1102,8550,34,0
1102,15033001,35,0
1102,1430,36,0
1102,1440,37,0
1102,15033004,38,0
1102,1460,39,0
1102,1465,40,0
1102,1470,41,0
1102,1490,42,0
1102,1500,43,0
1102,1508,44,0
1102,15033007,45,0
1102,466,46,0
1102,468,47,0
1102,475,48,0
1102,44406,49,1
1203,45555,1,0
1203,1640,2,0
1203,1650,3,0
1203,1660,4,0
1203,1670,5,0
1203,1680,6,0
1203,9890,7,0
1203,9900,8,0
1203,9910,9,0
1203,1720,10,0
1203,1730,11,0
1203,1740,12,0
1203,1750,13,0
1203,1760,14,0
1203,1770,15,0
1203,1780,16,0
1203,1790,17,0
1203,1800,18,0
1203,1810,19,0
1203,1815,20,0
1203,24260,21,0
1203,1840,22,0
1203,1850,23,0
1203,1860,24,0
1203,1870,25,0
1203,1880,26,0
1203,3140,27,0
1203,1890,28,0
1203,17120,29,0
1203,17125,30,0
1203,18425,31,0
1203,18043008,32,0
1203,10858,33,0
1203,18430,34,0
1203,18440,35,0
1203,10520,36,0
1203,10530,37,0
1203,10540,38,0
1203,44870,39,0
1203,44880,40,0
1203,10952,41,0
1203,10938,42,0
1203,10934,43,0
1203,10929,44,0
1203,10925,45,0
1203,10918,46,0
1203,45110,47,0
1203,45120,48,0
1203,4095,49,0
1203,4100,50,1
1204,4100,1,0
1204,44945,2,0
1204,10915,3,0
1204,10924,4,0
1204,10930,5,0
1204,10931,6,0
1204,10940,7,0
1204,10950,8,0
1204,44890,9,0
1204,44900,10,0
1204,10820,11,0
1204,10830,12,0
1204,10840,13,0
1204,10845,14,0
1204,10855,15,0
1204,18043008,16,0
1204,10857,17,0
1204,16665,18,0
1204,2125,19,0
1204,2130,20,0
1204,2140,21,0
1204,2150,22,0
1204,2160,23,0
1204,2165,24,0
1204,2170,25,0
1204,2180,26,0
1204,2190,27,0
1204,24430,28,0
1204,2210,29,0
1204,2220,30,0
1204,2230,31,0
1204,2240,32,0
1204,2250,33,0
1204,2260,34,0
1204,2270,35,0
1204,2280,36,0
1204,2290,37,0
1204,10310,38,0
1204,10320,39,0
1204,10330,40,0
1204,10340,41,0
1204,2350,42,0
1204,2360,43,0
1204,2370,44,0
1204,45555,45,1
1403,2816,1,0
1403,2820,2,0
1403,2830,3,0
1403,2840,4,0
1403,2850,5,0
1403,2855,6,0
1403,2870,7,0
1403,2880,8,0
1403,2890,9,0
1403,2900,10,0
1403,2910,11,0
1403,2920,12,0
1403,2930,13,0
1403,2940,14,0
1403,2950,15,0
1403,2960,16,0
1403,2980,17,0
1403,2995,18,0
1403,3000,19,0
1403,3010,20,0
1403,3020,21,0
1403,3030,22,0
1403,3040,23,0
1403,3050,24,0
1403,3055,25,0
1403,3070,26,0
1403,3075,27,0
1403,3080,28,0
1403,3475,29,0
1403,3100,30,0
1403,3110,31,0
1403,3120,32,0
1403,3130,33,0
1403,3140,34,0
1403,1890,35,0
1403,1910,36,0
1403,1920,37,0
1403,1930,38,0
1403,1935,39,0
1403,1940,40,0
1403,1945,41,0
1403,11980,42,0
1403,11982,43,0
1403,11986,44,0
1403,19090337,45,0
1403,44080,46,0
1403,44090,47,0
1403,21062802,48,0
1403,18090452,49,0
1403,18090453,50,0
1403,18090454,51,0
1403,44905,52,0
1403,44920,53,0
1403,44930,54,0
1403,44950,55,0
1403,44960,56,0
1403,46000,57,0
1403,46010,58,1
1404,46010,1,0
1404,46020,2,0
1404,44995,3,0
1404,3355,4,0
1404,3360,5,0
1404,3370,6,0
1404,3380,7,0
1404,2120,8,0
1404,2125,9,0
1404,2130,10,0
1404,2140,11,0
1404,3430,12,0
1404,3440,13,0
1404,3450,14,0
1404,3460,15,0
1404,3470,16,0
1404,21200,17,0
1404,3480,18,0
1404,3500,19,0
1404,3510,20,0
1404,3520,21,0
1404,3530,22,0
1404,3540,23,0
1404,3550,24,0
1404,3560,25,0
1404,3570,26,0
1404,3580,27,0
1404,3590,28,0
1404,3600,29,0
1404,3620,30,0
1404,3630,31,0
1404,3640,32,0
1404,3650,33,0
1404,3660,34,0
1404,3670,35,0
1404,3680,36,0
1404,3690,37,0
1404,3700,38,0
1404,3710,39,0
1404,3720,40,0
1404,3730,41,0
1404,3740,42,0
1404,2817,43,1
1503,42311,1,0
1503,42320,2,0
1503,42330,3,0
1503,42335,4,0
1503,42340,5,0
1503,42280,6,0
1503,42275,7,0
1503,42260,8,0
1503,22080107,9,0
1503,2430,10,0
1503,2450,11,0
1503,2460,12,0
1503,3810,13,0
1503,3820,14,0
1503,3830,15,0
1503,3840,16,0
1503,3850,17,0
1503,3864,18,0
1503,3865,19,0
1503,2410,20,0
1503,23140,21,0
1503,45550,22,0
1503,3900,23,0
1503,3910,24,0
1503,20200,25,0
1503,3930,26,0
1503,3940,27,0
1503,3950,28,0
1503,3960,29,0
1503,3980,30,0
1503,3990,31,0
1503,4000,32,0
1503,18370,33,0
1503,18380,34,0
1503,4030,35,0
1503,4040,36,0
1503,4050,37,0
1503,4060,38,0
1503,4070,39,0
1503,4080,40,0
1503,4090,41,0
1503,4720,42,0
1503,44061,43,0
1503,44065,44,0
1503,4095,45,0
1503,4100,46,0
1503,15051802,47,0
1503,55560,48,0
1503,55565,49,0
1503,16050903,50,1
1504,16050903,1,0
1504,21110100,2,0
1504,55575,3,0
1504,46050,4,0
1504,44047,5,0
1504,44050,6,0
1504,44060,7,0
1504,4180,8,0
1504,4190,9,0
1504,4200,10,0
1504,4225,11,0
1504,4220,12,0
1504,16645,13,0
1504,4240,14,0
1504,4250,15,0
1504,4260,16,0
1504,4270,17,0
1504,4275,18,0
1504,4280,19,0
1504,4290,20,0
1504,21210,21,0
1504,3864,22,0
1504,3865,23,0
1504,2410,24,0
1504,23140,25,0
1504,45545,26,0
1504,3900,27,0
1504,3910,28,0
1504,4400,29,0
1504,4410,30,0
1504,4420,31,0
1504,4430,32,0
1504,4440,33,0
1504,2750,34,0
1504,2760,35,0
1504,22080106,36,0
1504,42250,37,0
1504,42255,38,0
1504,42270,39,0
1504,42290,40,0
1504,42300,41,0
1504,42311,42,1
1603,22080104,1,0
1603,2430,2,0
1603,2450,3,0
1603,2460,4,0
1603,4780,5,0
1603,4790,6,0
1603,4800,7,0
1603,4810,8,0
1603,4820,9,0
1603,4830,10,0
1603,4840,11,0
1603,4850,12,0
1603,4860,13,0
1603,4870,14,0
1603,10280,15,0
1603,10290,16,0
1603,10300,17,0
1603,10310,18,0
1603,10320,19,0
1603,10330,20,0
1603,10340,21,0
1603,10350,22,0
1603,10360,23,0
1603,9885,24,0
1603,45570,25,1
1604,45570,1,0
1604,9895,2,0
1604,9880,3,0
1604,9890,4,0
1604,9900,5,0
1604,9910,6,0
1604,9920,7,0
1604,9930,8,0
1604,9940,9,0
1604,9950,10,0
1604,5080,11,0
1604,5090,12,0
1604,5100,13,0
1604,5110,14,0
1604,5120,15,0
1604,5130,16,0
1604,5140,17,0
1604,5160,18,0
1604,5170,19,0
1604,2750,20,0
1604,2760,21,0
1604,22080104,22,1
1703,45565,1,0
1703,5260,2,0
1703,5270,3,0
1703,5280,4,0
1703,5290,5,0
1703,5300,6,0
1703,5310,7,0
1703,5320,8,0
1703,5330,9,0
1703,5340,10,0
1703,5350,11,0
1703,5360,12,0
1703,5370,13,0
1703,5380,14,0
1703,5390,15,0
1703,5400,16,0
1703,5410,17,0
1703,16570,18,0
1703,14090136,19,1
1704,14090136,1,0
1704,11825,2,0
1704,5450,3,0
1704,5460,4,0
1704,5470,5,0
1704,5480,6,0
1704,5490,7,0
1704,5500,8,0
1704,5510,9,0
1704,5520,10,0
1704,5530,11,0
1704,5540,12,0
1704,5550,13,0
1704,5560,14,0
1704,5570,15,0
1704,5580,16,0
1704,5590,17,0
1704,23910,18,0
1704,45565,19,1
1803,5880,1,0
1803,5890,2,0
1803,5900,3,0
1803,5910,4,0
1803,5920,5,0
1803,5930,6,0
1803,5940,7,0
1803,5943,8,0
1803,5950,9,0
1803,5955,10,0
1803,5960,11,0
1803,5970,12,0
1803,5980,13,0
1803,5990,14,0
1803,6000,15,0
1803,6010,16,0
1803,6020,17,0
1803,2710,18,0
1803,2720,19,0
1803,230,20,0
1803,235,21,0
1803,9875,22,0
1803,9885,23,0
1803,2410,24,0
1803,23140,25,0
1803,45538,26,0
1803,2390,27,0
1803,9895,28,0
1803,9867,29,0
1803,20090801,30,0
1803,6080,31,0
1803,6090,32,0
1803,6100,33,0
1803,6110,34,0
1803,6120,35,0
1803,6130,36,0
1803,6140,37,0
1803,6150,38,0
1803,6160,39,0
1803,6175,40,0
1803,6170,41,0
1803,6180,42,0
1803,6185,43,0
1803,6190,44,0
1803,6200,45,0
1803,6210,46,0
1803,6220,47,0
1803,6230,48,0
1803,6240,49,0
1803,6250,50,0
1803,6255,51,0
1803,6253,52,0
1803,6258,53,0
1803,17090503,54,0
1803,15090504,55,0
1803,23090401,56,0
1803,23090402,57,0
1803,23090403,58,0
1803,23090404,59,1
1804,23090404,1,0
1804,23090403,2,0
1804,23090405,3,0
1804,23090406,4,0
1804,17090507,5,0
1804,17090508,6,0
1804,17090509,7,0
1804,15090750,8,0
1804,90100,9,0
1804,16050901,10,0
1804,45186,11,0
1804,45190,12,0
1804,6330,13,0
1804,6340,14,0
1804,6350,15,0
1804,6360,16,0
1804,6370,17,0
1804,6380,18,0
1804,6390,19,0
1804,6400,20,0
1804,6410,21,0
1804,6420,22,0
1804,18680,23,0
1804,18690,24,0
1804,18700,25,0
1804,18710,26,0
1804,18720,27,0
1804,18730,28,0
1804,18740,29,0
1804,230,30,0
1804,235,31,0
1804,9875,32,0
1804,9885,33,0
1804,2410,34,0
1804,23140,35,0
1804,45543,36,0
1804,2390,37,0
1804,9895,38,0
1804,9867,39,0
1804,2540,40,0
1804,2550,41,0
1804,6550,42,0
1804,6560,43,0
1804,6570,44,0
1804,6575,45,0
1804,6576,46,0
1804,6580,47,0
1804,6590,48,0
1804,6600,49,0
1804,6610,50,0
1804,6620,51,0
1804,6630,52,0
1804,6640,53,0
1804,6650,54,0
1804,6670,55,0
1804,5660,56,0
1804,5670,57,0
1804,5680,58,0
1804,5690,59,0
1804,5700,60,0
1804,5710,61,0
1804,5720,62,0
1804,5725,63,0
1804,5735,64,0
1804,5740,65,0
1804,5750,66,0
1804,5770,67,0
1804,5780,68,0
1804,5790,69,0
1804,5800,70,0
1804,5810,71,0
1804,5820,72,0
1804,5825,73,0
1804,5840,74,0
1804,5850,75,0
1804,5860,76,0
1804,5870,77,0
1804,5880,78,1
1903,45560,1,0
1903,18290,2,0
1903,18300,3,0
1903,6740,4,0
1903,6750,5,0
1903,6770,6,0
1903,6780,7,0
1903,6790,8,0
1903,3960,9,0
1903,3970,10,0
1903,6820,11,0
1903,6830,12,0
1903,6840,13,0
1903,6850,14,0
1903,6860,15,0
1903,6870,16,0
1903,6880,17,0
1903,6890,18,0
1903,6900,19,0
1903,10730,20,0
1903,10740,21,0
1903,6930,22,0
1903,6940,23,0
1903,6950,24,0
1903,15090745,25,0
1903,15090746,26,0
1903,44000,27,0
1903,45290,28,0
1903,45150,29,0
1903,45160,30,0
1903,18043002,31,0
1903,18043003,32,0
1903,23090400,33,1
1904,23090400,1,0
1904,6260,2,0
1904,6262,3,0
1904,4108,4,0
1904,44002,5,0
1904,44005,6,0
1904,44033,7,0
1904,44040,8,0
1904,44045,9,0
1904,4140,10,0
1904,6310,11,0
1904,7120,12,0
1904,7130,13,0
1904,7140,14,0
1904,10595,15,0
1904,18540,16,0
1904,18550,17,0
1904,18560,18,0
1904,18570,19,0
1904,18580,20,0
1904,18590,21,0
1904,18600,22,0
1904,18610,23,0
1904,7240,24,0
1904,18630,25,0
1904,18640,26,0
1904,7270,27,0
1904,7280,28,0
1904,4270,29,0
1904,4275,30,0
1904,4280,31,0
1904,23880,32,0
1904,7320,33,0
1904,7330,34,0
1904,7340,35,0
1904,7360,36,0
1904,7370,37,0
1904,23900,38,0
1904,23910,39,0
1904,45560,40,1
2301,30015,1,0
2301,30020,2,0
2301,30025,3,0
2301,40563,4,0
2301,19090332,5,0
2301,15090757,6,0
2301,15090758,7,0
2301,15090759,8,0
2301,18090458,9,0
2301,15110202,10,0
2301,40625,11,0
2301,40627,12,0
2301,40260,13,0
2301,40270,14,0
2301,40280,15,0
2301,40290,16,0
2301,40300,17,0
2301,11630,18,0
2301,11640,19,0
2301,11650,20,0
2301,11660,21,0
2301,11670,22,0
2301,9330,23,0
2301,9340,24,0
2301,9350,25,0
2301,9360,26,0
2301,9380,27,0
2301,14090119,28,0
2301,9415,29,0
2301,11750,30,0
2301,11760,31,0
2301,11770,32,0
2301,11780,33,0
2301,40860,34,0
2301,40870,35,0
2301,17030601,36,0
2301,15051801,37,0
2301,40875,38,0
2301,11830,39,0
2301,16580,40,0
2301,11840,41,0
2301,11850,42,0
2301,11860,43,0
2301,11870,44,0
2301,11875,45,0
2301,11880,46,0
2301,11890,47,0
2301,7110,48,0
2301,40880,49,0
2301,11910,50,0
2301,11920,51,0
2301,16062708,52,0
2301,11940,53,0
2301,11950,54,0
2301,11960,55,0
2301,11970,56,0
2301,11975,57,0
2301,40070,58,0
2301,40080,59,0
2301,40090,60,0
2301,40094,61,0
2301,40100,62,0
2301,40105,63,0
2301,15090846,64,0
2301,14090130,65,0
2301,14090131,66,0
2301,16715,67,0
2301,16720,68,0
2301,45280,69,0
2301,44195,70,0
2301,44200,71,0
2301,47000,72,0
2301,47010,73,0
2301,47020,74,0
2301,47030,75,0
2301,47040,76,0
2301,47051,77,0
2301,47060,78,0
2301,17605,79,0
2301,47070,80,0
2301,47080,81,0
2301,47090,82,0
2301,47100,83,0
2301,47110,84,0
2301,47120,85,0
2301,47140,86,0
2301,47143,87,0
2301,47145,88,0
2301,21062801,89,1
2302,21062801,1,0
2302,17550,2,0
2302,17555,3,0
2302,17560,4,0
2302,44818,5,0
2302,44820,6,0
2302,17675,7,0
2302,17680,8,0
2302,17690,9,0
2302,47150,10,0
2302,47160,11,0
2302,47170,12,0
2302,47180,13,0
2302,47190,14,0
2302,47200,15,0
2302,47210,16,0
2302,47220,17,0
2302,44170,18,0
2302,44180,19,0
2302,44190,20,0
2302,40030,21,0
2302,40040,22,0
2302,40050,23,0
2302,17075,24,0
2302,15105,25,0
2302,15110,26,0
2302,15090847,27,0
2302,15090848,28,0
2302,15090849,29,0
2302,15090850,30,0
2302,40120,31,0
2302,40130,32,0
2302,40140,33,0
2302,40150,34,0
2302,40160,35,0
2302,40170,36,0
2302,41180,37,0
2302,40180,38,0
2302,40190,39,0
2302,40195,40,0
2302,40200,41,0
2302,16062709,42,0
2302,10960,43,0
2302,10970,44,0
2302,10975,45,0
2302,10980,46,0
2302,10990,47,0
2302,11000,48,0
2302,11010,49,0
2302,11790,50,0
2302,6990,51,0
2302,11810,52,0
2302,11815,53,0
2302,11825,54,0
2302,11060,55,0
2302,44755,56,0
2302,15010501,57,0
2302,44775,58,0
2302,44770,59,0
2302,44765,60,0
2302,11100,61,0
2302,11110,62,0
2302,11120,63,0
2302,11130,64,0
2302,11140,65,0
2302,11150,66,0
2302,11160,67,0
2302,11170,68,0
2302,11180,69,0
2302,9430,70,0
2302,9440,71,0
2302,9450,72,0
2302,9460,73,0
2302,9470,74,0
2302,11240,75,0
2302,11250,76,0
2302,11260,77,0
2302,42170,78,0
2302,40210,79,0
2302,40220,80,0
2302,40230,81,0
2302,40240,82,0
2302,42045,83,0
2302,40250,84,0
2302,40253,85,0
2302,40255,86,0
2302,40257,87,0
2302,18090423,88,0
2302,18090459,89,0
2302,16090525,90,0
2302,15090773,91,0
2302,15090774,92,0
2302,15090775,93,0
2302,15090776,94,0
2302,40564,95,0
2302,40566,96,0
2302,30015,97,1
2403,16103104,1,0
2403,8310,2,0
2403,8320,3,0
2403,9155,4,0
2403,9170,5,0
2403,9180,6,0
2403,9190,7,0
2403,9195,8,0
2403,12040,9,0
2403,12050,10,0
2403,12060,11,0
2403,12070,12,0
2403,12080,13,0
2403,12090,14,0
2403,12100,15,0
2403,12110,16,0
2403,12120,17,0
2403,12130,18,0
2403,12140,19,0
2403,12150,20,0
2403,12160,21,0
2403,12170,22,0
2403,12180,23,0
2403,12190,24,0
2403,12200,25,0
2403,12210,26,0
2403,12220,27,0
2403,12230,28,0
2403,12240,29,0
2403,12250,30,0
2403,12260,31,0
2403,12270,32,0
2403,12280,33,0
2403,12290,34,0
2403,90610,35,0
2403,90620,36,0
2403,90630,37,0
2403,90645,38,0
2403,14190,39,0
2403,14200,40,0
2403,14210,41,0
2403,14220,42,0
2403,14230,43,0
2403,14235,44,0
2403,14240,45,1
2404,14240,1,0
2404,14270,2,0
2404,14280,3,0
2404,14158,4,0
2404,14160,5,0
2404,14170,6,0
2404,90641,7,0
2404,20030200,8,0
2404,90621,9,0
2404,20030201,10,0
2404,12590,11,0
2404,12600,12,0
2404,12610,13,0
2404,12615,14,0
2404,12630,15,0
2404,40890,16,0
2404,12640,17,0
2404,12650,18,0
2404,12660,19,0
2404,12675,20,0
2404,12678,21,0
2404,12690,22,0
2404,12710,23,0
2404,12715,24,0
2404,12720,25,0
2404,12730,26,0
2404,12740,27,0
2404,12750,28,0
2404,12760,29,0
2404,12770,30,0
2404,12780,31,0
2404,12790,32,0
2404,12795,33,0
2404,12800,34,0
2404,12810,35,0
2404,9610,36,0
2404,9620,37,0
2404,9630,38,0
2404,12840,39,0
2404,9640,40,0
2404,9650,41,0
2404,8340,42,0
2404,7675,43,0
2404,7680,44,0
2404,50102,45,0
2404,16103104,46,1
2901,25840,1,0
2901,44310,2,0
2901,44315,3,0
2901,44320,4,0
2901,44330,5,0
2901,44340,6,0
2901,44355,7,0
2901,44360,8,0
2901,25890,9,0
2901,25900,10,0
2901,25910,11,0
2901,25920,12,0
2901,13680,13,0
2901,25950,14,0
2901,25960,15,0
2901,25980,16,0
2901,25990,17,0
2901,26000,18,0
2901,26010,19,0
2901,26020,20,0
2901,26030,21,0
2901,26040,22,0
2901,26050,23,0
2901,26060,24,0
2901,26070,25,0
2901,26075,26,0
2901,26080,27,0
2901,26090,28,0
2901,26100,29,0
2901,26110,30,0
2901,26120,31,0
2901,7270,32,0
2901,7280,33,0
2901,26150,34,0
2901,26155,35,0
2901,26160,36,0
2901,26170,37,0
2901,26180,38,0
2901,26190,39,0
2901,26200,40,0
2901,25130,41,0
2901,25140,42,0
2901,25150,43,0
2901,25160,44,0
2901,25170,45,0
2901,25175,46,0
2901,25180,47,0
2901,25700,48,0
2901,25710,49,0
2901,25720,50,0
2901,93950,51,0
2901,50156,52,1
2902,50156,1,0
2902,21135,2,0
2902,25740,3,0
2902,25750,4,0
2902,25760,5,0
2902,25770,6,0
2902,20090800,7,0
2902,25320,8,0
2902,25330,9,0
2902,25340,10,0
2902,25350,11,0
2902,25360,12,0
2902,26450,13,0
2902,26460,14,0
2902,26470,15,0
2902,26480,16,0
2902,26490,17,0
2902,26500,18,0
2902,6820,19,0
2902,18670,20,0
2902,18660,21,0
2902,26540,22,0
2902,26550,23,0
2902,26552,24,0
2902,26570,25,0
2902,26580,26,0
2902,26590,27,0
2902,26600,28,0
2902,26605,29,0
2902,26610,30,0
2902,26620,31,0
2902,26630,32,0
2902,23635,33,0
2902,26650,34,0
2902,26655,35,0
2902,26660,36,0
2902,12970,37,0
2902,12980,38,0
2902,12990,39,0
2902,13000,40,0
2902,26700,41,0
2902,26710,42,0
2902,26720,43,0
2902,26735,44,0
2902,26730,45,0
2902,44240,46,0
2902,44243,47,0
2902,44260,48,0
2902,44270,49,0
2902,44280,50,0
2902,44290,51,0
2902,44300,52,0
2902,44303,53,0
2902,25840,54,1
3003,2817,1,0
3003,14690,2,0
3003,14700,3,0
3003,14710,4,0
3003,14720,5,0
3003,14730,6,0
3003,14750,7,0
3003,14760,8,0
3003,14770,9,0
3003,14780,10,0
3003,14790,11,0
3003,14800,12,0
3003,10125,13,0
3003,14820,14,0
3003,14830,15,0
3003,14840,16,0
3003,14850,17,0
3003,18030504,18,0
3003,14865,19,0
3003,14870,20,0
3003,14875,21,0
3003,14880,22,0
3003,14890,23,0
3003,14900,24,0
3003,14905,25,0
3003,14906,26,0
3003,14910,27,0
3003,14915,28,0
3003,14920,29,0
3003,14930,30,0
3003,14940,31,0
3003,14950,32,0
3003,14960,33,0
3003,14970,34,0
3003,14980,35,0
3003,14102701,36,0
3003,14989,37,0
3003,14990,38,0
3003,17090511,39,1
3004,17090511,1,0
3004,14980,2,0
3004,44210,3,0
3004,41955,4,0
3004,42000,5,0
3004,42010,6,0
3004,42050,7,0
3004,42055,8,0
3004,42060,9,0
3004,42070,10,0
3004,16021501,11,0
3004,42080,12,0
3004,42085,13,0
3004,42090,14,0
3004,42100,15,0
3004,42095,16,0
3004,41120,17,0
3004,15120,18,0
3004,15125,19,0
3004,15130,20,0
3004,15140,21,0
3004,15160,22,0
3004,15162,23,0
3004,15165,24,0
3004,15170,25,0
3004,18030505,26,0
3004,15190,27,0
3004,15210,28,0
3004,15220,29,0
3004,10130,30,0
3004,15240,31,0
3004,15250,32,0
3004,15260,33,0
3004,15270,34,0
3004,15280,35,0
3004,15290,36,0
3004,15300,37,0
3004,15310,38,0
3004,15320,39,0
3004,15330,40,0
3004,2816,41,1
3103,17750,1,0
3103,50152,2,0
3103,21100,3,0
3103,23050101,4,0
3103,44523,5,0
3103,44525,6,0
3103,44530,7,0
3103,44535,8,0
3103,44540,9,0
3103,44545,10,0
3103,44550,11,0
3103,44455,12,0
3103,23090431,13,0
3103,23090432,14,0
3103,23090433,15,1
3104,23090433,1,0
3104,17103008,2,0
3104,17103009,3,0
3104,17103010,4,0
3104,17103011,5,0
3104,17103012,6,0
3104,15040,7,0
3104,15090778,8,0
3104,15090843,9,0
3104,15090844,10,0
3104,15090780,11,0
3104,15090845,12,0
3104,23090434,13,0
3104,23090435,14,0
3104,93805,15,0
3104,44435,16,0
3104,44440,17,0
3104,44445,18,0
3104,44450,19,0
3104,44460,20,0
3104,44470,21,0
3104,44475,22,0
3104,44490,23,0
3104,44500,24,0
3104,44510,25,0
3104,44520,26,0
3104,17745,27,0
3104,17740,28,0
3104,17750,29,1
3200,11060,1,0
3200,11840,2,0
3200,11850,3,0
3200,11860,4,0
3200,11870,5,0
3200,6235,6,0
3200,6240,7,0
3200,6250,8,0
3200,6255,9,0
3200,6253,10,0
3200,44020,11,0
3200,44030,12,0
3200,44010,13,0
3200,45170,14,0
3200,45175,15,0
3200,45180,16,0
3200,45185,17,0
3200,45090,18,0
3200,45080,19,0
3200,45070,20,0
3200,44080,21,0
3200,44090,22,0
3200,21062803,23,0
3200,44110,24,0
3200,44120,25,0
3200,44130,26,0
3200,40780,27,0
3200,40770,28,0
3200,40750,29,0
3200,2070,30,0
3200,10400,31,0
3200,10420,32,0
3200,10440,33,0
3200,10450,34,0
3200,10460,35,0
3200,10470,36,0
3200,10480,37,0
3200,10490,38,0
3200,10500,39,0
3200,10510,40,0
3200,42160,41,0
3200,42150,42,0
3200,4050,43,0
3200,4060,44,0
3200,10580,45,0
3200,10590,46,0
3200,10593,47,0
3200,16090516,48,0
3200,10595,49,0
3200,18540,50,0
3200,10600,51,0
3200,10610,52,0
3200,10620,53,0
3200,10630,54,0
3200,10640,55,0
3200,10650,56,0
3200,11830,57,1
3503,47140,1,0
3503,47143,2,0
3503,47145,3,0
3503,50150,4,0
3503,17550,5,0
3503,17555,6,0
3503,17560,7,0
3503,44818,8,0
3503,44820,9,0
3503,17675,10,0
3503,17680,11,0
3503,17690,12,0
3503,17700,13,0
3503,47500,14,0
3503,47510,15,0
3503,47520,16,0
3503,47530,17,0
3503,93845,18,0
3503,93850,19,0
3503,93855,20,0
3503,93860,21,0
3503,93865,22,0
3503,93870,23,0
3503,93875,24,0
3503,93880,25,0
3503,93885,26,0
3503,93890,27,0
3503,15033008,28,0
3503,15051804,29,0
3503,19102800,30,0
3503,44570,31,0
3503,21090602,32,0
3503,44580,33,0
3503,15105,34,0
3503,15110,35,0
3503,14090129,36,0
3503,15115,37,0
3503,17090,38,0
3503,17100,39,0
3503,2110,40,0
3503,17120,41,0
3503,17125,42,0
3503,18425,43,0
3503,18043008,44,0
3503,10857,45,0
3503,16650,46,0
3503,16665,47,0
3503,16670,48,1
3504,16670,1,0
3504,16680,2,0
3504,16690,3,0
3504,16700,4,0
3504,16710,5,0
3504,16715,6,0
3504,16720,7,0
3504,93800,8,0
3504,44410,9,0
3504,44420,10,0
3504,44430,11,0
3504,15051810,12,0
3504,15062901,13,0
3504,15110203,14,0
3504,23090437,15,0
3504,15051805,16,0
3504,27040,17,0
3504,27045,18,0
3504,47553,19,0
3504,93810,20,0
3504,93815,21,0
3504,93820,22,0
3504,93825,23,0
3504,93830,24,0
3504,93835,25,0
3504,93840,26,0
3504,47538,27,0
3504,47537,28,0
3504,47536,29,0
3504,47535,30,0
3504,47110,31,0
3504,47120,32,0
3504,47140,33,1
5003,15090801,1,0
5003,17863,2,0
5003,17864,3,0
5003,17865,4,0
5003,17866,5,0
5003,17867,6,0
5003,17868,7,0
5003,17869,8,0
5003,17871,9,0
5003,17872,10,0
5003,17881,11,0
5003,17882,12,0
5003,17400,13,0
5003,17430,14,0
5003,17435,15,0
5003,17440,16,0
5003,17460,17,0
5003,17470,18,0
5003,17480,19,0
5003,17490,20,0
5003,17500,21,0
5003,17520,22,0
5003,22042500,23,0
5003,17525,24,0
5003,17530,25,0
5003,17540,26,0
5003,17545,27,0
5003,17550,28,0
5003,17555,29,0
5003,17560,30,0
5003,17563,31,0
5003,17565,32,0
5003,17568,33,0
5003,17623,34,0
5003,17625,35,0
5003,27000,36,0
5003,27010,37,0
5003,27012,38,0
5003,27013,39,0
5003,27020,40,0
5003,2735,41,1
5003,15033008,42,0
5003,22103106,43,0
5003,22103107,44,0
5003,16090527,45,0
5003,16090529,46,1
5004,16090529,1,0
5004,20110200,2,0
5004,22080600,3,0
5004,22080601,4,0
5004,22080602,5,0
5004,2735,6,0
5004,15051804,7,0
5004,23050102,8,0
5004,23090430,9,0
5004,15051805,10,0
5004,27040,11,0
5004,27045,12,0
5004,47553,13,0
5004,93810,14,0
5004,93815,15,0
5004,93820,16,0
5004,93825,17,0
5004,14090101,18,0
5004,14090102,19,0
5004,14090103,20,0
5004,17627,21,0
5004,27080,22,0
5004,27200,23,0
5004,17620,24,0
5004,17628,25,0
5004,17629,26,0
5004,17630,27,0
5004,44220,28,0
5004,44237,29,0
5004,17745,30,0
5004,17740,31,0
5004,17750,32,0
5004,17753,33,0
5004,17755,34,0
5004,17760,35,0
5004,17770,36,0
5004,940,37,0
5004,950,38,0
5004,960,39,0
5004,970,40,0
5004,980,41,0
5004,17820,42,0
5004,17821,43,0
5004,17822,44,0
5004,17823,45,0
5004,17824,46,0
5004,17825,47,0
5004,17826,48,0
5004,17855,49,0
5004,17860,50,0
5004,17870,51,0
5004,17853,52,0
5004,15090801,53,1
5203,30112,1,0
5203,8581,2,0
5203,8582,3,0
5203,8590,4,0
5203,8600,5,0
5203,8610,6,0
5203,8620,7,0
5203,8630,8,0
5203,8640,9,0
5203,8650,10,0
5203,8660,11,0
5203,8670,12,0
5203,8680,13,0
5203,8690,14,0
5203,8700,15,0
5203,8710,16,0
5203,8720,17,0
5203,8730,18,0
5203,8740,19,0
5203,45520,20,1
5204,45520,1,0
5204,8770,2,0
5204,8780,3,0
5204,8790,4,0
5204,8800,5,0
5204,8805,6,0
5204,8810,7,0
5204,8820,8,0
5204,8830,9,0
5204,8840,10,0
5204,8850,11,0
5204,8860,12,0
5204,8870,13,0
5204,8880,14,0
5204,8890,15,0
5204,8900,16,0
5204,8910,17,0
5204,8920,18,0
5204,8930,19,0
5204,8932,20,0
5204,9760,21,0
5204,30112,22,1
5301,45258,1,0
5301,15513,2,0
5301,15515,3,0
5301,15090860,4,0
5301,16050902,5,0
5301,40715,6,0
5301,18135,7,0
5301,18150,8,0
5301,18170,9,0
5301,18180,10,0
5301,18190,11,0
5301,8500,12,0
5301,8510,13,0
5301,15033003,14,0
5301,30101,15,1
5302,30101,1,0
5302,8550,2,0
5302,9000,3,0
5302,9020,4,0
5302,18205,5,0
5302,40720,6,0
5302,40725,7,0
5302,18060,8,0
5302,18070,9,0
5302,18080,10,0
5302,18100,11,0
5302,18110,12,0
5302,18120,13,0
5302,18130,14,0
5302,40660,15,0
5302,40670,16,0
5302,40680,17,0
5302,40690,18,0
5302,40700,19,0
5302,45262,20,0
5302,45260,21,0
5302,45258,22,1
5400,30113,1,0
5400,17960,2,0
5400,17970,3,0
5400,17980,4,0
5400,17990,5,0
5400,18000,6,0
5400,18010,7,0
5400,18020,8,0
5400,14090114,9,0
5400,14090115,10,0
5400,14090116,11,0
5400,14090117,12,0
5400,14090118,13,0
5400,18030,14,0
5400,17030608,15,0
5400,17030610,16,0
5400,17030614,17,0
5400,51000,18,0
5400,51010,19,0
5400,51020,20,0
5400,18053,21,0
5400,18055,22,0
5400,8500,23,0
5400,8510,24,0
5400,15033003,25,0
5601,30101,1,0
5601,8550,2,0
5601,9000,3,0
5601,9020,4,0
5601,18205,5,0
5601,18090449,6,0
5601,18090450,7,0
5601,18171,8,0
5601,18175,9,0
5601,18090451,10,0
5601,16090531,11,0
5601,16090532,12,0
5601,91050,13,0
5601,91010,14,0
5601,91000,15,0
5601,15010502,16,0
5601,18031,17,0
5601,18021,18,0
5601,9790,19,0
5601,15090856,20,0
5601,15090857,21,0
5601,15090858,22,0
5601,15090859,23,0
5601,9810,24,0
5601,9820,25,0
5601,9830,26,0
5601,9840,27,0
5601,26800,28,0
5703,30106,1,0
5703,8550,2,0
5703,15370,3,0
5703,15380,4,0
5703,15390,5,0
5703,15400,6,0
5703,15410,7,0
5703,15420,8,0
5703,15430,9,0
5703,15440,10,0
5703,15450,11,0
5703,15460,12,0
5703,15470,13,0
5703,15480,14,0
5703,15500,15,0
5703,15510,16,0
5703,45200,17,0
5703,15090862,18,0
5703,15090726,19,0
5703,15090727,20,0
5703,15090728,21,0
5703,15090863,22,0
5703,15540,23,0
5703,15550,24,0
5703,15090864,25,0
5703,15090865,26,0
5703,15090866,27,0
5703,15090867,28,0
5703,15090868,29,0
5703,15090869,30,0
5703,15090870,31,0
5703,15090871,32,0
5703,92470,33,0
5703,92465,34,0
5703,14560,35,0
5703,13930,36,0
5703,15090872,37,0
5703,91350,38,0
5703,8420,39,0
5703,8430,40,0
5703,8440,41,0
5703,8450,42,0
5703,8460,43,0
5703,7455,44,1
5704,7455,1,0
5704,7460,2,0
5704,7470,3,0
5704,7480,4,0
5704,7490,5,0
5704,7500,6,0
5704,7510,7,0
5704,7520,8,0
5704,7530,9,0
5704,7535,10,0
5704,14510,11,0
5704,14520,12,0
5704,14530,13,0
5704,14540,14,0
5704,14550,15,0
5704,8400,16,0
5704,8410,17,0
5704,15090873,18,0
5704,15090874,19,0
5704,15090875,20,0
5704,15090876,21,0
5704,15090877,22,0
5704,15090878,23,0
5704,15090879,24,0
5704,15090880,25,0
5704,16250,26,0
5704,94115,27,0
5704,15090712,28,0
5704,15090713,29,0
5704,45270,30,0
5704,16280,31,0
5704,16290,32,0
5704,16310,33,0
5704,16320,34,0
5704,16330,35,0
5704,16340,36,0
5704,16350,37,0
5704,16360,38,0
5704,16370,39,0
5704,16380,40,0
5704,8940,41,0
5704,8950,42,0
5704,8960,43,0
5704,15033003,44,0
5704,30106,45,1
6003,93035,1,0
6003,15090814,2,0
6003,15090815,3,0
6003,44405,4,0
6003,15090816,5,0
6003,15090817,6,0
6003,15090818,7,0
6003,15090819,8,0
6003,15090820,9,0
6003,15090821,10,0
6003,15090822,11,0
6003,15090823,12,0
6003,15090824,13,0
6003,16090502,14,0
6003,91385,15,0
6003,91650,16,0
6003,91655,17,0
6003,91660,18,0
6003,15010503,19,0
6003,92300,20,0
6003,49070,21,0
6003,49080,22,0
6003,49090,23,0
6003,49100,24,0
6003,44250,25,0
6003,44260,26,0
6003,44270,27,0
6003,44280,28,0
6003,44290,29,0
6003,44300,30,0
6003,44303,31,0
6003,16430,32,1
6004,16430,1,0
6004,44310,2,0
6004,44315,3,0
6004,44320,4,0
6004,44330,5,0
6004,44340,6,0
6004,44350,7,0
6004,44245,8,0
6004,49000,9,0
6004,94100,10,0
6004,49010,11,0
6004,49020,12,0
6004,49030,13,0
6004,91670,14,0
6004,91675,15,0
6004,91680,16,0
6004,16090505,17,0
6004,15090808,18,0
6004,15090809,19,0
6004,15090810,20,0
6004,16103103,21,0
6004,15110201,22,0
6004,15090811,23,0
6004,23010900,24,0
6004,1510,25,0
6004,1520,26,0
6004,93545,27,0
6004,93550,28,0
6004,93555,29,0
6004,93560,30,0
6004,93020,31,0
6004,93025,32,0
6004,93030,33,0
6004,93035,34,1
11503,10101,1,0
11503,43011,2,0
11503,43013,3,0
11503,43015,4,0
11503,43017,5,0
11503,43019,6,0
11503,43021,7,0
11503,43023,8,0
11503,43025,9,0
11503,2900,10,0
11503,2925,11,0
11503,42295,12,0
11503,22080105,13,0
11503,22080101,14,1
11503,16050908,15,1
11503,45575,16,1
11504,45575,1,0
11504,16050909,2,0
11504,22080100,3,0
11504,22080106,4,0
11504,42290,5,0
11504,3680,6,0
11504,42980,7,0
11504,43300,8,1
11504,43303,9,1
11504,43305,10,1
11504,43307,11,1
11504,43309,12,0
11504,10101,13,1
50101,50100,1,0
50101,50102,2,0
50101,50104,3,0
50101,50106,4,0
50101,50108,5,0
50101,50110,6,0
50101,50198,7,0
50101,50112,8,0
50101,50114,9,0
50101,50116,10,0
50101,50118,11,0
50101,50120,12,0
50101,50122,13,0
50101,50124,14,0
50101,50126,15,0
50101,50128,16,0
50101,20370,17,0
50101,20390,18,0
50101,20400,19,0
50101,20420,20,0
50101,20430,21,0
50101,20450,22,0
50101,20460,23,0
50101,20480,24,0
50101,20500,25,0
50101,20930,26,0
50101,18010824,27,0
50101,18090455,28,1
50102,18090455,1,0
50102,18010827,2,0
50102,20510,3,0
50102,20940,4,0
50102,20960,5,0
50102,20980,6,0
50102,20985,7,0
50102,21010,8,0
50102,21020,9,0
50102,21040,10,0
50102,21060,11,0
50102,21070,12,0
50102,50150,13,0
50102,50152,14,0
50102,50154,15,0
50102,50156,16,0
50102,50158,17,0
50102,50160,18,0
50102,50162,19,0
50102,50164,20,0
50102,50166,21,0
50102,50193,22,0
50102,50168,23,0
50102,50170,24,0
50102,50172,25,0
50102,50174,26,0
50102,50176,27,0
50102,50100,28,1
50203,28180,1,0
50203,28075,2,0
50203,28080,3,0
50203,28085,4,0
50203,28090,5,0
50203,28060,6,0
50203,28070,7,0
50203,26790,8,0
50203,26800,9,0
50203,30110,10,0
50203,9090,11,0
50203,9140,12,0
50203,9160,13,0
50203,9195,14,0
50203,9230,15,0
50203,9280,16,0
50203,12425,17,0
50203,12430,18,1
50204,12430,1,0
50204,9475,2,0
50204,9530,3,0
50204,9580,4,0
50204,9610,5,0
50204,9650,6,0
50204,9670,7,0
50204,9720,8,0
50204,30117,9,0
50204,9780,10,0
50204,9785,11,0
50204,26815,12,0
50204,28110,13,0
50204,28120,14,0
50204,28130,15,0
50204,28140,16,0
50204,28150,17,0
50204,28190,18,1
50501,14090132,1,0
50501,15900,2,0
50501,16460,3,0
50501,16480,4,0
50501,16510,5,0
50501,16540,6,0
50501,16560,7,0
50501,14090135,8,0
50501,14090137,9,0
50501,14090139,10,0
50501,17145,11,0
50501,16670,12,0
50501,16700,13,0
50501,15130,14,0
50501,15160,15,0
50501,18030505,16,0
50501,10130,17,0
50501,15240,18,0
50501,18090403,19,0
50501,18090404,20,0
50501,18090457,21,1
50502,18090457,1,0
50502,18090405,2,0
50502,14750,3,0
50502,14790,4,0
50502,10125,5,0
50502,18030504,6,0
50502,14890,7,0
50502,14905,8,0
50502,17090,9,0
50502,17120,10,0
50502,17135,11,0
50502,17150,12,0
50502,14090138,13,0
50502,14090136,14,0
50502,14090134,15,0
50502,17230,16,0
50502,17270,17,0
50502,14090133,18,0
50502,17320,19,0
50502,15870,20,0
50502,14090132,21,1
51101,44406,1,0
51101,477,2,0
51101,469,3,0
51101,461,4,0
51101,18090456,5,0
51101,15033006,6,0
51101,470,7,0
51101,15033005,8,0
51101,540,9,0
51101,15033002,10,0
51101,15033003,11,0
51101,30109,12,0
51101,51100,13,0
51101,51102,14,0
51101,51104,15,0
51101,51106,16,0
51101,22080109,17,0
51101,51110,18,0
51101,51112,19,0
51101,51114,20,0
51101,51116,21,0
51101,18030502,22,0
51101,17870,23,0
51101,15090802,24,1
51102,15090802,1,0
51102,17400,2,0
51102,1090,3,0
51102,51117,4,0
51102,51115,5,0
51102,51113,6,0
51102,51111,7,0
51102,22080108,8,0
51102,51107,9,0
51102,51105,10,0
51102,51103,11,0
51102,51101,12,0
51102,30109,13,1
51102,30102,14,0
51102,8550,15,0
51102,15033001,16,0
51102,15033004,17,0
51102,1500,18,0
51102,1508,19,0
51102,15033007,20,0
51102,466,21,0
51102,468,22,0
51102,475,23,0
51102,44406,24,1
