'230109-MULTI-Holiday1-01',1203,80000,,'',1,10000,,'',1,10000,,'',1,10000,,'',1,10000,,'',1,10000,,'',1,10000,,'',1,10000,,'',1,10000,,'',1,10000,,'',1,10000,,'',1,10000,,'',1
'230109-MULTI-Holiday1-01',1204,90900,4,'',1,10200,4,'',1,10100,4,'',1,10000,4,'',1,10100,4,'',1,10000,4,'',1,10000,4,'',1,10000,4,'',1,10000,4,'',1,9800,4,'',1,9900,4,'',1,10000,4,'',1
'230109-MULTI-Saturday-01',1203,80000,,'',1,10000,,'',1,10000,,'',1,10000,,'',1,10000,,'',1,10000,,'',1,10000,,'',1,10000,,'',1,10000,,'',1,10000,,'',1,10000,,'',1,10000,,'',1,10000,,'',1,10000,,'',1
'230109-MULTI-Saturday-01',1204,90900,4,'',1,9900,4,'',1,10100,4,'',1,10000,4,'',1,10300,4,'',1,10100,4,'',1,10000,4,'',1,10000,4,'',1,10000,4,'',1,10000,4,'',1,10000,4,'',1,9800,4,'',1,10000,4,'',1
'230109-MULTI-Sunday-01',1203,80000,,'',1,10000,,'',1,10000,,'',1,10000,,'',1,10000,,'',1,10000,,'',1,10000,,'',1,10000,,'',1,10000,,'',1,10000,,'',1,10000,,'',1,10000,,'',1
'230109-MULTI-Sunday-01',1204,90900,4,'',1,10200,4,'',1,10100,4,'',1,10000,4,'',1,10100,4,'',1,10000,4,'',1,10000,4,'',1,10000,4,'',1,10000,4,'',1,9800,4,'',1,9900,4,'',1,10000,4,'',1
'230109-MULTI-Weekday-01',1203,51500,,'',1,10000,,'',1,10000,,'',1,10000,,'',1,10000,,'',1,10000,,'',1,10000,,'',1,10000,,'',1,10000,,'',1,9800,,'',1,10000,,'',1,10000,,'',1,10000,,'',1,10000,,'',1,10000,,'',1,10000,,'',1,10000,,'',1
'230109-MULTI-Weekday-01',1204,62100,4,'',1,10000,4,'',1,10100,4,'',1,10000,4,'',1,10000,4,'',1,10000,4,'',1,10000,4,'',1,10000,4,'',1,10300,4,'',1,10200,4,'',1,10000,4,'',1,10000,4,'',1,10000,4,'',1,9900,4,'',1,10000,4,'',1,10000,4,'',1
'230109-MULTI-Weekday-01',20500,73500,,'',1
'230109-MULTI-Weekday-01',20501,144700,4,'',1
'230109-MULTI-Weekday-01',21701,145200,4,'',1
