'230731-MULTI-Weekday-02',101,55900,0,'A',1,6000,0,'A',1,2000,0,'A',1,2000,0,'A',1,6000,0,'A',1,2000,0,'A',1,2000,0,'A',1,6000,0,'A',1,2000,0,'A',1,6200,0,'A',1,2500,0,'A',1,2600,0,'A',1,7300,0,'A',1,3000,0,'A',1,7000,0,'A',1,3000,0,'A',1,7000,0,'A',1,3000,0,'A',1,7000,0,'A',1,3100,0,'A',1,7100,0,'A FCCC',1,3000,0,'A',1,6100,0,'A',1,1700,0,'A',1,2000,0,'A',1,6000,0,'A',1,2000,0,'A',1,2000,0,'A',1,6000,0,'A',1,2000,0,'A',1,2000,0,'A',1,6300,0,'A',1,2000,0,'A',1,2000,0,'A',1,4700,0,'A',1,1800,0,'A',1,2000,0,'A',1,5800,0,'A',1
'230731-MULTI-Weekday-02',102,73600,4,'',1,2100,4,'',1,6000,4,'',1,2000,4,'',1,2000,4,'',1,6000,4,'',1,2100,4,'',1,6700,4,'',1,1800,4,'',1,3000,4,'',1,6900,4,'',1,3100,4,'',1,7000,4,'',1,3000,4,'',1,7100,4,'',1,3000,4,'',1,7000,4,'',1,3100,4,'',1,7300,4,'',1,7400,4,'',1,2100,4,'',1,2100,4,'',1,6000,4,'',1,2000,4,'',1,2000,4,'',1,6200,4,'',1,1900,4,'',1,1800,4,'',1,6000,4,'',1,1800,4,'',1,2000,4,'',1,1600,4,'',1
'230731-MULTI-Holiday1-01',5703,92300,4,'',1,10000,4,'',1,10000,4,'',1,10000,4,'',1,10500,4,'',1,9700,4,'',1,10100,4,'',1,10000,4,'',1,10100,4,'',1,10000,4,'',1,9900,4,'',1
'230731-MULTI-Holiday1-01',5704,92300,,'',1,10000,,'',1,10000,,'',1,10000,,'',1,10500,,'',1,9800,,'',1,10000,,'',1,10000,,'',1,10100,,'',1,10000,,'',1,10000,,'',1
'230731-MULTI-Saturday-01',5703,55200,4,'',1,10000,4,'',1,10000,4,'',1,10000,4,'',1,10000,4,'',1,10000,4,'',1,10000,4,'',1,10000,4,'',1,10000,4,'',1,10000,4,'',1,10000,4,'',1,10000,4,'',1,10000,4,'',1,10000,4,'',1
'230731-MULTI-Saturday-01',5704,55200,,'',1,10000,,'',1,10000,,'',1,10000,,'',1,10000,,'',1,10000,,'',1,10000,,'',1,10000,,'',1,10000,,'',1,10000,,'',1,10000,,'',1,10000,,'',1,10000,,'',1,10000,,'',1
'230731-MULTI-Sunday-01',5703,92300,4,'',1,10000,4,'',1,10000,4,'',1,10000,4,'',1,10500,4,'',1,9700,4,'',1,10100,4,'',1,10000,4,'',1,10100,4,'',1,10000,4,'',1,9900,4,'',1
'230731-MULTI-Sunday-01',5704,92300,,'',1,10000,,'',1,10000,,'',1,10000,,'',1,10500,,'',1,9800,,'',1,10000,,'',1,10000,,'',1,10100,,'',1,10000,,'',1,10000,,'',1
'230731-MULTI-Weekday-02',5703,53000,4,'',1,2500,4,'',1,6500,4,'',1,2700,4,'',1,6500,4,'',1,2500,4,'',1,6500,4,'',1,2500,4,'',1,2500,4,'',1,6400,4,'',1,2500,4,'',1,7000,4,'',1,3000,4,'',1,7000,4,'',1,3000,4,'',1,7000,4,'',1,3000,4,'',1,7000,4,'',1,3200,4,'',1,7100,4,'',1,3700,4,'',1,6300,4,'',1,2300,4,'',1,6500,4,'',1,2500,4,'',1,2500,4,'',1,6500,4,'',1,2500,4,'',1,6500,4,'',1,2500,4,'',1,2500,4,'',1,6400,4,'',1,2500,4,'',1,7000,4,'',1,2900,4,'',1,7000,4,'',1,3000,4,'',1,7000,4,'',1,2900,4,'',1,7000,4,'',1,2900,4,'',1,7000,4,'',1,3000,4,'',1,7000,4,'',1
'230731-MULTI-Weekday-02',5704,44400,,'',1,6500,,'',1,2500,,'',1,2500,,'',1,6500,,'',1,2500,,'',1,6500,,'',1,2500,,'',1,6500,,'',1,2500,,'',1,2500,,'',1,6300,,'',1,3000,,'',1,7000,,'',1,3000,,'',1,7000,,'',1,3000,,'',1,7000,,'',1,3000,,'',1,7000,,'',1,3000,,'',1,7700,,'',1,3000,,'',1,6000,,'',1,2500,,'',1,6500,,'',1,2500,,'',1,2500,,'',1,6500,,'',1,2500,,'',1,6500,,'',1,2500,,'',1,2500,,'',1,6300,,'',1,2500,,'',1,7000,,'',1,3000,,'',1,7000,,'',1,3000,,'',1,7000,,'',1,3000,,'',1,7000,,'',1,3000,,'',1,7000,,'',1
