'230109-MULTI-Holiday1-01',101,51600,,'',1,13400,,'',1,6600,,'',1,3100,,'',1,6900,,'',1,3000,,'',1,7000,,'',1,2900,,'',1,7100,,'',1,2800,,'',1,7000,,'',1,3000,,'',1,6900,,'',1,3000,,'',1,7100,,'',1,3000,,'',1,7200,,'',1,3200,,'',1,7000,,'',1,3200,,'',1,6900,,'',1,2900,,'',1,7200,,'',1,3000,,'',1,6900,,'',1,3000,,'',1,7000,,'',1,3000,,'',1,7000,,'',1,3100,,'',1,6900,,'',1,3000,,'',1,7100,,'',1,3100,,'',1,6900,,'',1,3000,,'',1,7100,,'',1
'230109-MULTI-Holiday1-01',102,63800,4,'',1,10000,4,'',1,6600,4,'',1,3500,4,'',1,7000,4,'',1,3000,4,'',1,7000,4,'',1,3100,4,'',1,6700,4,'',1,3300,4,'',1,7600,4,'',1,3200,4,'',1,7300,4,'',1,3100,4,'',1,7100,4,'',1,3300,4,'',1,7000,4,'',1,3200,4,'',1,7000,4,'',1,3000,4,'',1,7000,4,'',1,3100,4,'',1,6900,4,'',1,2800,4,'',1,7000,4,'',1,2800,4,'',1,6900,4,'',1,2500,4,'',1,6800,4,'',1,2900,4,'',1,6800,4,'',1,3000,4,'',1,7000,4,'',1,3100,4,'',1,7000,4,'',1,2500,4,'',1
'230109-MULTI-Saturday-01',101,60200,,'',1,2000,,'',1,2000,,'',1,6000,,'',1,2000,,'',1,2000,,'',1,6300,,'',1,2100,,'',1,1900,,'',1,6000,,'',1,2100,,'',1,2000,,'',1,5600,,'',1,1800,,'',1,1400,,'',1,1700,,'',1,5700,,'',1,1700,,'',1,1700,,'',1,1700,,'',1,5800,,'',1,1700,,'',1,1200,,'',1,5700,,'',1,1700,,'',1,1700,,'',1,1700,,'',1,5700,,'',1,1700,,'',1,1700,,'',1,5700,,'',1,1700,,'',1,1700,,'',1,1700,,'',1,5500,,'',1,1900,,'',1,1800,,'',1,5600,,'',1,1700,,'',1,1700,,'',1,1700,,'',1,5700,,'',1,1700,,'',1,1600,,'',1,5800,,'',1,1700,,'',1,2900,,'',1,6800,,'',1,3000,,'',1,7100,,'',1,2700,,'',1,6900,,'',1,2900,,'',1,7000,,'',1,3000,,'',1,7400,,'',1,3000,,'',1,6200,,'',1,3000,,'',1
'230109-MULTI-Saturday-01',102,61500,4,'',1,2200,4,'',1,2200,4,'',1,6000,4,'',1,2000,4,'',1,6200,4,'',1,2100,4,'',1,1900,4,'',1,6000,4,'',1,2100,4,'',1,2000,4,'',1,1600,4,'',1,6400,4,'',1,2400,4,'',1,5700,4,'',1,1800,4,'',1,1600,4,'',1,1700,4,'',1,5900,4,'',1,1800,4,'',1,2200,4,'',1,5600,4,'',1,1700,4,'',1,1800,4,'',1,5800,4,'',1,2000,4,'',1,1800,4,'',1,1700,4,'',1,5800,4,'',1,1400,4,'',1,1600,4,'',1,5900,4,'',1,1900,4,'',1,1800,4,'',1,1600,4,'',1,5700,4,'',1,1700,4,'',1,1700,4,'',1,5600,4,'',1,1800,4,'',1,1500,4,'',1,1900,4,'',1,5500,4,'',1,1800,4,'',1,1400,4,'',1,5800,4,'',1,2800,4,'',1,7800,4,'',1,2700,4,'',1,7000,4,'',1,3000,4,'',1,7100,4,'',1,3100,4,'',1,7000,4,'',1,3000,4,'',1,6500,4,'',1,3000,4,'',1
'230109-MULTI-Sunday-01',101,51600,,'',1,13400,,'',1,6600,,'',1,3100,,'',1,6900,,'',1,3000,,'',1,7000,,'',1,2900,,'',1,7100,,'',1,2800,,'',1,7000,,'',1,3000,,'',1,6900,,'',1,3000,,'',1,7100,,'',1,3000,,'',1,7200,,'',1,3200,,'',1,7000,,'',1,3200,,'',1,6900,,'',1,2900,,'',1,7200,,'',1,3000,,'',1,6900,,'',1,3000,,'',1,7000,,'',1,3000,,'',1,7000,,'',1,3100,,'',1,6900,,'',1,3000,,'',1,7100,,'',1,3100,,'',1,6900,,'',1,3000,,'',1,7100,,'',1
'230109-MULTI-Sunday-01',102,63800,4,'',1,10000,4,'',1,6600,4,'',1,3500,4,'',1,7000,4,'',1,3000,4,'',1,7000,4,'',1,3100,4,'',1,6700,4,'',1,3300,4,'',1,7600,4,'',1,3200,4,'',1,7300,4,'',1,3100,4,'',1,7100,4,'',1,3300,4,'',1,7000,4,'',1,3200,4,'',1,7000,4,'',1,3000,4,'',1,7000,4,'',1,3100,4,'',1,6900,4,'',1,2800,4,'',1,7000,4,'',1,2800,4,'',1,6900,4,'',1,2500,4,'',1,6800,4,'',1,2900,4,'',1,6800,4,'',1,3000,4,'',1,7000,4,'',1,3100,4,'',1,7000,4,'',1,2500,4,'',1
'230109-MULTI-Weekday-01',101,45600,,'',1,6100,,'',1,2200,,'',1,1900,,'',1,5800,,'',1,1800,,'',1,2200,,'',1,6000,,'',1,2000,,'',1,1600,,'',1,6500,,'',1,1900,,'',1,7500,,'',1,1900,,'',1,2700,,'',1,7200,,'',1,7100,,'',1,2800,,'',1,2900,,'',1,5800,0,'FCCC',1,3200,0,'FCCC',1,7700,,'',1,7600,,'',1,2700,,'',1,1700,0,'FCCC',1,6600,,'',1,1800,,'',1,2000,,'',1,6200,,'',1,2000,,'',1,1900,,'',1,6100,,'',1,1900,,'',1,1900,,'',1,6000,,'',1,2700,,'',1,2400,,'',1,5600,,'',1,1700,,'',1,1800,,'',1,5900,,'',1,1500,,'',1,1800,,'',1,6400,,'',1,2000,,'',1,1700,,'',1,6300,,'',1,3900,,'',1,6100,,'',1,3000,,'',1,7000,,'',1,3000,,'',1,7000,,'',1,3000,,'',1,6400,,'',1
'230109-MULTI-Weekday-01',102,51100,4,'',1,3300,4,'',1,5600,4,'',1,2800,4,'',1,2100,4,'',1,5600,4,'',1,2100,4,'',1,2800,4,'',1,6300,4,'',1,2200,4,'',1,1500,4,'',1,6600,4,'',1,1400,4,'',1,2200,4,'',1,6000,4,'',1,2400,4,'',1,7200,4,'',1,3300,4,'',1,6100,4,'',1,2800,4,'',1,7900,4,'',1,3300,4,'',1,6100,4,'',1,3400,4,'',1,6700,4,'',1,3800,4,'',1,7700,4,'',1,2500,4,'',1,6300,4,'',1,2200,4,'',1,1900,4,'',1,6100,4,'',1,1900,4,'',1,1900,4,'',1,5700,4,'',1,1600,4,'',1,1600,4,'',1,6100,4,'',1,1600,4,'',1,1800,4,'',1,1400,4,'',1,5600,4,'',1,1900,4,'',1,1800,4,'',1,1700,4,'',1,6000,4,'',1,2200,4,'',1,5900,4,'',1,2700,4,'',1,3100,4,'',1,6600,4,'',1,2500,4,'',1,900,4,'',1,6600,4,'',1,2600,4,'',1,7200,4,'',1,8000,4,'',1
'230109-MULTI-Weekday-01',56101,52000,,'',1,2000,,'',1,6000,,'',1,2000,,'',1,2000,,'',1,6000,,'',1,2000,,'',1,2000,,'',1,6000,,'',1,2000,,'',1,2000,,'',1,6000,,'',1,61000,,'',1,2000,,'',1,2000,,'',1,6000,,'',1,2000,,'',1,2000,,'',1,6000,,'',1,2000,,'',1,2000,,'',1,6000,,'',1,2000,,'',1,2000,,'',1
'230109-MULTI-Weekday-01',56102,60900,4,'',1,2300,4,'',1,2000,4,'',1,6000,4,'',1,2000,4,'',1,2000,4,'',1,6000,4,'',1,2000,4,'',1,2000,4,'',1,5800,4,'',1,1900,4,'',1,57700,4,'',1,2000,4,'',1,2000,4,'',1,6000,4,'',1,2000,4,'',1,2000,4,'',1,6000,4,'',1,2000,4,'',1,2000,4,'',1,6000,4,'',1,2000,4,'',1,2000,4,'',1,6000,4,'',1
