'240304-MULTI-Holiday1-01',5203,73000,,'',1,9000,,'',1,9000,,'',1,9000,,'',1,5000,,'',1,9000,,'',1,9000,,'',1,9100,,'',1,8700,,'',1,5000,,'',1,9000,,'',1,9000,,'',1,9200,,'',1,9000,,'',1,9000,,'',1,9000,,'',1,5000,,'',1
'240304-MULTI-Holiday1-01',5204,72000,4,'',1,9000,4,'',1,9000,4,'',1,4900,4,'',1,9300,4,'',1,8800,4,'',1,9000,4,'',1,9000,4,'',1,9000,4,'',1,5000,4,'',1,9000,4,'',1,9000,4,'',1,9200,4,'',1,9000,4,'',1,9000,4,'',1,4800,4,'',1,9300,4,'',1,8600,4,'',1
'240304-MULTI-Saturday-01',5203,53000,,'',1,9000,,'',1,9000,,'',1,9000,,'',1,5000,,'',1,9000,,'',1,9000,,'',1,9000,,'',1,9000,,'',1,9000,,'',1,5000,,'',1,9000,,'',1,8900,,'',1,9000,,'',1,9100,,'',1,4900,,'',1,9100,,'',1,8500,,'',1,8700,,'',1,8500,,'',1
'240304-MULTI-Saturday-01',5204,52000,4,'',1,9000,4,'',1,4900,4,'',1,9100,4,'',1,8900,4,'',1,9000,4,'',1,9000,4,'',1,9000,4,'',1,5000,4,'',1,9300,4,'',1,8800,4,'',1,9000,4,'',1,9000,4,'',1,9000,4,'',1,9100,4,'',1,5000,4,'',1,9200,4,'',1,9000,4,'',1,8700,4,'',1,8500,4,'',1
'240304-MULTI-Sunday-01',5203,73000,,'',1,9000,,'',1,9000,,'',1,9000,,'',1,5000,,'',1,9000,,'',1,9000,,'',1,9100,,'',1,8700,,'',1,5000,,'',1,9000,,'',1,9000,,'',1,9200,,'',1,9000,,'',1,9000,,'',1,9000,,'',1,5000,,'',1
'240304-MULTI-Sunday-01',5204,72000,4,'',1,9000,4,'',1,9000,4,'',1,4900,4,'',1,9300,4,'',1,8800,4,'',1,9000,4,'',1,9000,4,'',1,9000,4,'',1,5000,4,'',1,9000,4,'',1,9000,4,'',1,9200,4,'',1,9000,4,'',1,9000,4,'',1,4800,4,'',1,9300,4,'',1,8600,4,'',1
'240304-MULTI-Weekday-03',5203,52500,,'',1,9300,,'',1,9000,,'',1,5000,,'',1,9000,,'',1,9000,,'',1,9000,,'',1,9000,,'',1,9000,,'',1,5000,,'',1,9000,,'',1,9000,,'',1,9000,,'',1,9000,,'',1,9000,,'',1,5000,,'',1,9000,,'',1,9000,,'',1,9000,,'',1,9000,,'',1
'240304-MULTI-Weekday-03',5204,51800,4,'',1,9000,4,'',1,5000,4,'',1,9000,4,'',1,6900,4,'',1,2100,4,'',1,8900,4,'',1,9000,4,'',1,9000,4,'',1,5000,4,'',1,9000,4,'',1,9000,4,'',1,9200,4,'',1,9000,4,'',1,9000,4,'',1,5000,4,'',1,9000,4,'',1,9100,4,'',1,8900,4,'',1,8900,4,'',1,9000,4,'',1
'240304-MULTI-Weekday-03',20000,74500,,'',1
'240304-MULTI-Weekday-03',20001,152300,4,'',1
