'230501-MULTI-Holiday1-01',5301,83600,4,'',1,10100,4,'',1,10000,4,'',1,10200,4,'',1,10200,4,'',1,10000,4,'',1,10200,4,'',1,10000,4,'',1,9800,4,'',1,10200,4,'',1,9900,4,'',1,9700,4,'',1
'230501-MULTI-Holiday1-01',5302,80000,,'',1,10000,,'',1,10000,,'',1,10000,,'',1,10000,,'',1,10000,,'',1,10200,,'',1,10000,,'',1,9800,,'',1,10200,,'',1,10000,,'',1,10000,,'',1
'230501-MULTI-Saturday-01',5301,60700,4,'',1,9900,4,'',1,10000,4,'',1,10000,4,'',1,10100,4,'',1,10100,4,'',1,10100,4,'',1,9900,4,'',1,10000,4,'',1,10000,4,'',1,10000,4,'',1,10000,4,'',1,9900,4,'',1,9900,4,'',1
'230501-MULTI-Saturday-01',5302,52500,,'',1,10500,,'',1,10000,,'',1,10000,,'',1,10000,,'',1,10000,,'',1,10000,,'',1,9700,,'',1,10000,,'',1,10000,,'',1,10000,,'',1,10000,,'',1,10000,,'',1,10000,,'',1
'230501-MULTI-Sunday-01',5301,83600,4,'',1,10100,4,'',1,10000,4,'',1,10200,4,'',1,10200,4,'',1,10000,4,'',1,10200,4,'',1,10000,4,'',1,9800,4,'',1,10200,4,'',1,9900,4,'',1,9700,4,'',1
'230501-MULTI-Sunday-01',5302,80000,,'',1,10000,,'',1,10000,,'',1,10000,,'',1,10000,,'',1,10000,,'',1,10200,,'',1,10000,,'',1,9800,,'',1,10200,,'',1,10000,,'',1,10000,,'',1
'230501-MULTI-Weekday-05',5301,53200,4,'',1,2400,4,'',1,6800,4,'',1,2500,4,'',1,6500,4,'',1,2500,4,'',1,6500,4,'',1,2500,4,'',1,2500,4,'',1,6700,4,'',1,2700,4,'',1,7000,4,'',1,3000,4,'',1,7000,4,'',1,2900,4,'',1,7000,4,'',1,3000,4,'',1,7000,4,'',1,3000,4,'',1,7300,4,'',1,2700,4,'',1,7000,4,'',1,2800,4,'',1,6500,4,'',1,2500,4,'',1,6500,4,'',1,2500,4,'',1,2500,4,'',1,6500,4,'',1,2500,4,'',1,6500,4,'',1,2400,4,'',1,2800,4,'',1,7000,4,'',1,3000,4,'',1,7000,4,'',1,3000,4,'',1,6900,4,'',1,3000,4,'',1,6900,4,'',1,3000,4,'',1,7000,4,'',1,3000,4,'',1,6300,4,'',1
'230501-MULTI-Weekday-05',5302,43600,,'',1,7000,,'',1,2500,,'',1,2500,,'',1,6500,,'',1,2500,,'',1,6500,,'',1,2500,,'',1,6500,,'',1,2500,,'',1,2800,,'',1,7000,,'',1,3000,,'',1,7000,,'',1,3000,,'',1,7000,,'',1,3000,,'',1,7000,,'',1,3000,,'',1,7000,,'',1,3000,,'',1,7000,,'',1,2400,,'',1,6500,,'',1,2500,,'',1,6500,,'',1,2500,,'',1,2500,,'',1,6500,,'',1,2500,,'',1,6500,,'',1,2500,,'',1,6700,,'',1,3000,,'',1,7000,,'',1,3000,,'',1,7000,,'',1,3000,,'',1,7000,,'',1,3000,,'',1,7000,,'',1,3000,,'',1,7000,,'',1,3000,,'',1
'230501-MULTI-Holiday1-01',5601,80000,,'',1,3100,4,'',1,900,,'',1,7100,4,'',1,900,,'',1,3100,4,'',1,4900,,'',1,3100,4,'',1,900,,'',1,7100,4,'',1,900,,'',1,3100,4,'',1,4900,,'',1,3100,4,'',1,900,,'',1,7100,4,'',1,900,,'',1,3100,4,'',1,4900,,'',1,3100,4,'',1,900,,'',1,7100,4,'',1,900,,'',1,3100,4,'',1,4900,,'',1,3100,4,'',1,900,,'',1,7100,4,'',1,900,,'',1,3100,4,'',1,4900,,'',1,3100,4,'',1,900,,'',1,7100,4,'',1
'230501-MULTI-Saturday-01',5601,80000,,'',1,3000,4,'',1,1000,,'',1,7000,4,'',1,1000,,'',1,3200,4,'',1,4800,,'',1,3200,4,'',1,800,,'',1,7200,4,'',1,800,,'',1,3200,4,'',1,4800,,'',1,3200,4,'',1,800,,'',1,7200,4,'',1,800,,'',1,3200,4,'',1,4800,,'',1,3200,4,'',1,800,,'',1,7200,4,'',1,800,,'',1,3200,4,'',1,4800,,'',1,3200,4,'',1,800,,'',1,7200,4,'',1,800,,'',1,3200,4,'',1,4800,,'',1,3200,4,'',1,800,,'',1,7100,4,'',1
'230501-MULTI-Sunday-01',5601,80000,,'',1,3100,4,'',1,900,,'',1,7100,4,'',1,900,,'',1,3100,4,'',1,4900,,'',1,3100,4,'',1,900,,'',1,7100,4,'',1,900,,'',1,3100,4,'',1,4900,,'',1,3100,4,'',1,900,,'',1,7100,4,'',1,900,,'',1,3100,4,'',1,4900,,'',1,3100,4,'',1,900,,'',1,7100,4,'',1,900,,'',1,3100,4,'',1,4900,,'',1,3100,4,'',1,900,,'',1,7100,4,'',1,900,,'',1,3100,4,'',1,4900,,'',1,3100,4,'',1,900,,'',1,7100,4,'',1
'230501-MULTI-Weekday-05',5601,53000,,'',1,7000,4,'',1,1000,,'',1,3000,4,'',1,1000,,'',1,7000,4,'',1,1000,,'',1,7000,4,'',1,1000,,'',1,3100,4,'',1,900,,'',1,7100,4,'',1,900,,'',1,7100,4,'',1,900,,'',1,3000,4,'',1,1000,,'',1,7000,4,'',1,1000,,'',1,7000,4,'',1,1000,,'',1,3000,4,'',1,1000,,'',1,7000,4,'',1,1000,,'',1,7000,4,'',1,1000,,'',1,3100,4,'',1,900,,'',1,7200,4,'',1,800,,'',1,7200,4,'',1,800,,'',1,3300,4,'',1,700,,'',1,7300,4,'',1,700,,'',1,7300,4,'',1,700,,'',1,3300,4,'',1,700,,'',1,7300,4,'',1,700,,'',1,7200,4,'',1,800,,'',1,3100,4,'',1,900,,'',1,7000,4,'',1,1000,,'',1,7000,4,'',1
