'230109-MULTI-Holiday1-01',501,60000,,'',1,3000,,'',1,7200,,'',1,2800,,'',1,7000,,'',1,3000,,'',1,7000,,'',1,3000,,'',1,7000,,'',1,3000,,'',1,7000,,'',1,3000,,'',1,7000,,'',1,3000,,'',1,7000,,'',1,3000,,'',1,7000,,'',1,3000,,'',1,7000,,'',1,3000,,'',1,7000,,'',1,3000,,'',1,7000,,'',1,3000,,'',1,7000,,'',1,3000,,'',1,2900,,'',1,6900,,'',1,3000,,'',1,7000,,'',1,3100,,'',1,7100,,'',1,7000,,'',1,3000,,'',1,7400,,'',1
'230109-MULTI-Holiday1-01',502,70100,4,'',1,5000,4,'',1,7000,4,'',1,3000,4,'',1,7000,4,'',1,3100,4,'',1,7200,4,'',1,3400,4,'',1,7600,4,'',1,6900,4,'',1,3100,4,'',1,7000,4,'',1,3200,4,'',1,7200,4,'',1,3200,4,'',1,7100,4,'',1,3300,4,'',1,7000,4,'',1,2900,4,'',1,7000,4,'',1,2800,4,'',1,7100,4,'',1,3000,4,'',1,6800,4,'',1,2900,4,'',1,7000,4,'',1,2400,4,'',1,2400,4,'',1,6900,4,'',1,2900,4,'',1,6900,4,'',1,2900,4,'',1,6800,4,'',1,3000,4,'',1,7000,4,'',1,8100,4,'',1
'230109-MULTI-Saturday-01',501,44100,,'',1,8900,,'',1,1500,,'',1,5500,,'',1,3000,,'',1,7000,,'',1,2800,,'',1,3000,,'',1,7000,,'',1,2800,,'',1,7300,,'',1,3000,,'',1,7000,,'',1,3000,,'',1,7100,,'',1,7000,,'',1,3000,,'',1,7000,,'',1,3000,,'',1,2700,,'',1,7100,,'',1,3000,,'',1,7000,,'',1,7200,,'',1,3000,,'',1,7000,,'',1,3000,,'',1,7000,,'',1,2800,,'',1,2800,,'',1,7200,,'',1,3000,,'',1,7300,,'',1,7000,,'',1,2900,,'',1,7100,,'',1,2900,,'',1,7500,,'',1,3000,,'',1,7100,,'',1,3000,,'',1
'230109-MULTI-Saturday-01',502,55400,4,'',1,7400,4,'',1,9100,4,'',1,1600,4,'',1,1600,4,'',1,6900,4,'',1,3900,4,'',1,6600,4,'',1,3300,4,'',1,7000,4,'',1,7400,4,'',1,3700,4,'',1,7000,4,'',1,3100,4,'',1,7000,4,'',1,3200,4,'',1,7000,4,'',1,3000,4,'',1,7000,4,'',1,3300,4,'',1,7000,4,'',1,3300,4,'',1,7000,4,'',1,3200,4,'',1,7100,4,'',1,2700,4,'',1,6800,4,'',1,2600,4,'',1,6900,4,'',1,2500,4,'',1,2100,4,'',1,6900,4,'',1,3100,4,'',1,6900,4,'',1,2800,4,'',1,6500,4,'',1,2900,4,'',1,7000,4,'',1,3100,4,'',1,7000,4,'',1
'230109-MULTI-Sunday-01',501,60000,,'',1,3000,,'',1,7200,,'',1,2800,,'',1,7000,,'',1,3000,,'',1,7000,,'',1,3000,,'',1,7000,,'',1,3000,,'',1,7000,,'',1,3000,,'',1,7000,,'',1,3000,,'',1,7000,,'',1,3000,,'',1,7000,,'',1,3000,,'',1,7000,,'',1,3000,,'',1,7000,,'',1,3000,,'',1,7000,,'',1,3000,,'',1,7000,,'',1,3000,,'',1,2900,,'',1,6900,,'',1,3000,,'',1,7000,,'',1,3100,,'',1,7100,,'',1,7000,,'',1,3000,,'',1,7400,,'',1
'230109-MULTI-Sunday-01',502,70100,4,'',1,5000,4,'',1,7000,4,'',1,3000,4,'',1,7000,4,'',1,3100,4,'',1,7200,4,'',1,3400,4,'',1,7600,4,'',1,6900,4,'',1,3100,4,'',1,7000,4,'',1,3200,4,'',1,7200,4,'',1,3200,4,'',1,7100,4,'',1,3300,4,'',1,7000,4,'',1,2900,4,'',1,7000,4,'',1,2800,4,'',1,7100,4,'',1,3000,4,'',1,6800,4,'',1,2900,4,'',1,7000,4,'',1,2400,4,'',1,2400,4,'',1,6900,4,'',1,2900,4,'',1,6900,4,'',1,2900,4,'',1,6800,4,'',1,3000,4,'',1,7000,4,'',1,8100,4,'',1
'230109-MULTI-Weekday-01',501,40100,,'',1,1900,,'',1,2300,,'',1,6600,,'',1,2100,,'',1,1200,,'',1,1300,,'',1,6000,,'',1,1500,0,'A',1,1500,,'',1,5500,0,'A',1,1500,,'',1,1500,0,'A',1,1500,,'',1,5500,0,'A',1,1100,,'',1,1400,0,'A',1,1500,,'',1,1500,0,'A',1,5400,,'',1,2000,0,'A',1,1800,,'',1,5900,0,'A',1,1900,,'',1,2000,0,'A',1,6000,,'',1,2000,0,'A',1,2000,,'',1,6000,0,'A',1,2000,,'',1,2000,0,'A',1,1000,,'',1,5000,,'',1,2000,0,'A',1,2000,,'',1,1000,,'',1,4500,0,'A',1,1500,,'',1,1500,0,'A',1,1500,,'',1,5500,0,'A',1,1500,,'',1,1500,0,'A',1,1500,,'',1,5500,0,'A',1,1500,,'',1,1500,0,'A',1,1500,,'',1,5500,0,'A',1,1500,,'',1,1500,0,'A',1,1500,,'',1,5500,0,'A',1,1500,,'',1,1500,0,'A',1,200,,'',1,1300,,'',1,5900,,'',1,2800,,'',1,6800,,'',1,3000,,'',1,2500,,'',1,4500,,'',1,2500,,'',1,500,,'',1,7500,,'',1,2500,,'',1,7200,,'',1,3200,,'',1,7000,,'',1,3000,,'',1
'230109-MULTI-Weekday-01',502,54000,4,'',1,1800,4,'',1,5800,4,'',1,2000,4,'',1,1600,4,'',1,5700,4,'',1,1800,4,'',1,1600,4,'',1,1400,4,'',1,4400,4,'',1,900,4,'',1,1300,4,'',1,900,4,'',1,2100,4,'',1,5000,4,'',1,2100,4,'',1,1300,4,'',1,1600,4,'',1,5200,4,'',1,1200,4,'',1,2300,4,'',1,1600,4,'',1,6600,4,'',1,1700,4,'',1,6200,4,'',1,1700,4,'',1,2400,4,'',1,1500,4,'',1,6500,4,'',1,1900,4,'',1,6300,4,'',1,1900,4,'',1,2400,4,'',1,5900,4,'',1,1100,4,'',1,900,4,'',1,1200,4,'',1,2000,4,'',1,5300,4,'',1,2100,4,'',1,400,4,'',1,1000,4,'',1,6000,4,'',1,500,4,'',1,700,4,'',1,1900,4,'',1,1000,4,'',1,6000,4,'',1,1100,4,'',1,1900,4,'',1,900,4,'',1,5700,4,'',1,1100,4,'',1,1600,4,'',1,1400,4,'',1,1100,4,'',1,5400,4,'',1,1900,4,'',1,1800,4,'',1,1300,4,'',1,6700,4,'',1,7700,4,'',1,2600,4,'',1,2200,4,'',1,600,4,'',1,6500,4,'',1,200,4,'',1,3400,4,'',1,4200,4,'',1,2600,4,'',1,2500,4,'',1,7200,4,'',1,2900,4,'',1
'230109-MULTI-Holiday1-01',50501,100500,,'',1,1600,,'',1,1600,,'',1,1600,,'',1,5600,,'',1,1600,,'',1,1600,,'',1,1600,,'',1,5600,,'',1,1600,,'',1,1600,,'',1,5600,,'',1,1600,,'',1,1600,,'',1,1600,,'',1,5600,,'',1,1600,,'',1,1600,,'',1,1600,,'',1,5600,,'',1,1600,,'',1,1600,,'',1,1600,,'',1,5600,,'',1,1600,,'',1,1600,,'',1,5600,,'',1,1600,,'',1,1600,,'',1,1600,,'',1,5600,,'',1
'230109-MULTI-Holiday1-01',50502,102600,4,'',1,1700,4,'',1,1600,4,'',1,5600,4,'',1,1600,4,'',1,1600,4,'',1,5600,4,'',1,1700,4,'',1,1600,4,'',1,1600,4,'',1,5600,4,'',1,1600,4,'',1,1700,4,'',1,1600,4,'',1,5600,4,'',1,1700,4,'',1,1700,4,'',1,5600,4,'',1,1600,4,'',1,1600,4,'',1,1600,4,'',1,5600,4,'',1,1600,4,'',1,1600,4,'',1,1600,4,'',1,5600,4,'',1,1600,4,'',1,1600,4,'',1,1600,4,'',1,5600,4,'',1,1500,4,'',1,1500,4,'',1
'230109-MULTI-Saturday-01',50501,84500,,'',1,5600,,'',1,1600,,'',1,1600,,'',1,1600,,'',1,5600,,'',1,1600,,'',1,1600,,'',1,1600,,'',1,5600,,'',1,1600,,'',1,1600,,'',1,1600,,'',1,5600,,'',1,1600,,'',1,1600,,'',1,5600,,'',1,1600,,'',1,1600,,'',1,1600,,'',1,5500,,'',1,1500,,'',1,1200,,'',1,1300,,'',1,1400,,'',1,5600,,'',1,1600,,'',1,1600,,'',1,5600,,'',1,1600,,'',1,1600,,'',1,1600,,'',1,5600,,'',1,1600,,'',1,1600,,'',1,1600,,'',1,5600,,'',1,1600,,'',1
'230109-MULTI-Saturday-01',50502,92400,4,'',1,1600,4,'',1,1600,4,'',1,5700,4,'',1,1600,4,'',1,1700,4,'',1,5700,4,'',1,1600,4,'',1,1800,4,'',1,1600,4,'',1,5600,4,'',1,1600,4,'',1,1600,4,'',1,1600,4,'',1,5600,4,'',1,1600,4,'',1,1600,4,'',1,5600,4,'',1,1600,4,'',1,1600,4,'',1,1600,4,'',1,5600,4,'',1,1600,4,'',1,1600,4,'',1,1600,4,'',1,5600,4,'',1,1800,4,'',1,1400,4,'',1,1600,4,'',1,5600,4,'',1,1600,4,'',1,1600,4,'',1,5600,4,'',1,1500,4,'',1,1600,4,'',1,1600,4,'',1,5700,4,'',1,1500,4,'',1,1600,4,'',1,1600,4,'',1
'230109-MULTI-Sunday-01',50501,100500,,'',1,1600,,'',1,1600,,'',1,1600,,'',1,5600,,'',1,1600,,'',1,1600,,'',1,1600,,'',1,5600,,'',1,1600,,'',1,1600,,'',1,5600,,'',1,1600,,'',1,1600,,'',1,1600,,'',1,5600,,'',1,1600,,'',1,1600,,'',1,1600,,'',1,5600,,'',1,1600,,'',1,1600,,'',1,1600,,'',1,5600,,'',1,1600,,'',1,1600,,'',1,5600,,'',1,1600,,'',1,1600,,'',1,1600,,'',1,5600,,'',1
'230109-MULTI-Sunday-01',50502,102600,4,'',1,1700,4,'',1,1600,4,'',1,5600,4,'',1,1600,4,'',1,1600,4,'',1,5600,4,'',1,1700,4,'',1,1600,4,'',1,1600,4,'',1,5600,4,'',1,1600,4,'',1,1700,4,'',1,1600,4,'',1,5600,4,'',1,1700,4,'',1,1700,4,'',1,5600,4,'',1,1600,4,'',1,1600,4,'',1,1600,4,'',1,5600,4,'',1,1600,4,'',1,1600,4,'',1,1600,4,'',1,5600,4,'',1,1600,4,'',1,1600,4,'',1,1600,4,'',1,5600,4,'',1,1500,4,'',1,1500,4,'',1
'230109-MULTI-Weekday-01',50501,55300,,'',1,5300,,'',1,1400,,'',1,1700,,'',1,1600,,'',1,5800,,'',1,1600,,'',1,1700,,'',1,1400,,'',1,5400,,'',1,1500,,'',1,1500,,'',1,1600,,'',1,5500,,'',1,2200,,'',1,2000,,'',1,5800,,'',1,2200,,'',1,2000,,'',1,6000,,'',1,2000,,'',1,1800,,'',1,6000,,'',1,2000,,'',1,1900,,'',1,6100,,'',1,1800,,'',1,1900,,'',1,6300,,'',1,2000,,'',1,2000,,'',1,6400,,'',1,1500,,'',1,1500,,'',1,5500,,'',1,1600,,'',1,1400,,'',1,2100,,'',1,5500,,'',1,1500,,'',1,1500,,'',1,1500,,'',1,5500,,'',1,1800,,'',1,1400,,'',1,1300,,'',1,5100,,'',1,1400,,'',1,1700,,'',1,1900,,'',1
'230109-MULTI-Weekday-01',50502,72100,4,'',1,2000,4,'',1,1500,4,'',1,5300,4,'',1,1600,4,'',1,1500,4,'',1,1700,4,'',1,5400,4,'',1,1800,4,'',1,1400,4,'',1,6400,4,'',1,2000,4,'',1,2500,4,'',1,5900,4,'',1,1900,4,'',1,1800,4,'',1,5800,4,'',1,2000,4,'',1,2000,4,'',1,6000,4,'',1,2000,4,'',1,2100,4,'',1,6100,4,'',1,2400,4,'',1,1900,4,'',1,6400,4,'',1,2200,4,'',1,6300,4,'',1,1700,4,'',1,1400,4,'',1,1800,4,'',1,5700,4,'',1,1300,4,'',1,1200,4,'',1,1900,4,'',1,5400,4,'',1,1700,4,'',1,1700,4,'',1,1300,4,'',1,5100,4,'',1,1400,4,'',1,1600,4,'',1,1400,4,'',1,1200,4,'',1,5400,4,'',1,1600,4,'',1,1800,4,'',1,5800,4,'',1
