'240304-MULTI-Weekday-03',901,53500,,'',1,8000,,'',1,4200,,'',1,8000,,'',1,500,,'',1,7500,,'',1,4000,,'',1,7700,,'',1,9900,,'',1,10000,,'',1,10100,,'',1,10300,,'',1,10000,,'',1,8500,,'',1,8500,,'',1,4500,,'',1,8500,,'',1,8400,,'',1,8500,,'',1,4500,,'',1
'240304-MULTI-Holiday1-01',1703,75000,,'',1,8500,,'',1,8500,,'',1,8500,,'',1,4500,,'',1,8500,,'',1,8500,,'',1,8500,,'',1,4500,,'',1,8500,,'',1,8500,,'',1,8500,,'',1,4500,,'',1,8500,,'',1,8500,,'',1,8500,,'',1
'240304-MULTI-Holiday1-01',1704,82500,4,'',1,8500,4,'',1,4600,4,'',1,8500,4,'',1,8500,4,'',1,8500,4,'',1,4500,4,'',1,8500,4,'',1,8600,4,'',1,8500,4,'',1,4500,4,'',1,8500,4,'',1,8500,4,'',1,8500,4,'',1,4500,4,'',1,8500,4,'',1
'240304-MULTI-Saturday-01',1703,80000,,'',1,4500,,'',1,8500,,'',1,8500,,'',1,8500,,'',1,4500,,'',1,8500,,'',1,8500,,'',1,8500,,'',1,4500,,'',1,8500,,'',1,8500,,'',1,8500,,'',1,4500,,'',1,8500,,'',1
'240304-MULTI-Saturday-01',1704,83600,4,'',1,8500,4,'',1,8500,4,'',1,4500,4,'',1,8400,4,'',1,8600,4,'',1,8500,4,'',1,4500,4,'',1,8500,4,'',1,8600,4,'',1,8600,4,'',1,4500,4,'',1,8500,4,'',1,8500,4,'',1,8400,4,'',1
'240304-MULTI-Sunday-01',1703,75000,,'',1,8500,,'',1,8500,,'',1,8500,,'',1,4500,,'',1,8500,,'',1,8500,,'',1,8500,,'',1,4500,,'',1,8500,,'',1,8500,,'',1,8500,,'',1,4500,,'',1,8500,,'',1,8500,,'',1,8500,,'',1
'240304-MULTI-Sunday-01',1704,82500,4,'',1,8500,4,'',1,4600,4,'',1,8500,4,'',1,8500,4,'',1,8500,4,'',1,4500,4,'',1,8500,4,'',1,8600,4,'',1,8500,4,'',1,4500,4,'',1,8500,4,'',1,8500,4,'',1,8500,4,'',1,4500,4,'',1,8500,4,'',1
'240304-MULTI-Weekday-03',1703,51000,,'',1,4500,,'',1,8500,,'',1,8500,,'',1,8500,,'',1,4500,,'',1,8500,,'',1,8500,,'',1,8500,,'',1,4500,,'',1,8500,,'',1,8500,,'',1,8500,,'',1,4700,,'',1,8300,,'',1,8500,,'',1,8500,,'',1,4500,,'',1,8500,,'',1
'240304-MULTI-Weekday-03',1704,54100,4,'',1,8800,4,'',1,8600,4,'',1,4400,4,'',1,8600,4,'',1,8300,4,'',1,8400,4,'',1,4500,4,'',1,8600,4,'',1,9200,4,'',1,7800,4,'',1,4500,4,'',1,9700,4,'',1,7600,4,'',1,8500,4,'',1,8500,4,'',1,4500,4,'',1,8500,4,'',1,8400,4,'',1
'240304-MULTI-Weekday-03',20700,72500,,'',1
'240304-MULTI-Weekday-03',20701,150700,4,'',1,400,4,'',1
