'230306-MULTI-Holiday1-02',203,72000,,'',1,3000,,'',1,7000,,'',1,3000,,'',1,7000,,'',1,3000,,'',1,7000,,'',1,3000,,'',1,7000,,'',1,3000,,'',1,7000,,'',1,3000,,'',1,7000,,'',1,3000,,'',1,7000,,'',1,3000,,'',1,7000,,'',1,3000,,'',1,7000,,'',1,3000,,'',1,7000,,'',1,3000,,'',1,7000,,'',1,3000,,'',1,7000,,'',1,3000,,'',1,7000,,'',1,3000,,'',1,7000,,'',1,3000,,'',1,7000,,'',1,3000,,'',1,7000,,'',1,3000,,'',1,7000,,'',1
'230306-MULTI-Holiday1-02',204,74200,4,'',1,7000,4,'',1,3100,4,'',1,7000,4,'',1,3000,4,'',1,7000,4,'',1,3000,4,'',1,7000,4,'',1,3100,4,'',1,7000,4,'',1,3200,4,'',1,7000,4,'',1,3000,4,'',1,7000,4,'',1,3000,4,'',1,7000,4,'',1,3000,4,'',1,7000,4,'',1,3000,4,'',1,6900,4,'',1,3200,4,'',1,7000,4,'',1,3000,4,'',1,7000,4,'',1,2800,4,'',1,7000,4,'',1,2900,4,'',1,7000,4,'',1,2900,4,'',1,7000,4,'',1,3000,4,'',1,7000,4,'',1,2800,4,'',1,7000,4,'',1
'230306-MULTI-Saturday-01',203,53000,,'',1,7000,,'',1,3000,,'',1,7000,,'',1,3000,,'',1,7000,,'',1,3000,,'',1,8500,,'',1,3000,,'',1,7000,,'',1,3000,,'',1,7000,,'',1,3000,,'',1,7000,,'',1,3000,,'',1,7000,,'',1,3000,,'',1,7000,,'',1,3000,,'',1,7000,,'',1,3000,,'',1,7000,,'',1,3000,,'',1,7000,,'',1,3000,,'',1,7000,,'',1,1600,,'',1,1900,,'',1,7000,,'',1,3000,,'',1,7000,,'',1,3000,,'',1,7000,,'',1,3000,,'',1,7000,,'',1,3000,,'',1,7000,,'',1,3000,,'',1,7000,,'',1,3000,,'',1,7000,,'',1
'230306-MULTI-Saturday-01',204,55000,4,'',1,7200,4,'',1,3300,4,'',1,7100,4,'',1,3000,4,'',1,7000,4,'',1,3100,4,'',1,6900,4,'',1,3000,4,'',1,6800,4,'',1,2600,4,'',1,7100,4,'',1,3100,4,'',1,7000,4,'',1,3100,4,'',1,7000,4,'',1,3000,4,'',1,7000,4,'',1,3000,4,'',1,7000,4,'',1,3000,4,'',1,7000,4,'',1,3000,4,'',1,7000,4,'',1,3000,4,'',1,6800,4,'',1,2700,4,'',1,7100,4,'',1,2700,4,'',1,7100,4,'',1,2500,4,'',1,6900,4,'',1,3400,4,'',1,7000,4,'',1,2900,4,'',1,7000,4,'',1,2800,4,'',1,7000,4,'',1,2900,4,'',1,7000,4,'',1
'230306-MULTI-Sunday-01',203,72000,,'',1,3000,,'',1,7000,,'',1,3000,,'',1,7000,,'',1,3000,,'',1,7000,,'',1,3000,,'',1,7000,,'',1,3000,,'',1,7000,,'',1,3000,,'',1,7000,,'',1,3000,,'',1,7000,,'',1,3000,,'',1,7000,,'',1,3000,,'',1,7000,,'',1,3000,,'',1,7000,,'',1,3000,,'',1,7000,,'',1,3000,,'',1,7000,,'',1,3000,,'',1,7000,,'',1,3000,,'',1,7000,,'',1,3000,,'',1,7000,,'',1,3000,,'',1,7000,,'',1,3000,,'',1,7000,,'',1
'230306-MULTI-Sunday-01',204,74200,4,'',1,7000,4,'',1,3100,4,'',1,7000,4,'',1,3000,4,'',1,7000,4,'',1,3000,4,'',1,7000,4,'',1,3100,4,'',1,7000,4,'',1,3200,4,'',1,7000,4,'',1,3000,4,'',1,7000,4,'',1,3000,4,'',1,7000,4,'',1,3000,4,'',1,7000,4,'',1,3000,4,'',1,6900,4,'',1,3200,4,'',1,7000,4,'',1,3000,4,'',1,7000,4,'',1,2800,4,'',1,7000,4,'',1,2900,4,'',1,7000,4,'',1,2900,4,'',1,7000,4,'',1,3000,4,'',1,7000,4,'',1,2800,4,'',1,7000,4,'',1
'230306-MULTI-Weekday-01',203,41500,,'',1,2000,,'',1,2000,,'',1,6000,,'',1,2000,,'',1,2000,,'',1,6000,,'',1,2000,,'',1,2000,,'',1,6000,,'',1,2000,,'',1,2000,,'',1,6000,,'',1,2000,,'',1,2000,,'',1,6000,,'',1,2000,,'',1,2000,,'',1,6000,,'',1,2000,,'',1,2000,,'',1,6000,,'',1,2000,,'',1,2000,,'',1,6000,,'',1,2000,,'',1,2000,,'',1,6000,,'',1,2000,,'',1,2000,,'',1,6000,,'',1,2000,,'',1,2000,,'',1,6000,,'',1,2000,,'',1,2000,,'',1,6000,,'',1,2000,,'',1,2000,,'',1,6000,,'',1,2000,,'',1,2000,,'',1,6000,,'',1,2000,,'',1,2000,,'',1,6500,,'',1,3000,,'',1,7000,,'',1,3000,,'',1,7000,,'',1,3000,,'',1,7000,,'',1,3000,,'',1,7000,,'',1,3000,,'',1,7000,,'',1,3000,,'',1,7000,,'',1
'230306-MULTI-Weekday-01',204,42800,4,'',1,2000,4,'',1,6000,4,'',1,1000,4,'',1,2400,4,'',1,6000,4,'',1,2200,4,'',1,2200,4,'',1,6000,4,'',1,2000,4,'',1,2100,4,'',1,6000,4,'',1,2200,4,'',1,2000,4,'',1,6000,4,'',1,2000,4,'',1,2000,4,'',1,6100,4,'',1,2000,4,'',1,2100,4,'',1,6000,4,'',1,2000,4,'',1,2000,4,'',1,6000,4,'',1,2000,4,'',1,2000,4,'',1,6000,4,'',1,2000,4,'',1,2000,4,'',1,6000,4,'',1,2100,4,'',1,2000,4,'',1,6000,4,'',1,2000,4,'',1,2100,4,'',1,6000,4,'',1,2000,4,'',1,2000,4,'',1,6000,4,'',1,2000,4,'',1,2000,4,'',1,6000,4,'',1,1900,4,'',1,2000,4,'',1,5900,4,'',1,1900,4,'',1,1800,4,'',1,6900,4,'',1,3000,4,'',1,7000,4,'',1,2600,4,'',1,7000,4,'',1,3000,4,'',1,7000,4,'',1,2900,4,'',1,7000,4,'',1,2800,4,'',1,7000,4,'',1
'230306-MULTI-Holiday1-02',603,84500,,'',1,8500,,'',1,8500,,'',1,8500,,'',1,4500,,'',1,8500,,'',1,8500,,'',1,8500,,'',1,4500,,'',1,8500,,'',1,8500,,'',1,8500,,'',1,4500,,'',1,8500,,'',1,8500,,'',1
'230306-MULTI-Holiday1-02',604,83600,4,'',1,8600,4,'',1,8500,4,'',1,4600,4,'',1,8500,4,'',1,8500,4,'',1,8600,4,'',1,4600,4,'',1,8500,4,'',1,8600,4,'',1,8500,4,'',1,4500,4,'',1,8500,4,'',1,8500,4,'',1,8400,4,'',1
'230306-MULTI-Saturday-01',603,81500,,'',1,8500,,'',1,4500,,'',1,8500,,'',1,8500,,'',1,8500,,'',1,4500,,'',1,8500,,'',1,8500,,'',1,8500,,'',1,4500,,'',1,8500,,'',1,8500,,'',1,8500,,'',1,4500,,'',1
'230306-MULTI-Saturday-01',604,80800,4,'',1,4600,4,'',1,8600,4,'',1,8500,4,'',1,8500,4,'',1,4500,4,'',1,8500,4,'',1,8600,4,'',1,8600,4,'',1,4500,4,'',1,8400,4,'',1,8500,4,'',1,8500,4,'',1,4500,4,'',1,8400,4,'',1,8400,4,'',1,8500,4,'',1
'230306-MULTI-Sunday-01',603,84500,,'',1,8500,,'',1,8500,,'',1,8500,,'',1,4500,,'',1,8500,,'',1,8500,,'',1,8500,,'',1,4500,,'',1,8500,,'',1,8500,,'',1,8500,,'',1,4500,,'',1,8500,,'',1,8500,,'',1
'230306-MULTI-Sunday-01',604,83600,4,'',1,8600,4,'',1,8500,4,'',1,4600,4,'',1,8500,4,'',1,8500,4,'',1,8600,4,'',1,4600,4,'',1,8500,4,'',1,8600,4,'',1,8500,4,'',1,4500,4,'',1,8500,4,'',1,8500,4,'',1,8400,4,'',1
'230306-MULTI-Weekday-01',603,60600,,'',1,2500,,'',1,1200,,'',1,7500,,'',1,3300,,'',1,7700,,'',1,7500,,'',1,4300,,'',1,8700,,'',1,8300,,'',1,8700,,'',1,4300,,'',1,8900,,'',1,8300,,'',1,3500,,'',1,7500,,'',1,7500,,'',1,3500,,'',1,7500,,'',1,3500,,'',1,7500,,'',1,3500,,'',1,7500,,'',1,7500,,'',1,3500,,'',1
'230306-MULTI-Weekday-01',604,60100,4,'',1,2500,4,'',1,1200,4,'',1,7700,4,'',1,3400,4,'',1,7700,4,'',1,7500,4,'',1,3000,4,'',1,7700,4,'',1,3200,4,'',1,7300,4,'',1,8700,4,'',1,4300,4,'',1,8900,4,'',1,8300,4,'',1,9000,4,'',1,4500,4,'',1,7500,4,'',1,7500,4,'',1,3500,4,'',1,7500,4,'',1,3400,4,'',1,7400,4,'',1,3200,4,'',1,7400,4,'',1,3500,4,'',1,7300,4,'',1
