603,'Holiday1',900,,28893,13,,,1,45,,28892,13,,,1,86,,28895,13,,,1,85,,28896,13,,,1,85,,28897,13,,,1,45,,28898,13,,,1,87,,28899,13,,,1,85,,28894,13,,,1,85,,28900,13,,,1,45,,28901,13,,,1,85,,28902,13,,,1,85,,28903,13,,,1,85,,28904,13,,,1,45,,28905,13,,,1,84,,28906,13,,,1
603,'Saturday',746,,28922,13,,,1,85,,28908,13,,,1,85,,28909,13,,,1,85,,28910,13,,,1,45,,28911,13,,,1,85,,28907,13,,,1,85,,28913,13,,,1,85,,28912,13,,,1,46,,28915,13,,,1,85,,28916,13,,,1,86,,28914,13,,,1,85,,28917,13,,,1,45,,28918,13,,,1,85,,28919,13,,,1,85,,28920,13,,,1,85,,28921,13,,,1
603,'Sunday',900,,28924,13,,,1,45,,28923,13,,,1,86,,28926,13,,,1,85,,28927,13,,,1,85,,28928,13,,,1,45,,28929,13,,,1,87,,28930,13,,,1,85,,28925,13,,,1,85,,28931,13,,,1,45,,28932,13,,,1,85,,28933,13,,,1,85,,28934,13,,,1,85,,28935,13,,,1,45,,28936,13,,,1,84,,28937,13,,,1
603,'Weekday',621,,28938,13,,,1,19,,28940,13,,,1,61,,28944,13,,,1,20,,28945,13,,,1,19,,28941,13,,,1,19,,28946,13,,,1,62,,28943,13,,,1,17,,28948,13,,,1,63,,28942,13,,,1,20,,28947,13,,,1,23,,28939,13,,,1,70,,28962,13,,,1,22,,28960,13,,,1,19,,28953,13,,,1,61,,28956,13,,,1,26,,28958,13,,,1,62,,28954,13,,,1,20,,28951,13,,,1,23,,28957,13,,,1,64,,28949,13,,,1,22,,28955,13,,,1,20,,28952,13,,,1,65,,28961,13,,,1,25,,28950,13,,,1,64,,28959,13,,,1,25,,28964,13,,,1,20,,28965,13,,,1,61,,28963,13,,,1,20,,28966,13,,,1,20,,28967,13,,,1,60,,28968,13,,,1,20,,28969,13,,,1,20,,28970,13,,,1,60,,28972,13,,,1,19,,28973,13,,,1,21,,28974,13,,,1,54,,28971,13,,,1,20,,28975,13,,,1,20,,28979,13,,,1,62,,28976,13,,,1,22,,28977,13,,,1,27,,28978,13,,,1,65,,28980,13,,,1,22,,28981,13,,,1,67,,28982,13,,,1,27,,28983,13,,,1,72,,28984,13,,,1,30,,28985,13,,,1
1102,'Holiday1',720,,30352,37,,,1,80,,30350,37,,,1,40,,30353,37,,,1,80,,30355,37,,,1,82,,30357,37,,,1,40,,30359,37,,,1,80,,30361,37,,,1,80,,30362,37,,,1,41,,30365,37,,,1,81,,30367,37,,,1,80,,30369,37,,,1,41,,30371,37,,,1,80,,30373,37,,,1,81,,30377,37,,,1,42,,30376,37,,,1,82,,30375,37,,,1,82,,30380,37,,,1,42,,30383,37,,,1,94,,30388,37,,,1,81,,30385,37,,,1,90,,30389,37,,,1,83,,30390,37,,,1,46,,30391,37,,,1,86,,30396,37,,,1,86,,30398,37,,,1
1102,'Saturday',601,,30399,37,,,1,41,,30403,37,,,1,84,,30404,37,,,1,81,,30405,37,,,1,43,,30406,37,,,1,80,,30410,37,,,1,81,,30412,37,,,1,42,,30408,37,,,1,83,,30413,37,,,1,82,,30414,37,,,1,82,,30415,37,,,1,44,,30416,37,,,1,82,,30417,37,,,1,83,,30418,37,,,1,46,,30435,37,,,1,84,,30433,37,,,1,83,,30436,37,,,1,84,,30437,37,,,1,44,,30434,37,,,1,83,,30438,37,,,1,84,,30439,37,,,1,83,,30440,37,,,1,51,,30441,37,,,1,87,,30449,37,,,1,90,,30450,37,,,1,98,,30451,37,,,1,94,,30452,37,,,1
1102,'Sunday',720,,30456,37,,,1,80,,30454,37,,,1,40,,30457,37,,,1,80,,30459,37,,,1,82,,30461,37,,,1,40,,30463,37,,,1,80,,30465,37,,,1,80,,30466,37,,,1,41,,30469,37,,,1,81,,30471,37,,,1,80,,30473,37,,,1,41,,30474,37,,,1,80,,30477,37,,,1,81,,30481,37,,,1,42,,30480,37,,,1,82,,30479,37,,,1,82,,30484,37,,,1,42,,30487,37,,,1,94,,30492,37,,,1,81,,30489,37,,,1,90,,30493,37,,,1,83,,30494,37,,,1,46,,30495,37,,,1,86,,30500,37,,,1,86,,30502,37,,,1
1102,'Weekday',340,,30571,6,0,9 12,1,175,,30570,6,0,9 12,1,35,,30572,6,,,1,57,,30575,37,,,1,10,,30585,6,0,9 12,1,10,,30573,37,,,1,16,,30574,37,,,1,10,,30586,6,0,9 12,1,49,,30579,37,,,1,28,,30580,37,,,1,21,,30584,37,,,1,64,,30578,37,,,1,25,,30583,37,,,1,68,,30567,37,,,1,28,,30555,37,,,1,68,,30556,37,,,1,34,,30545,37,,,1,77,,30544,37,,,1,31,,30546,37,,,1,64,,30532,6,0,9 12,1,10,,30535,37,,,1,25,,30564,37,,,1,69,,30568,37,,,1,19,,30536,6,0,9 12,1,13,,30534,37,,,1,76,,30543,37,,,1,12,,30588,6,0,9 12,1,18,,30533,37,,,1,54,,30528,6,0,9 12,1,14,,30542,37,,,1,30,,30524,37,,,1,66,,30563,37,,,1,28,,30525,37,,,1,71,,30540,37,,,1,29,,30512,37,,,1,70,,30561,37,,,1,28,,30551,37,,,1,63,,30513,37,,,1,28,,30506,37,,,1,24,,30510,37,,,1,65,,30529,37,,,1,28,,30516,37,,,1,54,,30515,37,,,1,34,,30539,37,,,1,68,,30505,37,,,1,42,,30511,37,,,1,88,,30521,37,,,1,70,,30504,37,,,1,41,,30531,37,,,1,89,,30520,37,,,1
51102,'Holiday1',533,,39520,16,,,1,75,,39519,16,,,1,27,,39515,16,,,1,15,,39521,16,,,1,65,,39522,16,,,1,30,,39523,16,,,1,84,,39497,16,,,1,83,,39498,16,,,1,38,,39499,16,,,1,82,,39501,16,,,1,83,,39502,16,,,1,42,,39503,16,,,1,80,,39500,16,,,1,79,,39505,16,,,1,42,,39506,16,,,1,81,,39507,16,,,1,79,,39508,16,,,1,40,,39509,16,,,1,80,,39516,16,,,1,82,,39510,16,,,1,39,,39517,16,,,1,77,,39518,16,,,1,82,,39504,16,,,1,41,,39511,16,,,1,81,,39512,16,,,1,70,,39513,16,,,1,42,,39514,16,,,1
51102,'Saturday',528,,39524,4,,,1,31,,39528,4,,,1,70,,39525,4,,,1,20,,39527,16,,,1,10,,39542,4,,,1,54,,39553,4,,,1,24,,39530,16,,,1,90,,39535,16,,,1,85,,39533,16,,,1,45,,39531,16,,,1,87,,39540,16,,,1,85,,39543,16,,,1,94,,39548,16,,,1,90,,39545,16,,,1,90,,39555,16,,,1,50,,39554,16,,,1,90,,39562,16,,,1,90,,39568,16,,,1,90,,39575,16,,,1,8,,39581,4,,,1,10,,39588,4,,,1,17,,39593,4,,,1,55,,39582,16,,,1,93,,39586,16,,,1,48,,39589,16,,,1,81,,39597,16,,,1
51102,'Sunday',533,,39654,16,,,1,75,,39653,16,,,1,27,,39649,16,,,1,15,,39655,16,,,1,65,,39656,16,,,1,30,,39657,16,,,1,84,,39631,16,,,1,83,,39632,16,,,1,38,,39633,16,,,1,82,,39635,16,,,1,83,,39636,16,,,1,42,,39637,16,,,1,80,,39634,16,,,1,79,,39638,16,,,1,42,,39639,16,,,1,81,,39640,16,,,1,79,,39642,16,,,1,40,,39643,16,,,1,80,,39650,16,,,1,82,,39644,16,,,1,39,,39651,16,,,1,77,,39652,16,,,1,82,,39641,16,,,1,41,,39645,16,,,1,81,,39646,16,,,1,70,,39647,16,,,1,42,,39648,16,,,1
51102,'Weekday',557,,39670,4,,,1,57,,39660,16,,,1,16,,39664,16,,,1,15,,39658,16,,,1,55,,39659,16,,,1,15,,39661,16,,,1,15,,39662,16,,,1,11,,39666,16,,,1,59,,39675,16,,,1,13,,39674,16,,,1,11,,39671,16,,,1,15,,39680,16,,,1,19,,39679,16,,,1,56,,39665,16,,,1,15,,39676,16,,,1,11,,39673,16,,,1,17,,39667,16,,,1,62,,39729,16,,,1,24,,39730,16,,,1,64,,39731,16,,,1,24,,39732,16,,,1,24,,39733,16,,,1,64,,39734,16,,,1,24,,39735,16,,,1,65,,39736,16,,,1,23,,39678,16,,,1,21,,39690,16,,,1,54,,39684,16,,,1,16,,39685,16,,,1,15,,39700,16,,,1,15,,39688,16,,,1,56,,39707,16,,,1,17,,39692,16,,,1,19,,39705,16,,,1,8,,39699,16,,,1,56,,39691,16,,,1,15,,39698,16,,,1,9,,39697,16,,,1,20,,39696,16,,,1,58,,39694,16,,,1,11,,39695,16,,,1,15,,39701,16,,,1,18,,39711,16,,,1,55,,39704,16,,,1,10,,39706,16,,,1,17,,39708,16,,,1,17,,39703,16,,,1,52,,39702,16,,,1,15,,39712,16,,,1,15,,39713,16,,,1,13,,39709,16,,,1,58,,39714,16,,,1,15,,39710,16,,,1,25,,39716,16,,,1,62,,39717,16,,,1,18,,39718,16,,,1,22,,39719,16,,,1,59,,39721,16,,,1,20,,39722,16,,,1,20,,39725,16,,,1,60,,39724,16,,,1,20,,39723,16,,,1,20,,39720,16,,,1,60,,39726,16,,,1,20,,39727,16,,,1,20,,39728,16,,,1,62,,39677,16,,,1
