'251222-MULTI-Holiday1-02',11504,64400,4,'',1,7500,4,'',1,3500,4,'',1,7500,4,'',1,7500,4,'',1,3600,4,'',1,7500,4,'',1,3500,4,'',1,7500,4,'',1,7600,4,'',1,3500,4,'',1,7500,4,'',1,3500,4,'',1,7500,4,'',1,3500,4,'',1,7500,4,'',1,7500,4,'',1,3500,4,'',1,7500,4,'',1,3500,4,'',1,7500,4,'',1,7500,4,'',1,3500,4,'',1,7500,4,'',1,3500,4,'',1,7500,4,'',1,3500,4,'',1,7500,4,'',1,7500,4,'',1,3500,4,'',1
'251222-MULTI-Holiday2-02',11504,54600,4,'',1,7500,4,'',1,3500,4,'',1,7400,4,'',1,7600,4,'',1,3500,4,'',1,7400,4,'',1,3500,4,'',1,7500,4,'',1,7500,4,'',1,3500,4,'',1,7500,4,'',1,3500,4,'',1,7700,4,'',1,3300,4,'',1,7800,4,'',1,7500,4,'',1,3800,4,'',1,7500,4,'',1,3800,4,'',1,7500,4,'',1,7800,4,'',1,3500,4,'',1,7700,4,'',1,3400,4,'',1,7600,4,'',1,7000,4,'',1,3600,4,'',1,7000,4,'',1,3500,4,'',1,6900,4,'',1,3500,4,'',1
'251222-MULTI-Saturday-01',11504,54600,4,'',1,7500,4,'',1,3500,4,'',1,7400,4,'',1,7600,4,'',1,3500,4,'',1,7400,4,'',1,3500,4,'',1,7500,4,'',1,7500,4,'',1,3500,4,'',1,7500,4,'',1,3500,4,'',1,7700,4,'',1,3300,4,'',1,7800,4,'',1,7500,4,'',1,3800,4,'',1,7500,4,'',1,3800,4,'',1,7500,4,'',1,7800,4,'',1,3500,4,'',1,7700,4,'',1,3400,4,'',1,7600,4,'',1,7000,4,'',1,3600,4,'',1,7000,4,'',1,3500,4,'',1,6900,4,'',1,3500,4,'',1
'251222-MULTI-Sunday-01',11504,64400,4,'',1,7500,4,'',1,3500,4,'',1,7500,4,'',1,7500,4,'',1,3600,4,'',1,7500,4,'',1,3500,4,'',1,7500,4,'',1,7600,4,'',1,3500,4,'',1,7500,4,'',1,3500,4,'',1,7500,4,'',1,3500,4,'',1,7500,4,'',1,7500,4,'',1,3500,4,'',1,7500,4,'',1,3500,4,'',1,7500,4,'',1,7500,4,'',1,3500,4,'',1,7500,4,'',1,3500,4,'',1,7500,4,'',1,3500,4,'',1,7500,4,'',1,7500,4,'',1,3500,4,'',1
'251222-MULTI-Weekday-01',11504,51700,4,'',1,2100,4,'',1,6900,4,'',1,2500,4,'',1,2200,4,'',1,7200,4,'',1,2700,4,'',1,6100,4,'',1,3200,4,'',1,6600,4,'',1,1900,4,'',1,7500,4,'',1,4500,4,'',1,7400,4,'',1,8400,4,'',1,1600,4,'',1,2200,4,'',1,8400,4,'',1,1900,4,'',1,6400,4,'',1,4300,4,'',1,6500,4,'',1,2400,4,'',1,8400,4,'',1,2800,4,'',1,6200,4,'',1,8400,4,'',1,2600,4,'',1,1700,4,'',1,8100,4,'',1,2400,4,'',1,5200,4,'',1,4100,4,'',1,7600,4,'',1,8000,4,'',1,3800,4,'',1,7600,4,'',1,3600,4,'',1,7600,4,'',1,7500,4,'',1
'251229-MULTI-Holiday1-02',11504,64400,4,'',1,7500,4,'',1,3500,4,'',1,7500,4,'',1,7500,4,'',1,3600,4,'',1,7500,4,'',1,3500,4,'',1,7500,4,'',1,7600,4,'',1,3500,4,'',1,7500,4,'',1,3500,4,'',1,7500,4,'',1,3500,4,'',1,7500,4,'',1,7500,4,'',1,3500,4,'',1,7500,4,'',1,3500,4,'',1,7500,4,'',1,7500,4,'',1,3500,4,'',1,7500,4,'',1,3500,4,'',1,7500,4,'',1,3500,4,'',1,7500,4,'',1,7500,4,'',1,3500,4,'',1
'251229-MULTI-Holiday3-04',11504,51700,4,'',1,2100,4,'',1,6900,4,'',1,2500,4,'',1,2200,4,'',1,7200,4,'',1,2700,4,'',1,6100,4,'',1,3200,4,'',1,6600,4,'',1,1900,4,'',1,7500,4,'',1,4500,4,'',1,7400,4,'',1,8400,4,'',1,1600,4,'',1,2200,4,'',1,8400,4,'',1,1900,4,'',1,6400,4,'',1,4300,4,'',1,6500,4,'',1,2400,4,'',1,8400,4,'',1,2800,4,'',1,6200,4,'',1,8400,4,'',1,2600,4,'',1,1700,4,'',1,8100,4,'',1,2400,4,'',1,5200,4,'',1,4100,4,'',1,7600,4,'',1,8000,4,'',1,3800,4,'',1,7600,4,'',1,3600,4,'',1,7600,4,'',1,7500,4,'',1
'251229-MULTI-Saturday-01',11504,54600,4,'',1,7500,4,'',1,3500,4,'',1,7400,4,'',1,7600,4,'',1,3500,4,'',1,7400,4,'',1,3500,4,'',1,7500,4,'',1,7500,4,'',1,3500,4,'',1,7500,4,'',1,3500,4,'',1,7700,4,'',1,3300,4,'',1,7800,4,'',1,7500,4,'',1,3800,4,'',1,7500,4,'',1,3800,4,'',1,7500,4,'',1,7800,4,'',1,3500,4,'',1,7700,4,'',1,3400,4,'',1,7600,4,'',1,7000,4,'',1,3600,4,'',1,7000,4,'',1,3500,4,'',1,6900,4,'',1,3500,4,'',1
'251229-MULTI-Sunday-01',11504,64400,4,'',1,7500,4,'',1,3500,4,'',1,7500,4,'',1,7500,4,'',1,3600,4,'',1,7500,4,'',1,3500,4,'',1,7500,4,'',1,7600,4,'',1,3500,4,'',1,7500,4,'',1,3500,4,'',1,7500,4,'',1,3500,4,'',1,7500,4,'',1,7500,4,'',1,3500,4,'',1,7500,4,'',1,3500,4,'',1,7500,4,'',1,7500,4,'',1,3500,4,'',1,7500,4,'',1,3500,4,'',1,7500,4,'',1,3500,4,'',1,7500,4,'',1,7500,4,'',1,3500,4,'',1
'251229-MULTI-Weekday-01',11504,51700,4,'',1,2100,4,'',1,6900,4,'',1,2500,4,'',1,2200,4,'',1,7200,4,'',1,2700,4,'',1,6100,4,'',1,3200,4,'',1,6600,4,'',1,1900,4,'',1,7500,4,'',1,4500,4,'',1,7400,4,'',1,8400,4,'',1,1600,4,'',1,2200,4,'',1,8400,4,'',1,1900,4,'',1,6400,4,'',1,4300,4,'',1,6500,4,'',1,2400,4,'',1,8400,4,'',1,2800,4,'',1,6200,4,'',1,8400,4,'',1,2600,4,'',1,1700,4,'',1,8100,4,'',1,2400,4,'',1,5200,4,'',1,4100,4,'',1,7600,4,'',1,8000,4,'',1,3800,4,'',1,7600,4,'',1,3600,4,'',1,7600,4,'',1,7500,4,'',1
