'250901-MULTI-Holiday1-01',403,74000,0,'A',1,1500,,'',1,5500,0,'A',1,1500,,'',1,1500,0,'A',1,1600,,'',1,5500,0,'A',1,1500,,'',1,1500,0,'A',1,1500,,'',1,5500,0,'A',1,1600,,'',1,1300,0,'A',1,1600,,'',1,5400,0,'A',1,1600,,'',1,1400,0,'A',1,1700,,'',1,5400,0,'A',1,1700,,'',1,1500,0,'A',1,1600,,'',1,5400,0,'A',1,1600,,'',1,1400,0,'A',1,1600,,'',1,5400,0,'A',1,1600,,'',1,1500,0,'A',1,5600,,'',1,1400,0,'A',1,1700,,'',1,1400,0,'A',1,5600,,'',1,1400,0,'A',1,1600,,'',1,1400,0,'A',1,5800,,'',1,1400,0,'A',1,1600,,'',1,1500,0,'A',1,5600,,'',1,1400,0,'A',1,1600,,'',1,1500,0,'A',1,5500,,'',1,1400,0,'A',1,1600,,'',1,1400,0,'A',1,5600,,'',1,1400,0,'A',1,1600,,'',1,1300,0,'A',1,5600,,'',1,1200,0,'A',1,1500,,'',1,1200,0,'A',1,1600,,'',1,5400,0,'A',1,1600,,'',1,1400,0,'A',1,1600,,'',1,5400,0,'A',1,1400,,'',1,1600,0,'A',1,1400,,'',1,5600,0,'A',1,1400,,'',1,1600,0,'A',1,1400,,'',1,5600,0,'A',1,1400,,'',1
'250901-MULTI-Holiday2-01',403,74000,0,'C',1,7000,0,'C',1,3000,0,'C',1,7100,0,'C',1,3000,0,'C',1,7100,0,'C',1,2900,0,'C',1,7000,0,'C',1,3000,0,'C',1,7100,0,'C',1,3200,0,'C',1,7000,0,'C',1,3000,0,'C',1,7000,0,'C',1,3100,0,'C',1,7000,0,'C',1,3100,0,'C',1,7000,0,'C',1,3000,0,'C',1,7200,0,'C',1,3300,0,'C',1,7000,0,'C',1,2900,0,'C',1,6900,0,'C',1,3000,0,'C',1,7000,0,'C',1,2900,0,'C',1,7000,0,'C',1,2500,0,'C',1,7000,0,'C',1,3000,0,'C',1,6800,0,'C',1,3100,0,'C',1,6900,0,'C',1,3000,0,'C',1,7000,0,'C',1
'250901-MULTI-Saturday-01',403,54600,0,'C',1,15400,0,'C',1,2400,0,'C',1,2400,0,'C',1,6600,0,'C',1,2500,0,'C',1,6400,0,'C',1,2400,0,'C',1,2600,0,'C',1,6300,0,'C',1,2300,0,'C',1,6400,0,'C',1,2500,0,'C',1,2500,0,'C',1,6500,0,'C',1,2400,0,'C',1,6400,0,'C',1,2500,0,'C',1,2400,0,'C',1,6400,0,'C',1,2400,0,'C',1,6400,0,'C',1,2500,0,'C',1,2100,0,'C',1,6100,0,'C',1,2600,0,'C',1,6500,0,'C',1,2400,0,'C',1,2500,0,'C',1,6500,0,'C',1,2400,0,'C',1,6300,0,'C',1,2400,0,'C',1,1200,0,'C',1,7000,0,'C',1,2600,0,'C',1,6900,0,'C',1,2900,0,'C',1,6900,0,'C',1,2900,0,'C',1,7000,0,'C',1,2900,0,'C',1,7000,0,'C',1,2900,0,'C',1,7400,0,'C',1
'250901-MULTI-Sunday-01',403,74000,0,'C',1,7000,0,'C',1,3000,0,'C',1,7100,0,'C',1,3000,0,'C',1,7100,0,'C',1,2900,0,'C',1,7000,0,'C',1,3000,0,'C',1,7100,0,'C',1,3200,0,'C',1,7000,0,'C',1,3000,0,'C',1,7000,0,'C',1,3100,0,'C',1,7000,0,'C',1,3100,0,'C',1,7000,0,'C',1,3000,0,'C',1,7200,0,'C',1,3300,0,'C',1,7000,0,'C',1,2900,0,'C',1,6900,0,'C',1,3000,0,'C',1,7000,0,'C',1,2900,0,'C',1,7000,0,'C',1,2500,0,'C',1,7000,0,'C',1,3000,0,'C',1,6800,0,'C',1,3100,0,'C',1,6900,0,'C',1,3000,0,'C',1,7000,0,'C',1
'250901-MULTI-Weekday-01',403,55800,0,'C',1,6000,0,'C',1,2100,0,'C',1,2000,0,'C',1,6200,0,'C',1,2200,0,'C',1,6000,0,'C',1,2100,0,'C',1,2000,0,'C',1,6000,0,'C',1,1800,0,'C',1,1800,0,'C',1,6000,0,'C',1,1900,0,'C',1,1900,0,'C',1,2000,0,'C',1,6000,0,'C',1,2000,0,'C',1,2000,0,'C',1,6100,0,'C',1,2100,0,'C',1,6000,0,'C',1,2000,0,'C',1,2000,0,'C',1,6000,0,'C',1,2100,0,'C',1,2000,0,'C',1,6000,0,'C',1,2200,0,'C',1,2300,0,'C',1,6000,0,'C',1,1900,0,'C',1,2000,0,'C',1,6000,0,'C',1,2000,0,'C',1,2100,0,'C',1,6200,0,'C',1,2000,0,'C',1,2000,0,'C',1,6000,0,'C',1,2000,0,'C',1,1900,0,'C',1,6000,0,'C',1,1900,0,'C',1,2100,0,'C',1,6200,0,'C',1,2500,0,'C',1,2200,0,'C',1,6300,0,'C',1,2400,0,'C',1,6300,0,'C',1,2400,0,'C',1,2400,0,'C',1,6400,0,'C',1,2400,0,'C',1,6400,0,'C',1,2400,0,'C',1,2400,0,'C',1
'250901-MULTI-Holiday1-01',502,65500,,'',1,16300,,'',1,3000,,'',1,7000,,'',1,3000,,'',1,7300,,'',1,3200,,'',1,7000,,'',1,3100,,'',1,7000,,'',1,3000,,'',1,7100,,'',1,3100,,'',1,7000,,'',1,3200,,'',1,7100,,'',1,3000,,'',1,7000,,'',1,3000,,'',1,7000,,'',1,3000,,'',1,7000,,'',1,3000,,'',1,6900,,'',1,2900,,'',1,6900,,'',1,2900,,'',1,6900,,'',1,2900,,'',1,6900,,'',1,2900,,'',1,6900,,'',1,3000,,'',1,7000,,'',1,2900,,'',1,6900,,'',1
'250901-MULTI-Holiday2-01',502,65500,,'',1,16300,,'',1,3000,,'',1,7000,,'',1,3000,,'',1,7300,,'',1,3200,,'',1,7000,,'',1,3100,,'',1,7000,,'',1,3000,,'',1,7100,,'',1,3100,,'',1,7000,,'',1,3200,,'',1,7100,,'',1,3000,,'',1,7000,,'',1,3000,,'',1,7000,,'',1,3000,,'',1,7000,,'',1,3000,,'',1,6900,,'',1,2900,,'',1,6900,,'',1,2900,,'',1,6900,,'',1,2900,,'',1,6900,,'',1,2900,,'',1,6900,,'',1,3000,,'',1,7000,,'',1,2900,,'',1,6900,,'',1
'250901-MULTI-Saturday-01',502,55500,,'',1,8500,,'',1,8800,,'',1,1600,,'',1,7200,,'',1,3100,,'',1,7000,,'',1,3000,,'',1,7100,,'',1,2900,,'',1,7300,,'',1,3200,,'',1,7100,,'',1,3100,,'',1,7000,,'',1,3000,,'',1,7000,,'',1,3100,,'',1,7000,,'',1,3000,,'',1,7000,,'',1,3100,,'',1,7200,,'',1,3000,,'',1,6900,,'',1,3000,,'',1,6700,,'',1,3000,,'',1,6800,,'',1,2900,,'',1,6800,,'',1,3100,,'',1,6800,,'',1,2800,,'',1,6900,,'',1,2800,,'',1,7000,,'',1,2900,,'',1,7000,,'',1,3000,,'',1
'250901-MULTI-Sunday-01',502,65500,,'',1,16300,,'',1,3000,,'',1,7000,,'',1,3000,,'',1,7300,,'',1,3200,,'',1,7000,,'',1,3100,,'',1,7000,,'',1,3000,,'',1,7100,,'',1,3100,,'',1,7000,,'',1,3200,,'',1,7100,,'',1,3000,,'',1,7000,,'',1,3000,,'',1,7000,,'',1,3000,,'',1,7000,,'',1,3000,,'',1,6900,,'',1,2900,,'',1,6900,,'',1,2900,,'',1,6900,,'',1,2900,,'',1,6900,,'',1,2900,,'',1,6900,,'',1,3000,,'',1,7000,,'',1,2900,,'',1,6900,,'',1
'250901-MULTI-Weekday-01',502,54500,,'',1,6500,,'',1,1900,,'',1,1800,,'',1,5500,,'',1,1500,,'',1,1500,,'',1,1400,,'',1,5500,,'',1,1400,0,'A',1,1500,,'',1,1400,0,'A',1,1500,,'',1,5300,0,'A',1,1400,,'',1,1300,0,'A',1,1400,,'',1,6500,0,'A',1,2100,,'',1,1900,0,'A',1,6100,,'',1,2000,0,'A',1,2000,,'',1,6000,0,'A',1,2100,,'',1,6000,0,'A',1,2100,,'',1,2100,0,'A',1,6100,,'',1,2000,0,'A',1,2200,,'',1,5900,0,'A',1,1900,,'',1,1200,0,'A',1,1600,,'',1,5200,0,'A',1,1500,,'',1,1200,0,'A',1,1300,,'',1,1400,0,'A',1,5400,,'',1,1300,0,'A',1,1600,,'',1,1000,0,'A',1,5600,,'',1,1100,0,'A',1,1300,,'',1,1000,0,'A',1,1500,,'',1,5000,0,'A',1,1100,,'',1,1300,0,'A',1,1100,,'',1,1300,0,'A',1,5000,,'',1,2100,0,'A',1,1000,,'',1,1800,,'',1,6000,,'',1,2700,,'',1,7600,,'',1,3600,,'',1,6300,,'',1,600,,'',1,1900,,'',1,500,,'',1,6600,,'',1,1700,,'',1,2500,,'',1,6900,,'',1,2500,,'',1,7100,,'',1
'250901-MULTI-Holiday1-01',902,84600,,'',1,10600,,'',1,10600,,'',1,14400,,'',1,10700,,'',1,10600,,'',1,10600,,'',1,10600,,'',1,10500,,'',1,10600,,'',1,10200,,'',1
'250901-MULTI-Holiday2-01',902,84700,,'',1,10500,,'',1,10700,,'',1,14500,,'',1,10500,,'',1,10500,,'',1,10800,,'',1,10500,,'',1,10700,,'',1,10600,,'',1,10700,,'',1
'250901-MULTI-Saturday-01',902,81300,,'',1,9000,,'',1,5400,,'',1,9000,,'',1,9000,,'',1,9000,,'',1,9000,,'',1,9000,,'',1,5000,,'',1,9200,,'',1,9200,,'',1,9000,,'',1,8800,,'',1,8700,,'',1,5000,,'',1
'250901-MULTI-Sunday-01',902,84700,,'',1,10500,,'',1,10700,,'',1,14500,,'',1,10500,,'',1,10500,,'',1,10800,,'',1,10500,,'',1,10700,,'',1,10600,,'',1,10700,,'',1
'250901-MULTI-Weekday-01',902,65700,,'',1,8000,,'',1,7500,,'',1,4500,,'',1,9000,,'',1,7800,,'',1,8500,,'',1,4500,,'',1,8500,,'',1,8800,,'',1,2900,,'',1,7500,,'',1,7500,,'',1,1200,,'',1,2700,,'',1,7500,,'',1,3500,,'',1,7500,,'',1,7500,,'',1,3600,,'',1,7700,,'',1,8200,,'',1,4700,,'',1,8600,,'',1,11700,,'',1
'250901-MULTI-Weekday-01',21501,151300,,'',1
