5803,'Weekday',615,,24126,,,1,90,,24127,,,1,50,,24128,,,1,90,,24125,,,1,90,,24129,,,1,565,,24131,,,1,50,,24132,,,1,90,,24130,,,1,90,,24133,,,1,90,,24134,,,1,90,,24135,,,1
5804,'Weekday',705,,24138,4,,1,50,,24139,4,,1,90,,24136,4,,1,90,,24140,4,,1,90,,24137,4,,1,525,,24141,4,,1,90,,24142,4,,1,90,,24143,4,,1,90,,24144,4,,1,90,,24145,4,,1,90,,24146,4,,1
6003,'Holiday1',821,,24150,,,1,104,,24148,,,1,105,,24151,,,1,105,,24147,,,1,105,,24153,,,1,105,,24154,,,1,105,,24155,,,1,105,,24152,,,1,145,,24156,,,1,104,,24157,,,1,106,,24158,,,1,104,,24149,,,1
6003,'Saturday',736,,24181,,,1,70,,24159,,,1,36,,24173,,,1,73,,24174,,,1,35,,24175,,,1,75,,24176,,,1,75,,24177,,,1,35,,24178,,,1,75,,24179,,,1,35,,24180,,,1,75,,24164,,,1,35,,24161,,,1,75,,24165,,,1,75,,24162,,,1,35,,24160,,,1,75,,24163,,,1,35,,24166,,,1,75,,24167,,,1,75,,24170,,,1,35,,24172,,,1,75,,24169,,,1,35,,24168,,,1,75,,24171,,,1
6003,'Sunday',821,,24185,,,1,104,,24183,,,1,105,,24186,,,1,105,,24182,,,1,105,,24188,,,1,105,,24189,,,1,105,,24190,,,1,105,,24187,,,1,145,,24191,,,1,104,,24192,,,1,106,,24193,,,1,104,,24184,,,1
6003,'Weekday',524,,24195,,,1,21,,24196,,,1,65,,24197,,,1,25,,24198,,,1,67,,24199,,,1,31,,24200,,,1,67,,24201,,,1,26,,24202,,,1,26,,24203,,,1,66,,24204,,,1,26,,24205,,,1,66,,24206,,,1,26,,24208,,,1,69,,24209,,,1,29,,24210,,,1,66,,24207,,,1,26,,24211,,,1,26,,24212,,,1,66,,24213,,,1,26,,24214,,,1,66,,24215,,,1,29,,24216,,,1,71,,24217,,,1,24,,24218,,,1,22,,24220,,,1,67,,24222,,,1,23,,24223,,,1,66,,24219,,,1,26,,24224,,,1,66,,24221,,,1,28,,24225,,,1,73,,24226,,,1,45,,24227,,,1,80,,24228,,,1,80,,24229,,,1,40,,24230,,,1,80,,24231,,,1,80,,24232,,,1,40,,24233,,,1,80,,24234,,,1
6004,'Holiday1',819,,24235,4,,1,105,,24236,4,,1,105,,24237,4,,1,105,,24238,4,,1,105,,24239,4,,1,105,,24240,4,,1,106,,24243,4,,1,104,,24244,4,,1,104,,24245,4,,1,145,,24241,4,,1,104,,24242,4,,1,105,,24246,4,,1
6004,'Saturday',734,,24269,4,,1,70,,24247,4,,1,36,,24261,4,,1,72,,24262,4,,1,36,,24259,4,,1,74,,24263,4,,1,35,,24260,4,,1,76,,24265,4,,1,75,,24266,4,,1,35,,24267,4,,1,75,,24264,4,,1,35,,24268,4,,1,75,,24258,4,,1,75,,24257,4,,1,35,,24248,4,,1,74,,24255,4,,1,36,,24254,4,,1,75,,24253,4,,1,34,,24252,4,,1,75,,24251,4,,1,75,,24250,4,,1,35,,24249,4,,1,75,,24256,4,,1
6004,'Sunday',819,,24270,4,,1,105,,24271,4,,1,105,,24272,4,,1,105,,24273,4,,1,105,,24274,4,,1,105,,24275,4,,1,106,,24278,4,,1,104,,24279,4,,1,104,,24280,4,,1,145,,24276,4,,1,104,,24277,4,,1,105,,24281,4,,1
6004,'Weekday',608,,24282,4,,1,26,,24283,4,,1,66,,24287,4,,1,30,,24288,4,,1,26,,24289,4,,1,66,,24290,4,,1,27,,24291,4,,1,66,,24292,4,,1,25,,24293,4,,1,66,,24294,4,,1,26,,24295,4,,1,26,,24296,4,,1,65,,24297,4,,1,26,,24298,4,,1,69,,24299,4,,1,29,,24300,4,,1,67,,24301,4,,1,26,,24303,4,,1,66,,24302,4,,1,28,,24304,4,,1,74,,24305,4,,1,25,,24306,4,,1,21,,24307,4,,1,67,,24308,4,,1,24,,24309,4,,1,65,,24310,4,,1,26,,24286,4,,1,23,,24284,4,,1,66,,24285,4,,1,28,,24311,4,,1,65,,24312,4,,1,26,,24313,4,,1,75,,24314,4,,1,86,,24315,4,,1,40,,24317,4,,1,80,,24318,4,,1,80,,24319,4,,1,40,,24316,4,,1,80,,24320,4,,1
