603,'Holiday1',917,,28893,44,,,1,85,,28892,44,,,1,46,,28895,44,,,1,85,,28896,44,,,1,85,,28897,44,,,1,85,,28898,44,,,1,48,,28899,44,,,1,86,,28894,44,,,1,85,,28900,44,,,1,85,,28901,44,,,1,45,,28902,44,,,1,85,,28903,44,,,1,84,,28904,44,,,1,85,,28905,44,,,1,44,,28906,44,,,1
603,'Saturday',804,,28922,44,,,1,45,,28908,44,,,1,85,,28909,44,,,1,84,,28910,44,,,1,85,,28911,44,,,1,45,,28907,44,,,1,87,,28913,44,,,1,85,,28912,44,,,1,86,,28915,44,,,1,46,,28916,44,,,1,86,,28914,44,,,1,85,,28917,44,,,1,85,,28918,44,,,1,45,,28919,44,,,1,85,,28920,44,,,1,85,,28921,44,,,1
603,'Sunday',917,,28924,44,,,1,85,,28923,44,,,1,46,,28926,44,,,1,85,,28927,44,,,1,85,,28928,44,,,1,85,,28929,44,,,1,48,,28930,44,,,1,86,,28925,44,,,1,85,,28931,44,,,1,85,,28932,44,,,1,45,,28933,44,,,1,85,,28934,44,,,1,84,,28935,44,,,1,85,,28936,44,,,1,44,,28937,44,,,1
603,'Weekday',640,,28938,44,,,1,19,,28940,44,,,1,61,,28944,44,,,1,20,,28945,44,,,1,19,,28941,44,,,1,61,,28946,44,,,1,22,,28943,44,,,1,17,,28948,44,,,1,60,,28942,44,,,1,20,,28947,44,,,1,63,,28939,44,,,1,30,,28962,44,,,1,22,,28960,44,,,1,59,,28953,44,,,1,21,,28956,44,,,1,66,,28958,44,,,1,22,,28954,44,,,1,20,,28951,44,,,1,64,,28957,44,,,1,24,,28949,44,,,1,22,,28955,44,,,1,61,,28952,44,,,1,25,,28961,44,,,1,65,,28950,44,,,1,27,,28959,44,,,1,25,,28964,44,,,1,60,,28965,44,,,1,21,,28963,44,,,1,20,,28966,44,,,1,60,,28967,44,,,1,20,,28968,44,,,1,20,,28969,44,,,1,60,,28970,44,,,1,20,,28972,44,,,1,19,,28973,44,,,1,60,,28974,44,,,1,14,,28971,44,,,1,20,,28975,44,,,1,60,,28979,44,,,1,21,,28976,44,,,1,22,,28977,44,,,1,65,,28978,44,,,1,25,,28980,44,,,1,62,,28981,44,,,1,27,,28982,44,,,1,27,,28983,44,,,1,72,,28984,44,,,1,70,,28985,44,,,1
2302,'Holiday1',836,,33054,96,,,1,69,,33028,96,,,1,26,,33031,96,,,1,25,,33032,96,,,1,69,,33033,96,,,1,28,,33030,96,,,1,68,,33034,96,,,1,28,,33035,96,,,1,71,,33029,96,,,1,25,,33037,96,,,1,71,,33039,96,,,1,28,,33036,96,,,1,66,,33040,96,,,1,28,,33038,96,,,1,71,,33042,96,,,1,29,,33043,96,,,1,68,,33045,96,,,1,29,,33041,96,,,1,68,,33046,96,,,1,30,,33059,96,,,1,70,,33048,96,,,1,31,,33049,96,,,1,66,,33050,96,,,1,27,,33047,96,,,1,28,,33051,96,,,1,69,,33052,96,,,1,25,,33053,96,,,1,67,,33044,96,,,1,25,,33057,96,,,1,67,,33058,96,,,1,28,,33055,96,,,1,67,,33056,96,,,1
2302,'Saturday',622,,33060,96,,,1,30,,33062,96,,,1,70,,33082,96,,,1,32,,33081,96,,,1,80,,33085,96,,,1,72,,33084,96,,,1,26,,33088,96,,,1,68,,33089,96,,,1,24,,33086,96,,,1,28,,33087,96,,,1,69,,33090,96,,,1,28,,33093,96,,,1,68,,33094,96,,,1,27,,33091,96,,,1,71,,33092,96,,,1,28,,33083,96,,,1,68,,33072,96,,,1,29,,33075,96,,,1,66,,33076,96,,,1,28,,33077,96,,,1,70,,33074,96,,,1,30,,33073,96,,,1,70,,33079,96,,,1,30,,33080,96,,,1,68,,33078,96,,,1,29,,33064,96,,,1,27,,33065,96,,,1,67,,33061,96,,,1,30,,33071,96,,,1,72,,33063,96,,,1,30,,33067,96,,,1,69,,33069,96,,,1,29,,33066,96,,,1,68,,33068,96,,,1,29,,33070,96,,,1,70,,33098,96,,,1,30,,33097,96,,,1,70,,33096,96,,,1,30,,33095,96,,,1
2302,'Sunday',836,,33125,96,,,1,69,,33099,96,,,1,26,,33102,96,,,1,25,,33103,96,,,1,69,,33104,96,,,1,28,,33101,96,,,1,68,,33105,96,,,1,28,,33106,96,,,1,71,,33100,96,,,1,25,,33108,96,,,1,71,,33110,96,,,1,28,,33107,96,,,1,66,,33111,96,,,1,28,,33109,96,,,1,71,,33113,96,,,1,29,,33114,96,,,1,68,,33115,96,,,1,29,,33112,96,,,1,68,,33116,96,,,1,30,,33130,96,,,1,70,,33119,96,,,1,31,,33120,96,,,1,66,,33121,96,,,1,27,,33117,96,,,1,28,,33122,96,,,1,69,,33123,96,,,1,25,,33124,96,,,1,67,,33118,96,,,1,25,,33128,96,,,1,67,,33129,96,,,1,28,,33126,96,,,1,67,,33127,96,,,1
2302,'Weekday',545,,33131,96,,,1,56,,33141,96,,,1,17,,33142,96,,,1,13,,33140,96,,,1,16,,33144,96,,,1,56,,33146,96,,,1,15,,33147,96,,,1,15,,33148,96,,,1,15,,33145,96,,,1,56,,33149,96,,,1,15,,33143,96,,,1,15,,33150,96,,,1,16,,33151,96,,,1,60,,33152,96,,,1,17,,33153,96,,,1,17,,33137,96,,,1,59,,33134,96,,,1,24,,33136,96,,,1,29,,33154,96,,,1,72,,33155,96,,,1,31,,33156,96,,,1,70,,33157,96,,,1,30,,33158,96,,,1,70,,33159,96,,,1,72,,33160,96,,,1,31,,33161,96,,,1,70,,33139,96,,,1,23,,33185,96,,,1,20,,33182,96,,,1,61,,33184,96,,,1,14,,33181,96,,,1,16,,33183,96,,,1,17,,33180,96,,,1,57,,33162,96,,,1,15,,33163,96,,,1,15,,33164,96,,,1,13,,33165,96,,,1,55,,33166,96,,,1,15,,33167,96,,,1,15,,33168,96,,,1,15,,33169,96,,,1,55,,33170,96,,,1,14,,33171,96,,,1,14,,33132,96,,,1,15,,33138,96,,,1,53,,33135,96,,,1,15,,33133,96,,,1,34,,33172,96,,,1,73,,33173,96,,,1,33,,33174,96,,,1,67,,33175,96,,,1,75,,33176,96,,,1,33,,33177,96,,,1,74,,33178,96,,,1,34,,33179,96,,,1
2604,'Holiday1',727,,33489,24,,,1,100,,33492,24,,,1,100,,33494,24,,,1,100,,33490,24,,,1,100,,33491,24,,,1,100,,33495,24,,,1,100,,33493,24,,,1,100,,33497,24,,,1,100,,33498,24,,,1,100,,33496,24,,,1,100,,33499,24,,,1,100,,33500,24,,,1,99,,33501,24,,,1,100,,33502,24,,,1
2604,'Saturday',727,,33503,24,,,1,30,,33504,24,,,1,70,,33508,24,,,1,30,,33510,24,,,1,70,,33507,24,,,1,30,,33511,24,,,1,70,,33509,24,,,1,30,,33512,24,,,1,70,,33513,24,,,1,30,,33514,24,,,1,70,,33515,24,,,1,30,,33516,24,,,1,70,,33517,24,,,1,30,,33518,24,,,1,70,,33532,24,,,1,30,,33520,24,,,1,70,,33521,24,,,1,30,,33522,24,,,1,70,,33519,24,,,1,30,,33523,24,,,1,70,,33524,24,,,1,30,,33525,24,,,1,70,,33526,24,,,1,30,,33527,24,,,1,69,,33528,24,,,1,30,,33529,24,,,1,70,,33530,24,,,1,30,,33531,24,,,1,70,,33505,24,,,1,30,,33506,24,,,1
2604,'Sunday',727,,33533,24,,,1,100,,33536,24,,,1,100,,33538,24,,,1,100,,33534,24,,,1,100,,33535,24,,,1,100,,33539,24,,,1,100,,33537,24,,,1,100,,33541,24,,,1,100,,33542,24,,,1,100,,33540,24,,,1,100,,33543,24,,,1,100,,33544,24,,,1,99,,33545,24,,,1,100,,33546,24,,,1
2604,'Weekday',507,,33547,24,,,1,22,,33548,24,,,1,22,,33549,24,,,1,58,,33551,24,,,1,19,,33553,24,,,1,29,,33554,24,,,1,62,,33550,24,,,1,20,,33555,24,,,1,17,,33552,24,,,1,72,,33556,24,,,1,21,,33557,24,,,1,63,,33558,24,,,1,22,,33559,24,,,1,22,,33560,24,,,1,60,,33561,24,,,1,21,,33562,24,,,1,22,,33563,24,,,1,62,,33564,24,,,1,22,,33565,24,,,1,62,,33566,24,,,1,22,,33567,24,,,1,22,,33568,24,,,1,62,,33569,24,,,1,22,,33570,24,,,1,22,,33571,24,,,1,62,,33572,24,,,1,22,,33573,24,,,1,62,,33574,24,,,1,25,,33575,24,,,1,22,,33576,24,,,1,62,,33577,24,,,1,22,,33578,24,,,1,22,,33579,24,,,1,65,,33580,24,,,1,19,,33581,24,,,1,62,,33582,24,,,1,25,,33583,24,,,1,18,,33584,24,,,1,61,,33586,24,,,1,22,,33588,24,,,1,28,,33589,24,,,1,58,,33585,24,,,1,20,,33590,24,,,1,22,,33587,24,,,1,62,,33591,24,,,1,22,,33592,24,,,1,62,,33593,24,,,1,22,,33594,24,,,1,22,,33595,24,,,1,62,,33596,24,,,1,21,,33597,24,,,1,22,,33598,24,,,1,62,,33599,24,,,1,22,,33600,24,,,1,22,,33601,24,,,1
2704,'Saturday',821,,33647,16,,,1,35,,33648,16,,,1,75,,33649,16,,,1,75,,33650,16,,,1,35,,33652,16,,,1,75,,33646,16,,,1,35,,33651,16,,,1,75,,33653,16,,,1,75,,33655,16,,,1,35,,33656,16,,,1,75,,33657,16,,,1,35,,33658,16,,,1,75,,33659,16,,,1,35,,33660,16,,,1,75,,33654,16,,,1,75,,33661,16,,,1,35,,33662,16,,,1,75,,33663,16,,,1
2704,'Weekday',607,,33666,16,,,1,33,,33664,16,,,1,75,,33667,16,,,1,36,,33665,16,,,1,76,,33668,16,,,1,75,,33669,16,,,1,34,,33670,16,,,1,72,,33672,16,,,1,32,,33673,16,,,1,73,,33674,16,,,1,33,,33671,16,,,1,73,,33675,16,,,1,33,,33676,16,,,1,75,,33678,16,,,1,74,,33679,16,,,1,35,,33680,16,,,1,76,,33677,16,,,1,36,,33681,16,,,1,76,,33683,16,,,1,76,,33686,16,,,1,37,,33687,16,,,1,75,,33684,16,,,1,35,,33689,16,,,1,76,,33685,16,,,1,34,,33688,16,,,1,73,,33682,16,,,1
2802,'Holiday1',557,,33843,38,0,5,1,65,,33833,34,,,1,25,,33830,38,0,5,1,65,,33840,34,,,1,25,,33835,38,0,5,1,65,,33829,34,,,1,25,,33842,38,0,5,1,25,,33832,34,,,1,65,,33831,38,0,5,1,25,,33837,34,,,1,65,,33836,38,0,5,1,25,,33834,34,,,1,25,,33841,38,0,5,1,65,,33839,34,,,1,25,,33845,38,0,5,1,65,,33838,34,,,1,25,,33846,38,0,5,1,65,,33844,34,,,1,25,,33847,38,0,5,1,25,,33848,34,,,1,65,,33849,38,0,5,1,25,,33850,34,,,1,65,,33851,38,0,5,1,25,,33853,34,,,1,25,,33852,38,0,5,1,65,,33854,34,,,1,25,,33855,38,0,5,1,65,,33856,34,,,1,25,,33857,38,0,5,1,65,,33858,34,,,1,25,,33859,38,0,5,1,25,,33860,34,,,1,65,,33861,38,0,5,1
2802,'Saturday',557,,33864,38,0,5,1,65,,33879,34,,,1,25,,33865,38,0,5,1,65,,33880,34,,,1,25,,33862,38,0,5,1,65,,33883,34,,,1,25,,33863,38,0,5,1,25,,33884,34,,,1,65,,33866,38,0,5,1,25,,33885,34,,,1,65,,33868,38,0,5,1,25,,33881,34,,,1,25,,33869,38,0,5,1,65,,33882,34,,,1,25,,33870,38,0,5,1,65,,33886,34,,,1,25,,33867,38,0,5,1,65,,33888,34,,,1,25,,33871,38,0,5,1,25,,33889,34,,,1,65,,33872,38,0,5,1,25,,33890,34,,,1,65,,33873,38,0,5,1,25,,33887,34,,,1,25,,33875,38,0,5,1,65,,33891,34,,,1,25,,33876,38,0,5,1,65,,33892,34,,,1,25,,33877,38,0,5,1,65,,33893,34,,,1,25,,33874,38,0,5,1,25,,33894,34,,,1,65,,33878,38,0,5,1
2802,'Sunday',557,,33909,38,0,5,1,65,,33899,34,,,1,25,,33896,38,0,5,1,65,,33905,34,,,1,25,,33901,38,0,5,1,65,,33895,34,,,1,25,,33908,38,0,5,1,25,,33898,34,,,1,65,,33897,38,0,5,1,25,,33903,34,,,1,65,,33902,38,0,5,1,25,,33900,34,,,1,25,,33907,38,0,5,1,65,,33904,34,,,1,25,,33911,38,0,5,1,65,,33906,34,,,1,25,,33912,38,0,5,1,65,,33910,34,,,1,25,,33913,38,0,5,1,25,,33914,34,,,1,65,,33915,38,0,5,1,25,,33916,34,,,1,65,,33917,38,0,5,1,25,,33919,34,,,1,25,,33918,38,0,5,1,65,,33920,34,,,1,25,,33921,38,0,5,1,65,,33922,34,,,1,25,,33923,38,0,5,1,65,,33924,34,,,1,25,,33925,38,0,5,1,25,,33926,34,,,1,65,,33927,38,0,5,1
2802,'Weekday',535,,33968,34,,,1,18,,33928,38,0,5,1,54,,33948,34,,,1,22,,33931,38,0,5,1,28,,33949,34,,,1,62,,33929,38,0,5,1,18,,33950,34,,,1,19,,33930,38,0,5,1,63,,33951,34,,,1,20,,33932,38,0,5,1,20,,33952,34,,,1,60,,33933,38,0,5,1,20,,33953,34,,,1,20,,33934,38,0,5,1,63,,33954,34,,,1,17,,33935,38,0,5,1,20,,33955,34,,,1,59,,33936,38,0,5,1,21,,33956,34,,,1,20,,33937,38,0,5,1,59,,33957,34,,,1,21,,33938,38,0,5,1,20,,33958,34,,,1,59,,33939,38,0,5,1,21,,33959,34,,,1,20,,33940,38,0,5,1,60,,33960,34,,,1,20,,33941,38,0,5,1,20,,33961,34,,,1,60,,33942,38,0,5,1,20,,33962,34,,,1,20,,33943,38,0,5,1,60,,33963,34,,,1,20,,33944,38,0,5,1,19,,33964,34,,,1,61,,33945,38,0,5,1,20,,33965,34,,,1,68,,33946,38,0,5,1,12,,33966,34,,,1,20,,33947,38,0,5,1,20,,33967,34,,,1
