502,'Holiday1',634,5,28768,1,,,1,107,5,28772,36,,,1,72,5,28770,36,,,1,32,5,28771,36,,,1,76,5,28769,36,,,1,34,5,28767,36,,,1,72,5,28766,36,,,1,30,5,28763,36,,,1,74,5,28765,36,,,1,23,5,28764,36,,,1,67,5,28762,36,,,1,32,5,28761,36,,,1,72,5,28759,36,,,1,78,45,28760,36,,,1,29,5,28758,36,,,1,73,5,28757,36,,,1,23,5,28750,36,,,1,77,5,28755,36,,,1,30,5,28756,36,,,1,67,45,28754,36,,,1,43,5,28751,36,,,1,62,5,28752,36,,,1,31,5,28753,36,,,1,64,45,28749,36,,,1,36,5,28748,36,,,1,83,5,28777,36,,,1,89,5,28778,36,,,1,49,5,28775,36,,,1,89,5,28774,36,,,1,90,5,28773,36,,,1,88,5,28776,36,,,1
502,'Saturday',536,,28782,1,,,1,93,5,28779,36,,,1,27,5,28787,36,,,1,71,5,28800,36,,,1,30,5,28780,36,,,1,71,5,28783,36,,,1,76,45,28781,36,,,1,31,5,28788,36,,,1,69,45,28792,36,,,1,30,5,28784,36,,,1,70,45,28785,36,,,1,31,5,28786,36,,,1,72,5,28791,36,,,1,95,45,28790,36,,,1,35,5,28789,36,,,1,70,5,28795,36,,,1,31,5,28793,36,,,1,70,5,28794,36,,,1,30,5,28796,36,,,1,70,5,28798,36,,,1,31,5,28797,36,,,1,70,5,28799,36,,,1,30,5,28803,36,,,1,70,5,28801,36,,,1,30,5,28802,36,,,1,77,5,28808,36,,,1,90,5,28807,36,,,1,52,5,28806,36,,,1,85,5,28804,36,,,1,89,5,28805,36,,,1,90,5,28812,36,,,1,89,5,28811,36,,,1,90,45,28809,36,,,1,50,5,28810,36,,,1
502,'Sunday',634,5,28833,1,,,1,107,5,28837,36,,,1,72,5,28835,36,,,1,32,5,28836,36,,,1,76,5,28834,36,,,1,34,5,28832,36,,,1,72,5,28831,36,,,1,30,5,28828,36,,,1,74,5,28830,36,,,1,23,5,28829,36,,,1,67,5,28827,36,,,1,32,5,28826,36,,,1,72,5,28824,36,,,1,78,45,28825,36,,,1,29,5,28823,36,,,1,73,5,28822,36,,,1,23,5,28817,36,,,1,77,5,28820,36,,,1,30,5,28821,36,,,1,67,45,28819,36,,,1,43,5,28815,36,,,1,62,5,28816,36,,,1,31,5,28818,36,,,1,64,45,28814,36,,,1,36,5,28813,36,,,1,83,5,28842,36,,,1,89,5,28843,36,,,1,49,5,28840,36,,,1,89,5,28839,36,,,1,90,5,28838,36,,,1,88,5,28841,36,,,1
502,'Weekday',522,2,28844,36,,,1,20,2,28854,36,,,1,60,2,28855,36,,,1,24,2,28856,36,,,1,21,2,28857,36,,,1,63,2,28858,36,,,1,20,2,28859,36,,,1,18,2,28860,37,0,5,1,59,2,28863,36,,,1,21,2,28861,37,0,5,1,19,2,28864,36,,,1,61,2,28862,37,0,5,1,16,2,28865,36,,,1,26,2,28888,37,0,5,1,68,2,28887,36,,,1,24,2,28885,37,0,5,1,69,2,28886,36,,,1,25,2,28884,37,0,5,1,67,2,28891,36,,,1,29,2,28882,37,0,5,1,25,2,28890,36,,,1,71,2,28883,37,0,5,1,27,2,28889,36,,,1,76,2,28866,36,,,1,23,2,28867,37,0,5,1,58,2,28875,36,,,1,22,2,28868,37,0,5,1,20,2,28876,36,,,1,62,2,28869,37,0,5,1,18,2,28877,36,,,1,22,2,28870,37,0,5,1,58,2,28878,36,,,1,21,2,28871,37,0,5,1,22,2,28879,36,,,1,60,2,28872,37,0,5,1,15,2,28880,36,,,1,22,2,28873,37,0,5,1,56,2,28881,36,,,1,24,2,28874,37,0,5,1,88,2,28852,36,,,1,82,2,28851,36,,,1,39,2,28849,36,,,1,79,2,28853,36,,,1,79,42,28847,36,,,1,40,2,28848,36,,,1,80,2,28850,36,,,1,80,42,28846,36,,,1,34,2,28845,36,,,1
1703,'Holiday1',803,,32073,18,4,,1,45,,32071,18,4,,1,86,,32075,18,4,,1,85,,32076,18,4,,1,86,,32074,18,4,,1,44,,32077,18,4,,1,86,,32078,18,4,,1,85,,32080,18,4,,1,85,,32081,18,4,,1,45,,32072,18,4,,1,85,,32082,18,4,,1,85,,32079,18,4,,1,85,,32083,18,4,,1,45,,32084,18,4,,1,85,,32085,18,4,,1,85,,32086,18,4,,1
1703,'Saturday',814,,32087,18,4,,1,45,,32089,18,4,,1,86,,32088,18,4,,1,85,,32090,18,4,,1,85,,32091,18,4,,1,85,,32093,18,4,,1,45,,32094,18,4,,1,86,,32096,18,4,,1,85,,32097,18,4,,1,85,,32098,18,4,,1,45,,32095,18,4,,1,85,,32092,18,4,,1,85,,32100,18,4,,1,85,,32101,18,4,,1,45,,32099,18,4,,1
1703,'Sunday',803,,32104,18,4,,1,45,,32102,18,4,,1,86,,32106,18,4,,1,85,,32107,18,4,,1,86,,32105,18,4,,1,44,,32108,18,4,,1,86,,32109,18,4,,1,85,,32111,18,4,,1,85,,32112,18,4,,1,45,,32103,18,4,,1,85,,32113,18,4,,1,85,,32110,18,4,,1,85,,32114,18,4,,1,45,,32115,18,4,,1,85,,32116,18,4,,1,85,,32117,18,4,,1
1703,'Weekday',526,,32133,18,4,,1,82,,32118,18,4,,1,47,,32136,18,4,,1,86,,32119,18,4,,1,86,,32120,18,4,,1,84,,32121,18,4,,1,45,,32122,18,4,,1,85,,32123,18,4,,1,85,,32124,18,4,,1,85,,32126,18,4,,1,44,,32128,18,4,,1,83,,32129,18,4,,1,84,,32135,18,4,,1,94,,32125,18,4,,1,43,,32130,18,4,,1,85,,32127,18,4,,1,87,,32131,18,4,,1,85,,32132,18,4,,1,43,,32134,18,4,,1
1704,'Holiday1',810,,32137,1,,,1,45,,32138,1,,,1,85,,32139,1,,,1,85,,32143,1,,,1,85,,32140,1,,,1,45,,32144,1,,,1,85,,32141,1,,,1,85,,32142,1,,,1,85,,32146,1,,,1,45,,32149,1,,,1,85,,32147,1,,,1,85,,32150,1,,,1,85,,32148,1,,,1,45,,32145,1,,,1,85,,32151,1,,,1,85,,32152,1,,,1
1704,'Saturday',820,,32153,1,,,1,85,,32156,1,,,1,45,,32155,1,,,1,85,,32157,1,,,1,85,,32158,1,,,1,85,,32160,1,,,1,45,,32161,1,,,1,85,,32162,1,,,1,85,,32159,1,,,1,85,,32166,1,,,1,45,,32167,1,,,1,85,,32163,1,,,1,85,,32164,1,,,1,85,,32165,1,,,1,45,,32154,1,,,1
1704,'Sunday',810,,32168,1,,,1,45,,32169,1,,,1,85,,32170,1,,,1,85,,32174,1,,,1,85,,32171,1,,,1,45,,32175,1,,,1,85,,32172,1,,,1,85,,32173,1,,,1,85,,32176,1,,,1,45,,32180,1,,,1,85,,32177,1,,,1,85,,32181,1,,,1,85,,32178,1,,,1,45,,32179,1,,,1,85,,32182,1,,,1,85,,32183,1,,,1
1704,'Weekday',530,,32184,1,,,1,82,,32185,1,,,1,46,,32188,1,,,1,85,,32189,1,,,1,87,,32187,1,,,1,84,,32192,1,,,1,86,,32190,1,,,1,44,,32193,1,,,1,87,,32191,1,,,1,83,,32186,1,,,1,44,,32194,1,,,1,82,,32195,1,,,1,86,,32196,1,,,1,11,,32203,1,,,1,82,,32197,1,,,1,82,,32198,1,,,1,45,,32199,1,,,1,87,,32200,1,,,1,86,,32201,1,,,1,82,,32202,1,,,1
50502,'Holiday1',952,,39020,17,,,1,58,,39022,17,,,1,18,,39023,17,,,1,18,,39024,17,,,1,58,,39025,17,,,1,18,,39026,17,,,1,18,,39027,17,,,1,18,,39028,17,,,1,57,,39029,17,,,1,18,,39030,17,,,1,18,,39031,17,,,1,58,,39032,17,,,1,18,,39033,17,,,1,19,,39034,17,,,1,56,,39035,17,,,1,18,,39036,17,,,1,16,,39037,17,,,1,20,,39038,17,,,1,58,,39039,17,,,1,18,,39040,17,,,1,17,,39041,17,,,1,58,,39042,17,,,1,18,,39043,17,,,1,18,,39044,17,,,1,58,,39046,17,,,1,18,,39047,17,,,1,18,,39048,17,,,1,21,,39045,17,,,1,58,,39021,17,,,1
50502,'Saturday',859,2,39049,17,,,1,58,2,39050,17,,,1,18,2,39052,17,,,1,18,2,39053,17,,,1,58,2,39057,17,,,1,20,2,39054,17,,,1,16,2,39067,17,,,1,57,2,39068,17,,,1,18,2,39069,17,,,1,19,2,39070,17,,,1,16,2,39071,17,,,1,58,2,39072,17,,,1,19,2,39073,17,,,1,18,2,39074,17,,,1,59,2,39075,17,,,1,18,2,39076,17,,,1,18,2,39077,17,,,1,57,2,39078,17,,,1,18,2,39079,17,,,1,17,2,39080,17,,,1,17,2,39081,17,,,1,58,2,39082,17,,,1,18,2,39083,17,,,1,18,2,39084,17,,,1,58,2,39063,17,,,1,18,2,39060,17,,,1,19,2,39059,17,,,1,59,2,39055,17,,,1,19,2,39062,17,,,1,17,2,39065,17,,,1,19,2,39066,17,,,1,58,2,39058,17,,,1,18,2,39064,17,,,1,18,2,39056,17,,,1,58,2,39061,17,,,1,15,2,39051,17,,,1
50502,'Sunday',952,,39085,17,,,1,58,,39087,17,,,1,18,,39088,17,,,1,18,,39089,17,,,1,58,,39090,17,,,1,18,,39091,17,,,1,18,,39092,17,,,1,18,,39093,17,,,1,57,,39094,17,,,1,18,,39095,17,,,1,18,,39096,17,,,1,58,,39097,17,,,1,18,,39098,17,,,1,19,,39099,17,,,1,56,,39100,17,,,1,18,,39101,17,,,1,16,,39102,17,,,1,20,,39103,17,,,1,58,,39104,17,,,1,18,,39105,17,,,1,17,,39106,17,,,1,58,,39107,17,,,1,18,,39108,17,,,1,18,,39109,17,,,1,58,,39110,17,,,1,18,,39111,17,,,1,18,,39112,17,,,1,21,,39113,17,,,1,58,,39086,17,,,1
50502,'Weekday',709,2,39114,17,,,1,24,2,39115,17,,,1,18,2,39116,17,,,1,58,2,39117,17,,,1,18,2,39118,17,,,1,18,2,39119,17,,,1,58,2,39120,17,,,1,17,2,39121,17,,,1,15,2,39122,17,,,1,18,2,39123,17,,,1,58,2,39124,17,,,1,18,2,39125,17,,,1,18,2,39126,17,,,1,58,2,39127,17,,,1,18,2,39128,17,,,1,18,2,39129,17,,,1,18,2,39130,17,,,1,59,2,39131,17,,,1,20,2,39132,17,,,1,18,2,39133,17,,,1,58,2,39134,17,,,1,18,2,39135,17,,,1,18,2,39136,17,,,1,59,2,39137,17,,,1,20,2,39138,17,,,1,21,2,39139,17,,,1,58,2,39140,17,,,1,18,2,39141,17,,,1,18,2,39142,17,,,1,58,2,39143,17,,,1,18,2,39144,17,,,1,22,2,39145,17,,,1,61,2,39146,17,,,1,18,2,39147,17,,,1,19,2,39148,17,,,1,62,2,39149,17,,,1,18,2,39150,17,,,1,16,2,39151,17,,,1,13,2,39152,17,,,1,57,2,39153,17,,,1,17,2,39154,17,,,1,16,2,39155,17,,,1,15,2,39156,17,,,1,58,2,39157,17,,,1,16,2,39158,17,,,1,18,2,39159,17,,,1,58,2,39160,17,,,1
