203,'Holiday1',720,,14139,,,1,33,,14140,,,1,73,,14141,,,1,33,,14142,,,1,73,,14143,,,1,73,,14145,,,1,33,,14146,,,1,73,,14147,,,1,33,,14144,,,1,73,,14149,,,1,33,,14151,,,1,73,,14152,,,1,33,,14148,,,1,73,,14153,,,1,73,,14150,,,1,33,,14154,,,1,73,,14155,,,1,33,,14157,,,1,73,,14158,,,1,33,,14159,,,1,73,,14156,,,1,33,,14161,,,1,73,,14162,,,1,33,,14163,,,1,73,,14160,,,1,73,,14165,,,1,33,,14166,,,1,73,,14168,,,1,33,,14169,,,1,73,,14167,,,1,33,,14170,,,1,73,,14164,,,1
203,'Saturday',530,,14171,,,1,70,,14172,,,1,30,,14175,,,1,70,,14176,,,1,25,,14174,,,1,76,,14173,,,1,29,,14179,,,1,90,,14180,,,1,30,,14177,,,1,70,,14178,,,1,30,,14181,,,1,70,,14183,,,1,30,,14185,,,1,70,,14186,,,1,30,,14182,,,1,70,,14187,,,1,30,,14184,,,1,70,,14188,,,1,30,,14189,,,1,70,,14192,,,1,30,,14193,,,1,70,,14194,,,1,30,,14190,,,1,70,,14191,,,1,30,,14195,,,1,70,,14197,,,1,30,,14198,,,1,70,,14199,,,1,30,,14196,,,1,70,,14200,,,1,30,,14201,,,1,70,,14204,,,1,30,,14205,,,1,70,,14202,,,1,30,,14203,,,1,70,,14207,,,1,30,,14208,,,1,70,,14206,,,1,30,,14209,,,1,70,,14210,,,1
203,'Sunday',720,,14211,,,1,33,,14212,,,1,73,,14213,,,1,33,,14214,,,1,73,,14215,,,1,73,,14217,,,1,33,,14218,,,1,73,,14219,,,1,33,,14216,,,1,73,,14221,,,1,33,,14222,,,1,73,,14223,,,1,33,,14220,,,1,73,,14224,,,1,73,,14225,,,1,33,,14226,,,1,73,,14227,,,1,33,,14229,,,1,73,,14230,,,1,33,,14231,,,1,73,,14228,,,1,33,,14233,,,1,73,,14234,,,1,33,,14235,,,1,73,,14232,,,1,73,,14237,,,1,33,,14238,,,1,73,,14240,,,1,33,,14241,,,1,73,,14239,,,1,33,,14242,,,1,73,,14236,,,1
203,'Weekday',415,,14243,,,1,22,,14245,,,1,22,,14246,,,1,62,,14247,,,1,21,,14244,,,1,63,,14248,,,1,18,,14249,,,1,19,,14250,,,1,65,,14251,,,1,26,,14252,,,1,22,,14253,,,1,55,,14254,,,1,19,,14256,,,1,27,,14257,,,1,67,,14258,,,1,22,,14255,,,1,59,,14259,,,1,19,,14260,,,1,25,,14261,,,1,65,,14262,,,1,22,,14263,,,1,18,,14264,,,1,58,,14266,,,1,26,,14267,,,1,66,,14268,,,1,22,,14265,,,1,15,,14270,,,1,19,,14271,,,1,66,,14272,,,1,26,,14269,,,1,61,,14273,,,1,16,,14275,,,1,19,,14276,,,1,65,,14277,,,1,26,,14274,,,1,62,,14278,,,1,19,,14280,,,1,22,,14281,,,1,65,,14282,,,1,27,,14279,,,1,22,,14283,,,1,60,,14284,,,1,27,,14285,,,1,63,,14286,,,1,22,,14287,,,1,23,,14288,,,1,61,,14289,,,1,21,,14291,,,1,20,,14292,,,1,56,,14293,,,1,32,,14290,,,1,72,,14294,,,1,32,,14295,,,1,73,,14296,,,1,28,,14297,,,1,68,,14298,,,1
204,'Holiday1',744,,14299,4,,1,74,,14301,4,,1,33,,14303,4,,1,73,,14305,4,,1,34,,14306,4,,1,75,,14302,4,,1,73,,14307,4,,1,34,,14304,4,,1,73,,14308,4,,1,34,,14309,4,,1,73,,14311,4,,1,33,,14312,4,,1,73,,14313,4,,1,33,,14310,4,,1,73,,14315,4,,1,73,,14316,4,,1,33,,14317,4,,1,73,,14314,4,,1,33,,14329,4,,1,73,,14325,4,,1,32,,14328,4,,1,73,,14324,4,,1,31,,14327,4,,1,72,,14326,4,,1,32,,14322,4,,1,72,,14321,4,,1,73,,14323,4,,1,33,,14318,4,,1,72,,14320,4,,1,33,,14319,4,,1,73,,14300,4,,1
204,'Saturday',552,,14332,4,,1,70,,14331,4,,1,31,,14330,4,,1,69,,14368,4,,1,37,,14365,4,,1,69,,14364,4,,1,72,,14367,4,,1,30,,14366,4,,1,71,,14363,4,,1,30,,14362,4,,1,70,,14358,4,,1,30,,14361,4,,1,71,,14360,4,,1,30,,14369,4,,1,71,,14359,4,,1,30,,14357,4,,1,71,,14353,4,,1,30,,14352,4,,1,70,,14356,4,,1,30,,14355,4,,1,70,,14354,4,,1,30,,14351,4,,1,70,,14350,4,,1,31,,14346,4,,1,69,,14349,4,,1,30,,14344,4,,1,68,,14348,4,,1,28,,14347,4,,1,28,,14345,4,,1,70,,14343,4,,1,28,,14340,4,,1,69,,14339,4,,1,30,,14342,4,,1,70,,14341,4,,1,28,,14335,4,,1,70,,14336,4,,1,30,,14338,4,,1,70,,14337,4,,1,29,,14333,4,,1,70,,14334,4,,1
204,'Sunday',744,,14370,4,,1,74,,14372,4,,1,33,,14374,4,,1,73,,14375,4,,1,34,,14376,4,,1,75,,14373,4,,1,73,,14377,4,,1,34,,14378,4,,1,73,,14379,4,,1,34,,14380,4,,1,73,,14382,4,,1,33,,14383,4,,1,73,,14384,4,,1,33,,14381,4,,1,73,,14386,4,,1,73,,14387,4,,1,33,,14388,4,,1,73,,14385,4,,1,33,,14400,4,,1,73,,14396,4,,1,32,,14399,4,,1,73,,14395,4,,1,31,,14398,4,,1,72,,14397,4,,1,32,,14393,4,,1,72,,14392,4,,1,73,,14394,4,,1,33,,14389,4,,1,72,,14391,4,,1,33,,14390,4,,1,73,,14371,4,,1
204,'Weekday',433,,14401,4,,1,22,,14402,4,,1,60,,14403,4,,1,10,,14455,4,,1,22,,14454,4,,1,62,,14453,4,,1,16,,14451,4,,1,31,,14450,4,,1,64,,14449,4,,1,21,,14445,4,,1,62,,14456,4,,1,19,,14448,4,,1,26,,14443,4,,1,68,,14447,4,,1,21,,14452,4,,1,21,,14446,4,,1,62,,14441,4,,1,22,,14444,4,,1,65,,14442,4,,1,21,,14440,4,,1,20,,14439,4,,1,58,,14438,4,,1,27,,14437,4,,1,24,,14433,4,,1,63,,14436,4,,1,16,,14435,4,,1,16,,14434,4,,1,69,,14432,4,,1,27,,14431,4,,1,60,,14430,4,,1,15,,14429,4,,1,19,,14428,4,,1,66,,14427,4,,1,25,,14426,4,,1,25,,14422,4,,1,57,,14425,4,,1,24,,14424,4,,1,64,,14423,4,,1,25,,14421,4,,1,23,,14417,4,,1,60,,14420,4,,1,25,,14419,4,,1,65,,14418,4,,1,26,,14416,4,,1,20,,14415,4,,1,58,,14414,4,,1,22,,14413,4,,1,18,,14412,4,,1,59,,14408,4,,1,23,,14411,4,,1,19,,14410,4,,1,62,,14409,4,,1,34,,14407,4,,1,71,,14406,4,,1,29,,14405,4,,1,68,,14404,4,,1
603,'Holiday1',845,,15933,,,1,85,,15932,,,1,85,,15935,,,1,85,,15936,,,1,45,,15937,,,1,85,,15938,,,1,85,,15939,,,1,85,,15934,,,1,45,,15940,,,1,85,,15941,,,1,85,,15942,,,1,85,,15943,,,1,45,,15944,,,1,85,,15945,,,1,85,,15946,,,1
603,'Saturday',730,,15962,,,1,85,,15947,,,1,85,,15948,,,1,45,,15950,,,1,85,,15951,,,1,85,,15949,,,1,85,,15953,,,1,45,,15952,,,1,85,,15955,,,1,85,,15956,,,1,85,,15954,,,1,45,,15957,,,1,85,,15958,,,1,85,,15959,,,1,85,,15960,,,1,45,,15961,,,1
603,'Sunday',845,,15964,,,1,85,,15963,,,1,85,,15966,,,1,85,,15967,,,1,45,,15968,,,1,85,,15969,,,1,85,,15970,,,1,85,,15965,,,1,45,,15971,,,1,85,,15972,,,1,85,,15973,,,1,85,,15974,,,1,45,,15975,,,1,85,,15976,,,1,85,,15977,,,1
603,'Weekday',602,,15978,,,1,19,,15980,,,1,21,,15984,,,1,60,,15985,,,1,19,,15981,,,1,19,,15986,,,1,62,,15983,,,1,17,,15988,,,1,23,,15982,,,1,60,,15987,,,1,23,,15979,,,1,31,,16002,,,1,62,,16000,,,1,19,,15993,,,1,21,,15996,,,1,66,,15998,,,1,22,,15994,,,1,59,,15990,,,1,23,,15997,,,1,24,,15989,,,1,62,,15995,,,1,20,,15991,,,1,24,,16001,,,1,65,,15992,,,1,24,,15999,,,1,64,,16004,,,1,20,,16005,,,1,20,,16003,,,1,60,,16006,,,1,20,,16007,,,1,20,,16008,,,1,60,,16009,,,1,20,,16010,,,1,20,,16011,,,1,60,,16012,,,1,21,,16013,,,1,15,,16014,,,1,60,,16015,,,1,20,,16019,,,1,23,,16016,,,1,63,,16017,,,1,27,,16018,,,1,65,,16020,,,1,22,,16021,,,1,27,,16022,,,1,67,,16023,,,1,32,,16024,,,1,70,,16025,,,1
604,'Holiday1',836,,16026,4,,1,86,,16028,4,,1,85,,16030,4,,1,46,,16027,4,,1,85,,16032,4,,1,85,,16033,4,,1,86,,16031,4,,1,46,,16034,4,,1,85,,16029,4,,1,86,,16035,4,,1,85,,16036,4,,1,45,,16037,4,,1,85,,16038,4,,1,85,,16039,4,,1,84,,16040,4,,1
604,'Saturday',723,,16058,4,,1,85,,16043,4,,1,46,,16041,4,,1,86,,16044,4,,1,85,,16042,4,,1,85,,16045,4,,1,45,,16048,4,,1,85,,16050,4,,1,86,,16046,4,,1,86,,16047,4,,1,45,,16051,4,,1,84,,16054,4,,1,85,,16055,4,,1,85,,16056,4,,1,45,,16052,4,,1,84,,16049,4,,1,84,,16053,4,,1,85,,16057,4,,1
604,'Sunday',836,,16059,4,,1,86,,16061,4,,1,85,,16062,4,,1,46,,16060,4,,1,85,,16064,4,,1,85,,16066,4,,1,86,,16063,4,,1,46,,16067,4,,1,85,,16065,4,,1,86,,16068,4,,1,85,,16069,4,,1,45,,16070,4,,1,85,,16071,4,,1,85,,16072,4,,1,84,,16073,4,,1
604,'Weekday',556,,16074,4,,1,60,,16078,4,,1,20,,16086,4,,1,21,,16081,4,,1,62,,16087,4,,1,17,,16080,4,,1,22,,16085,4,,1,58,,16079,4,,1,23,,16083,4,,1,20,,16084,4,,1,56,,16077,4,,1,21,,16104,4,,1,17,,16075,4,,1,61,,16099,4,,1,18,,16091,4,,1,20,,16097,4,,1,66,,16096,4,,1,22,,16090,4,,1,60,,16098,4,,1,21,,16092,4,,1,27,,16093,4,,1,63,,16095,4,,1,20,,16094,4,,1,23,,16100,4,,1,64,,16102,4,,1,23,,16089,4,,1,63,,16088,4,,1,22,,16082,4,,1,18,,16076,4,,1,60,,16106,4,,1,20,,16107,4,,1,21,,16108,4,,1,59,,16109,4,,1,20,,16110,4,,1,20,,16111,4,,1,60,,16112,4,,1,22,,16113,4,,1,17,,16115,4,,1,60,,16117,4,,1,20,,16118,4,,1,25,,16114,4,,1,61,,16119,4,,1,24,,16116,4,,1,25,,16120,4,,1,62,,16121,4,,1,26,,16122,4,,1,67,,16123,4,,1,33,,16101,4,,1,67,,16105,4,,1,28,,16103,4,,1,70,,16124,4,,1
