5101,'Holiday1',813,,35825,9,,,1,40,,35826,9,,,1,80,,35827,9,,,1,80,,35828,9,,,1,40,,35829,9,,,1,80,,35830,9,,,1,80,,35831,9,,,1,40,,35832,9,,,1,80,,35833,9,,,1,80,,35834,9,,,1,40,,35835,9,,,1,80,,35836,9,,,1,80,,35837,9,,,1,40,,35839,9,,,1,80,,35840,9,,,1,80,,35841,9,,,1,40,,35838,9,,,1,80,,35842,9,,,1,80,,35843,9,,,1,40,,35844,9,,,1,80,,35845,9,,,1,79,,35824,9,,,1
5101,'Saturday',649,,35846,9,,,1,80,,35848,9,,,1,80,,35849,9,,,1,40,,35850,9,,,1,80,,35851,9,,,1,80,,35852,9,,,1,40,,35853,9,,,1,80,,35854,9,,,1,80,,35855,9,,,1,40,,35856,9,,,1,80,,35857,9,,,1,80,,35858,9,,,1,40,,35859,9,,,1,80,,35860,9,,,1,80,,35861,9,,,1,40,,35862,9,,,1,80,,35863,9,,,1,80,,35864,9,,,1,40,,35865,9,,,1,80,,35866,9,,,1,80,,35867,9,,,1,40,,35868,9,,,1,80,,35869,9,,,1,75,,35847,9,,,1
5101,'Sunday',813,,35871,9,,,1,40,,35872,9,,,1,80,,35873,9,,,1,80,,35874,9,,,1,40,,35875,9,,,1,80,,35876,9,,,1,80,,35877,9,,,1,40,,35878,9,,,1,80,,35879,9,,,1,80,,35880,9,,,1,40,,35881,9,,,1,80,,35882,9,,,1,80,,35883,9,,,1,40,,35884,9,,,1,80,,35885,9,,,1,80,,35886,9,,,1,40,,35887,9,,,1,80,,35888,9,,,1,80,,35889,9,,,1,40,,35890,9,,,1,80,,35891,9,,,1,79,,35870,9,,,1
5101,'Weekday',501,,35892,9,,,1,40,,35894,9,,,1,80,,35895,9,,,1,80,,35896,9,,,1,40,,35897,9,,,1,80,,35898,9,,,1,80,,35899,9,,,1,40,,35900,9,,,1,80,,35901,9,,,1,80,,35902,9,,,1,40,,35903,9,,,1,80,,35904,9,,,1,80,,35905,9,,,1,40,,35906,9,,,1,80,,35907,9,,,1,80,,35908,9,,,1,40,,35909,9,,,1,80,,35910,9,,,1,80,,35911,9,,,1,40,,35912,9,,,1,80,,35913,9,,,1,80,,35914,9,,,1,40,,35915,9,,,1,80,,35916,9,,,1,80,,35917,9,,,1,40,,35918,9,,,1,80,,35919,9,,,1,80,,35920,9,,,1,40,,35921,9,,,1,80,,35922,9,,,1,38,,35893,9,,,1
5803,'Weekday',615,,36980,1,,,1,25,,36988,1,,,1,65,,36984,1,,,1,25,,36989,1,,,1,25,,36985,1,,,1,65,,36990,1,,,1,25,,36982,1,,,1,65,,36987,1,,,1,25,,36983,1,,,1,566,,36981,1,,,1,24,,36991,1,,,1,25,,36992,1,,,1,65,,36993,1,,,1,25,,36994,1,,,1,65,,36995,1,,,1,25,,36996,1,,,1,25,,36997,1,,,1,65,,36998,1,,,1,25,,36999,1,,,1,65,,37000,1,,,1,25,,36986,1,,,1
5804,'Weekday',651,,37001,26,4,,1,65,,37006,26,4,,1,25,,37008,26,4,,1,65,,37007,26,4,,1,25,,37009,26,4,,1,25,,37013,26,4,,1,65,,37003,26,4,,1,25,,37014,26,4,,1,65,,37004,26,4,,1,526,,37002,26,4,,1,64,,37015,26,4,,1,25,,37016,26,4,,1,25,,37017,26,4,,1,65,,37018,26,4,,1,25,,37019,26,4,,1,65,,37020,26,4,,1,25,,37021,26,4,,1,25,,37012,26,4,,1,65,,37010,26,4,,1,25,,37005,26,4,,1,65,,37011,26,4,,1
6004,'Holiday1',812,,37116,20,,,1,105,,37117,20,,,1,105,,37118,20,,,1,105,,37119,20,,,1,105,,37120,20,,,1,105,,37121,20,,,1,105,,37125,20,,,1,105,,37122,20,,,1,105,,37126,20,,,1,105,,37123,20,,,1,145,,37124,20,,,1,105,,37127,20,,,1
6004,'Saturday',727,,37150,20,,,1,30,,37128,20,,,1,76,,37142,20,,,1,72,,37143,20,,,1,35,,37140,20,,,1,75,,37144,20,,,1,35,,37141,20,,,1,75,,37146,20,,,1,75,,37147,20,,,1,35,,37148,20,,,1,75,,37145,20,,,1,35,,37149,20,,,1,76,,37139,20,,,1,35,,37138,20,,,1,75,,37129,20,,,1,75,,37136,20,,,1,36,,37135,20,,,1,75,,37134,20,,,1,34,,37133,20,,,1,76,,37132,20,,,1,75,,37131,20,,,1,35,,37130,20,,,1,75,,37137,20,,,1
6004,'Sunday',812,,37151,20,,,1,105,,37152,20,,,1,105,,37153,20,,,1,105,,37154,20,,,1,105,,37155,20,,,1,105,,37156,20,,,1,105,,37160,20,,,1,105,,37157,20,,,1,105,,37161,20,,,1,105,,37158,20,,,1,145,,37159,20,,,1,105,,37162,20,,,1
6004,'Weekday',559,,37163,20,,,1,65,,37164,20,,,1,25,,37165,20,,,1,65,,37166,20,,,1,25,,37167,20,,,1,65,,37168,20,,,1,25,,37169,20,,,1,25,,37170,20,,,1,65,,37171,20,,,1,25,,37172,20,,,1,65,,37173,20,,,1,25,,37174,20,,,1,25,,37175,20,,,1,65,,37176,20,,,1,25,,37177,20,,,1,65,,37178,20,,,1,25,,37179,20,,,1,65,,37180,20,,,1,25,,37181,20,,,1,25,,37182,20,,,1,65,,37183,20,,,1,25,,37184,20,,,1,69,,37185,20,,,1,21,,37186,20,,,1,25,,37187,20,,,1,65,,37188,20,,,1,25,,37189,20,,,1,65,,37190,20,,,1,25,,37191,20,,,1,65,,37192,20,,,1,25,,37193,20,,,1,25,,37194,20,,,1,64,,37195,20,,,1,25,,37196,20,,,1,65,,37197,20,,,1,25,,37198,20,,,1,25,,37199,20,,,1,65,,37200,20,,,1,25,,37201,20,,,1,65,,37202,20,,,1,25,,37203,20,,,1,65,,37204,20,,,1,25,,37205,20,,,1,25,,37206,20,,,1,65,,37207,20,,,1
