901,'Holiday1',821,,29923,37,,,1,105,,29930,37,,,1,108,,29931,37,,,1,105,,29932,37,,,1,105,,29933,37,,,1,105,,29929,37,,,1,106,,29925,37,,,1,145,,29926,37,,,1,107,,29927,37,,,1,107,,29924,37,,,1,106,,29928,37,,,1
901,'Saturday',732,,29934,37,,,1,90,,29935,37,,,1,90,,29936,37,,,1,90,,29937,37,,,1,50,,29938,37,,,1,90,,29939,37,,,1,90,,29941,37,,,1,90,,29942,37,,,1,90,,29943,37,,,1,91,,29940,37,,,1,51,,29944,37,,,1,90,,29945,37,,,1,90,,29946,37,,,1,89,,29947,37,,,1,89,,29948,37,,,1
901,'Sunday',821,,29949,37,,,1,105,,29956,37,,,1,108,,29957,37,,,1,105,,29958,37,,,1,105,,29959,37,,,1,105,,29955,37,,,1,106,,29951,37,,,1,145,,29952,37,,,1,107,,29953,37,,,1,107,,29950,37,,,1,106,,29954,37,,,1
901,'Weekday',533,,29960,37,,,1,74,,29963,37,,,1,34,,29964,37,,,1,74,,29965,37,,,1,23,,29962,37,,,1,79,,29966,37,,,1,36,,29978,37,,,1,85,,29977,37,,,1,87,,29979,37,,,1,82,,29980,37,,,1,47,,29981,37,,,1,88,,29982,37,,,1,84,,29967,37,,,1,83,,29976,37,,,1,32,,29973,37,,,1,75,,29969,37,,,1,38,,29974,37,,,1,75,,29971,37,,,1,75,,29968,37,,,1,35,,29970,37,,,1,76,,29975,37,,,1,34,,29972,37,,,1,74,,29983,37,,,1,79,,29985,37,,,1,41,,29984,37,,,1,85,,29961,37,,,1
902,'Holiday1',807,,29986,23,,,1,105,,29988,23,,,1,106,,29989,23,,,1,105,,29990,23,,,1,105,,29991,23,,,1,105,,29993,23,,,1,104,,29994,23,,,1,106,,29995,23,,,1,107,,29992,23,,,1,106,,29996,23,,,1,147,,29987,23,,,1
902,'Saturday',736,,29997,23,,,1,90,,30004,23,,,1,90,,30007,23,,,1,90,,30005,23,,,1,50,,30009,23,,,1,90,,30010,23,,,1,90,,30011,23,,,1,90,,30008,23,,,1,90,,30003,23,,,1,90,,29998,23,,,1,50,,30000,23,,,1,90,,30002,23,,,1,90,,30006,23,,,1,90,,29999,23,,,1,90,,30001,23,,,1
902,'Sunday',807,,30012,23,,,1,105,,30014,23,,,1,106,,30015,23,,,1,105,,30016,23,,,1,105,,30017,23,,,1,105,,30019,23,,,1,104,,30020,23,,,1,106,,30021,23,,,1,107,,30018,23,,,1,106,,30022,23,,,1,147,,30013,23,,,1
902,'Weekday',620,,30023,23,,,1,34,,30032,23,,,1,74,,30033,23,,,1,85,,30031,23,,,1,93,,30029,23,,,1,38,,30035,23,,,1,85,,30040,23,,,1,85,,30037,23,,,1,45,,30030,23,,,1,85,,30025,23,,,1,67,,30041,23,,,1,35,,30042,23,,,1,75,,30043,23,,,1,6,,30038,23,,,1,73,,30044,23,,,1,35,,30045,23,,,1,75,,30036,23,,,1,35,,30034,23,,,1,75,,30039,23,,,1,36,,30027,23,,,1,80,,30028,23,,,1,85,,30046,23,,,1,91,,30047,23,,,1,46,,30026,23,,,1,157,,30024,23,,,1
1904,'Holiday1',854,,32749,38,,,1,99,,32748,38,,,1,103,,32750,38,,,1,100,,32751,38,,,1,101,,32752,38,,,1,98,,32753,38,,,1,101,,32755,38,,,1,100,,32756,38,,,1,100,,32757,38,,,1,98,,32754,38,,,1,100,,32758,38,,,1,101,,32759,38,,,1
1904,'Saturday',822,,32760,38,,,1,103,,32762,38,,,1,100,,32764,38,,,1,99,,32761,38,,,1,100,,32765,38,,,1,100,,32763,38,,,1,100,,32766,38,,,1,101,,32767,38,,,1,100,,32769,38,,,1,100,,32770,38,,,1,99,,32771,38,,,1,98,,32768,38,,,1
1904,'Sunday',854,,32772,38,,,1,99,,32773,38,,,1,103,,32774,38,,,1,100,,32775,38,,,1,101,,32776,38,,,1,98,,32777,38,,,1,101,,32779,38,,,1,100,,32780,38,,,1,100,,32781,38,,,1,98,,32778,38,,,1,100,,32782,38,,,1,101,,32783,38,,,1
1904,'Weekday',548,,32786,38,,,1,98,,32785,38,,,1,79,,32788,38,,,1,77,,32784,38,,,1,43,,32787,38,,,1,79,,32789,38,,,1,100,,32790,38,,,1,99,,32792,38,,,1,100,,32791,38,,,1,100,,32793,38,,,1,100,,32794,38,,,1,106,,32795,38,,,1,82,,32796,38,,,1,35,,32797,38,,,1,80,,32799,38,,,1,80,,32800,38,,,1,38,,32798,38,,,1,80,,32801,38,,,1,80,,32802,38,,,1
