901,'Holiday1',826,2,29923,39,,,1,105,2,29930,39,,,1,108,2,29931,39,,,1,105,2,29932,39,,,1,105,2,29933,39,,,1,105,2,29929,39,,,1,147,42,29925,39,,,1,105,2,29926,39,,,1,107,2,29927,39,,,1,107,2,29924,39,,,1,106,2,29928,39,,,1
901,'Saturday',738,2,29934,39,,,1,90,2,29935,39,,,1,90,2,29936,39,,,1,90,2,29937,39,,,1,50,2,29938,39,,,1,90,2,29939,39,,,1,90,2,29941,39,,,1,90,2,29942,39,,,1,90,2,29943,39,,,1,91,2,29940,39,,,1,91,42,29944,39,,,1,50,2,29945,39,,,1,90,2,29946,39,,,1,89,2,29947,39,,,1,89,2,29948,39,,,1
901,'Sunday',826,2,29949,39,,,1,105,2,29956,39,,,1,108,2,29957,39,,,1,105,2,29958,39,,,1,105,2,29959,39,,,1,105,2,29955,39,,,1,147,42,29951,39,,,1,105,2,29952,39,,,1,107,2,29953,39,,,1,107,2,29950,39,,,1,106,2,29954,39,,,1
901,'Weekday',538,2,29960,39,,,1,74,2,29963,39,,,1,34,2,29964,39,,,1,74,2,29965,39,,,1,23,2,29962,39,,,1,79,2,29966,39,,,1,36,2,29978,39,,,1,85,2,29977,39,,,1,87,2,29979,39,,,1,82,2,29980,39,,,1,47,2,29981,39,,,1,88,2,29982,39,,,1,84,2,29967,39,,,1,83,2,29976,39,,,1,32,2,29973,39,,,1,75,2,29969,39,,,1,38,2,29974,39,,,1,75,2,29971,39,,,1,75,2,29968,39,,,1,35,2,29970,39,,,1,76,2,29975,39,,,1,34,2,29972,39,,,1,74,2,29983,39,,,1,79,2,29985,39,,,1,41,2,29984,39,,,1,85,2,29961,39,,,1
1703,'Holiday1',750,,32073,1,,,1,85,,32071,1,,,1,85,,32075,1,,,1,85,,32076,1,,,1,45,,32074,1,,,1,85,,32077,1,,,1,85,,32078,1,,,1,85,,32080,1,,,1,45,,32081,1,,,1,85,,32072,1,,,1,85,,32082,1,,,1,85,,32079,1,,,1,45,,32083,1,,,1,85,,32084,1,,,1,85,,32085,1,,,1,85,,32086,1,,,1
1703,'Saturday',800,,32087,1,,,1,45,,32089,1,,,1,85,,32088,1,,,1,85,,32090,1,,,1,85,,32091,1,,,1,45,,32093,1,,,1,85,,32094,1,,,1,85,,32096,1,,,1,85,,32097,1,,,1,45,,32098,1,,,1,85,,32095,1,,,1,85,,32092,1,,,1,85,,32100,1,,,1,45,,32101,1,,,1,85,,32099,1,,,1
1703,'Sunday',750,,32104,1,,,1,85,,32102,1,,,1,85,,32106,1,,,1,85,,32107,1,,,1,45,,32105,1,,,1,85,,32108,1,,,1,85,,32109,1,,,1,85,,32111,1,,,1,45,,32112,1,,,1,85,,32103,1,,,1,85,,32113,1,,,1,85,,32110,1,,,1,45,,32114,1,,,1,85,,32115,1,,,1,85,,32116,1,,,1,85,,32117,1,,,1
1703,'Weekday',513,,32133,1,,,1,41,,32118,1,,,1,84,,32136,1,,,1,86,,32119,1,,,1,86,,32120,1,,,1,45,,32121,1,,,1,85,,32122,1,,,1,85,,32123,1,,,1,85,,32124,1,,,1,45,,32126,1,,,1,84,,32128,1,,,1,83,,32129,1,,,1,84,,32135,1,,,1,94,,32125,1,,,1,43,,32130,1,,,1,82,,32127,1,,,1,87,,32131,1,,,1,46,,32132,1,,,1,83,,32134,1,,,1
1704,'Holiday1',825,,32137,19,4,,1,85,,32138,19,4,,1,46,,32139,19,4,,1,85,,32143,19,4,,1,85,,32140,19,4,,1,85,,32144,19,4,,1,45,,32141,19,4,,1,85,,32142,19,4,,1,86,,32146,19,4,,1,85,,32149,19,4,,1,45,,32147,19,4,,1,85,,32150,19,4,,1,85,,32148,19,4,,1,85,,32145,19,4,,1,45,,32151,19,4,,1,85,,32152,19,4,,1
1704,'Saturday',836,,32153,19,4,,1,85,,32156,19,4,,1,85,,32155,19,4,,1,45,,32157,19,4,,1,84,,32158,19,4,,1,86,,32160,19,4,,1,85,,32161,19,4,,1,45,,32162,19,4,,1,85,,32159,19,4,,1,86,,32166,19,4,,1,86,,32167,19,4,,1,45,,32163,19,4,,1,85,,32164,19,4,,1,85,,32165,19,4,,1,84,,32154,19,4,,1
1704,'Sunday',825,,32168,19,4,,1,85,,32169,19,4,,1,46,,32170,19,4,,1,85,,32174,19,4,,1,85,,32171,19,4,,1,85,,32175,19,4,,1,45,,32172,19,4,,1,85,,32173,19,4,,1,86,,32176,19,4,,1,85,,32180,19,4,,1,45,,32177,19,4,,1,85,,32181,19,4,,1,85,,32178,19,4,,1,85,,32179,19,4,,1,45,,32182,19,4,,1,85,,32183,19,4,,1
1704,'Weekday',545,,32184,19,4,,1,84,,32185,19,4,,1,86,,32188,19,4,,1,87,,32189,19,4,,1,45,,32187,19,4,,1,84,,32192,19,4,,1,86,,32190,19,4,,1,84,,32193,19,4,,1,46,,32191,19,4,,1,83,,32186,19,4,,1,85,,32194,19,4,,1,42,,32195,19,4,,1,90,,32196,19,4,,1,11,,32203,19,4,,1,79,,32197,19,4,,1,82,,32198,19,4,,1,85,,32199,19,4,,1,46,,32200,19,4,,1,84,,32201,19,4,,1,82,,32202,19,4,,1
