101,'Weekday',554,,26839,1,0,5,1,62,,26858,1,0,5,1,27,,26859,1,0,5,1,65,,26860,1,0,5,1,44,,26861,1,0,5,1,63,,26862,1,0,5,1,26,,26863,1,0,5,1,63,,26852,1,0,5,1,16,,26875,1,0,5,1,25,,26876,1,0,5,1,85,,26877,1,0,5,1,73,,26878,1,0,5,1,26,,26880,1,0,5,1,74,,26881,1,0,5,1,36,,26882,1,0,5,1,72,,26879,1,0,5,1,36,,26884,1,0,5,1,56,,26885,1,0,5 7,1,38,,26886,1,0,5,1,86,,26902,1,0,5,1,26,,26903,1,0,5,1,59,,26904,1,0,5,1,25,,26905,1,0,5,1,69,,26906,1,0,5,1,26,,26907,1,0,5,1,80,,26908,1,0,5,1,22,,26909,1,0,5,1,22,,26910,1,0,5,1,58,,26919,1,0,5,1,19,,26920,1,0,5,1,71,,26921,1,,,1
102,'Weekday',801,,27108,51,4,,1,23,,27115,51,4,,1,20,,27106,51,4,,1,68,,27109,51,4,,1,22,,27103,51,4,,1,73,,27112,54,4,,1,18,,27127,51,4,,1,33,,27128,54,4,,1,58,,27129,51,4,,1,40,,27130,51,4,,1,78,,27131,51,4,,1,72,,27132,51,4,,1,36,,27133,51,4,,1,78,,27134,51,4,,1,32,,27135,51,4,,1,74,,27136,51,4,,1,83,,27137,51,4,,1,24,,27158,51,4,,1,16,,27159,51,4,,1,70,,27160,51,4,,1,85,,27161,51,4,,1,26,,27162,51,4,,1,21,,27139,51,4,,1,55,,27138,51,4,,1,23,,27143,51,4,,1,73,,27140,51,4,,1
5703,'Holiday1',923,,36752,43,4,,1,30,,36753,43,4,,1,70,,36755,43,4,,1,30,,36754,43,4,,1,70,,36757,43,4,,1,30,,36756,43,4,,1,70,,36759,43,4,,1,30,,36758,43,4,,1,74,,36761,43,4,,1,26,,36760,43,4,,1,72,,36762,43,4,,1,28,,36763,43,4,,1,73,,36764,43,4,,1,27,,36766,43,4,,1,73,,36767,43,4,,1,28,,36765,43,4,,1,73,,36770,43,4,,1,27,,36769,43,4,,1,73,,36771,43,4,,1,26,,36768,43,4,,1,73,,36772,43,4,,1
5703,'Saturday',552,,36780,43,4,,1,70,,36788,43,4,,1,30,,36779,43,4,,1,70,,36789,43,4,,1,30,,36773,43,4,,1,70,,36787,43,4,,1,30,,36785,43,4,,1,71,,36790,43,4,,1,29,,36786,43,4,,1,71,,36792,43,4,,1,29,,36781,43,4,,1,71,,36794,43,4,,1,29,,36782,43,4,,1,71,,36795,43,4,,1,29,,36783,43,4,,1,71,,36791,43,4,,1,29,,36778,43,4,,1,70,,36796,43,4,,1,30,,36774,43,4,,1,71,,36797,43,4,,1,29,,36777,43,4,,1,71,,36798,43,4,,1,29,,36776,43,4,,1,72,,36799,43,4,,1,28,,36775,43,4,,1,72,,36793,43,4,,1,28,,36784,43,4,,1,71,,36800,43,4,,1
5703,'Sunday',923,,36801,43,4,,1,30,,36802,43,4,,1,70,,36804,43,4,,1,30,,36803,43,4,,1,70,,36806,43,4,,1,30,,36805,43,4,,1,70,,36808,43,4,,1,30,,36807,43,4,,1,74,,36810,43,4,,1,26,,36809,43,4,,1,72,,36811,43,4,,1,28,,36812,43,4,,1,73,,36813,43,4,,1,27,,36815,43,4,,1,73,,36816,43,4,,1,28,,36814,43,4,,1,73,,36819,43,4,,1,27,,36817,43,4,,1,73,,36820,43,4,,1,26,,36818,43,4,,1,73,,36821,43,4,,1
5703,'Weekday',530,,36823,43,4,,1,70,,36825,43,4,,1,22,,36822,43,4,,1,25,,36826,43,4,,1,66,,36824,43,4,,1,26,,36828,43,4,,1,63,,36829,43,4,,1,28,,36831,43,4,,1,23,,36832,43,4,,1,73,,36827,43,4,,1,26,,36830,43,4,,1,64,,36833,43,4,,1,30,,36834,43,4,,1,65,,36835,43,4,,1,26,,36836,43,4,,1,74,,36837,43,4,,1,30,,36838,43,4,,1,70,,36839,43,4,,1,30,,36842,43,4,,1,72,,36840,43,4,,1,33,,36843,43,4,,1,66,,36844,43,4,,1,25,,36841,43,4,,1,18,,36845,43,4,,1,75,,36846,43,4,,1,19,,36847,43,4,,1,66,,36848,43,4,,1,25,,36850,43,4,,1,18,,36851,43,4,,1,67,,36852,43,4,,1,26,,36849,43,4,,1,70,,36854,43,4,,1,29,,36855,43,4,,1,66,,36856,43,4,,1,29,,36853,43,4,,1,70,,36857,43,4,,1,30,,36858,43,4,,1,70,,36860,43,4,,1,28,,36861,43,4,,1,71,,36862,43,4,,1,22,,36859,43,4,,1,74,,36863,43,4,,1,17,,36864,43,4,,1,22,,36865,43,4,,1
5704,'Holiday1',924,,36866,1,,,1,29,,36867,1,,,1,72,,36868,1,,,1,29,,36869,1,,,1,70,,36870,1,,,1,30,,36871,1,,,1,71,,36872,1,,,1,29,,36873,1,,,1,74,,36874,1,,,1,26,,36876,1,,,1,72,,36877,1,,,1,28,,36875,1,,,1,72,,36880,1,,,1,28,,36879,1,,,1,73,,36878,1,,,1,27,,36883,1,,,1,74,,36882,1,,,1,27,,36884,1,,,1,73,,36881,1,,,1,26,,36886,1,,,1,74,,36885,1,,,1
5704,'Saturday',554,,36893,1,,,1,70,,36905,1,,,1,28,,36891,1,,,1,72,,36906,1,,,1,28,,36897,1,,,1,72,,36907,1,,,1,28,,36899,1,,,1,72,,36908,1,,,1,28,,36900,1,,,1,72,,36909,1,,,1,28,,36895,1,,,1,72,,36910,1,,,1,28,,36896,1,,,1,72,,36911,1,,,1,28,,36892,1,,,1,72,,36912,1,,,1,28,,36890,1,,,1,72,,36913,1,,,1,28,,36887,1,,,1,72,,36903,1,,,1,28,,36889,1,,,1,72,,36904,1,,,1,28,,36888,1,,,1,72,,36902,1,,,1,28,,36894,1,,,1,72,,36901,1,,,1,28,,36898,1,,,1
5704,'Sunday',924,,36914,1,,,1,29,,36915,1,,,1,72,,36916,1,,,1,29,,36917,1,,,1,70,,36918,1,,,1,30,,36919,1,,,1,71,,36920,1,,,1,29,,36921,1,,,1,74,,36922,1,,,1,26,,36924,1,,,1,72,,36925,1,,,1,28,,36923,1,,,1,72,,36928,1,,,1,28,,36927,1,,,1,73,,36926,1,,,1,27,,36931,1,,,1,74,,36930,1,,,1,27,,36932,1,,,1,73,,36929,1,,,1,26,,36934,1,,,1,74,,36933,1,,,1
5704,'Weekday',444,,36937,1,,,1,65,,36935,1,,,1,23,,36938,1,,,1,71,,36936,1,,,1,20,,36939,1,,,1,26,,36940,1,,,1,66,,36941,1,,,1,25,,36942,1,,,1,64,,36943,1,,,1,29,,36944,1,,,1,23,,36945,1,,,1,71,,36946,1,,,1,28,,36947,1,,,1,62,,36948,1,,,1,32,,36949,1,,,1,63,,36950,1,,,1,28,,36951,1,,,1,73,,36952,1,,,1,32,,36953,1,,,1,72,,36955,1,,,1,28,,36956,1,,,1,72,,36957,1,,,1,33,,36954,1,,,1,65,,36959,1,,,1,23,,36960,1,,,1,65,,36976,1,,,1,31,,36977,1,,,1,19,,36978,1,,,1,65,,36961,1,,,1,25,,36958,1,,,1,59,,36962,1,,,1,26,,36963,1,,,1,27,,36965,1,,,1,69,,36975,1,,,1,29,,36966,1,,,1,67,,36967,1,,,1,28,,36964,1,,,1,69,,36968,1,,,1,30,,36969,1,,,1,69,,36971,1,,,1,29,,36972,1,,,1,71,,36973,1,,,1,22,,36970,1,,,1,74,,36974,1,,,1
