901,'Holiday1',803,,16732,13,,,1,104,,16739,13,,,1,107,,16740,13,,,1,105,,16741,13,,,1,105,,16742,13,,,1,105,,16738,13,,,1,106,,16734,13,,,1,105,,16735,13,,,1,107,,16736,13,,,1,107,,16733,13,,,1,146,,16737,13,,,1
901,'Saturday',714,,16743,13,,,1,90,,16744,13,,,1,50,,16745,13,,,1,90,,16746,13,,,1,90,,16747,13,,,1,90,,16748,13,,,1,90,,16749,13,,,1,90,,16750,13,,,1,50,,16751,13,,,1,90,,16752,13,,,1,91,,16753,13,,,1,91,,16754,13,,,1,90,,16755,13,,,1,89,,16756,13,,,1,49,,16757,13,,,1
901,'Sunday',803,,16758,13,,,1,104,,16765,13,,,1,107,,16766,13,,,1,105,,16767,13,,,1,105,,16768,13,,,1,105,,16764,13,,,1,106,,16760,13,,,1,105,,16761,13,,,1,107,,16762,13,,,1,107,,16759,13,,,1,146,,16763,13,,,1
901,'Weekday',515,,16769,13,,,1,34,,16772,13,,,1,74,,16773,13,,,1,34,,16774,13,,,1,63,,16771,13,,,1,39,,16775,13,,,1,76,,16786,13,,,1,85,,16787,13,,,1,88,,16788,13,,,1,42,,16789,13,,,1,87,,16790,13,,,1,86,,16791,13,,,1,83,,16776,13,,,1,43,,16785,13,,,1,72,,16782,13,,,1,35,,16778,13,,,1,78,,16783,13,,,1,75,,16780,13,,,1,35,,16777,13,,,1,75,,16779,13,,,1,37,,16784,13,,,1,74,,16781,13,,,1,75,,16792,13,,,1,39,,16794,13,,,1,81,,16793,13,,,1,85,,16770,13,,,1
2404,'Holiday1',823,,20065,28,,,1,85,,20064,28,,,1,45,,20066,28,,,1,85,,20067,28,,,1,85,,20068,28,,,1,85,,20070,28,,,1,45,,20071,28,,,1,85,,20069,28,,,1,85,,20074,28,,,1,85,,20075,28,,,1,45,,20072,28,,,1,85,,20073,28,,,1,85,,20077,28,,,1,85,,20078,28,,,1,45,,20076,28,,,1
2404,'Saturday',823,,20079,28,,,1,85,,20080,28,,,1,45,,20085,28,,,1,85,,20081,28,,,1,85,,20082,28,,,1,85,,20083,28,,,1,45,,20086,28,,,1,85,,20087,28,,,1,85,,20088,28,,,1,85,,20089,28,,,1,45,,20084,28,,,1,85,,20090,28,,,1,85,,20091,28,,,1,85,,20092,28,,,1,45,,20093,28,,,1
2404,'Sunday',823,,20095,28,,,1,85,,20094,28,,,1,45,,20096,28,,,1,85,,20097,28,,,1,85,,20098,28,,,1,85,,20100,28,,,1,45,,20101,28,,,1,85,,20099,28,,,1,85,,20104,28,,,1,85,,20105,28,,,1,45,,20102,28,,,1,85,,20103,28,,,1,85,,20107,28,,,1,85,,20108,28,,,1,45,,20106,28,,,1
2404,'Weekday',536,,20111,28,,,1,17,,20110,28,,,1,74,,20114,28,,,1,76,,20123,28,,,1,36,,20124,28,,,1,75,,20125,28,,,1,36,,20121,28,,,1,76,,20122,28,,,1,75,,20130,28,,,1,37,,20109,28,,,1,75,,20112,28,,,1,35,,20128,28,,,1,76,,20126,28,,,1,77,,20127,28,,,1,37,,20129,28,,,1,77,,20113,28,,,1,33,,20116,28,,,1,76,,20131,28,,,1,76,,20132,28,,,1,34,,20133,28,,,1,76,,20134,28,,,1,36,,20135,28,,,1,75,,20136,28,,,1,36,,20137,28,,,1,78,,20118,28,,,1,72,,20115,28,,,1,32,,20117,28,,,1,76,,20120,28,,,1,35,,20119,28,,,1
2504,'Weekday',619,,20157,26,,,1,30,,20159,26,,,1,77,,20165,26,,,1,76,,20164,26,,,1,38,,20163,26,,,1,74,,20162,26,,,1,35,,20166,26,,,1,76,,20167,26,,,1,483,,20158,26,,,1,36,,20168,26,,,1,76,,20169,26,,,1,37,,20170,26,,,1,76,,20171,26,,,1,77,,20172,26,,,1,36,,20173,26,,,1,75,,20174,26,,,1,36,,20161,26,,,1,74,,20160,26,,,1
21500,'Weekday',736,,24481,12,,,1
