203,'Holiday1',724,,14139,,,1,33,,14140,,,1,73,,14141,,,1,73,,14142,,,1,33,,14143,,,1,73,,14145,,,1,33,,14146,,,1,73,,14147,,,1,33,,14144,,,1,73,,14149,,,1,33,,14151,,,1,73,,14152,,,1,73,,14148,,,1,33,,14153,,,1,73,,14150,,,1,33,,14154,,,1,73,,14155,,,1,33,,14157,,,1,73,,14158,,,1,33,,14159,,,1,73,,14156,,,1,33,,14161,,,1,73,,14162,,,1,73,,14163,,,1,33,,14160,,,1,73,,14165,,,1,33,,14166,,,1,73,,14168,,,1,33,,14169,,,1,73,,14167,,,1,33,,14170,,,1,73,,14164,,,1
203,'Saturday',534,,14171,,,1,70,,14172,,,1,30,,14175,,,1,70,,14176,,,1,25,,14174,,,1,76,,14173,,,1,29,,14179,,,1,91,,14180,,,1,30,,14177,,,1,70,,14178,,,1,30,,14181,,,1,70,,14183,,,1,30,,14185,,,1,70,,14186,,,1,30,,14182,,,1,70,,14187,,,1,30,,14184,,,1,70,,14188,,,1,30,,14189,,,1,70,,14192,,,1,30,,14193,,,1,70,,14194,,,1,30,,14190,,,1,70,,14191,,,1,30,,14195,,,1,70,,14197,,,1,30,,14198,,,1,69,,14199,,,1,30,,14196,,,1,70,,14200,,,1,30,,14201,,,1,70,,14204,,,1,30,,14205,,,1,70,,14202,,,1,30,,14203,,,1,70,,14207,,,1,30,,14208,,,1,70,,14206,,,1,30,,14209,,,1,70,,14210,,,1
203,'Sunday',724,,14211,,,1,33,,14212,,,1,73,,14213,,,1,73,,14214,,,1,33,,14215,,,1,73,,14217,,,1,33,,14218,,,1,73,,14219,,,1,33,,14216,,,1,73,,14221,,,1,33,,14222,,,1,73,,14223,,,1,73,,14220,,,1,33,,14224,,,1,73,,14225,,,1,33,,14226,,,1,73,,14227,,,1,33,,14229,,,1,73,,14230,,,1,33,,14231,,,1,73,,14228,,,1,33,,14233,,,1,73,,14234,,,1,73,,14235,,,1,33,,14232,,,1,73,,14237,,,1,33,,14238,,,1,73,,14240,,,1,33,,14241,,,1,73,,14239,,,1,33,,14242,,,1,73,,14236,,,1
203,'Weekday',419,,14243,,,1,22,,14245,,,1,62,,14246,,,1,22,,14247,,,1,21,,14244,,,1,63,,14248,,,1,18,,14249,,,1,19,,14250,,,1,65,,14251,,,1,27,,14252,,,1,62,,14253,,,1,15,,14254,,,1,19,,14256,,,1,67,,14257,,,1,27,,14258,,,1,22,,14255,,,1,59,,14259,,,1,19,,14260,,,1,25,,14261,,,1,65,,14262,,,1,22,,14263,,,1,18,,14264,,,1,58,,14266,,,1,26,,14267,,,1,66,,14268,,,1,22,,14265,,,1,15,,14270,,,1,59,,14271,,,1,26,,14272,,,1,26,,14269,,,1,61,,14273,,,1,16,,14275,,,1,19,,14276,,,1,65,,14277,,,1,27,,14274,,,1,62,,14278,,,1,19,,14280,,,1,23,,14281,,,1,65,,14282,,,1,27,,14279,,,1,61,,14283,,,1,19,,14284,,,1,27,,14285,,,1,63,,14286,,,1,22,,14287,,,1,23,,14288,,,1,61,,14289,,,1,21,,14291,,,1,20,,14292,,,1,56,,14293,,,1,32,,14290,,,1,72,,14294,,,1,32,,14295,,,1,72,,14296,,,1,28,,14297,,,1,68,,14298,,,1
5601,'Holiday1',829,,23821,,,1,80,,23822,,,1,40,,23823,,,1,80,,23824,,,1,80,,23825,,,1,40,,23826,,,1,80,,23827,,,1,80,,23828,,,1,40,,23829,,,1,80,,23830,,,1,80,,23831,,,1,40,,23832,,,1,80,,23833,,,1,80,,23834,,,1,40,,23836,,,1,80,,23835,,,1,80,,23837,,,1
5601,'Saturday',828,,23839,,,1,80,,23840,,,1,42,,23841,,,1,80,,23842,,,1,80,,23843,,,1,40,,23844,,,1,80,,23838,,,1,80,,23845,,,1,40,,23846,,,1,80,,23847,,,1,80,,23848,,,1,40,,23851,,,1,80,,23853,,,1,80,,23850,,,1,40,,23854,,,1,80,,23849,,,1,79,,23852,,,1
5601,'Sunday',829,,23855,,,1,80,,23856,,,1,40,,23857,,,1,80,,23858,,,1,80,,23859,,,1,40,,23860,,,1,80,,23861,,,1,80,,23862,,,1,40,,23863,,,1,80,,23864,,,1,80,,23865,,,1,40,,23866,,,1,80,,23867,,,1,80,,23868,,,1,40,,23870,,,1,80,,23869,,,1,80,,23871,,,1
5601,'Weekday',558,,23872,,,1,80,,23873,,,1,80,,23874,,,1,40,,23875,,,1,81,,23876,,,1,80,,23878,,,1,40,,23879,,,1,79,,23880,,,1,80,,23881,,,1,40,,23882,,,1,80,,23883,,,1,80,,23877,,,1,40,,23884,,,1,81,,23885,,,1,81,,23886,,,1,80,,23887,,,1,41,,23892,,,1,80,,23889,,,1,80,,23890,,,1,40,,23891,,,1,80,,23888,,,1,79,,23894,,,1,39,,23895,,,1,79,,23893,,,1,40,,23896,,,1
50203,'Holiday1',909,,25532,,,1,20,,25493,,,1,18,,25494,,,1,62,,25492,,,1,20,,25481,,,1,20,,25482,,,1,60,,25480,,,1,21,,25483,,,1,15,,25511,,,1,55,,25513,,,1,15,,25514,,,1,15,,25510,,,1,15,,25536,,,1,55,,25515,,,1,15,,25512,,,1,15,,25516,,,1,15,,25517,,,1,55,,25518,,,1,16,,25519,,,1,14,,25522,,,1,12,,25523,,,1,12,,25520,,,1,52,,25521,,,1,12,,25524,,,1,12,,25525,,,1,12,,25526,,,1,12,,25527,,,1,52,,25528,,,1,12,,25529,,,1,12,,25531,,,1,12,,25533,,,1,12,,25534,,,1,52,,25498,,,1,12,,25497,,,1,12,,25509,,,1,12,,25499,,,1,12,,25500,,,1,52,,25506,,,1,12,,25503,,,1,12,,25501,,,1,12,,25508,,,1,12,,25504,,,1,52,,25502,,,1,11,,25505,,,1,12,,25507,,,1,12,,25496,,,1,12,,25537,,,1,52,,25535,,,1,12,,25495,,,1,12,,25484,,,1,20,,25485,,,1,60,,25486,,,1,22,,25487,,,1,18,,25488,,,1,60,,25489,,,1,20,,25490,,,1,20,,25491,,,1,60,,25530,,,1
50203,'Saturday',801,,25583,,,1,12,,25569,,,1,12,,25570,,,1,12,,25551,,,1,12,,25549,,,1,52,,25538,,,1,12,,25599,,,1,12,,25603,,,1,12,,25604,,,1,12,,25605,,,1,52,,25606,,,1,12,,25607,,,1,13,,25608,,,1,12,,25609,,,1,12,,25610,,,1,52,,25611,,,1,12,,25612,,,1,12,,25613,,,1,12,,25614,,,1,12,,25615,,,1,52,,25598,,,1,12,,25601,,,1,12,,25602,,,1,12,,25597,,,1,12,,25600,,,1,52,,25595,,,1,12,,25596,,,1,13,,25594,,,1,16,,25539,,,1,11,,25544,,,1,51,,25581,,,1,10,,25543,,,1,10,,25567,,,1,10,,25541,,,1,10,,25562,,,1,11,,25555,,,1,49,,25540,,,1,11,,25553,,,1,10,,25546,,,1,11,,25542,,,1,8,,25545,,,1,10,,25554,,,1,50,,25579,,,1,9,,25548,,,1,12,,25564,,,1,12,,25557,,,1,12,,25568,,,1,50,,25552,,,1,10,,25550,,,1,10,,25556,,,1,10,,25547,,,1,10,,25565,,,1,9,,25563,,,1,10,,25566,,,1,51,,25559,,,1,14,,25575,,,1,14,,25560,,,1,11,,25561,,,1,55,,25558,,,1,12,,25571,,,1,13,,25578,,,1,17,,25580,,,1,54,,25576,,,1,14,,25574,,,1,17,,25573,,,1,17,,25577,,,1,57,,25572,,,1,15,,25584,,,1,9,,25587,,,1,15,,25582,,,1,14,,25589,,,1,54,,25586,,,1,15,,25588,,,1,16,,25585,,,1,14,,25593,,,1,54,,25591,,,1,14,,25592,,,1,15,,25590,,,1
50203,'Sunday',909,,25670,,,1,20,,25629,,,1,18,,25630,,,1,62,,25628,,,1,20,,25617,,,1,20,,25618,,,1,60,,25616,,,1,21,,25619,,,1,15,,25647,,,1,55,,25649,,,1,15,,25650,,,1,15,,25646,,,1,15,,25672,,,1,55,,25651,,,1,15,,25648,,,1,15,,25652,,,1,15,,25653,,,1,55,,25654,,,1,16,,25655,,,1,14,,25658,,,1,12,,25659,,,1,12,,25656,,,1,52,,25657,,,1,12,,25660,,,1,12,,25661,,,1,12,,25662,,,1,12,,25663,,,1,52,,25664,,,1,12,,25665,,,1,12,,25667,,,1,12,,25668,,,1,12,,25669,,,1,52,,25636,,,1,12,,25633,,,1,12,,25645,,,1,12,,25634,,,1,12,,25635,,,1,52,,25642,,,1,12,,25639,,,1,12,,25637,,,1,12,,25644,,,1,12,,25640,,,1,52,,25638,,,1,11,,25641,,,1,12,,25643,,,1,12,,25632,,,1,12,,25673,,,1,52,,25671,,,1,12,,25631,,,1,12,,25620,,,1,20,,25621,,,1,60,,25622,,,1,22,,25623,,,1,18,,25624,,,1,60,,25625,,,1,20,,25626,,,1,20,,25627,,,1,60,,25666,,,1
50203,'Weekday',559,,25675,,,1,50,,25674,,,1,6,,25676,,,1,8,,25780,,,1,8,,25781,,,1,8,,25782,,,1,8,,25783,,,1,8,,25736,,,1,48,,25745,,,1,9,,25728,,,1,8,,25750,,,1,8,,25740,,,1,8,,25742,,,1,8,,25729,,,1,8,,25732,,,1,48,,25749,,,1,8,,25755,,,1,9,,25760,,,1,10,,25762,,,1,6,,25773,,,1,8,,25724,,,1,8,,25751,,,1,8,,25769,,,1,48,,25754,,,1,8,,25771,,,1,8,,25767,,,1,7,,25763,,,1,15,,25764,,,1,15,,25761,,,1,54,,25752,,,1,17,,25778,,,1,15,,25753,,,1,15,,25756,,,1,56,,25725,,,1,15,,25776,,,1,15,,25772,,,1,55,,25765,,,1,15,,25759,,,1,15,,25768,,,1,15,,25757,,,1,55,,25770,,,1,16,,25779,,,1,15,,25775,,,1,15,,25758,,,1,55,,25777,,,1,15,,25766,,,1,12,,25774,,,1,8,,25678,,,1,9,,25686,,,1,7,,25677,,,1,48,,25679,,,1,5,,25684,,,1,7,,25681,,,1,6,,25680,,,1,6,,25682,,,1,8,,25685,,,1,8,,25683,,,1,8,,25687,,,1,8,,25688,,,1,48,,25689,,,1,8,,25691,,,1,8,,25690,,,1,9,,25694,,,1,8,,25697,,,1,10,,25692,,,1,8,,25695,,,1,49,,25693,,,1,7,,25699,,,1,6,,25696,,,1,7,,25701,,,1,6,,25698,,,1,6,,25700,,,1,8,,25704,,,1,9,,25705,,,1,48,,25702,,,1,7,,25707,,,1,7,,25708,,,1,7,,25703,,,1,7,,25709,,,1,7,,25706,,,1,8,,25711,,,1,8,,25712,,,1,48,,25710,,,1,8,,25713,,,1,7,,25715,,,1,8,,25714,,,1,7,,25716,,,1,13,,25738,,,1,16,,25734,,,1,54,,25735,,,1,14,,25744,,,1,15,,25730,,,1,15,,25731,,,1,55,,25747,,,1,13,,25727,,,1,15,,25726,,,1,13,,25733,,,1,57,,25743,,,1,15,,25741,,,1,12,,25746,,,1,18,,25737,,,1,55,,25739,,,1,15,,25748,,,1,14,,25721,,,1,15,,25717,,,1,55,,25722,,,1,15,,25719,,,1,15,,25723,,,1,15,,25718,,,1,55,,25720,,,1
