501,'Holiday1',604,,28626,3,,,1,33,,28624,3,,,1,73,,28621,3,,,1,35,,28622,3,,,1,75,,28625,3,,,1,27,,28623,3,,,1,71,,28620,3,,,1,21,,28619,3,,,1,19,,28617,3,,,1,76,,28618,3,,,1,73,,28616,3,,,1,31,,28615,3,,,1,76,,28614,3,,,1,29,,28612,3,,,1,68,,28613,3,,,1,27,,28610,3,,,1,71,,28611,3,,,1,36,,28609,3,,,1,70,,28607,3,,,1,39,,28606,3,,,1,63,,28608,3,,,1,29,,28605,3,,,1,70,,28603,3,,,1,32,,28604,3,,,1,82,,28600,3,,,1,20,,28602,3,,,1,71,,28601,3,,,1,97,,28629,3,,,1,84,,28630,3,,,1,50,,28628,3,,,1,89,,28627,3,,,1
501,'Saturday',445,,28631,3,,,1,67,,28641,3,,,1,26,,28654,3,,,1,66,,28632,3,,,1,32,,28635,3,,,1,70,,28634,3,,,1,30,,28639,3,,,1,68,,28646,3,,,1,32,,28633,3,,,1,73,,28636,3,,,1,32,,28637,3,,,1,70,,28640,3,,,1,34,,28648,3,,,1,70,,28638,3,,,1,36,,28643,3,,,1,70,,28644,3,,,1,24,,28645,3,,,1,70,,28642,3,,,1,30,,28649,3,,,1,70,,28650,3,,,1,30,,28647,3,,,1,70,,28653,3,,,1,30,,28651,3,,,1,70,,28652,3,,,1,30,,28655,3,,,1,70,,28658,3,,,1,30,,28657,3,,,1,70,,28656,3,,,1,34,,28661,3,,,1,73,,28659,3,,,1,83,,28663,3,,,1,50,,28664,3,,,1,90,,28665,3,,,1,90,,28666,3,,,1,89,,28660,3,,,1,90,,28662,3,,,1
501,'Sunday',604,,28693,3,,,1,33,,28691,3,,,1,73,,28689,3,,,1,35,,28688,3,,,1,75,,28692,3,,,1,27,,28690,3,,,1,71,,28687,3,,,1,21,,28686,3,,,1,19,,28684,3,,,1,76,,28685,3,,,1,73,,28683,3,,,1,31,,28682,3,,,1,76,,28681,3,,,1,29,,28679,3,,,1,68,,28680,3,,,1,27,,28677,3,,,1,71,,28678,3,,,1,36,,28676,3,,,1,70,,28674,3,,,1,39,,28673,3,,,1,63,,28675,3,,,1,29,,28672,3,,,1,70,,28670,3,,,1,32,,28671,3,,,1,82,,28667,3,,,1,20,,28669,3,,,1,71,,28668,3,,,1,97,,28696,3,,,1,84,,28697,3,,,1,50,,28695,3,,,1,89,,28694,3,,,1
501,'Weekday',403,,28698,3,,,1,20,,28700,3,,,1,20,,28701,3,,,1,60,,28702,3,,,1,20,,28703,3,,,1,20,,28704,3,,,1,61,,28705,3,,,1,20,,28706,3,,,1,20,,28707,3,,,1,60,,28708,3,,,1,20,,28709,3,0,5,1,20,,28712,3,,,1,59,,28710,3,0,5,1,20,,28713,3,,,1,21,,28711,3,0,5,1,59,,28714,3,,,1,27,,28740,3,0,5,1,27,,28745,3,,,1,67,,28739,3,0,5,1,27,,28744,3,,,1,68,,28742,3,0,5,1,27,,28741,3,,,1,67,,28747,3,0,5,1,27,,28743,3,,,1,67,,28746,3,0,5,1,37,,28715,3,,,1,60,,28716,3,0,5,1,20,,28724,3,,,1,20,,28717,3,0,5,1,69,,28725,3,,,1,20,,28718,3,0,5,1,20,,28726,3,,,1,60,,28719,3,0,5,1,20,,28727,3,,,1,20,,28720,3,0,5,1,60,,28728,3,,,1,20,,28721,3,0,5,1,20,,28729,3,,,1,61,,28722,3,0,5,1,19,,28730,3,,,1,20,,28723,3,0,5,1,60,,28731,3,,,1,40,,28732,3,,,1,80,,28733,3,,,1,79,,28734,3,,,1,40,,28735,3,,,1,80,,28736,3,,,1,80,,28737,3,,,1,40,,28738,3,,,1,77,,28699,3,,,1
901,'Holiday1',753,,29923,3,,,1,105,,29930,3,,,1,146,,29931,3,,,1,105,,29932,3,,,1,105,,29933,3,,,1,105,,29929,3,,,1,106,,29925,3,,,1,105,,29926,3,,,1,107,,29927,3,,,1,107,,29924,3,,,1,106,,29928,3,,,1
901,'Saturday',704,,29934,3,,,1,50,,29935,3,,,1,90,,29936,3,,,1,90,,29937,3,,,1,90,,29938,3,,,1,90,,29939,3,,,1,90,,29941,3,,,1,50,,29942,3,,,1,90,,29943,3,,,1,90,,29940,3,,,1,91,,29944,3,,,1,90,,29945,3,,,1,90,,29946,3,,,1,50,,29947,3,,,1,89,,29948,3,,,1
901,'Sunday',753,,29949,3,,,1,105,,29956,3,,,1,146,,29957,3,,,1,105,,29958,3,,,1,105,,29959,3,,,1,105,,29955,3,,,1,106,,29951,3,,,1,105,,29952,3,,,1,107,,29953,3,,,1,107,,29950,3,,,1,106,,29954,3,,,1
901,'Weekday',505,,29960,3,,,1,34,,29963,3,,,1,74,,29964,3,,,1,34,,29965,3,,,1,63,,29962,3,,,1,39,,29966,3,,,1,76,,29978,3,,,1,85,,29977,3,,,1,48,,29979,3,,,1,82,,29980,3,,,1,87,,29981,3,,,1,86,,29982,3,,,1,42,,29967,3,,,1,83,,29976,3,,,1,72,,29973,3,,,1,35,,29969,3,,,1,78,,29974,3,,,1,35,,29971,3,,,1,75,,29968,3,,,1,75,,29970,3,,,1,37,,29975,3,,,1,75,,29972,3,,,1,35,,29983,3,,,1,79,,29985,3,,,1,81,,29984,3,,,1,85,,29961,3,,,1
50501,'Holiday1',948,,38879,2,,,1,58,,38885,2,,,1,18,,38886,2,,,1,18,,38887,2,,,1,58,,38888,2,,,1,18,,38889,2,,,1,18,,38890,2,,,1,18,,38891,2,,,1,58,,38892,2,,,1,18,,38893,2,,,1,18,,38894,2,,,1,58,,38895,2,,,1,18,,38896,2,,,1,18,,38897,2,,,1,58,,38898,2,,,1,18,,38899,2,,,1,18,,38900,2,,,1,18,,38901,2,,,1,58,,38902,2,,,1,18,,38903,2,,,1,18,,38904,2,,,1,58,,38905,2,,,1,18,,38906,2,,,1,18,,38907,2,,,1,58,,38883,2,,,1,18,,38881,2,,,1,18,,38882,2,,,1,18,,38880,2,,,1,58,,38884,2,,,1
50501,'Saturday',849,,38909,2,,,1,66,,38908,2,,,1,18,,38910,2,,,1,18,,38912,2,,,1,58,,38913,2,,,1,18,,38914,2,,,1,18,,38915,2,,,1,58,,38916,2,,,1,18,,38917,2,,,1,18,,38918,2,,,1,18,,38919,2,,,1,58,,38920,2,,,1,18,,38921,2,,,1,18,,38922,2,,,1,58,,38923,2,,,1,18,,38924,2,,,1,18,,38925,2,,,1,58,,38926,2,,,1,18,,38927,2,,,1,18,,38928,2,,,1,18,,38929,2,,,1,58,,38930,2,,,1,18,,38931,2,,,1,18,,38932,2,,,1,58,,38933,2,,,1,18,,38934,2,,,1,18,,38935,2,,,1,58,,38936,2,,,1,18,,38937,2,,,1,18,,38938,2,,,1,19,,38939,2,,,1,57,,38940,2,,,1,19,,38911,2,,,1
50501,'Sunday',948,,38941,2,,,1,58,,38947,2,,,1,18,,38948,2,,,1,18,,38949,2,,,1,58,,38950,2,,,1,18,,38951,2,,,1,18,,38952,2,,,1,18,,38953,2,,,1,58,,38954,2,,,1,18,,38955,2,,,1,18,,38956,2,,,1,58,,38957,2,,,1,18,,38958,2,,,1,18,,38959,2,,,1,58,,38960,2,,,1,18,,38961,2,,,1,18,,38962,2,,,1,18,,38963,2,,,1,58,,38964,2,,,1,18,,38965,2,,,1,18,,38966,2,,,1,58,,38967,2,,,1,18,,38968,2,,,1,18,,38969,2,,,1,58,,38945,2,,,1,18,,38943,2,,,1,18,,38944,2,,,1,18,,38942,2,,,1,58,,38946,2,,,1
50501,'Weekday',537,,38971,2,,,1,18,,38973,2,,,1,58,,38974,2,,,1,18,,38975,2,,,1,18,,38976,2,,,1,58,,38977,2,,,1,18,,38978,2,,,1,18,,38979,2,,,1,58,,38980,2,,,1,18,,38981,2,,,1,18,,38982,2,,,1,18,,38983,2,,,1,58,,38984,2,,,1,18,,38985,2,,,1,18,,38986,2,,,1,58,,38987,2,,,1,18,,38988,2,,,1,18,,38989,2,,,1,58,,38990,2,,,1,18,,38991,2,,,1,18,,38992,2,,,1,18,,38993,2,,,1,58,,38994,2,,,1,18,,38995,2,,,1,18,,38996,2,,,1,58,,38997,2,,,1,18,,38998,2,,,1,18,,38999,2,,,1,58,,39000,2,,,1,18,,39001,2,,,1,18,,39002,2,,,1,18,,39003,2,,,1,58,,39004,2,,,1,18,,39005,2,,,1,18,,39006,2,,,1,58,,39007,2,,,1,18,,39008,2,,,1,18,,39009,2,,,1,58,,39010,2,,,1,18,,39011,2,,,1,18,,39012,2,,,1,18,,39013,2,,,1,58,,39014,2,,,1,18,,39015,2,,,1,18,,39016,2,,,1,58,,39017,2,,,1,18,,39018,2,,,1,18,,39019,2,,,1,58,,38972,2,,,1
