'251222-MULTI-Weekday-01',1003,61000,4,'',1,3200,4,'',1,6200,4,'',1,3200,4,'',1,2300,4,'',1,5600,4,'',1,3100,4,'',1,6600,4,'',1,2400,4,'',1,6400,4,'',1,2200,4,'',1,8600,4,'',1,9600,4,'',1,5500,4,'',1,9400,4,'',1,8700,4,'',1,7100,4,'',1,2800,4,'',1,1800,4,'',1,6400,4,'',1,2700,4,'',1,7000,4,'',1,2900,4,'',1,5700,4,'',1,2900,4,'',1,2200,4,'',1,6600,4,'',1,2300,4,'',1
'251229-MULTI-Holiday3-04',1003,61000,4,'',1,3200,4,'',1,6200,4,'',1,3200,4,'',1,2300,4,'',1,5600,4,'',1,3100,4,'',1,6600,4,'',1,2400,4,'',1,6400,4,'',1,2200,4,'',1,8600,4,'',1,9600,4,'',1,5500,4,'',1,9400,4,'',1,8700,4,'',1,7100,4,'',1,2800,4,'',1,1800,4,'',1,6400,4,'',1,2700,4,'',1,7000,4,'',1,2900,4,'',1,5700,4,'',1,2900,4,'',1,2200,4,'',1,6600,4,'',1,2300,4,'',1
'251229-MULTI-Weekday-01',1003,61000,4,'',1,3200,4,'',1,6200,4,'',1,3200,4,'',1,2300,4,'',1,5600,4,'',1,3100,4,'',1,6600,4,'',1,2400,4,'',1,6400,4,'',1,2200,4,'',1,8600,4,'',1,9600,4,'',1,5500,4,'',1,9400,4,'',1,8700,4,'',1,7100,4,'',1,2800,4,'',1,1800,4,'',1,6400,4,'',1,2700,4,'',1,7000,4,'',1,2900,4,'',1,5700,4,'',1,2900,4,'',1,2200,4,'',1,6600,4,'',1,2300,4,'',1
'251222-MULTI-Holiday2-02',1303,83400,4,'',1,10000,4,'',1,10100,4,'',1,10000,4,'',1,10100,4,'',1,10000,4,'',1,10000,4,'',1,10000,4,'',1,10000,4,'',1,9900,4,'',1,10000,4,'',1,10000,4,'',1
'251222-MULTI-Holiday2-02',1304,80000,,'',1,10000,,'',1,10000,,'',1,10000,,'',1,10000,,'',1,10000,,'',1,10000,,'',1,10000,,'',1,10000,,'',1,10000,,'',1,10000,,'',1,10000,,'',1
'251222-MULTI-Saturday-01',1303,83400,4,'',1,10000,4,'',1,10100,4,'',1,10000,4,'',1,10100,4,'',1,10000,4,'',1,10000,4,'',1,10000,4,'',1,10000,4,'',1,9900,4,'',1,10000,4,'',1,10000,4,'',1
'251222-MULTI-Saturday-01',1304,80000,,'',1,10000,,'',1,10000,,'',1,10000,,'',1,10000,,'',1,10000,,'',1,10000,,'',1,10000,,'',1,10000,,'',1,10000,,'',1,10000,,'',1,10000,,'',1
'251222-MULTI-Weekday-01',1303,51600,4,'',1,4300,4,'',1,8900,4,'',1,8700,4,'',1,8700,4,'',1,8700,4,'',1,4200,4,'',1,8300,4,'',1,8500,4,'',1,8500,4,'',1,4200,4,'',1,8400,4,'',1,8600,4,'',1,8500,4,'',1,4600,4,'',1,8800,4,'',1,8600,4,'',1,8500,4,'',1,4500,4,'',1,8300,4,'',1
'251222-MULTI-Weekday-01',1304,52200,,'',1,8300,,'',1,4700,,'',1,8700,,'',1,8700,,'',1,8800,,'',1,4200,,'',1,8300,,'',1,8500,,'',1,8500,,'',1,4200,,'',1,8500,,'',1,8500,,'',1,8500,,'',1,4600,,'',1,8700,,'',1,8600,,'',1,8400,,'',1,4500,,'',1,8500,,'',1
'251229-MULTI-Holiday3-04',1303,51600,4,'',1,4300,4,'',1,8900,4,'',1,8700,4,'',1,8700,4,'',1,8700,4,'',1,4200,4,'',1,8300,4,'',1,8500,4,'',1,8500,4,'',1,4200,4,'',1,8400,4,'',1,8600,4,'',1,8500,4,'',1,4600,4,'',1,8800,4,'',1,8600,4,'',1,8500,4,'',1,4500,4,'',1,8300,4,'',1
'251229-MULTI-Holiday3-04',1304,52200,,'',1,8300,,'',1,4700,,'',1,8700,,'',1,8700,,'',1,8800,,'',1,4200,,'',1,8300,,'',1,8500,,'',1,8500,,'',1,4200,,'',1,8500,,'',1,8500,,'',1,8500,,'',1,4600,,'',1,8700,,'',1,8600,,'',1,8400,,'',1,4500,,'',1,8500,,'',1
'251229-MULTI-Saturday-01',1303,83400,4,'',1,10000,4,'',1,10100,4,'',1,10000,4,'',1,10100,4,'',1,10000,4,'',1,10000,4,'',1,10000,4,'',1,10000,4,'',1,9900,4,'',1,10000,4,'',1,10000,4,'',1
'251229-MULTI-Saturday-01',1304,80000,,'',1,10000,,'',1,10000,,'',1,10000,,'',1,10000,,'',1,10000,,'',1,10000,,'',1,10000,,'',1,10000,,'',1,10000,,'',1,10000,,'',1,10000,,'',1
'251229-MULTI-Weekday-01',1303,51600,4,'',1,4300,4,'',1,8900,4,'',1,8700,4,'',1,8700,4,'',1,8700,4,'',1,4200,4,'',1,8300,4,'',1,8500,4,'',1,8500,4,'',1,4200,4,'',1,8400,4,'',1,8600,4,'',1,8500,4,'',1,4600,4,'',1,8800,4,'',1,8600,4,'',1,8500,4,'',1,4500,4,'',1,8300,4,'',1
'251229-MULTI-Weekday-01',1304,52200,,'',1,8300,,'',1,4700,,'',1,8700,,'',1,8700,,'',1,8800,,'',1,4200,,'',1,8300,,'',1,8500,,'',1,8500,,'',1,4200,,'',1,8500,,'',1,8500,,'',1,8500,,'',1,4600,,'',1,8700,,'',1,8600,,'',1,8400,,'',1,4500,,'',1,8500,,'',1
'251222-MULTI-Weekday-01',2001,51800,,'',1,2700,,'',1,7200,,'',1,500,,'',1,2500,,'',1,7400,,'',1,2000,,'',1,6500,,'',1,1800,,'',1,2800,,'',1,6600,,'',1,2400,,'',1,8600,0,'Eastbound',1,9200,0,'Eastbound',1,9100,0,'Eastbound',1,9100,0,'Eastbound',1,5500,0,'Eastbound',1,6500,,'',1,2700,,'',1,6700,,'',1,2800,,'',1,5900,,'',1,2600,,'',1,2500,,'',1,7100,,'',1,2600,,'',1,5800,,'',1,2800,,'',1,2100,,'',1,35400,0,'Eastbound',1,3700,0,'Eastbound',1
'251229-MULTI-Holiday3-04',2001,51800,,'',1,2700,,'',1,7200,,'',1,500,,'',1,2500,,'',1,7400,,'',1,2000,,'',1,6500,,'',1,1800,,'',1,2800,,'',1,6600,,'',1,2400,,'',1,8600,0,'Eastbound',1,9200,0,'Eastbound',1,9100,0,'Eastbound',1,9100,0,'Eastbound',1,5500,0,'Eastbound',1,6500,,'',1,2700,,'',1,6700,,'',1,2800,,'',1,5900,,'',1,2600,,'',1,2500,,'',1,7100,,'',1,2600,,'',1,5800,,'',1,2800,,'',1,2100,,'',1,35400,0,'Eastbound',1,3700,0,'Eastbound',1
'251229-MULTI-Weekday-01',2001,51800,,'',1,2700,,'',1,7200,,'',1,500,,'',1,2500,,'',1,7400,,'',1,2000,,'',1,6500,,'',1,1800,,'',1,2800,,'',1,6600,,'',1,2400,,'',1,8600,0,'Eastbound',1,9200,0,'Eastbound',1,9100,0,'Eastbound',1,9100,0,'Eastbound',1,5500,0,'Eastbound',1,6500,,'',1,2700,,'',1,6700,,'',1,2800,,'',1,5900,,'',1,2600,,'',1,2500,,'',1,7100,,'',1,2600,,'',1,5800,,'',1,2800,,'',1,2100,,'',1,35400,0,'Eastbound',1,3700,0,'Eastbound',1
