801,'Holiday1',803,,29730,19,,,1,45,,29731,19,,,1,85,,29732,19,,,1,85,,29729,19,,,1,85,,29727,19,,,1,45,,29728,19,,,1,89,,29734,19,,,1,85,,29733,19,,,1,85,,29736,19,,,1,45,,29738,19,,,1,85,,29735,19,,,1,85,,29739,19,,,1,85,,29740,19,,,1,45,,29737,19,,,1,85,,29741,19,,,1,85,,29743,19,,,1,85,,29744,19,,,1,44,,29742,19,,,1,82,,29746,19,,,1,85,,29745,19,,,1
801,'Saturday',603,,29748,19,,,1,50,,29750,19,,,1,90,,29747,19,,,1,91,,29752,19,,,1,90,,29749,19,,,1,90,,29753,19,,,1,89,,29759,19,,,1,35,,29762,19,,,1,75,,29761,19,,,1,35,,29774,19,,,1,80,,29760,19,,,1,77,,29763,19,,,1,35,,29764,19,,,1,75,,29765,19,,,1,35,,29767,19,,,1,75,,29769,19,,,1,75,,29766,19,,,1,35,,29771,19,,,1,75,,29768,19,,,1,35,,29772,19,,,1,74,,29773,19,,,1,30,,29770,19,,,1,72,,29754,19,,,1,83,,29755,19,,,1,50,,29757,19,,,1,90,,29756,19,,,1,90,,29758,19,,,1,90,,29751,19,,,1
801,'Sunday',803,,29777,19,,,1,45,,29778,19,,,1,85,,29779,19,,,1,85,,29780,19,,,1,85,,29775,19,,,1,45,,29776,19,,,1,89,,29782,19,,,1,85,,29781,19,,,1,85,,29784,19,,,1,45,,29786,19,,,1,85,,29783,19,,,1,85,,29787,19,,,1,85,,29788,19,,,1,45,,29785,19,,,1,85,,29789,19,,,1,85,,29791,19,,,1,85,,29792,19,,,1,44,,29790,19,,,1,82,,29794,19,,,1,85,,29793,19,,,1
801,'Weekday',542,,29795,19,,,1,77,,29807,19,,,1,35,,29808,19,,,1,75,,29809,19,,,1,75,,29810,19,,,1,40,,29811,19,,,1,72,,29798,19,,,1,33,,29805,19,,,1,77,,29796,19,,,1,32,,29806,19,,,1,76,,29800,19,,,1,73,,29801,19,,,1,34,,29802,19,,,1,79,,29803,19,,,1,36,,29804,19,,,1,76,,29812,19,,,1,84,,29814,19,,,1,40,,29813,19,,,1,79,,29816,19,,,1,80,,29818,19,,,1,38,,29817,19,,,1,80,,29815,19,,,1,82,,29821,19,,,1,34,,29819,19,,,1,73,,29820,19,,,1,85,,29822,19,,,1,94,,29823,19,,,1,49,,29797,19,,,1,80,,29799,19,,,1
2403,'Holiday1',800,,33187,1,,,1,45,,33186,1,,,1,85,,33188,1,,,1,85,,33189,1,,,1,85,,33191,1,,,1,45,,33192,1,,,1,85,,33194,1,,,1,85,,33190,1,,,1,85,,33196,1,,,1,45,,33193,1,,,1,85,,33197,1,,,1,85,,33195,1,,,1,85,,33198,1,,,1,45,,33199,1,,,1,85,,33200,1,,,1
2403,'Saturday',800,,33208,1,,,1,45,,33209,1,,,1,85,,33210,1,,,1,85,,33207,1,,,1,85,,33211,1,,,1,45,,33212,1,,,1,85,,33213,1,,,1,85,,33214,1,,,1,85,,33215,1,,,1,45,,33201,1,,,1,85,,33204,1,,,1,85,,33202,1,,,1,85,,33206,1,,,1,45,,33203,1,,,1,85,,33205,1,,,1
2403,'Sunday',800,,33216,1,,,1,45,,33217,1,,,1,85,,33218,1,,,1,85,,33219,1,,,1,85,,33221,1,,,1,45,,33222,1,,,1,85,,33224,1,,,1,85,,33220,1,,,1,85,,33226,1,,,1,45,,33223,1,,,1,85,,33227,1,,,1,85,,33225,1,,,1,85,,33228,1,,,1,45,,33229,1,,,1,85,,33230,1,,,1
2403,'Weekday',435,,33235,1,,,1,65,,33233,1,,,1,30,,33231,1,,,1,70,,33237,1,,,1,36,,33253,1,,,1,76,,33247,1,,,1,36,,33248,1,,,1,76,,33246,1,,,1,76,,33244,1,,,1,36,,33245,1,,,1,81,,33232,1,,,1,35,,33234,1,,,1,76,,33250,1,,,1,76,,33251,1,,,1,37,,33249,1,,,1,77,,33252,1,,,1,27,,33236,1,,,1,72,,33240,1,,,1,35,,33241,1,,,1,76,,33255,1,,,1,76,,33257,1,,,1,36,,33258,1,,,1,76,,33259,1,,,1,36,,33256,1,,,1,76,,33260,1,,,1,76,,33254,1,,,1,33,,33238,1,,,1,75,,33239,1,,,1,33,,33242,1,,,1,85,,33243,1,,,1
2404,'Holiday1',838,,33262,46,4,,1,85,,33261,46,4,,1,85,,33263,46,4,,1,45,,33264,46,4,,1,85,,33265,46,4,,1,85,,33267,46,4,,1,85,,33268,46,4,,1,45,,33266,46,4,,1,85,,33271,46,4,,1,85,,33272,46,4,,1,85,,33269,46,4,,1,45,,33270,46,4,,1,85,,33274,46,4,,1,85,,33275,46,4,,1,85,,33273,46,4,,1
2404,'Saturday',838,,33276,46,4,,1,85,,33277,46,4,,1,85,,33282,46,4,,1,45,,33278,46,4,,1,85,,33279,46,4,,1,85,,33280,46,4,,1,85,,33283,46,4,,1,45,,33284,46,4,,1,85,,33285,46,4,,1,85,,33286,46,4,,1,85,,33281,46,4,,1,45,,33287,46,4,,1,85,,33288,46,4,,1,85,,33289,46,4,,1,85,,33290,46,4,,1
2404,'Sunday',838,,33292,46,4,,1,85,,33291,46,4,,1,85,,33293,46,4,,1,45,,33294,46,4,,1,85,,33295,46,4,,1,85,,33297,46,4,,1,85,,33298,46,4,,1,45,,33296,46,4,,1,85,,33301,46,4,,1,85,,33302,46,4,,1,85,,33299,46,4,,1,45,,33300,46,4,,1,85,,33304,46,4,,1,85,,33305,46,4,,1,85,,33303,46,4,,1
2404,'Weekday',550,,33308,46,4,,1,55,,33307,46,4,,1,34,,33311,46,4,,1,77,,33320,46,4,,1,36,,33321,46,4,,1,76,,33322,46,4,,1,75,,33318,46,4,,1,36,,33319,46,4,,1,75,,33327,46,4,,1,37,,33306,46,4,,1,74,,33309,46,4,,1,75,,33325,46,4,,1,38,,33323,46,4,,1,77,,33324,46,4,,1,37,,33326,46,4,,1,77,,33310,46,4,,1,73,,33313,46,4,,1,37,,33328,46,4,,1,76,,33329,46,4,,1,34,,33330,46,4,,1,75,,33331,46,4,,1,76,,33332,46,4,,1,35,,33333,46,4,,1,74,,33334,46,4,,1,38,,33315,46,4,,1,72,,33312,46,4,,1,32,,33314,46,4,,1,76,,33317,46,4,,1,75,,33316,46,4,,1
