1101,'Holiday1',519,,16919,7,,,1,40,,16916,7,,,1,80,,16915,7,,,1,80,,16913,7,,,1,40,,16920,7,,,1,80,,16922,7,,,1,80,,16925,7,,,1,40,,16926,7,,,1,80,,16929,7,,,1,80,,16928,7,,,1,40,,16932,7,,,1,80,,16934,7,,,1,80,,16936,7,,,1,40,,16937,7,,,1,80,,16939,7,,,1,82,,16942,7,,,1,82,,16946,7,,,1,42,,16947,7,,,1,82,,16951,7,,,1,80,,16949,7,,,1,41,,16948,7,,,1,86,,16953,7,,,1,86,,16954,7,,,1,84,,16962,7,,,1,45,,16959,7,,,1,88,,16958,7,,,1,86,,16965,7,,,1,80,,16966,7,,,1
1101,'Saturday',436,,16967,7,,,1,82,,16970,7,,,1,40,,16971,7,,,1,81,,16969,7,,,1,80,,16968,7,,,1,40,,16972,7,,,1,82,,16979,7,,,1,88,,16981,7,,,1,79,,16982,7,,,1,42,,16983,7,,,1,82,,16985,7,,,1,82,,16986,7,,,1,41,,16987,7,,,1,82,,16984,7,,,1,81,,16988,7,,,1,86,,17002,7,,,1,44,,17003,7,,,1,87,,17004,7,,,1,83,,17005,7,,,1,84,,17006,7,,,1,45,,17007,7,,,1,87,,17011,7,,,1,84,,17012,7,,,1,87,,17013,7,,,1,54,,17015,7,,,1,94,,17018,7,,,1,105,,17019,7,,,1
1101,'Sunday',519,,17026,7,,,1,40,,17023,7,,,1,80,,17022,7,,,1,80,,17020,7,,,1,40,,17027,7,,,1,80,,17029,7,,,1,80,,17032,7,,,1,40,,17033,7,,,1,80,,17036,7,,,1,80,,17035,7,,,1,40,,17039,7,,,1,80,,17041,7,,,1,80,,17043,7,,,1,40,,17044,7,,,1,80,,17046,7,,,1,82,,17049,7,,,1,82,,17053,7,,,1,42,,17054,7,,,1,82,,17058,7,,,1,80,,17056,7,,,1,41,,17055,7,,,1,86,,17060,7,,,1,86,,17061,7,,,1,84,,17069,7,,,1,45,,17066,7,,,1,88,,17065,7,,,1,86,,17072,7,,,1,80,,17073,7,,,1
1101,'Weekday',425,,17145,7,,,1,33,,17146,7,,,1,74,,17144,7,,,1,70,,17142,7,,,1,28,,17151,7,,,1,28,,17148,7,,,1,68,,17147,7,,,1,14,,17157,7,,,1,14,,17128,7,,,1,68,,17126,7,,,1,31,,17127,7,,,1,66,,17140,7,,,1,34,,17131,7,,,1,73,,17132,7,,,1,32,,17117,7,,,1,79,,17118,7,,,1,81,,17105,7,,,1,30,,17106,7,,,1,55,,17103,9,0,9 10,1,19,,17134,7,,,1,33,,17137,7,,,1,67,,17098,7,,,1,30,,17099,7,,,1,70,,17155,7,,,1,28,,17114,7,,,1,68,,17104,9,0,9 11,1,27,,17115,7,,,1,67,,17089,7,,,1,29,,17135,7,,,1,71,,17087,7,,,1,25,,17109,7,,,1,64,,17120,7,,,1,28,,17119,7,,,1,71,,17080,7,,,1,34,,17078,7,,,1,74,,17083,7,,,1,23,,17094,9,0,9 11,1,21,,17092,7,,,1,77,,17081,7,,,1,91,,17085,7,,,1,32,,17075,6,0,9 10,1,59,,17091,7,,,1,18,,17074,6,0,9 10,1,15,,17077,7,,,1,75,,17101,7,,,1
5101,'Holiday1',850,,22631,4,,,1,101,,22633,4,,,1,99,,22632,4,,,1,100,,22630,4,,,1,103,,22629,4,,,1,100,,22628,4,,,1,100,,22627,4,,,1,100,,22626,4,,,1,100,,22625,4,,,1,100,,22623,4,,,1,99,,22624,4,,,1,100,,22622,4,,,1,100,,22621,4,,,1,100,,22620,4,,,1
5101,'Saturday',651,,22635,4,,,1,100,,22636,4,,,1,100,,22637,4,,,1,100,,22641,4,,,1,100,,22639,4,,,1,100,,22638,4,,,1,101,,22640,4,,,1,100,,22643,4,,,1,100,,22642,4,,,1,100,,22645,4,,,1,100,,22644,4,,,1,100,,22646,4,,,1,100,,22634,4,,,1,100,,22649,4,,,1,100,,22647,4,,,1,100,,22648,4,,,1
5101,'Sunday',850,,22661,4,,,1,101,,22663,4,,,1,99,,22662,4,,,1,100,,22660,4,,,1,103,,22659,4,,,1,100,,22658,4,,,1,100,,22657,4,,,1,100,,22656,4,,,1,100,,22655,4,,,1,100,,22653,4,,,1,99,,22654,4,,,1,100,,22652,4,,,1,100,,22651,4,,,1,100,,22650,4,,,1
5101,'Weekday',500,,22664,4,,,1,33,,22677,4,,,1,70,,22665,4,,,1,37,,22675,4,,,1,64,,22666,4,,,1,32,,22674,4,,,1,68,,22668,4,,,1,34,,22676,4,,,1,67,,22672,4,,,1,31,,22687,4,,,1,69,,22689,4,,,1,30,,22690,4,,,1,70,,22691,4,,,1,30,,22688,4,,,1,70,,22692,4,,,1,26,,22693,4,,,1,72,,22694,4,,,1,27,,22695,4,,,1,73,,22696,4,,,1,32,,22697,4,,,1,69,,22669,4,,,1,30,,22679,4,,,1,73,,22670,4,,,1,27,,22680,4,,,1,71,,22667,4,,,1,29,,22681,4,,,1,74,,22673,4,,,1,28,,22678,4,,,1,100,,22671,4,,,1,100,,22683,4,,,1,99,,22684,4,,,1,100,,22685,4,,,1,108,,22686,4,,,1,92,,22682,4,,,1
51101,'Holiday1',446,,26033,4,,,1,70,,26035,4,,,1,41,,26043,7,,,1,60,,26044,7,,,1,32,,26041,7,,,1,63,,26010,7,,,1,10,,26045,7,,,1,10,,26042,7,,,1,20,,26013,7,,,1,75,,26011,7,,,1,85,,26014,7,,,1,40,,26015,7,,,1,80,,26012,7,,,1,80,,26017,7,,,1,40,,26018,7,,,1,80,,26019,7,,,1,80,,26016,7,,,1,43,,26020,7,,,1,1,,26036,4,,,1,81,,26021,7,,,1,80,,26022,7,,,1,40,,26023,7,,,1,80,,26024,7,,,1,80,,26025,7,,,1,29,,26037,4,,,1,10,,26034,4,,,1,44,,26026,7,,,1,16,,26038,4,,,1,21,,26027,7,,,1,80,,26028,7,,,1,4,,26039,4,,,1,33,,26029,7,,,1,79,,26030,7,,,1,80,,26031,7,,,1,40,,26032,7,,,1,193,,26040,4,,,1
51101,'Saturday',449,,26047,4,,,1,63,,26046,7,,,1,4,,26049,4,0,13,1,30,,26054,7,,,1,11,,26050,7,,,1,59,,26048,7,,,1,30,,26058,7,,,1,66,,26052,7,0,13,1,12,,26071,7,0,13,1,3,,26056,7,,,1,86,,26057,7,,,1,45,,26053,7,,,1,85,,26063,7,,,1,86,,26066,7,,,1,90,,26073,7,,,1,90,,26072,7,,,1,50,,26079,7,,,1,90,,26078,7,,,1,7,,26097,4,0,13,1,83,,26085,7,,,1,90,,26092,7,,,1,90,,26098,7,,,1,90,,26104,7,,,1,37,,26113,4,0,13,1,1,,26105,7,0,13,1,8,,26110,7,0,13,1,1,,26118,4,0,13,1,1,,26108,7,,,1,59,,26123,4,0,13,1,1,,26111,7,0,13,1,11,,26126,7,0,13,1,21,,26114,7,,,1,72,,26128,4,0,13,1,1,,26127,7,0,13,1,17,,26120,7,,,1,407,,26137,4,0,13,1
51101,'Sunday',446,,26182,4,,,1,70,,26184,4,,,1,41,,26192,7,,,1,60,,26193,7,,,1,32,,26190,7,,,1,63,,26159,7,,,1,10,,26194,7,,,1,10,,26191,7,,,1,20,,26162,7,,,1,75,,26160,7,,,1,85,,26163,7,,,1,40,,26164,7,,,1,80,,26161,7,,,1,80,,26166,7,,,1,40,,26167,7,,,1,80,,26168,7,,,1,80,,26165,7,,,1,43,,26169,7,,,1,1,,26185,4,,,1,81,,26170,7,,,1,80,,26171,7,,,1,40,,26172,7,,,1,80,,26173,7,,,1,80,,26174,7,,,1,29,,26186,4,,,1,10,,26183,4,,,1,44,,26175,7,,,1,16,,26187,4,,,1,21,,26176,7,,,1,80,,26177,7,,,1,4,,26188,4,,,1,33,,26178,7,,,1,79,,26179,7,,,1,80,,26180,7,,,1,40,,26181,7,,,1,193,,26189,4,,,1
51101,'Weekday',446,,26196,4,,,1,70,,26200,4,,,1,30,,26204,7,,,1,54,,26207,7,,,1,14,,26210,7,,,1,8,,26216,7,0,8,1,7,,26226,7,,,1,15,,26222,7,,,1,14,,26201,7,,,1,55,,26205,7,,,1,15,,26203,7,,,1,15,,26208,7,,,1,16,,26206,7,,,1,55,,26209,7,,,1,15,,26218,7,,,1,15,,26230,7,,,1,15,,26233,7,,,1,58,,26214,7,,,1,28,,26300,7,,,1,65,,26301,7,,,1,24,,26302,7,,,1,24,,26303,7,,,1,64,,26304,7,,,1,24,,26305,7,,,1,63,,26306,7,,,1,24,,26307,7,,,1,24,,26308,7,,,1,62,,26309,7,,,1,26,,26310,7,,,1,64,,26238,7,,,1,20,,26247,7,,,1,15,,26245,7,,,1,15,,26243,7,,,1,55,,26249,7,,,1,15,,26280,7,,,1,15,,26251,7,,,1,15,,26271,7,,,1,55,,26250,7,,,1,15,,26267,7,,,1,15,,26258,7,,,1,15,,26257,7,,,1,55,,26268,7,,,1,15,,26264,7,,,1,15,,26259,7,,,1,13,,26270,4,,,1,43,,26263,7,,,1,15,,26272,7,,,1,12,,26286,4,,,1,3,,26282,7,,,1,15,,26279,7,,,1,55,,26275,7,,,1,15,,26283,7,,,1,14,,26289,4,,,1,1,,26276,7,,,1,15,,26285,7,,,1,55,,26284,7,,,1,22,,26287,7,,,1,21,,26288,7,,,1,60,,26290,7,,,1,20,,26291,7,,,1,22,,26294,7,,,1,60,,26297,7,,,1,22,,26292,7,,,1,18,,26296,7,,,1,62,,26295,7,,,1,16,,26293,7,,,1,17,,26232,7,,,1,13,,26228,4,,,1,54,,26298,7,,,1,20,,26299,7,,,1,20,,26234,7,,,1
