603,'Holiday1',917,,28893,43,,,1,85,,28892,43,,,1,46,,28895,43,,,1,85,,28896,43,,,1,85,,28897,43,,,1,85,,28898,43,,,1,48,,28899,43,,,1,86,,28894,43,,,1,85,,28900,43,,,1,85,,28901,43,,,1,45,,28902,43,,,1,85,,28903,43,,,1,84,,28904,43,,,1,85,,28905,43,,,1,44,,28906,43,,,1
603,'Saturday',804,,28922,43,,,1,45,,28908,43,,,1,85,,28909,43,,,1,84,,28910,43,,,1,85,,28911,43,,,1,45,,28907,43,,,1,87,,28913,43,,,1,85,,28912,43,,,1,86,,28915,43,,,1,46,,28916,43,,,1,86,,28914,43,,,1,85,,28917,43,,,1,85,,28918,43,,,1,45,,28919,43,,,1,85,,28920,43,,,1,85,,28921,43,,,1
603,'Sunday',917,,28924,43,,,1,85,,28923,43,,,1,46,,28926,43,,,1,85,,28927,43,,,1,85,,28928,43,,,1,85,,28929,43,,,1,48,,28930,43,,,1,86,,28925,43,,,1,85,,28931,43,,,1,85,,28932,43,,,1,45,,28933,43,,,1,85,,28934,43,,,1,84,,28935,43,,,1,85,,28936,43,,,1,44,,28937,43,,,1
603,'Weekday',640,,28938,43,,,1,19,,28940,43,,,1,61,,28944,43,,,1,20,,28945,43,,,1,19,,28941,43,,,1,61,,28946,43,,,1,22,,28943,43,,,1,17,,28948,43,,,1,60,,28942,43,,,1,20,,28947,43,,,1,63,,28939,43,,,1,30,,28962,43,,,1,22,,28960,43,,,1,59,,28953,43,,,1,21,,28956,43,,,1,66,,28958,43,,,1,22,,28954,43,,,1,20,,28951,43,,,1,64,,28957,43,,,1,24,,28949,43,,,1,22,,28955,43,,,1,61,,28952,43,,,1,25,,28961,43,,,1,65,,28950,43,,,1,27,,28959,43,,,1,25,,28964,43,,,1,60,,28965,43,,,1,21,,28963,43,,,1,20,,28966,43,,,1,60,,28967,43,,,1,20,,28968,43,,,1,20,,28969,43,,,1,60,,28970,43,,,1,20,,28972,43,,,1,19,,28973,43,,,1,60,,28974,43,,,1,14,,28971,43,,,1,20,,28975,43,,,1,60,,28979,43,,,1,21,,28976,43,,,1,22,,28977,43,,,1,65,,28978,43,,,1,25,,28980,43,,,1,62,,28981,43,,,1,27,,28982,43,,,1,27,,28983,43,,,1,72,,28984,43,,,1,70,,28985,43,,,1
2302,'Holiday1',836,,33054,95,,,1,69,,33028,95,,,1,26,,33031,95,,,1,25,,33032,95,,,1,69,,33033,95,,,1,28,,33030,95,,,1,68,,33034,95,,,1,28,,33035,95,,,1,71,,33029,95,,,1,25,,33037,95,,,1,71,,33039,95,,,1,28,,33036,95,,,1,66,,33040,95,,,1,28,,33038,95,,,1,71,,33042,95,,,1,29,,33043,95,,,1,68,,33045,95,,,1,29,,33041,95,,,1,68,,33046,95,,,1,30,,33059,95,,,1,70,,33048,95,,,1,31,,33049,95,,,1,66,,33050,95,,,1,27,,33047,95,,,1,28,,33051,95,,,1,69,,33052,95,,,1,25,,33053,95,,,1,67,,33044,95,,,1,25,,33057,95,,,1,67,,33058,95,,,1,28,,33055,95,,,1,67,,33056,95,,,1
2302,'Saturday',622,,33060,95,,,1,30,,33062,95,,,1,70,,33082,95,,,1,32,,33081,95,,,1,80,,33085,95,,,1,72,,33084,95,,,1,26,,33088,95,,,1,68,,33089,95,,,1,24,,33086,95,,,1,28,,33087,95,,,1,69,,33090,95,,,1,28,,33093,95,,,1,68,,33094,95,,,1,27,,33091,95,,,1,71,,33092,95,,,1,28,,33083,95,,,1,68,,33072,95,,,1,29,,33075,95,,,1,66,,33076,95,,,1,28,,33077,95,,,1,70,,33074,95,,,1,30,,33073,95,,,1,70,,33079,95,,,1,30,,33080,95,,,1,68,,33078,95,,,1,29,,33064,95,,,1,27,,33065,95,,,1,67,,33061,95,,,1,30,,33071,95,,,1,72,,33063,95,,,1,30,,33067,95,,,1,69,,33069,95,,,1,29,,33066,95,,,1,68,,33068,95,,,1,29,,33070,95,,,1,70,,33098,95,,,1,30,,33097,95,,,1,70,,33096,95,,,1,30,,33095,95,,,1
2302,'Sunday',836,,33125,95,,,1,69,,33099,95,,,1,26,,33102,95,,,1,25,,33103,95,,,1,69,,33104,95,,,1,28,,33101,95,,,1,68,,33105,95,,,1,28,,33106,95,,,1,71,,33100,95,,,1,25,,33108,95,,,1,71,,33110,95,,,1,28,,33107,95,,,1,66,,33111,95,,,1,28,,33109,95,,,1,71,,33113,95,,,1,29,,33114,95,,,1,68,,33115,95,,,1,29,,33112,95,,,1,68,,33116,95,,,1,30,,33130,95,,,1,70,,33119,95,,,1,31,,33120,95,,,1,66,,33121,95,,,1,27,,33117,95,,,1,28,,33122,95,,,1,69,,33123,95,,,1,25,,33124,95,,,1,67,,33118,95,,,1,25,,33128,95,,,1,67,,33129,95,,,1,28,,33126,95,,,1,67,,33127,95,,,1
2302,'Weekday',545,,33131,95,,,1,56,,33141,95,,,1,17,,33142,95,,,1,13,,33140,95,,,1,16,,33144,95,,,1,56,,33146,95,,,1,15,,33147,95,,,1,15,,33148,95,,,1,15,,33145,95,,,1,56,,33149,95,,,1,15,,33143,95,,,1,15,,33150,95,,,1,16,,33151,95,,,1,60,,33152,95,,,1,17,,33153,95,,,1,17,,33137,95,,,1,59,,33134,95,,,1,24,,33136,95,,,1,29,,33154,95,,,1,72,,33155,95,,,1,31,,33156,95,,,1,70,,33157,95,,,1,30,,33158,95,,,1,70,,33159,95,,,1,72,,33160,95,,,1,31,,33161,95,,,1,70,,33139,95,,,1,23,,33185,95,,,1,20,,33182,95,,,1,61,,33184,95,,,1,14,,33181,95,,,1,16,,33183,95,,,1,17,,33180,95,,,1,57,,33162,95,,,1,15,,33163,95,,,1,15,,33164,95,,,1,13,,33165,95,,,1,55,,33166,95,,,1,15,,33167,95,,,1,15,,33168,95,,,1,15,,33169,95,,,1,55,,33170,95,,,1,14,,33171,95,,,1,14,,33132,95,,,1,15,,33138,95,,,1,53,,33135,95,,,1,15,,33133,95,,,1,34,,33172,95,,,1,73,,33173,95,,,1,33,,33174,95,,,1,67,,33175,95,,,1,75,,33176,95,,,1,33,,33177,95,,,1,74,,33178,95,,,1,34,,33179,95,,,1
2604,'Holiday1',726,,33489,23,,,1,100,,33492,23,,,1,100,,33494,23,,,1,100,,33490,23,,,1,100,,33491,23,,,1,100,,33495,23,,,1,101,,33493,23,,,1,100,,33497,23,,,1,100,,33498,23,,,1,100,,33496,23,,,1,100,,33499,23,,,1,99,,33500,23,,,1,99,,33501,23,,,1,100,,33502,23,,,1
2604,'Saturday',726,,33503,23,,,1,30,,33504,23,,,1,70,,33508,23,,,1,30,,33510,23,,,1,70,,33507,23,,,1,30,,33511,23,,,1,70,,33509,23,,,1,30,,33512,23,,,1,70,,33513,23,,,1,30,,33514,23,,,1,70,,33515,23,,,1,30,,33516,23,,,1,71,,33517,23,,,1,30,,33518,23,,,1,70,,33532,23,,,1,30,,33520,23,,,1,70,,33521,23,,,1,30,,33522,23,,,1,70,,33519,23,,,1,30,,33523,23,,,1,70,,33524,23,,,1,30,,33525,23,,,1,69,,33526,23,,,1,30,,33527,23,,,1,69,,33528,23,,,1,30,,33529,23,,,1,70,,33530,23,,,1,30,,33531,23,,,1,70,,33505,23,,,1,30,,33506,23,,,1
2604,'Sunday',726,,33533,23,,,1,100,,33536,23,,,1,100,,33538,23,,,1,100,,33534,23,,,1,100,,33535,23,,,1,100,,33539,23,,,1,101,,33537,23,,,1,100,,33541,23,,,1,100,,33542,23,,,1,100,,33540,23,,,1,100,,33543,23,,,1,99,,33544,23,,,1,99,,33545,23,,,1,100,,33546,23,,,1
2604,'Weekday',507,,33547,23,,,1,22,,33548,23,,,1,22,,33549,23,,,1,58,,33551,23,,,1,19,,33553,23,,,1,29,,33554,23,,,1,62,,33550,23,,,1,20,,33555,23,,,1,17,,33552,23,,,1,72,,33556,23,,,1,21,,33557,23,,,1,63,,33558,23,,,1,22,,33559,23,,,1,22,,33560,23,,,1,60,,33561,23,,,1,21,,33562,23,,,1,22,,33563,23,,,1,62,,33564,23,,,1,22,,33565,23,,,1,62,,33566,23,,,1,22,,33567,23,,,1,22,,33568,23,,,1,62,,33569,23,,,1,22,,33570,23,,,1,22,,33571,23,,,1,62,,33572,23,,,1,22,,33573,23,,,1,62,,33574,23,,,1,25,,33575,23,,,1,22,,33576,23,,,1,62,,33577,23,,,1,22,,33578,23,,,1,22,,33579,23,,,1,65,,33580,23,,,1,19,,33581,23,,,1,62,,33582,23,,,1,25,,33583,23,,,1,18,,33584,23,,,1,61,,33586,23,,,1,22,,33588,23,,,1,28,,33589,23,,,1,58,,33585,23,,,1,20,,33590,23,,,1,22,,33587,23,,,1,62,,33591,23,,,1,22,,33592,23,,,1,62,,33593,23,,,1,22,,33594,23,,,1,22,,33595,23,,,1,62,,33596,23,,,1,21,,33597,23,,,1,22,,33598,23,,,1,62,,33599,23,,,1,22,,33600,23,,,1,22,,33601,23,,,1
2704,'Saturday',821,,33647,15,,,1,35,,33648,15,,,1,75,,33649,15,,,1,75,,33650,15,,,1,35,,33652,15,,,1,75,,33646,15,,,1,35,,33651,15,,,1,75,,33653,15,,,1,75,,33655,15,,,1,35,,33656,15,,,1,75,,33657,15,,,1,35,,33658,15,,,1,75,,33659,15,,,1,35,,33660,15,,,1,75,,33654,15,,,1,75,,33661,15,,,1,35,,33662,15,,,1,75,,33663,15,,,1
2704,'Weekday',607,,33666,15,,,1,33,,33664,15,,,1,74,,33667,15,,,1,36,,33665,15,,,1,76,,33668,15,,,1,75,,33669,15,,,1,35,,33670,15,,,1,72,,33672,15,,,1,32,,33673,15,,,1,73,,33674,15,,,1,33,,33671,15,,,1,73,,33675,15,,,1,33,,33676,15,,,1,74,,33678,15,,,1,74,,33679,15,,,1,35,,33680,15,,,1,76,,33677,15,,,1,36,,33681,15,,,1,76,,33683,15,,,1,36,,33686,15,,,1,77,,33687,15,,,1,75,,33684,15,,,1,35,,33689,15,,,1,77,,33685,15,,,1,34,,33688,15,,,1,73,,33682,15,,,1
2802,'Holiday1',557,,33843,37,0,5,1,65,,33833,33,,,1,25,,33830,37,0,5,1,65,,33840,33,,,1,25,,33835,37,0,5,1,65,,33829,33,,,1,25,,33842,37,0,5,1,25,,33832,33,,,1,65,,33831,37,0,5,1,25,,33837,33,,,1,65,,33836,37,0,5,1,25,,33834,33,,,1,25,,33841,37,0,5,1,65,,33839,33,,,1,25,,33845,37,0,5,1,65,,33838,33,,,1,25,,33846,37,0,5,1,65,,33844,33,,,1,25,,33847,37,0,5,1,25,,33848,33,,,1,65,,33849,37,0,5,1,25,,33850,33,,,1,65,,33851,37,0,5,1,25,,33853,33,,,1,25,,33852,37,0,5,1,65,,33854,33,,,1,25,,33855,37,0,5,1,65,,33856,33,,,1,25,,33857,37,0,5,1,65,,33858,33,,,1,25,,33859,37,0,5,1,25,,33860,33,,,1,65,,33861,37,0,5,1
2802,'Saturday',557,,33864,37,0,5,1,65,,33879,33,,,1,25,,33865,37,0,5,1,65,,33880,33,,,1,25,,33862,37,0,5,1,65,,33883,33,,,1,25,,33863,37,0,5,1,25,,33884,33,,,1,65,,33866,37,0,5,1,25,,33885,33,,,1,65,,33868,37,0,5,1,25,,33881,33,,,1,25,,33869,37,0,5,1,65,,33882,33,,,1,25,,33870,37,0,5,1,65,,33886,33,,,1,25,,33867,37,0,5,1,65,,33888,33,,,1,25,,33871,37,0,5,1,25,,33889,33,,,1,65,,33872,37,0,5,1,25,,33890,33,,,1,65,,33873,37,0,5,1,25,,33887,33,,,1,25,,33875,37,0,5,1,65,,33891,33,,,1,25,,33876,37,0,5,1,65,,33892,33,,,1,25,,33877,37,0,5,1,65,,33893,33,,,1,25,,33874,37,0,5,1,25,,33894,33,,,1,65,,33878,37,0,5,1
2802,'Sunday',557,,33909,37,0,5,1,65,,33899,33,,,1,25,,33896,37,0,5,1,65,,33905,33,,,1,25,,33901,37,0,5,1,65,,33895,33,,,1,25,,33908,37,0,5,1,25,,33898,33,,,1,65,,33897,37,0,5,1,25,,33903,33,,,1,65,,33902,37,0,5,1,25,,33900,33,,,1,25,,33907,37,0,5,1,65,,33904,33,,,1,25,,33911,37,0,5,1,65,,33906,33,,,1,25,,33912,37,0,5,1,65,,33910,33,,,1,25,,33913,37,0,5,1,25,,33914,33,,,1,65,,33915,37,0,5,1,25,,33916,33,,,1,65,,33917,37,0,5,1,25,,33919,33,,,1,25,,33918,37,0,5,1,65,,33920,33,,,1,25,,33921,37,0,5,1,65,,33922,33,,,1,25,,33923,37,0,5,1,65,,33924,33,,,1,25,,33925,37,0,5,1,25,,33926,33,,,1,65,,33927,37,0,5,1
2802,'Weekday',535,,33968,33,,,1,18,,33928,37,0,5,1,54,,33948,33,,,1,22,,33931,37,0,5,1,28,,33949,33,,,1,62,,33929,37,0,5,1,18,,33950,33,,,1,19,,33930,37,0,5,1,63,,33951,33,,,1,20,,33932,37,0,5,1,20,,33952,33,,,1,60,,33933,37,0,5,1,20,,33953,33,,,1,20,,33934,37,0,5,1,63,,33954,33,,,1,17,,33935,37,0,5,1,20,,33955,33,,,1,59,,33936,37,0,5,1,21,,33956,33,,,1,20,,33937,37,0,5,1,59,,33957,33,,,1,21,,33938,37,0,5,1,20,,33958,33,,,1,59,,33939,37,0,5,1,21,,33959,33,,,1,20,,33940,37,0,5,1,60,,33960,33,,,1,20,,33941,37,0,5,1,20,,33961,33,,,1,60,,33942,37,0,5,1,20,,33962,33,,,1,20,,33943,37,0,5,1,60,,33963,33,,,1,20,,33944,37,0,5,1,19,,33964,33,,,1,61,,33945,37,0,5,1,20,,33965,33,,,1,67,,33946,37,0,5,1,13,,33966,33,,,1,20,,33947,37,0,5,1,20,,33967,33,,,1
