5203,'Holiday1',725,,22777,1,,,1,25,,22778,1,,,1,65,,22779,1,,,1,25,,22780,1,,,1,65,,22781,1,,,1,25,,22782,1,,,1,25,,22783,1,,,1,65,,22784,1,,,1,25,,22786,1,,,1,65,,22787,1,,,1,25,,22785,1,,,1,65,,22788,1,,,1,25,,22789,1,,,1,25,,22792,1,,,1,66,,22790,1,,,1,24,,22791,1,,,1,63,,22795,1,,,1,27,,22794,1,,,1,23,,22793,1,,,1,67,,22798,1,,,1,23,,22797,1,,,1,67,,22799,1,,,1,23,,22796,1,,,1,67,,22803,1,,,1,25,,22801,1,,,1,25,,22802,1,,,1,65,,22800,1,,,1,25,,22805,1,,,1,70,,22806,1,,,1,45,,22804,1,,,1,85,,22807,1,,,1
5203,'Saturday',530,,22827,1,,,1,25,,22830,1,,,1,65,,22823,1,,,1,25,,22831,1,,,1,65,,22809,1,,,1,25,,22832,1,,,1,65,,22824,1,,,1,25,,22833,1,,,1,25,,22826,1,,,1,65,,22834,1,,,1,25,,22808,1,,,1,65,,22835,1,,,1,25,,22811,1,,,1,25,,22836,1,,,1,65,,22821,1,,,1,25,,22837,1,,,1,65,,22813,1,,,1,25,,22838,1,,,1,65,,22820,1,,,1,25,,22839,1,,,1,25,,22812,1,,,1,65,,22840,1,,,1,25,,22818,1,,,1,65,,22841,1,,,1,24,,22815,1,,,1,26,,22842,1,,,1,64,,22816,1,,,1,26,,22843,1,,,1,65,,22814,1,,,1,25,,22828,1,,,1,24,,22825,1,,,1,66,,22829,1,,,1,25,,22819,1,,,1,85,,22810,1,,,1,85,,22822,1,,,1,87,,22817,1,,,1
5203,'Sunday',725,,22844,1,,,1,25,,22845,1,,,1,65,,22846,1,,,1,25,,22847,1,,,1,65,,22848,1,,,1,25,,22849,1,,,1,25,,22850,1,,,1,65,,22851,1,,,1,25,,22853,1,,,1,65,,22854,1,,,1,25,,22852,1,,,1,65,,22855,1,,,1,25,,22856,1,,,1,25,,22859,1,,,1,66,,22857,1,,,1,24,,22858,1,,,1,63,,22862,1,,,1,27,,22861,1,,,1,23,,22860,1,,,1,67,,22865,1,,,1,23,,22864,1,,,1,67,,22866,1,,,1,23,,22863,1,,,1,67,,22870,1,,,1,25,,22868,1,,,1,25,,22869,1,,,1,65,,22867,1,,,1,25,,22872,1,,,1,70,,22873,1,,,1,45,,22871,1,,,1,85,,22874,1,,,1
5203,'Weekday',500,,22919,1,,,1,20,,22918,1,,,1,19,,22917,1,,,1,80,,22916,1,,,1,16,,22915,1,,,1,66,,22914,1,,,1,39,,22913,1,,,1,9,,22912,1,,,1,72,,22910,1,,,1,17,,22911,1,,,1,67,,22909,1,,,1,23,,22908,1,,,1,27,,22907,1,,,1,61,,22906,1,,,1,33,,22905,1,,,1,58,,22904,1,,,1,33,,22903,1,,,1,15,,22902,1,,,1,74,,22901,1,,,1,26,,22900,1,,,1,65,,22899,1,,,1,27,,22898,1,,,1,64,,22897,1,,,1,25,,22896,1,,,1,64,,22895,1,,,1,25,,22894,1,,,1,25,,22893,1,,,1,65,,22892,1,,,1,25,,22891,1,,,1,65,,22890,1,,,1,25,,22889,1,,,1,27,,22888,1,,,1,63,,22887,1,,,1,25,,22885,1,,,1,65,,22886,1,,,1,25,,22884,1,,,1,65,,22883,1,,,1,25,,22882,1,,,1,26,,22881,1,,,1,64,,22880,1,,,1,27,,22879,1,,,1,62,,22878,1,,,1,45,,22877,1,,,1,85,,22876,1,,,1,85,,22875,1,,,1
5204,'Holiday1',720,,22920,22,4,,1,25,,22921,22,4,,1,65,,22922,22,4,,1,25,,22923,22,4,,1,65,,22924,22,4,,1,24,,22926,22,4,,1,25,,22925,22,4,,1,65,,22928,22,4,,1,28,,22927,22,4,,1,63,,22931,22,4,,1,25,,22929,22,4,,1,25,,22930,22,4,,1,65,,22932,22,4,,1,25,,22933,22,4,,1,65,,22934,22,4,,1,25,,22936,22,4,,1,65,,22935,22,4,,1,25,,22939,22,4,,1,25,,22937,22,4,,1,65,,22938,22,4,,1,25,,22940,22,4,,1,65,,22942,22,4,,1,25,,22941,22,4,,1,25,,22943,22,4,,1,67,,22944,22,4,,1,25,,22946,22,4,,1,65,,22947,22,4,,1,25,,22945,22,4,,1,65,,22950,22,4,,1,48,,22949,22,4,,1,86,,22948,22,4,,1,83,,22951,22,4,,1
5204,'Saturday',520,,22959,22,4,,1,28,,22972,22,4,,1,65,,22958,22,4,,1,24,,22973,22,4,,1,65,,22954,22,4,,1,26,,22975,22,4,,1,25,,22971,22,4,,1,64,,22976,22,4,,1,25,,22952,22,4,,1,65,,22977,22,4,,1,25,,22955,22,4,,1,25,,22978,22,4,,1,65,,22956,22,4,,1,25,,22974,22,4,,1,65,,22953,22,4,,1,25,,22979,22,4,,1,65,,22969,22,4,,1,26,,22980,22,4,,1,27,,22957,22,4,,1,63,,22981,22,4,,1,25,,22968,22,4,,1,65,,22982,22,4,,1,25,,22962,22,4,,1,25,,22983,22,4,,1,65,,22960,22,4,,1,25,,22984,22,4,,1,65,,22970,22,4,,1,26,,22985,22,4,,1,65,,22963,22,4,,1,25,,22986,22,4,,1,25,,22966,22,4,,1,65,,22987,22,4,,1,24,,22965,22,4,,1,65,,22988,22,4,,1,26,,22967,22,4,,1,83,,22964,22,4,,1,88,,22961,22,4,,1
5204,'Sunday',720,,22989,22,4,,1,25,,22990,22,4,,1,65,,22991,22,4,,1,25,,22992,22,4,,1,65,,22993,22,4,,1,24,,22995,22,4,,1,25,,22994,22,4,,1,65,,22997,22,4,,1,28,,22996,22,4,,1,63,,23000,22,4,,1,25,,22998,22,4,,1,25,,22999,22,4,,1,65,,23001,22,4,,1,25,,23002,22,4,,1,65,,23003,22,4,,1,25,,23005,22,4,,1,65,,23004,22,4,,1,25,,23008,22,4,,1,25,,23006,22,4,,1,65,,23007,22,4,,1,25,,23009,22,4,,1,65,,23011,22,4,,1,25,,23010,22,4,,1,25,,23012,22,4,,1,67,,23013,22,4,,1,25,,23015,22,4,,1,65,,23016,22,4,,1,25,,23014,22,4,,1,65,,23019,22,4,,1,48,,23018,22,4,,1,86,,23017,22,4,,1,83,,23020,22,4,,1
5204,'Weekday',516,,23065,22,4,,1,21,,23064,22,4,,1,63,,23063,22,4,,1,25,,23062,22,4,,1,31,,23061,22,4,,1,63,,23060,22,4,,1,20,,23059,22,4,,1,80,,23058,22,4,,1,9,,23057,22,4,,1,73,,23056,22,4,,1,16,,23055,22,4,,1,31,,23054,22,4,,1,57,,23053,22,4,,1,35,,23052,22,4,,1,14,,23051,22,4,,1,76,,23050,22,4,,1,13,,23048,22,4,,1,77,,23049,22,4,,1,14,,23047,22,4,,1,76,,23046,22,4,,1,23,,23045,22,4,,1,67,,23044,22,4,,1,29,,23043,22,4,,1,23,,23042,22,4,,1,65,,23041,22,4,,1,25,,23040,22,4,,1,65,,23038,22,4,,1,25,,23039,22,4,,1,27,,23037,22,4,,1,63,,23036,22,4,,1,28,,23035,22,4,,1,65,,23034,22,4,,1,25,,23033,22,4,,1,62,,23032,22,4,,1,25,,23031,22,4,,1,25,,23030,22,4,,1,64,,23029,22,4,,1,25,,23028,22,4,,1,65,,23027,22,4,,1,25,,23026,22,4,,1,27,,23025,22,4,,1,82,,23024,22,4,,1,85,,23023,22,4,,1,85,,23022,22,4,,1,45,,23021,22,4,,1
20000,'Weekday',745,,24454,14,,,1
20001,'Weekday',1523,,24455,18,4,,1
