501,'Holiday1',642,,28626,33,,,1,73,,28624,33,,,1,33,,28621,33,,,1,75,,28622,33,,,1,35,,28625,33,,,1,71,,28623,33,,,1,71,,28620,33,,,1,22,,28619,33,,,1,19,,28617,33,,,1,76,,28618,33,,,1,34,,28616,33,,,1,71,,28615,33,,,1,37,,28614,33,,,1,69,,28612,33,,,1,28,,28613,33,,,1,67,,28610,33,,,1,31,,28611,33,,,1,76,,28609,33,,,1,70,,28607,33,,,1,39,,28606,33,,,1,63,,28608,33,,,1,29,,28605,33,,,1,70,,28603,33,,,1,32,,28604,33,,,1,82,,28600,33,,,1,20,,28602,33,,,1,71,,28601,33,,,1,97,,28629,33,,,1,41,,28630,33,,,1,88,,28628,33,,,1,89,,28627,33,,,1
501,'Saturday',518,,28631,33,,,1,27,,28641,33,,,1,67,,28654,33,,,1,27,,28632,33,,,1,72,,28635,33,,,1,31,,28634,33,,,1,71,,28639,33,,,1,29,,28646,33,,,1,72,,28633,33,,,1,32,,28636,33,,,1,72,,28637,33,,,1,34,,28640,33,,,1,75,,28648,33,,,1,30,,28638,33,,,1,76,,28643,33,,,1,70,,28644,33,,,1,24,,28645,33,,,1,30,,28642,33,,,1,70,,28649,33,,,1,30,,28650,33,,,1,71,,28647,33,,,1,30,,28653,33,,,1,70,,28651,33,,,1,30,,28652,33,,,1,70,,28655,33,,,1,30,,28658,33,,,1,70,,28657,33,,,1,29,,28656,33,,,1,71,,28661,33,,,1,73,,28659,33,,,1,41,,28663,33,,,1,90,,28664,33,,,1,88,,28665,33,,,1,88,,28666,33,,,1,47,,28660,33,,,1,90,,28662,33,,,1
501,'Sunday',642,,28693,33,,,1,73,,28691,33,,,1,33,,28689,33,,,1,75,,28688,33,,,1,35,,28692,33,,,1,71,,28690,33,,,1,71,,28687,33,,,1,22,,28686,33,,,1,19,,28684,33,,,1,76,,28685,33,,,1,34,,28683,33,,,1,71,,28682,33,,,1,37,,28681,33,,,1,69,,28679,33,,,1,28,,28680,33,,,1,67,,28677,33,,,1,31,,28678,33,,,1,76,,28676,33,,,1,70,,28674,33,,,1,39,,28673,33,,,1,63,,28675,33,,,1,29,,28672,33,,,1,70,,28670,33,,,1,32,,28671,33,,,1,82,,28667,33,,,1,20,,28669,33,,,1,71,,28668,33,,,1,97,,28696,33,,,1,41,,28697,33,,,1,88,,28695,33,,,1,89,,28694,33,,,1
501,'Weekday',438,,28698,33,,,1,20,,28700,33,,,1,62,,28701,33,,,1,20,,28702,33,,,1,61,,28703,33,,,1,20,,28704,33,,,1,23,,28705,33,,,1,60,,28706,33,,,1,24,,28707,33,,,1,24,,28708,33,,,1,79,,28712,33,,,1,79,,28713,33,,,1,36,,28714,33,,,1,94,,28745,33,,,1,93,,28744,33,,,1,96,,28741,33,,,1,96,,28743,33,,,1,106,,28715,33,,,1,81,,28724,33,,,1,89,,28725,33,,,1,38,,28726,33,,,1,80,,28727,33,,,1,40,,28728,33,,,1,78,,28729,33,,,1,80,,28730,33,,,1,40,,28731,33,,,1,77,,28732,33,,,1,79,,28733,33,,,1,37,,28734,33,,,1,79,,28735,33,,,1,78,,28736,33,,,1,40,,28737,33,,,1,79,,28738,33,,,1,77,,28699,33,,,1
2301,'Holiday1',813,,32894,67,,,1,27,,32867,67,,,1,71,,32869,67,,,1,25,,32866,67,,,1,69,,32870,67,,,1,27,,32868,67,,,1,70,,32872,67,,,1,28,,32873,67,,,1,28,,32875,67,,,1,68,,32871,67,,,1,29,,32876,67,,,1,69,,32878,67,,,1,28,,32879,67,,,1,70,,32880,67,,,1,28,,32877,67,,,1,67,,32881,67,,,1,31,,32882,67,,,1,70,,32883,67,,,1,30,,32874,67,,,1,65,,32885,67,,,1,29,,32886,67,,,1,69,,32888,67,,,1,28,,32884,67,,,1,69,,32890,67,,,1,29,,32887,67,,,1,65,,32892,67,,,1,27,,32889,67,,,1,73,,32891,67,,,1,27,,32895,67,,,1,27,,32893,67,,,1,68,,32897,67,,,1,28,,32896,67,,,1
2301,'Saturday',719,,32900,67,,,1,30,,32898,67,,,1,68,,32908,67,,,1,30,,32912,67,,,1,64,,32913,67,,,1,29,,32910,67,,,1,68,,32909,67,,,1,26,,32911,67,,,1,68,,32914,67,,,1,29,,32915,67,,,1,69,,32916,67,,,1,29,,32917,67,,,1,29,,32919,67,,,1,69,,32920,67,,,1,30,,32921,67,,,1,69,,32918,67,,,1,28,,32922,67,,,1,70,,32924,67,,,1,29,,32925,67,,,1,66,,32926,67,,,1,29,,32923,67,,,1,65,,32927,67,,,1,27,,32928,67,,,1,71,,32929,67,,,1,32,,32930,67,,,1,80,,32902,67,,,1,35,,32899,67,,,1,69,,32903,67,,,1,30,,32901,67,,,1,69,,32905,67,,,1,30,,32907,67,,,1,67,,32904,67,,,1,28,,32906,67,,,1,70,,32931,67,,,1,30,,32933,67,,,1,70,,32932,67,,,1,30,,32934,67,,,1,70,,32935,67,,,1
2301,'Sunday',813,,32964,67,,,1,27,,32937,67,,,1,71,,32939,67,,,1,25,,32936,67,,,1,69,,32940,67,,,1,27,,32938,67,,,1,70,,32942,67,,,1,28,,32943,67,,,1,28,,32944,67,,,1,68,,32941,67,,,1,29,,32945,67,,,1,69,,32948,67,,,1,28,,32949,67,,,1,70,,32950,67,,,1,28,,32946,67,,,1,67,,32951,67,,,1,31,,32952,67,,,1,70,,32953,67,,,1,30,,32947,67,,,1,65,,32955,67,,,1,29,,32956,67,,,1,69,,32958,67,,,1,28,,32954,67,,,1,69,,32960,67,,,1,29,,32957,67,,,1,65,,32962,67,,,1,27,,32959,67,,,1,73,,32961,67,,,1,27,,32965,67,,,1,27,,32963,67,,,1,68,,32967,67,,,1,28,,32966,67,,,1
2301,'Weekday',505,,32968,67,,,1,16,,32969,67,,,1,15,,32970,67,,,1,16,,32971,67,,,1,57,,32972,67,,,1,15,,32973,67,,,1,14,,32974,67,,,1,14,,32975,67,,,1,56,,32976,67,,,1,15,,32977,67,,,1,15,,32978,67,,,1,17,,32980,67,,,1,55,,32981,67,,,1,17,,32982,67,,,1,18,,32979,67,,,1,56,,32984,67,,,1,13,,32985,67,,,1,14,,32986,67,,,1,15,,32983,67,,,1,14,,32987,67,,,1,64,,32988,67,,,1,29,,32989,67,,,1,69,,32990,67,,,1,32,,32991,67,,,1,69,,32992,67,,,1,29,,32993,67,,,1,71,,32994,67,,,1,30,,32995,67,,,1,68,,32996,67,,,1,27,,33027,67,,,1,60,,32997,67,,,1,18,,33026,67,,,1,14,,33023,67,,,1,16,,33025,67,,,1,54,,33024,67,,,1,13,,32999,67,,,1,15,,32998,67,,,1,15,,33000,67,,,1,55,,33002,67,,,1,14,,33004,67,,,1,15,,33005,67,,,1,15,,33006,67,,,1,55,,33003,67,,,1,14,,33007,67,,,1,15,,33001,67,,,1,15,,33008,67,,,1,55,,33009,67,,,1,15,,33011,67,,,1,15,,33012,67,,,1,13,,33010,67,,,1,59,,33013,67,,,1,37,,33015,67,,,1,70,,33016,67,,,1,32,,33017,67,,,1,74,,33018,67,,,1,34,,33019,67,,,1,72,,33014,67,,,1,32,,33020,67,,,1,73,,33021,67,,,1,74,,33022,67,,,1
3504,'Holiday1',851,,35194,7,,,1,85,,35189,7,,,1,85,,35195,7,,,1,85,,35188,7,,,1,45,,35187,7,,,1,85,,35193,7,,,1,85,,35186,7,,,1,85,,35190,7,,,1,45,,35192,7,,,1,85,,35191,7,,,1,85,,35197,7,,,1,85,,35196,7,,,1,45,,35198,7,,,1,85,,35200,7,,,1,85,,35199,7,,,1,85,,35201,7,,,1
3504,'Saturday',907,,35204,7,,,1,45,,35202,7,,,1,85,,35203,7,,,1,85,,35205,7,,,1,85,,35207,7,,,1,45,,35206,7,,,1,85,,35208,7,,,1,85,,35209,7,,,1,85,,35210,7,,,1,45,,35211,7,,,1,85,,35213,7,,,1,85,,35212,7,,,1,85,,35216,7,,,1,45,,35214,7,,,1,85,,35215,7,,,1,85,,35217,7,,,1
3504,'Sunday',851,,35225,7,,,1,85,,35221,7,,,1,85,,35226,7,,,1,85,,35220,7,,,1,45,,35219,7,,,1,85,,35224,7,,,1,85,,35218,7,,,1,85,,35222,7,,,1,45,,35227,7,,,1,85,,35223,7,,,1,85,,35229,7,,,1,85,,35228,7,,,1,45,,35230,7,,,1,85,,35232,7,,,1,85,,35231,7,,,1,85,,35233,7,,,1
3504,'Weekday',521,,35234,7,,,1,36,,35235,7,,,1,75,,35236,7,,,1,75,,35238,7,,,1,35,,35239,7,,,1,75,,35237,7,,,1,35,,35241,7,,,1,75,,35242,7,,,1,75,,35240,7,,,1,35,,35243,7,,,1,75,,35244,7,,,1,35,,35245,7,,,1,79,,35246,7,,,1,31,,35247,7,,,1,75,,35248,7,,,1,75,,35249,7,,,1,35,,35250,7,,,1,76,,35251,7,,,1,35,,35252,7,,,1,75,,35253,7,,,1,75,,35254,7,,,1,35,,35255,7,,,1,75,,35256,7,,,1,35,,35257,7,,,1,75,,35258,7,,,1,35,,35260,7,,,1,75,,35259,7,,,1,75,,35262,7,,,1,35,,35263,7,,,1,75,,35261,7,,,1,35,,35264,7,,,1,74,,35265,7,,,1
