501,'Holiday1',607,,28626,5,,,1,33,,28624,5,,,1,73,,28621,5,,,1,35,,28622,5,,,1,75,,28625,5,,,1,27,,28623,5,,,1,71,,28620,5,,,1,21,,28619,5,,,1,59,,28617,5,,,1,36,,28618,5,,,1,73,,28616,5,,,1,31,,28615,5,,,1,76,,28614,5,,,1,29,,28612,5,,,1,68,,28613,5,,,1,27,,28610,5,,,1,71,,28611,5,,,1,36,,28609,5,,,1,70,,28607,5,,,1,39,,28606,5,,,1,63,,28608,5,,,1,29,,28605,5,,,1,70,,28603,5,,,1,32,,28604,5,,,1,82,,28600,5,,,1,20,,28602,5,,,1,71,,28601,5,,,1,97,,28629,5,,,1,84,,28630,5,,,1,50,,28628,5,,,1,89,,28627,5,,,1
501,'Saturday',447,,28631,5,,,1,67,,28641,5,,,1,26,,28654,5,,,1,66,,28632,5,,,1,32,,28635,5,,,1,71,,28634,5,,,1,30,,28639,5,,,1,68,,28646,5,,,1,32,,28633,5,,,1,72,,28636,5,,,1,32,,28637,5,,,1,71,,28640,5,,,1,34,,28648,5,,,1,70,,28638,5,,,1,36,,28643,5,,,1,70,,28644,5,,,1,24,,28645,5,,,1,70,,28642,5,,,1,30,,28649,5,,,1,70,,28650,5,,,1,30,,28647,5,,,1,70,,28653,5,,,1,30,,28651,5,,,1,70,,28652,5,,,1,30,,28655,5,,,1,70,,28658,5,,,1,30,,28657,5,,,1,70,,28656,5,,,1,34,,28661,5,,,1,73,,28659,5,,,1,83,,28663,5,,,1,50,,28664,5,,,1,89,,28665,5,,,1,90,,28666,5,,,1,89,,28660,5,,,1,90,,28662,5,,,1
501,'Sunday',607,,28693,5,,,1,33,,28691,5,,,1,73,,28689,5,,,1,35,,28688,5,,,1,75,,28692,5,,,1,27,,28690,5,,,1,71,,28687,5,,,1,21,,28686,5,,,1,59,,28684,5,,,1,36,,28685,5,,,1,73,,28683,5,,,1,31,,28682,5,,,1,76,,28681,5,,,1,29,,28679,5,,,1,68,,28680,5,,,1,27,,28677,5,,,1,71,,28678,5,,,1,36,,28676,5,,,1,70,,28674,5,,,1,39,,28673,5,,,1,63,,28675,5,,,1,29,,28672,5,,,1,70,,28670,5,,,1,32,,28671,5,,,1,82,,28667,5,,,1,20,,28669,5,,,1,71,,28668,5,,,1,97,,28696,5,,,1,84,,28697,5,,,1,50,,28695,5,,,1,89,,28694,5,,,1
501,'Weekday',405,,28698,5,,,1,20,,28700,5,,,1,20,,28701,5,,,1,60,,28702,5,,,1,20,,28703,5,,,1,20,,28704,5,,,1,61,,28705,5,,,1,20,,28706,5,,,1,20,,28707,5,,,1,60,,28708,5,,,1,20,,28709,5,0,5,1,20,,28712,5,,,1,59,,28710,5,0,5,1,20,,28713,5,,,1,21,,28711,5,0,5,1,59,,28714,5,,,1,27,,28740,5,0,5,1,27,,28745,5,,,1,67,,28739,5,0,5,1,27,,28744,5,,,1,68,,28742,5,0,5,1,27,,28741,5,,,1,67,,28747,5,0,5,1,27,,28743,5,,,1,67,,28746,5,0,5,1,37,,28715,5,,,1,60,,28716,5,0,5,1,20,,28724,5,,,1,20,,28717,5,0,5,1,69,,28725,5,,,1,20,,28718,5,0,5,1,20,,28726,5,,,1,60,,28719,5,0,5,1,20,,28727,5,,,1,20,,28720,5,0,5,1,60,,28728,5,,,1,20,,28721,5,0,5,1,20,,28729,5,,,1,61,,28722,5,0,5,1,19,,28730,5,,,1,20,,28723,5,0,5,1,60,,28731,5,,,1,40,,28732,5,,,1,80,,28733,5,,,1,79,,28734,5,,,1,40,,28735,5,,,1,80,,28736,5,,,1,80,,28737,5,,,1,40,,28738,5,,,1,77,,28699,5,,,1
901,'Holiday1',755,,29923,5,,,1,145,,29930,5,,,1,106,,29931,5,,,1,105,,29932,5,,,1,105,,29933,5,,,1,105,,29929,5,,,1,106,,29925,5,,,1,105,,29926,5,,,1,107,,29927,5,,,1,107,,29924,5,,,1,106,,29928,5,,,1
901,'Saturday',706,,29934,5,,,1,50,,29935,5,,,1,90,,29936,5,,,1,90,,29937,5,,,1,90,,29938,5,,,1,90,,29939,5,,,1,90,,29941,5,,,1,50,,29942,5,,,1,90,,29943,5,,,1,90,,29940,5,,,1,91,,29944,5,,,1,90,,29945,5,,,1,90,,29946,5,,,1,50,,29947,5,,,1,89,,29948,5,,,1
901,'Sunday',755,,29949,5,,,1,145,,29956,5,,,1,106,,29957,5,,,1,105,,29958,5,,,1,105,,29959,5,,,1,105,,29955,5,,,1,106,,29951,5,,,1,105,,29952,5,,,1,107,,29953,5,,,1,107,,29950,5,,,1,106,,29954,5,,,1
901,'Weekday',507,,29960,5,,,1,34,,29963,5,,,1,74,,29964,5,,,1,34,,29965,5,,,1,63,,29962,5,,,1,39,,29966,5,,,1,76,,29978,5,,,1,85,,29977,5,,,1,88,,29979,5,,,1,42,,29980,5,,,1,87,,29981,5,,,1,86,,29982,5,,,1,42,,29967,5,,,1,83,,29976,5,,,1,72,,29973,5,,,1,35,,29969,5,,,1,78,,29974,5,,,1,75,,29971,5,,,1,35,,29968,5,,,1,75,,29970,5,,,1,37,,29975,5,,,1,75,,29972,5,,,1,35,,29983,5,,,1,79,,29985,5,,,1,81,,29984,5,,,1,85,,29961,5,,,1
50501,'Holiday1',949,,38879,3,,,1,58,,38885,3,,,1,18,,38886,3,,,1,18,,38887,3,,,1,58,,38888,3,,,1,18,,38889,3,,,1,18,,38890,3,,,1,18,,38891,3,,,1,58,,38892,3,,,1,18,,38893,3,,,1,18,,38894,3,,,1,58,,38895,3,,,1,18,,38896,3,,,1,18,,38897,3,,,1,58,,38898,3,,,1,18,,38899,3,,,1,18,,38900,3,,,1,18,,38901,3,,,1,58,,38902,3,,,1,18,,38903,3,,,1,18,,38904,3,,,1,58,,38905,3,,,1,18,,38906,3,,,1,18,,38907,3,,,1,58,,38883,3,,,1,18,,38881,3,,,1,18,,38882,3,,,1,18,,38880,3,,,1,58,,38884,3,,,1
50501,'Saturday',850,,38909,3,,,1,66,,38908,3,,,1,18,,38910,3,,,1,18,,38912,3,,,1,58,,38913,3,,,1,18,,38914,3,,,1,18,,38915,3,,,1,58,,38916,3,,,1,18,,38917,3,,,1,18,,38918,3,,,1,18,,38919,3,,,1,58,,38920,3,,,1,18,,38921,3,,,1,18,,38922,3,,,1,58,,38923,3,,,1,18,,38924,3,,,1,18,,38925,3,,,1,58,,38926,3,,,1,18,,38927,3,,,1,18,,38928,3,,,1,18,,38929,3,,,1,58,,38930,3,,,1,18,,38931,3,,,1,18,,38932,3,,,1,58,,38933,3,,,1,18,,38934,3,,,1,18,,38935,3,,,1,58,,38936,3,,,1,18,,38937,3,,,1,18,,38938,3,,,1,19,,38939,3,,,1,57,,38940,3,,,1,19,,38911,3,,,1
50501,'Sunday',949,,38941,3,,,1,58,,38947,3,,,1,18,,38948,3,,,1,18,,38949,3,,,1,58,,38950,3,,,1,18,,38951,3,,,1,18,,38952,3,,,1,18,,38953,3,,,1,58,,38954,3,,,1,18,,38955,3,,,1,18,,38956,3,,,1,58,,38957,3,,,1,18,,38958,3,,,1,18,,38959,3,,,1,58,,38960,3,,,1,18,,38961,3,,,1,18,,38962,3,,,1,18,,38963,3,,,1,58,,38964,3,,,1,18,,38965,3,,,1,18,,38966,3,,,1,58,,38967,3,,,1,18,,38968,3,,,1,18,,38969,3,,,1,58,,38945,3,,,1,18,,38943,3,,,1,18,,38944,3,,,1,18,,38942,3,,,1,58,,38946,3,,,1
50501,'Weekday',538,,38971,3,,,1,18,,38973,3,,,1,58,,38974,3,,,1,18,,38975,3,,,1,18,,38976,3,,,1,58,,38977,3,,,1,18,,38978,3,,,1,18,,38979,3,,,1,58,,38980,3,,,1,18,,38981,3,,,1,18,,38982,3,,,1,18,,38983,3,,,1,58,,38984,3,,,1,18,,38985,3,,,1,18,,38986,3,,,1,58,,38987,3,,,1,18,,38988,3,,,1,18,,38989,3,,,1,58,,38990,3,,,1,18,,38991,3,,,1,18,,38992,3,,,1,18,,38993,3,,,1,58,,38994,3,,,1,18,,38995,3,,,1,18,,38996,3,,,1,58,,38997,3,,,1,18,,38998,3,,,1,18,,38999,3,,,1,58,,39000,3,,,1,18,,39001,3,,,1,18,,39002,3,,,1,18,,39003,3,,,1,58,,39004,3,,,1,18,,39005,3,,,1,18,,39006,3,,,1,58,,39007,3,,,1,18,,39008,3,,,1,18,,39009,3,,,1,58,,39010,3,,,1,18,,39011,3,,,1,18,,39012,3,,,1,18,,39013,3,,,1,58,,39014,3,,,1,18,,39015,3,,,1,18,,39016,3,,,1,58,,39017,3,,,1,18,,39018,3,,,1,18,,39019,3,,,1,58,,38972,3,,,1
