901,'Holiday1',805,,16732,16,,,1,104,,16739,16,,,1,107,,16740,16,,,1,105,,16741,16,,,1,105,,16742,16,,,1,105,,16738,16,,,1,106,,16734,16,,,1,105,,16735,16,,,1,107,,16736,16,,,1,107,,16733,16,,,1,146,,16737,16,,,1
901,'Saturday',716,,16743,16,,,1,90,,16744,16,,,1,50,,16745,16,,,1,90,,16746,16,,,1,90,,16747,16,,,1,90,,16748,16,,,1,90,,16749,16,,,1,90,,16750,16,,,1,50,,16751,16,,,1,90,,16752,16,,,1,91,,16753,16,,,1,91,,16754,16,,,1,90,,16755,16,,,1,89,,16756,16,,,1,49,,16757,16,,,1
901,'Sunday',805,,16758,16,,,1,104,,16765,16,,,1,107,,16766,16,,,1,105,,16767,16,,,1,105,,16768,16,,,1,105,,16764,16,,,1,106,,16760,16,,,1,105,,16761,16,,,1,107,,16762,16,,,1,107,,16759,16,,,1,146,,16763,16,,,1
901,'Weekday',517,,16769,16,,,1,34,,16772,16,,,1,74,,16773,16,,,1,34,,16774,16,,,1,63,,16771,16,,,1,79,,16775,16,,,1,36,,16786,16,,,1,85,,16787,16,,,1,88,,16788,16,,,1,42,,16789,16,,,1,87,,16790,16,,,1,86,,16791,16,,,1,83,,16776,16,,,1,43,,16785,16,,,1,72,,16782,16,,,1,35,,16778,16,,,1,78,,16783,16,,,1,75,,16780,16,,,1,35,,16777,16,,,1,75,,16779,16,,,1,37,,16784,16,,,1,74,,16781,16,,,1,75,,16792,16,,,1,39,,16794,16,,,1,81,,16793,16,,,1,85,,16770,16,,,1
2404,'Holiday1',826,,20065,31,,,1,85,,20064,31,,,1,45,,20066,31,,,1,85,,20067,31,,,1,85,,20068,31,,,1,85,,20070,31,,,1,45,,20071,31,,,1,85,,20069,31,,,1,85,,20074,31,,,1,85,,20075,31,,,1,45,,20072,31,,,1,85,,20073,31,,,1,85,,20077,31,,,1,85,,20078,31,,,1,45,,20076,31,,,1
2404,'Saturday',826,,20079,31,,,1,85,,20080,31,,,1,45,,20085,31,,,1,85,,20081,31,,,1,85,,20082,31,,,1,85,,20083,31,,,1,45,,20086,31,,,1,85,,20087,31,,,1,85,,20088,31,,,1,85,,20089,31,,,1,45,,20084,31,,,1,85,,20090,31,,,1,85,,20091,31,,,1,85,,20092,31,,,1,45,,20093,31,,,1
2404,'Sunday',826,,20095,31,,,1,85,,20094,31,,,1,45,,20096,31,,,1,85,,20097,31,,,1,85,,20098,31,,,1,85,,20100,31,,,1,45,,20101,31,,,1,85,,20099,31,,,1,85,,20104,31,,,1,85,,20105,31,,,1,45,,20102,31,,,1,85,,20103,31,,,1,85,,20107,31,,,1,85,,20108,31,,,1,45,,20106,31,,,1
2404,'Weekday',538,,20111,31,,,1,17,,20110,31,,,1,74,,20114,31,,,1,76,,20123,31,,,1,36,,20124,31,,,1,75,,20125,31,,,1,36,,20121,31,,,1,76,,20122,31,,,1,75,,20130,31,,,1,37,,20109,31,,,1,75,,20112,31,,,1,35,,20128,31,,,1,76,,20126,31,,,1,77,,20127,31,,,1,37,,20129,31,,,1,77,,20113,31,,,1,33,,20116,31,,,1,77,,20131,31,,,1,76,,20132,31,,,1,34,,20133,31,,,1,75,,20134,31,,,1,36,,20135,31,,,1,75,,20136,31,,,1,36,,20137,31,,,1,78,,20118,31,,,1,72,,20115,31,,,1,32,,20117,31,,,1,76,,20120,31,,,1,35,,20119,31,,,1
2504,'Weekday',621,,20157,29,,,1,30,,20159,29,,,1,77,,20165,29,,,1,76,,20164,29,,,1,38,,20163,29,,,1,74,,20162,29,,,1,35,,20166,29,,,1,76,,20167,29,,,1,483,,20158,29,,,1,36,,20168,29,,,1,76,,20169,29,,,1,37,,20170,29,,,1,76,,20171,29,,,1,77,,20172,29,,,1,36,,20173,29,,,1,75,,20174,29,,,1,36,,20161,29,,,1,74,,20160,29,,,1
21500,'Weekday',739,,24481,15,,,1
