'250901-MULTI-Holiday1-01',3104,92400,,'',1,9200,,'',1,10500,,'',1,10500,,'',1,10500,,'',1,10500,,'',1,10500,,'',1,10500,,'',1,10500,,'',1,10500,,'',1
'250901-MULTI-Holiday2-01',3104,91900,,'',1,9200,,'',1,100,0,'A',1,10400,,'',1,100,0,'A',1,10400,,'',1,100,0,'A',1,10400,,'',1,100,0,'A',1,10400,,'',1,100,0,'A',1,10400,,'',1,100,0,'A',1,10400,,'',1,100,0,'A',1,10400,,'',1,100,0,'A',1,10400,,'',1,100,0,'A',1
'250901-MULTI-Saturday-01',3104,81800,,'',1,9000,0,'A',1,1000,,'',1,8900,,'',1,100,0,'A',1,10700,,'',1,100,0,'A',1,10400,,'',1,100,0,'A',1,10400,,'',1,100,0,'A',1,10300,,'',1,100,0,'A',1,10500,,'',1,100,0,'A',1,10400,,'',1,100,0,'A',1,10400,,'',1,100,0,'A',1,10300,,'',1,100,0,'A',1,10100,,'',1,100,0,'A',1
'250901-MULTI-Sunday-01',3104,91900,,'',1,9200,,'',1,100,0,'A',1,10400,,'',1,100,0,'A',1,10400,,'',1,100,0,'A',1,10400,,'',1,100,0,'A',1,10400,,'',1,100,0,'A',1,10400,,'',1,100,0,'A',1,10400,,'',1,100,0,'A',1,10400,,'',1,100,0,'A',1,10400,,'',1,100,0,'A',1
'250901-MULTI-Weekday-01',3104,51400,,'',1,3200,,'',1,7300,0,'A',1,100,,'',1,3300,,'',1,7100,0,'A',1,100,,'',1,3200,,'',1,7100,0,'A',1,100,,'',1,7200,,'',1,3100,0,'A',1,100,,'',1,7200,,'',1,3100,,'',1,7100,,'',1,3200,,'',1,100,0,'A',1,7100,,'',1,3200,,'',1,100,0,'A',1,7100,,'',1,3200,,'',1,100,0,'A',1,7100,,'',1,3200,,'',1,100,0,'A',1,7100,,'',1,3200,,'',1,100,0,'A',1,7200,,'',1,7200,,'',1,100,0,'A',1,3100,,'',1,7200,,'',1,100,0,'A',1,3000,,'',1,6700,0,'A',1,400,,'',1,3100,,'',1,7400,0,'A',1,400,,'',1,10500,0,'A',1,400,,'',1,10000,,'',1,10000,,'',1
'250901-MULTI-Holiday1-01',5004,71300,,'',1,3000,,'',1,1300,0,'A',1,5600,,'',1,2400,0,'A',1,600,,'',1,7100,,'',1,1300,0,'A',1,1800,,'',1,5600,0,'A',1,1400,,'',1,3000,,'',1,1200,0,'A',1,5700,,'',1,2200,0,'A',1,1400,,'',1,5900,,'',1,1800,0,'A',1,1600,,'',1,6000,0,'A',1,1700,,'',1,2300,,'',1,1400,0,'A',1,5600,,'',1,1900,0,'A',1,1500,,'',1,6600,,'',1,1300,0,'A',1,1700,,'',1,6000,0,'A',1,1600,,'',1,2500,,'',1,1300,0,'A',1,5700,,'',1,1200,0,'A',1,1800,,'',1,7000,,'',1,1300,0,'A',1,1600,,'',1,6600,0,'A',1,2100,,'',1,2000,0,'A',1,5800,,'',1,2600,0,'A',1,1500,,'',1,6900,0,'A',1,1000,,'',1,7800,,'',1,600,0,'A',1,3400,,'',1,1000,0,'A',1,8000,0,'A',1
'250901-MULTI-Holiday2-01',5004,71300,,'',1,3000,,'',1,1300,0,'A',1,5600,,'',1,2400,0,'A',1,600,,'',1,7100,,'',1,1300,0,'A',1,1800,,'',1,5600,0,'A',1,1400,,'',1,3000,,'',1,1200,0,'A',1,5700,,'',1,2200,0,'A',1,1400,,'',1,5900,,'',1,1800,0,'A',1,1600,,'',1,6000,0,'A',1,1700,,'',1,2300,,'',1,1400,0,'A',1,5600,,'',1,1900,0,'A',1,1500,,'',1,6600,,'',1,1300,0,'A',1,1700,,'',1,6000,0,'A',1,1600,,'',1,2500,,'',1,1300,0,'A',1,5700,,'',1,1200,0,'A',1,1800,,'',1,7000,,'',1,1300,0,'A',1,1600,,'',1,6600,0,'A',1,2100,,'',1,2000,0,'A',1,5800,,'',1,2600,0,'A',1,1500,,'',1,6900,0,'A',1,1000,,'',1,7800,,'',1,600,0,'A',1,3400,,'',1,1000,0,'A',1,8000,0,'A',1
'250901-MULTI-Saturday-01',5004,50300,,'',1,4000,,'',1,8000,,'',1,8000,,'',1,1700,0,'A',1,2300,,'',1,6200,0,'A',1,1900,,'',1,2600,0,'A',1,5300,,'',1,3100,0,'A',1,1400,,'',1,6900,,'',1,300,0,'A',1,2400,,'',1,6000,0,'A',1,1000,,'',1,3000,,'',1,600,0,'A',1,6300,,'',1,2100,0,'A',1,900,,'',1,6900,,'',1,800,0,'A',1,2200,,'',1,6100,0,'A',1,500,,'',1,3400,,'',1,700,0,'A',1,6400,,'',1,2200,0,'A',1,800,,'',1,7000,,'',1,700,0,'A',1,2300,,'',1,6200,0,'A',1,1300,,'',1,2500,,'',1,700,0,'A',1,6100,,'',1,2100,0,'A',1,1300,,'',1,6800,,'',1,700,0,'A',1,2100,,'',1,6400,0,'A',1,2500,,'',1,2000,0,'A',1,5200,,'',1,3000,0,'A',1,900,,'',1,7100,0,'A',1,1100,,'',1,3500,,'',1,4600,0,'A',1,3600,,'',1,900,0,'A',1
'250901-MULTI-Sunday-01',5004,71300,,'',1,3000,,'',1,1300,0,'A',1,5600,,'',1,2400,0,'A',1,600,,'',1,7100,,'',1,1300,0,'A',1,1800,,'',1,5600,0,'A',1,1400,,'',1,3000,,'',1,1200,0,'A',1,5700,,'',1,2200,0,'A',1,1400,,'',1,5900,,'',1,1800,0,'A',1,1600,,'',1,6000,0,'A',1,1700,,'',1,2300,,'',1,1400,0,'A',1,5600,,'',1,1900,0,'A',1,1500,,'',1,6600,,'',1,1300,0,'A',1,1700,,'',1,6000,0,'A',1,1600,,'',1,2500,,'',1,1300,0,'A',1,5700,,'',1,1200,0,'A',1,1800,,'',1,7000,,'',1,1300,0,'A',1,1600,,'',1,6600,0,'A',1,2100,,'',1,2000,0,'A',1,5800,,'',1,2600,0,'A',1,1500,,'',1,6900,0,'A',1,1000,,'',1,7800,,'',1,600,0,'A',1,3400,,'',1,1000,0,'A',1,8000,0,'A',1
'250901-MULTI-Weekday-01',5004,50400,,'',1,1400,0,'A',1,800,,'',1,2200,,'',1,200,0,'A',1,5700,,'',1,1000,0,'A',1,400,,'',1,1200,,'',1,800,0,'A',1,400,,'',1,1200,,'',1,4800,0,'A',1,400,,'',1,1200,,'',1,1000,0,'A',1,200,,'',1,1200,,'',1,900,,'',1,100,0,'A',1,200,,'',1,5400,,'',1,1100,0,'A',1,500,,'',1,1200,,'',1,600,0,'A',1,600,,'',1,5200,,'',1,700,0,'A',1,200,,'',1,900,,'',1,1200,,'',1,400,0,'A',1,800,,'',1,900,,'',1,500,0,'A',1,5000,,'',1,1000,0,'A',1,800,,'',1,1500,0,'A',1,400,,'',1,5900,,'',1,1000,0,'A',1,1200,,'',1,1700,,'',1,200,0,'A',1,5700,,'',1,1700,0,'A',1,1900,,'',1,1300,0,'A',1,600,,'',1,6000,,'',1,700,0,'A',1,1400,,'',1,1600,,'',1,200,0,'A',1,5800,0,'A',1,500,,'',1,1000,,'',1,500,0,'A',1,800,,'',1,900,,'',1,4900,0,'A',1,500,,'',1,1500,,'',1,1000,0,'A',1,300,,'',1,1300,,'',1,600,0,'A',1,4700,,'',1,1300,,'',1,600,0,'A',1,700,,'',1,1300,,'',1,600,0,'A',1,700,,'',1,5300,,'',1,500,0,'A',1,800,,'',1,1300,,'',1,500,0,'A',1,800,,'',1,1300,,'',1,4500,0,'A',1,800,,'',1,1200,,'',1,600,0,'A',1,700,,'',1,1300,,'',1,600,0,'A',1,4700,,'',1,1800,0,'A',1,800,,'',1,1700,0,'A',1,900,,'',1,5500,,'',1,400,0,'A',1,2200,,'',1,100,0,'A',1,2000,0,'A',1,4600,,'',1,2200,0,'A',1,700,,'',1,2300,0,'A',1,4700,,'',1,2200,0,'A',1,600,,'',1,2400,0,'A',1,600,,'',1,5900,0,'A',1,1200,,'',1,1500,0,'A',1,5800,,'',1,1200,0,'A',1,1800,,'',1,2500,,'',1
