204,'Holiday1',701,,14299,,,1,33,,14301,,,1,73,,14303,,,1,33,,14305,,,1,73,,14306,,,1,33,,14302,,,1,73,,14307,,,1,33,,14304,,,1,73,,14308,,,1,33,,14309,,,1,73,,14311,,,1,73,,14312,,,1,33,,14313,,,1,73,,14310,,,1,33,,14315,,,1,73,,14316,,,1,33,,14317,,,1,73,,14314,,,1,33,,14329,,,1,73,,14325,,,1,73,,14328,,,1,33,,14324,,,1,73,,14327,,,1,33,,14326,,,1,73,,14322,,,1,33,,14321,,,1,73,,14323,,,1,33,,14318,,,1,72,,14320,,,1,33,,14319,,,1,73,,14300,,,1
204,'Saturday',610,,14330,,,1,27,,14368,,,1,73,,14365,,,1,29,,14364,,,1,72,,14367,,,1,30,,14366,,,1,70,,14363,,,1,30,,14362,,,1,70,,14358,,,1,30,,14361,,,1,70,,14360,,,1,30,,14369,,,1,70,,14359,,,1,30,,14357,,,1,70,,14353,,,1,30,,14352,,,1,70,,14356,,,1,30,,14355,,,1,70,,14354,,,1,30,,14351,,,1,70,,14350,,,1,30,,14346,,,1,70,,14349,,,1,30,,14344,,,1,70,,14348,,,1,30,,14347,,,1,70,,14345,,,1,30,,14343,,,1,69,,14340,,,1,30,,14339,,,1,70,,14342,,,1,30,,14341,,,1,70,,14335,,,1,30,,14336,,,1,70,,14338,,,1,30,,14337,,,1,70,,14333,,,1,30,,14334,,,1
204,'Sunday',701,,14370,,,1,33,,14372,,,1,73,,14374,,,1,33,,14375,,,1,73,,14376,,,1,33,,14373,,,1,73,,14377,,,1,33,,14378,,,1,73,,14379,,,1,33,,14380,,,1,73,,14382,,,1,73,,14383,,,1,33,,14384,,,1,73,,14381,,,1,33,,14386,,,1,73,,14387,,,1,33,,14388,,,1,73,,14385,,,1,33,,14400,,,1,73,,14396,,,1,73,,14399,,,1,33,,14395,,,1,73,,14398,,,1,33,,14397,,,1,73,,14393,,,1,33,,14392,,,1,73,,14394,,,1,33,,14389,,,1,72,,14391,,,1,33,,14390,,,1,73,,14371,,,1
204,'Weekday',440,,14455,,,1,62,,14454,,,1,22,,14453,,,1,16,,14451,,,1,69,,14450,,,1,22,,14449,,,1,18,,14445,,,1,60,,14456,,,1,19,,14448,,,1,26,,14443,,,1,68,,14447,,,1,20,,14452,,,1,60,,14446,,,1,22,,14441,,,1,22,,14444,,,1,65,,14442,,,1,21,,14440,,,1,20,,14439,,,1,58,,14438,,,1,27,,14437,,,1,64,,14433,,,1,22,,14436,,,1,16,,14435,,,1,17,,14434,,,1,69,,14432,,,1,27,,14431,,,1,60,,14430,,,1,15,,14429,,,1,19,,14428,,,1,68,,14427,,,1,24,,14426,,,1,62,,14422,,,1,17,,14425,,,1,23,,14424,,,1,67,,14423,,,1,26,,14421,,,1,23,,14417,,,1,61,,14420,,,1,24,,14419,,,1,66,,14418,,,1,26,,14416,,,1,20,,14415,,,1,62,,14414,,,1,23,,14413,,,1,18,,14412,,,1,59,,14408,,,1,23,,14411,,,1,20,,14410,,,1,62,,14409,,,1,34,,14407,,,1,71,,14406,,,1,32,,14405,,,1,68,,14404,,,1
2301,'Holiday1',734,,19927,,,1,71,,19900,,,1,31,,19902,,,1,22,,19899,,,1,68,,19903,,,1,31,,19901,,,1,74,,19904,,,1,28,,19905,,,1,68,,19906,,,1,28,,19907,,,1,68,,19908,,,1,28,,19912,,,1,68,,19913,,,1,28,,19914,,,1,68,,19909,,,1,28,,19911,,,1,68,,19915,,,1,28,,19916,,,1,68,,19910,,,1,28,,19918,,,1,68,,19919,,,1,28,,19921,,,1,28,,19917,,,1,67,,19922,,,1,28,,19920,,,1,67,,19924,,,1,28,,19925,,,1,67,,19923,,,1,28,,19928,,,1,67,,19926,,,1,27,,19930,,,1,69,,19929,,,1
2301,'Saturday',644,,19932,,,1,70,,19931,,,1,28,,19941,,,1,68,,19945,,,1,30,,19946,,,1,68,,19943,,,1,28,,19942,,,1,67,,19944,,,1,28,,19947,,,1,28,,19948,,,1,70,,19949,,,1,29,,19950,,,1,68,,19952,,,1,28,,19953,,,1,69,,19954,,,1,28,,19951,,,1,68,,19955,,,1,29,,19957,,,1,68,,19958,,,1,27,,19959,,,1,68,,19956,,,1,26,,19960,,,1,68,,19961,,,1,27,,19962,,,1,74,,19963,,,1,39,,19935,,,1,70,,19933,,,1,31,,19936,,,1,69,,19934,,,1,30,,19938,,,1,69,,19940,,,1,30,,19937,,,1,69,,19939,,,1,29,,19964,,,1,70,,19966,,,1,30,,19965,,,1,70,,19967,,,1,30,,19968,,,1
2301,'Sunday',734,,19997,,,1,71,,19970,,,1,31,,19972,,,1,22,,19969,,,1,68,,19973,,,1,31,,19971,,,1,74,,19974,,,1,28,,19975,,,1,68,,19976,,,1,28,,19977,,,1,68,,19978,,,1,28,,19981,,,1,68,,19982,,,1,28,,19983,,,1,68,,19979,,,1,28,,19984,,,1,68,,19985,,,1,28,,19986,,,1,68,,19980,,,1,28,,19988,,,1,68,,19989,,,1,28,,19991,,,1,28,,19987,,,1,67,,19992,,,1,28,,19990,,,1,67,,19994,,,1,28,,19995,,,1,67,,19993,,,1,28,,19998,,,1,67,,19996,,,1,27,,20000,,,1,69,,19999,,,1
2301,'Weekday',435,,20001,,,1,15,,20002,,,1,55,,20003,,,1,16,,20004,,,1,16,,20005,,,1,15,,20006,,,1,54,,20007,,,1,14,,20008,,,1,16,,20009,,,1,15,,20010,,,1,55,,20011,,,1,17,,20013,,,1,15,,20014,,,1,16,,20015,,,1,55,,20012,,,1,16,,20017,,,1,15,,20018,,,1,15,,20019,,,1,55,,20016,,,1,14,,20020,,,1,31,,20021,,,1,68,,20022,,,1,31,,20023,,,1,75,,20024,,,1,30,,20025,,,1,66,,20026,,,1,27,,20027,,,1,70,,20028,,,1,28,,20029,,,1,60,,20060,,,1,20,,20030,,,1,15,,20059,,,1,55,,20056,,,1,15,,20058,,,1,14,,20057,,,1,15,,20032,,,1,15,,20031,,,1,55,,20033,,,1,15,,20035,,,1,15,,20037,,,1,15,,20038,,,1,55,,20039,,,1,15,,20036,,,1,15,,20040,,,1,15,,20034,,,1,55,,20041,,,1,15,,20042,,,1,15,,20043,,,1,15,,20044,,,1,54,,20045,,,1,20,,20046,,,1,73,,20047,,,1,33,,20048,,,1,73,,20050,,,1,34,,20051,,,1,74,,20052,,,1,34,,20049,,,1,72,,20053,,,1,74,,20054,,,1,34,,20055,,,1
2802,'Holiday1',531,,20876,0,5,1,25,,20867,,,1,65,,20863,0,5,1,25,,20872,,,1,65,,20868,0,5,1,25,,20862,,,1,65,,20875,0,5,1,25,,20866,,,1,25,,20864,0,5,1,65,,20870,,,1,25,,20869,0,5,1,65,,20865,,,1,25,,20874,0,5,1,25,,20871,,,1,65,,20878,0,5,1,25,,20873,,,1,65,,20879,0,5,1,25,,20877,,,1,65,,20880,0,5,1,25,,20881,,,1,25,,20882,0,5,1,65,,20883,,,1,25,,20885,0,5,1,65,,20884,,,1,25,,20886,0,5,1,25,,20887,,,1,65,,20888,0,5,1,25,,20889,,,1,65,,20890,0,5,1,25,,20891,,,1,65,,20892,0,5,1,25,,20893,,,1,25,,20894,0,5,1
2802,'Saturday',531,,20897,0,5,1,25,,20912,,,1,65,,20898,0,5,1,25,,20913,,,1,65,,20895,0,5,1,25,,20916,,,1,65,,20896,0,5,1,25,,20917,,,1,25,,20899,0,5,1,65,,20918,,,1,25,,20901,0,5,1,65,,20914,,,1,25,,20902,0,5,1,25,,20915,,,1,65,,20903,0,5,1,25,,20919,,,1,65,,20900,0,5,1,25,,20921,,,1,65,,20904,0,5,1,25,,20922,,,1,25,,20905,0,5,1,65,,20923,,,1,25,,20906,0,5,1,65,,20920,,,1,25,,20907,0,5,1,25,,20924,,,1,65,,20908,0,5,1,25,,20925,,,1,65,,20909,0,5,1,25,,20926,,,1,65,,20910,0,5,1,25,,20927,,,1,25,,20911,0,5,1
2802,'Sunday',531,,20942,0,5,1,25,,20932,,,1,65,,20929,0,5,1,25,,20938,,,1,65,,20934,0,5,1,25,,20928,,,1,65,,20941,0,5,1,25,,20931,,,1,25,,20930,0,5,1,65,,20936,,,1,25,,20935,0,5,1,65,,20933,,,1,25,,20940,0,5,1,25,,20937,,,1,65,,20944,0,5,1,25,,20939,,,1,65,,20945,0,5,1,25,,20943,,,1,65,,20946,0,5,1,25,,20947,,,1,25,,20948,0,5,1,65,,20949,,,1,25,,20950,0,5,1,65,,20952,,,1,25,,20951,0,5,1,25,,20953,,,1,65,,20954,0,5,1,25,,20955,,,1,65,,20956,0,5,1,25,,20957,,,1,65,,20958,0,5,1,25,,20959,,,1,25,,20960,0,5,1
2802,'Weekday',511,,21001,,,1,24,,20961,0,5,1,18,,20981,,,1,60,,20963,0,5,1,20,,20982,,,1,20,,20964,0,5,1,60,,20983,,,1,20,,20962,0,5,1,20,,20984,,,1,60,,20965,0,5,1,20,,20985,,,1,20,,20966,0,5,1,60,,20986,,,1,20,,20967,0,5,1,23,,20987,,,1,57,,20968,0,5,1,20,,20988,,,1,19,,20969,0,5,1,61,,20989,,,1,20,,20970,0,5,1,19,,20990,,,1,61,,20971,0,5,1,20,,20991,,,1,19,,20972,0,5,1,61,,20992,,,1,20,,20973,0,5,1,20,,20993,,,1,60,,20974,0,5,1,20,,20994,,,1,20,,20975,0,5,1,60,,20995,,,1,20,,20976,0,5,1,20,,20996,,,1,60,,20977,0,5,1,19,,20997,,,1,21,,20978,0,5,1,60,,20998,,,1,19,,20979,0,5,1,21,,20999,,,1,60,,20980,0,5,1,20,,21000,,,1
20100,'Weekday',725,,24856,,,1
