204,'Holiday1',715,,27333,21,,,1,33,,27336,21,,,1,73,,27338,21,,,1,33,,27335,21,,,1,74,,27339,21,,,1,73,,27337,21,,,1,33,,27340,21,,,1,73,,27341,21,,,1,33,,27342,21,,,1,74,,27343,21,,,1,33,,27345,21,,,1,73,,27346,21,,,1,33,,27347,21,,,1,73,,27344,21,,,1,33,,27349,21,,,1,73,,27350,21,,,1,73,,27351,21,,,1,33,,27348,21,,,1,73,,27363,21,,,1,33,,27359,21,,,1,72,,27362,21,,,1,33,,27358,21,,,1,72,,27361,21,,,1,33,,27360,21,,,1,72,,27356,21,,,1,33,,27355,21,,,1,73,,27357,21,,,1,73,,27352,21,,,1,32,,27354,21,,,1,73,,27353,21,,,1,33,,27334,21,,,1
204,'Saturday',623,,27364,21,,,1,27,,27402,21,,,1,74,,27399,21,,,1,29,,27398,21,,,1,72,,27401,21,,,1,30,,27400,21,,,1,71,,27397,21,,,1,30,,27396,21,,,1,70,,27392,21,,,1,30,,27395,21,,,1,71,,27394,21,,,1,30,,27403,21,,,1,71,,27393,21,,,1,30,,27391,21,,,1,71,,27387,21,,,1,30,,27386,21,,,1,70,,27390,21,,,1,30,,27389,21,,,1,70,,27388,21,,,1,30,,27385,21,,,1,70,,27384,21,,,1,30,,27380,21,,,1,69,,27383,21,,,1,30,,27378,21,,,1,69,,27382,21,,,1,30,,27381,21,,,1,68,,27379,21,,,1,30,,27377,21,,,1,68,,27375,21,,,1,30,,27374,21,,,1,70,,27373,21,,,1,30,,27376,21,,,1,70,,27369,21,,,1,30,,27370,21,,,1,70,,27372,21,,,1,30,,27371,21,,,1,70,,27367,21,,,1,30,,27368,21,,,1
204,'Sunday',715,,27404,21,,,1,33,,27407,21,,,1,73,,27409,21,,,1,33,,27406,21,,,1,74,,27410,21,,,1,73,,27408,21,,,1,33,,27411,21,,,1,73,,27412,21,,,1,33,,27413,21,,,1,74,,27414,21,,,1,33,,27416,21,,,1,73,,27417,21,,,1,33,,27418,21,,,1,73,,27415,21,,,1,33,,27420,21,,,1,73,,27421,21,,,1,73,,27422,21,,,1,33,,27419,21,,,1,73,,27434,21,,,1,33,,27430,21,,,1,72,,27433,21,,,1,33,,27429,21,,,1,72,,27432,21,,,1,33,,27431,21,,,1,72,,27427,21,,,1,33,,27426,21,,,1,73,,27428,21,,,1,73,,27423,21,,,1,32,,27425,21,,,1,73,,27424,21,,,1,33,,27405,21,,,1
204,'Weekday',454,,27489,21,,,1,62,,27488,21,,,1,22,,27487,21,,,1,16,,27485,21,,,1,70,,27484,21,,,1,22,,27483,21,,,1,58,,27479,21,,,1,22,,27490,21,,,1,19,,27482,21,,,1,66,,27477,21,,,1,28,,27481,21,,,1,20,,27486,21,,,1,61,,27480,21,,,1,22,,27475,21,,,1,62,,27478,21,,,1,25,,27476,21,,,1,21,,27474,21,,,1,60,,27473,21,,,1,18,,27472,21,,,1,27,,27471,21,,,1,64,,27467,21,,,1,22,,27470,21,,,1,16,,27469,21,,,1,56,,27468,21,,,1,29,,27466,21,,,1,67,,27465,21,,,1,20,,27464,21,,,1,15,,27463,21,,,1,59,,27462,21,,,1,28,,27461,21,,,1,24,,27457,21,,,1,64,,27456,21,,,1,17,,27460,21,,,1,64,,27459,21,,,1,27,,27458,21,,,1,25,,27455,21,,,1,63,,27451,21,,,1,21,,27454,21,,,1,64,,27453,21,,,1,25,,27452,21,,,1,26,,27450,21,,,1,60,,27449,21,,,1,21,,27448,21,,,1,22,,27447,21,,,1,58,,27446,21,,,1,19,,27442,21,,,1,23,,27445,21,,,1,60,,27444,21,,,1,22,,27443,21,,,1,74,,27441,21,,,1,31,,27440,21,,,1,70,,27439,21,,,1,28,,27438,21,,,1
2404,'Holiday1',829,,33262,36,,,1,85,,33261,36,,,1,45,,33263,36,,,1,85,,33264,36,,,1,85,,33265,36,,,1,85,,33267,36,,,1,45,,33268,36,,,1,85,,33266,36,,,1,85,,33271,36,,,1,85,,33272,36,,,1,45,,33269,36,,,1,85,,33270,36,,,1,85,,33274,36,,,1,85,,33275,36,,,1,45,,33273,36,,,1
2404,'Saturday',829,,33276,36,,,1,85,,33277,36,,,1,45,,33282,36,,,1,85,,33278,36,,,1,85,,33279,36,,,1,85,,33280,36,,,1,45,,33283,36,,,1,85,,33284,36,,,1,85,,33285,36,,,1,85,,33286,36,,,1,45,,33281,36,,,1,85,,33287,36,,,1,85,,33288,36,,,1,85,,33289,36,,,1,45,,33290,36,,,1
2404,'Sunday',829,,33292,36,,,1,85,,33291,36,,,1,45,,33293,36,,,1,85,,33294,36,,,1,85,,33295,36,,,1,85,,33297,36,,,1,45,,33298,36,,,1,85,,33296,36,,,1,85,,33301,36,,,1,85,,33302,36,,,1,45,,33299,36,,,1,85,,33300,36,,,1,85,,33304,36,,,1,85,,33305,36,,,1,45,,33303,36,,,1
2404,'Weekday',541,,33308,36,,,1,17,,33307,36,,,1,74,,33311,36,,,1,76,,33320,36,,,1,36,,33321,36,,,1,75,,33322,36,,,1,36,,33318,36,,,1,76,,33319,36,,,1,75,,33327,36,,,1,37,,33306,36,,,1,75,,33309,36,,,1,35,,33325,36,,,1,76,,33323,36,,,1,77,,33324,36,,,1,37,,33326,36,,,1,77,,33310,36,,,1,33,,33313,36,,,1,77,,33328,36,,,1,76,,33329,36,,,1,34,,33330,36,,,1,75,,33331,36,,,1,36,,33332,36,,,1,75,,33333,36,,,1,76,,33334,36,,,1,38,,33315,36,,,1,72,,33312,36,,,1,32,,33314,36,,,1,76,,33317,36,,,1,35,,33316,36,,,1
2504,'Weekday',623,,33354,32,,,1,30,,33356,32,,,1,77,,33362,32,,,1,77,,33361,32,,,1,38,,33359,32,,,1,73,,33360,32,,,1,35,,33363,32,,,1,76,,33364,32,,,1,483,,33355,32,,,1,36,,33365,32,,,1,76,,33366,32,,,1,77,,33367,32,,,1,36,,33368,32,,,1,77,,33369,32,,,1,36,,33370,32,,,1,75,,33371,32,,,1,76,,33358,32,,,1,34,,33357,32,,,1
50204,'Holiday1',746,,38641,4,,,1,60,,38599,4,,,1,20,,38598,4,,,1,20,,38594,4,,,1,60,,38595,4,,,1,20,,38596,4,,,1,19,,38597,5,,,1,61,,38600,5,,,1,19,,38601,5,,,1,22,,38587,5,,,1,60,,38585,5,,,1,15,,38608,5,,,1,15,,38604,5,,,1,15,,38609,5,,,1,57,,38610,5,,,1,17,,38612,5,,,1,17,,38607,5,,,1,15,,38611,5,,,1,55,,38613,5,,,1,15,,38603,5,,,1,15,,38606,5,,,1,13,,38602,5,,,1,53,,38605,5,,,1,12,,38636,5,,,1,12,,38637,5,,,1,12,,38635,5,,,1,12,,38634,5,,,1,52,,38633,5,,,1,12,,38639,5,,,1,12,,38632,5,,,1,12,,38631,5,,,1,12,,38628,5,,,1,52,,38627,5,,,1,12,,38638,5,,,1,12,,38630,5,,,1,12,,38629,5,,,1,12,,38626,5,,,1,52,,38625,5,,,1,12,,38624,5,,,1,12,,38620,5,,,1,12,,38623,5,,,1,12,,38622,5,,,1,51,,38621,5,,,1,12,,38617,5,,,1,12,,38616,5,,,1,12,,38619,5,,,1,12,,38618,5,,,1,53,,38615,5,,,1,14,,38586,5,,,1,12,,38642,5,,,1,13,,38589,5,,,1,54,,38614,5,,,1,14,,38588,5,,,1,17,,38590,5,,,1,21,,38592,5,,,1,60,,38593,5,,,1,20,,38591,5,,,1,20,,38640,5,,,1
50204,'Saturday',650,,38689,4,,,1,52,,38669,4,,,1,12,,38666,4,,,1,12,,38654,4,,,1,12,,38655,4,,,1,12,,38648,4,,,1,52,,38645,4,,,1,12,,38643,4,,,1,12,,38722,4,,,1,12,,38719,4,,,1,14,,38718,5,,,1,52,,38720,5,,,1,13,,38716,5,,,1,12,,38712,5,,,1,12,,38705,5,,,1,12,,38704,5,,,1,52,,38717,5,,,1,12,,38703,5,,,1,12,,38706,5,,,1,12,,38711,5,,,1,12,,38709,5,,,1,52,,38708,5,,,1,12,,38715,5,,,1,12,,38714,5,,,1,12,,38707,5,,,1,12,,38710,5,,,1,53,,38721,5,,,1,13,,38713,5,,,1,12,,38652,5,,,1,14,,38644,5,,,1,11,,38723,5,,,1,50,,38681,5,,,1,13,,38670,5,,,1,10,,38701,5,,,1,9,,38668,5,,,1,11,,38658,5,,,1,10,,38702,5,,,1,50,,38661,5,,,1,11,,38650,5,,,1,10,,38651,5,,,1,8,,38653,5,,,1,10,,38646,5,,,1,10,,38680,5,,,1,53,,38649,5,,,1,10,,38667,5,,,1,10,,38647,5,,,1,10,,38673,5,,,1,10,,38657,5,,,1,50,,38656,5,,,1,10,,38659,5,,,1,10,,38700,5,,,1,10,,38660,5,,,1,10,,38665,5,,,1,10,,38664,5,,,1,49,,38663,5,,,1,11,,38687,5,,,1,12,,38662,5,,,1,12,,38671,5,,,1,10,,38677,5,,,1,12,,38678,5,,,1,52,,38676,5,,,1,13,,38674,5,,,1,15,,38675,5,,,1,15,,38672,5,,,1,55,,38679,5,,,1,15,,38688,5,,,1,15,,38682,5,,,1,15,,38686,5,,,1,55,,38684,5,,,1,16,,38685,5,,,1,14,,38683,5,,,1,15,,38691,5,,,1,55,,38692,5,,,1,15,,38693,5,,,1,15,,38694,5,,,1,15,,38696,5,,,1,55,,38695,5,,,1,15,,38690,5,,,1,15,,38699,5,,,1,15,,38697,5,,,1,54,,38698,5,,,1
50204,'Sunday',746,,38780,4,,,1,60,,38738,4,,,1,20,,38737,4,,,1,20,,38733,4,,,1,60,,38734,4,,,1,20,,38735,4,,,1,19,,38736,5,,,1,61,,38739,5,,,1,19,,38740,5,,,1,22,,38725,5,,,1,60,,38724,5,,,1,15,,38746,5,,,1,15,,38743,5,,,1,15,,38747,5,,,1,57,,38748,5,,,1,17,,38751,5,,,1,17,,38749,5,,,1,15,,38750,5,,,1,55,,38752,5,,,1,15,,38742,5,,,1,15,,38745,5,,,1,13,,38741,5,,,1,53,,38744,5,,,1,12,,38778,5,,,1,12,,38775,5,,,1,12,,38774,5,,,1,12,,38773,5,,,1,52,,38772,5,,,1,12,,38777,5,,,1,12,,38771,5,,,1,12,,38770,5,,,1,12,,38767,5,,,1,52,,38766,5,,,1,12,,38776,5,,,1,12,,38769,5,,,1,12,,38768,5,,,1,12,,38765,5,,,1,52,,38764,5,,,1,12,,38763,5,,,1,12,,38759,5,,,1,12,,38762,5,,,1,12,,38761,5,,,1,51,,38760,5,,,1,12,,38756,5,,,1,12,,38755,5,,,1,12,,38758,5,,,1,12,,38757,5,,,1,53,,38754,5,,,1,14,,38727,5,,,1,12,,38781,5,,,1,13,,38728,5,,,1,54,,38753,5,,,1,14,,38726,5,,,1,17,,38729,5,,,1,21,,38730,5,,,1,60,,38731,5,,,1,20,,38732,5,,,1,20,,38779,5,,,1
50204,'Weekday',500,,38870,4,,,1,12,,38853,4,,,1,10,,38849,4,,,1,10,,38847,4,,,1,10,,38842,4,,,1,10,,38844,4,,,1,51,,38846,4,,,1,9,,38845,4,,,1,11,,38843,4,,,1,10,,38848,5,,,1,10,,38862,5,,,1,10,,38872,5,,,1,50,,38871,5,,,1,11,,38859,5,,,1,10,,38851,5,,,1,10,,38850,5,,,1,10,,38837,5,,,1,10,,38834,5,,,1,52,,38830,5,,,1,10,,38824,5,,,1,10,,38826,5,,,1,10,,38820,5,,,1,10,,38821,5,,,1,10,,38863,5,,,1,50,,38817,5,,,1,13,,38875,5,,,1,13,,38858,5,,,1,16,,38838,5,,,1,54,,38815,5,,,1,14,,38831,5,,,1,15,,38825,5,,,1,17,,38816,5,,,1,53,,38814,5,,,1,18,,38865,5,,,1,15,,38874,5,,,1,14,,38857,5,,,1,56,,38839,5,,,1,16,,38810,5,,,1,14,,38833,5,,,1,15,,38823,5,,,1,55,,38818,5,,,1,12,,38811,5,,,1,18,,38866,5,,,1,15,,38876,5,,,1,53,,38856,5,,,1,11,,38808,5,,,1,9,,38809,5,,,1,9,,38806,5,,,1,11,,38840,5,,,1,11,,38805,5,,,1,49,,38804,5,,,1,10,,38835,5,,,1,10,,38827,5,,,1,10,,38819,5,,,1,10,,38812,5,,,1,10,,38800,5,,,1,52,,38867,5,,,1,9,,38877,5,,,1,9,,38795,5,,,1,10,,38860,5,,,1,12,,38797,5,,,1,10,,38796,5,,,1,50,,38798,5,,,1,10,,38792,5,,,1,10,,38841,5,,,1,9,,38807,5,,,1,9,,38789,5,,,1,10,,38836,5,,,1,52,,38828,5,,,1,10,,38813,5,,,1,8,,38790,5,,,1,11,,38868,5,,,1,10,,38878,5,,,1,11,,38787,5,,,1,51,,38854,5,,,1,13,,38786,5,,,1,13,,38794,5,,,1,12,,38803,5,,,1,59,,38832,5,,,1,15,,38822,5,,,1,15,,38788,5,,,1,15,,38864,5,,,1,55,,38784,5,,,1,14,,38855,5,,,1,15,,38783,5,,,1,15,,38793,5,,,1,55,,38802,5,,,1,15,,38829,5,,,1,15,,38791,5,,,1,15,,38869,5,,,1,55,,38785,5,,,1,14,,38861,5,,,1,15,,38782,5,,,1,13,,38799,5,,,1,15,,38801,5,,,1
