1203,'Holiday1',812,,30594,50,4,,1,40,,30590,50,4,,1,81,,30593,50,4,,1,80,,30598,50,4,,1,40,,30589,50,4,,1,82,,30592,50,4,,1,80,,30597,50,4,,1,40,,30591,50,4,,1,80,,30596,50,4,,1,81,,30595,50,4,,1,42,,30600,50,4,,1,80,,30599,50,4,,1,80,,30601,50,4,,1,40,,30602,50,4,,1,80,,30603,50,4,,1,80,,30605,50,4,,1,40,,30604,50,4,,1,78,,30606,50,4,,1,78,,30607,50,4,,1,40,,30608,50,4,,1,80,,30610,50,4,,1,80,,30609,50,4,,1,38,,30611,50,4,,1
1203,'Saturday',552,,30614,50,4,,1,77,,30613,50,4,,1,81,,30612,50,4,,1,42,,30615,50,4,,1,80,,30616,50,4,,1,81,,30617,50,4,,1,40,,30619,50,4,,1,81,,30618,50,4,,1,80,,30620,50,4,,1,40,,30621,50,4,,1,82,,30622,50,4,,1,80,,30624,50,4,,1,40,,30623,50,4,,1,80,,30626,50,4,,1,81,,30625,50,4,,1,42,,30627,50,4,,1,80,,30628,50,4,,1,80,,30631,50,4,,1,40,,30629,50,4,,1,80,,30630,50,4,,1,80,,30632,50,4,,1,40,,30633,50,4,,1,78,,30635,50,4,,1,78,,30637,50,4,,1,40,,30638,50,4,,1,80,,30636,50,4,,1,80,,30634,50,4,,1,38,,30639,50,4,,1,80,,30640,50,4,,1
1203,'Sunday',812,,30646,50,4,,1,40,,30642,50,4,,1,81,,30645,50,4,,1,80,,30650,50,4,,1,40,,30641,50,4,,1,82,,30644,50,4,,1,80,,30649,50,4,,1,40,,30643,50,4,,1,80,,30648,50,4,,1,81,,30647,50,4,,1,42,,30652,50,4,,1,80,,30651,50,4,,1,80,,30653,50,4,,1,40,,30654,50,4,,1,80,,30655,50,4,,1,80,,30657,50,4,,1,40,,30656,50,4,,1,78,,30658,50,4,,1,78,,30659,50,4,,1,40,,30660,50,4,,1,80,,30662,50,4,,1,80,,30661,50,4,,1,38,,30663,50,4,,1
1203,'Weekday',540,,30665,50,4,,1,76,,30664,50,4,,1,42,,30670,50,4,,1,72,,30671,50,4,,1,77,,30672,50,4,,1,31,,30673,50,4,,1,74,,30674,50,4,,1,29,,30675,50,4,,1,76,,30666,50,4,,1,85,,30668,50,4,,1,39,,30667,50,4,,1,86,,30676,50,4,,1,81,,30678,50,4,,1,45,,30679,50,4,,1,91,,30680,50,4,,1,83,,30677,50,4,,1,79,,30684,50,4,,1,25,,30685,50,4,,1,27,,30683,50,4,,1,76,,30686,50,4,,1,70,,30687,50,4,,1,30,,30688,50,4,,1,68,,30689,50,4,,1,27,,30690,50,4,,1,76,,30691,50,4,,1,50,,30692,50,4,,1,86,,30693,50,4,,1,81,,30694,50,4,,1,86,,30695,50,4,,1,40,,30682,50,4,,1,86,,30681,50,4,,1,86,,30669,50,4,,1
1204,'Holiday1',815,,30702,1,,,1,40,,30696,1,,,1,80,,30699,1,,,1,80,,30700,1,,,1,40,,30697,1,,,1,80,,30698,1,,,1,80,,30703,1,,,1,40,,30704,1,,,1,80,,30701,1,,,1,84,,30706,1,,,1,39,,30705,1,,,1,80,,30708,1,,,1,80,,30707,1,,,1,40,,30709,1,,,1,80,,30710,1,,,1,80,,30711,1,,,1,40,,30712,1,,,1,78,,30713,1,,,1,79,,30714,1,,,1,40,,30715,1,,,1,80,,30716,1,,,1,80,,30717,1,,,1,40,,30718,1,,,1
1204,'Saturday',600,,30721,1,,,1,40,,30719,1,,,1,80,,30720,1,,,1,80,,30722,1,,,1,40,,30723,1,,,1,80,,30724,1,,,1,80,,30725,1,,,1,40,,30726,1,,,1,80,,30728,1,,,1,80,,30727,1,,,1,40,,30730,1,,,1,80,,30729,1,,,1,80,,30731,1,,,1,40,,30732,1,,,1,80,,30733,1,,,1,80,,30734,1,,,1,40,,30736,1,,,1,80,,30735,1,,,1,80,,30737,1,,,1,40,,30738,1,,,1,80,,30739,1,,,1,80,,30741,1,,,1,40,,30743,1,,,1,80,,30740,1,,,1,80,,30742,1,,,1,40,,30744,1,,,1,80,,30745,1,,,1,80,,30746,1,,,1,40,,30747,1,,,1
1204,'Sunday',815,,30754,1,,,1,40,,30748,1,,,1,80,,30751,1,,,1,80,,30752,1,,,1,40,,30749,1,,,1,80,,30750,1,,,1,80,,30755,1,,,1,40,,30756,1,,,1,80,,30753,1,,,1,84,,30758,1,,,1,39,,30757,1,,,1,80,,30760,1,,,1,80,,30759,1,,,1,40,,30761,1,,,1,80,,30762,1,,,1,80,,30763,1,,,1,40,,30764,1,,,1,78,,30765,1,,,1,79,,30766,1,,,1,40,,30767,1,,,1,80,,30768,1,,,1,80,,30769,1,,,1,40,,30770,1,,,1
1204,'Weekday',543,,30771,1,,,1,75,,30773,1,,,1,83,,30772,1,,,1,35,,30774,1,,,1,77,,30775,1,,,1,29,,30776,1,,,1,73,,30777,1,,,1,31,,30778,1,,,1,78,,30779,1,,,1,84,,30780,1,,,1,40,,30781,1,,,1,83,,30782,1,,,1,86,,30783,1,,,1,83,,30784,1,,,1,45,,30785,1,,,1,90,,30795,1,,,1,75,,30796,1,,,1,27,,30797,1,,,1,68,,30799,1,,,1,34,,30800,1,,,1,69,,30801,1,,,1,32,,30798,1,,,1,65,,30794,1,,,1,30,,30790,1,,,1,79,,30786,1,,,1,86,,30791,1,,,1,46,,30787,1,,,1,84,,30792,1,,,1,85,,30788,1,,,1,39,,30793,1,,,1,86,,30789,1,,,1
1503,'Holiday1',715,,31449,25,0,6,1,34,,31448,46,0,6,1,80,,31418,46,0,6,1,30,,31419,46,0,6,1,70,,31416,46,0,6,1,30,,31421,46,0,6,1,70,,31417,46,0,6,1,30,,31422,46,0,6,1,70,,31423,46,0,6,1,30,,31425,46,0,6,1,70,,31426,46,0,6,1,30,,31427,46,0,6,1,70,,31420,46,0,6,1,30,,31430,46,0,6,1,70,,31424,46,0,6,1,30,,31431,46,0,6,1,70,,31428,46,0,6,1,30,,31429,46,0,6,1,70,,31432,46,0,6,1,30,,31433,46,0,6,1,70,,31435,46,0,6,1,30,,31436,46,0,6,1,70,,31437,46,0,6,1,30,,31434,46,0,6,1,70,,31438,46,0,6,1,30,,31439,46,0,6,1,70,,31440,46,0,6,1,30,,31441,46,0,6,1,70,,31443,46,0,6,1,30,,31444,46,0,6,1,70,,31445,46,0,6,1,30,,31442,46,0,6,1,70,,31446,46,0,6,1,30,,31447,46,0,6,1,70,,31451,46,0,6,1,30,,31450,46,0,6,1
1503,'Saturday',549,,31455,25,0,6,1,80,,31452,46,0,6,1,22,,31453,46,0,6,1,62,,31467,46,0,6,1,22,,31468,46,0,6,1,22,,31469,46,0,6,1,62,,31466,46,0,6,1,22,,31470,46,0,6,1,62,,31471,46,0,6,1,22,,31472,46,0,6,1,22,,31475,46,0,6,1,62,,31476,46,0,6,1,22,,31473,46,0,6,1,22,,31474,46,0,6,1,62,,31477,46,0,6,1,22,,31478,46,0,6,1,22,,31479,46,0,6,1,62,,31481,46,0,6,1,22,,31482,46,0,6,1,62,,31483,46,0,6,1,22,,31480,46,0,6,1,22,,31485,46,0,6,1,62,,31486,46,0,6,1,22,,31487,46,0,6,1,22,,31484,46,0,6,1,62,,31488,46,0,6,1,22,,31490,46,0,6,1,62,,31491,46,0,6,1,22,,31492,46,0,6,1,22,,31489,46,0,6,1,62,,31493,46,0,6,1,22,,31494,46,0,6,1,22,,31496,46,0,6,1,62,,31498,46,0,6,1,22,,31495,46,0,6,1,22,,31499,46,0,6,1,62,,31497,46,0,6,1,22,,31500,46,0,6,1,62,,31501,46,0,6,1,22,,31502,46,0,6,1,22,,31504,46,0,6,1,62,,31505,46,0,6,1,22,,31506,46,0,6,1,22,,31465,46,0,6,1,62,,31464,46,0,6,1,22,,31458,46,0,6,1,22,,31463,46,0,6,1,62,,31459,46,0,6,1,22,,31462,46,0,6,1,62,,31460,46,0,6,1,22,,31461,46,0,6,1,25,,31454,46,0,6,1
1503,'Sunday',715,,31540,25,0,6,1,34,,31539,46,0,6,1,80,,31509,46,0,6,1,30,,31510,46,0,6,1,70,,31507,46,0,6,1,30,,31511,46,0,6,1,70,,31508,46,0,6,1,30,,31512,46,0,6,1,70,,31513,46,0,6,1,30,,31516,46,0,6,1,70,,31517,46,0,6,1,30,,31518,46,0,6,1,70,,31514,46,0,6,1,30,,31521,46,0,6,1,70,,31515,46,0,6,1,30,,31522,46,0,6,1,70,,31519,46,0,6,1,30,,31520,46,0,6,1,70,,31523,46,0,6,1,30,,31524,46,0,6,1,70,,31526,46,0,6,1,30,,31527,46,0,6,1,70,,31528,46,0,6,1,30,,31525,46,0,6,1,70,,31529,46,0,6,1,30,,31530,46,0,6,1,70,,31531,46,0,6,1,30,,31532,46,0,6,1,70,,31534,46,0,6,1,30,,31535,46,0,6,1,70,,31536,46,0,6,1,30,,31533,46,0,6,1,70,,31537,46,0,6,1,30,,31538,46,0,6,1,70,,31542,46,0,6,1,30,,31541,46,0,6,1
1503,'Weekday',442,,31610,25,0,6,1,66,,31612,25,0,6,1,35,,31616,25,0,6,1,60,,31543,38,0,6,1,29,,31603,46,0,6,1,70,,31593,46,0,6,1,13,,31606,46,0,6,1,20,,31604,46,0,6,1,65,,31590,46,0,6,1,14,,31594,46,0,6,1,17,,31583,46,0,6,1,27,,31595,46,0,6,1,56,,31596,46,0,6,1,20,,31597,46,0,6,1,20,,31581,46,0,6,1,71,,31629,46,0,6,1,76,,31628,46,0,6,1,32,,31634,46,0,6,1,20,,31631,46,0,6,1,69,,31618,46,0,6,1,32,,31622,46,0,6,1,75,,31625,46,0,6,1,23,,31627,46,0,6,1,69,,31624,46,0,6,1,35,,31565,46,0,6,1,70,,31568,46,0,6,1,30,,31605,46,0,6,1,69,,31588,46,0,6,1,28,,31585,46,0,6,1,48,,31589,46,0,6,1,31,,31598,46,0,6,1,17,,31584,46,0,6,1,8,,31579,46,0,6,1,67,,31580,46,0,6,1,22,,31613,46,0,6,1,12,,31609,46,0,6,1,65,,31615,46,0,6,1,22,,31592,46,0,6,1,6,,31582,46,0,6,1,68,,31600,46,0,6,1,30,,31587,46,0,6,1,62,,31586,46,0,6,1,22,,31591,46,0,6,1,75,,31599,46,0,6,1,33,,31602,46,0,6,1,66,,31601,46,0,6,1,24,,31570,46,0,6,1,70,,31608,46,0,6,1,28,,31607,46,0,6,1,29,,31617,46,0,6,1,99,,31614,46,0,6,1
