902,'Holiday1',832,,16795,48,,,1,105,,16797,48,,,1,108,,16798,48,,,1,105,,16799,48,,,1,105,,16800,48,,,1,145,,16801,48,,,1,106,,16802,48,,,1,105,,16803,48,,,1,107,,16804,48,,,1,106,,16805,48,,,1,107,,16796,48,,,1
902,'Saturday',801,,16806,48,,,1,50,,16813,48,,,1,92,,16816,48,,,1,90,,16814,48,,,1,90,,16818,48,,,1,90,,16819,48,,,1,90,,16820,48,,,1,50,,16817,48,,,1,90,,16812,48,,,1,92,,16807,48,,,1,92,,16809,48,,,1,90,,16811,48,,,1,88,,16815,48,,,1,47,,16808,48,,,1,90,,16810,48,,,1
902,'Sunday',832,,16821,48,,,1,105,,16823,48,,,1,108,,16824,48,,,1,105,,16825,48,,,1,105,,16826,48,,,1,145,,16827,48,,,1,106,,16828,48,,,1,105,,16829,48,,,1,107,,16830,48,,,1,106,,16831,48,,,1,107,,16822,48,,,1
902,'Weekday',646,,16832,48,,,1,78,,16841,48,,,1,34,,16842,48,,,1,85,,16840,48,,,1,91,,16838,48,,,1,78,,16844,48,,,1,45,,16849,48,,,1,85,,16846,48,,,1,85,,16839,48,,,1,87,,16835,48,,,1,29,,16850,48,,,1,75,,16851,48,,,1,35,,16852,48,,,1,6,,16847,48,,,1,73,,16853,48,,,1,75,,16854,48,,,1,35,,16845,48,,,1,75,,16843,48,,,1,35,,16848,48,,,1,76,,16836,48,,,1,79,,16837,48,,,1,42,,16855,48,,,1,88,,16856,48,,,1,86,,16834,48,,,1,117,,16833,48,,,1
2403,'Holiday1',816,,19989,13,,,1,85,,19990,13,,,1,45,,19991,13,,,1,85,,19992,13,,,1,85,,19994,13,,,1,85,,19995,13,,,1,45,,19996,13,,,1,85,,19993,13,,,1,85,,19998,13,,,1,85,,19999,13,,,1,45,,20000,13,,,1,85,,19997,13,,,1,85,,20001,13,,,1,85,,20002,13,,,1,45,,20003,13,,,1
2403,'Saturday',816,,20011,13,,,1,85,,20012,13,,,1,45,,20013,13,,,1,85,,20010,13,,,1,85,,20014,13,,,1,85,,20015,13,,,1,45,,20016,13,,,1,85,,20017,13,,,1,85,,20018,13,,,1,85,,20004,13,,,1,45,,20007,13,,,1,85,,20005,13,,,1,85,,20009,13,,,1,85,,20006,13,,,1,45,,20008,13,,,1
2403,'Sunday',816,,20019,13,,,1,85,,20020,13,,,1,45,,20021,13,,,1,85,,20022,13,,,1,85,,20024,13,,,1,85,,20025,13,,,1,45,,20026,13,,,1,85,,20023,13,,,1,85,,20028,13,,,1,85,,20029,13,,,1,45,,20030,13,,,1,85,,20027,13,,,1,85,,20031,13,,,1,85,,20032,13,,,1,45,,20033,13,,,1
2403,'Weekday',444,,20038,13,,,1,65,,20036,13,,,1,30,,20034,13,,,1,72,,20040,13,,,1,36,,20056,13,,,1,76,,20050,13,,,1,36,,20051,13,,,1,76,,20049,13,,,1,76,,20047,13,,,1,36,,20048,13,,,1,81,,20035,13,,,1,75,,20037,13,,,1,36,,20053,13,,,1,76,,20054,13,,,1,37,,20052,13,,,1,77,,20055,13,,,1,27,,20039,13,,,1,73,,20043,13,,,1,76,,20044,13,,,1,37,,20058,13,,,1,78,,20060,13,,,1,36,,20061,13,,,1,76,,20062,13,,,1,76,,20059,13,,,1,36,,20063,13,,,1,74,,20057,13,,,1,33,,20041,13,,,1,75,,20042,13,,,1,33,,20045,13,,,1,85,,20046,13,,,1
2503,'Weekday',525,,20139,11,,,1,30,,20138,11,,,1,70,,20142,11,,,1,76,,20148,11,,,1,37,,20147,11,,,1,77,,20145,11,,,1,36,,20144,11,,,1,76,,20146,11,,,1,76,,20149,11,,,1,408,,20140,11,,,1,38,,20141,11,,,1,79,,20150,11,,,1,77,,20151,11,,,1,34,,20152,11,,,1,78,,20153,11,,,1,36,,20154,11,,,1,75,,20155,11,,,1,75,,20156,11,,,1,35,,20143,11,,,1
21501,'Weekday',1501,,24482,34,,,1
