101,'Holiday1',627,,13638,,,1,75,,13636,,,1,55,,13635,,,1,60,,13647,,,1,21,,13648,,,1,20,,13649,,,1,60,,13650,,,1,20,,13652,,,1,20,,13653,,,1,61,,13654,,,1,20,,13651,,,1,20,,13656,,,1,61,,13657,,,1,20,,13655,,,1,61,,13659,,,1,20,,13660,,,1,20,,13658,,,1,60,,13661,,,1,21,,13662,,,1,20,,13663,,,1,61,,13664,,,1,20,,13665,,,1,21,,13666,,,1,60,,13667,,,1,20,,13668,,,1,20,,13669,,,1,60,,13670,,,1,21,,13674,,,1,20,,13675,,,1,60,,13671,,,1,20,,13672,,,1,20,,13676,,,1,60,,13673,,,1,20,,13677,,,1,19,,13678,,,1,58,,13679,,,1,19,,13680,,,1,20,,13681,,,1,60,,13683,,,1,20,,13684,,,1,19,,13685,,,1,60,,13682,,,1,17,,13686,,,1,20,,13687,,,1,65,,13688,,,1,20,,13689,,,1,19,,13690,,,1,60,,13645,,,1,19,,13642,,,1,20,,13643,,,1,19,,13639,,,1,55,,13644,,,1,19,,13646,,,1,23,,13641,,,1
101,'Saturday',601,,13695,,,1,20,,13694,,,1,21,,13693,,,1,58,,13696,,,1,18,,13692,,,1,21,,13702,,,1,20,,13703,,,1,60,,13704,,,1,23,,13705,,,1,61,,13706,,,1,20,,13707,,,1,20,,13708,,,1,60,,13709,,,1,21,,13710,,,1,20,,13711,,,1,59,,13712,,,1,22,,13713,,,1,20,,13714,,,1,60,,13715,,,1,20,,13716,,,1,20,,13717,,,1,59,,13718,,,1,21,,13719,,,1,19,,13720,,,1,65,,13721,,,1,22,,13722,,,1,22,,13723,,,1,61,,13724,,,1,23,,13725,,,1,20,,13726,,,1,61,,13727,,,1,20,,13728,,,1,20,,13729,,,1,60,,13730,,,1,21,,13731,,,1,19,,13732,,,1,58,,13733,,,1,21,,13734,,,1,19,,13735,,,1,57,,13736,,,1,18,,13737,,,1,19,,13701,,,1,57,,13700,,,1,27,,13740,,,1,70,,13741,,,1,30,,13742,,,1,69,,13743,,,1,33,,13744,,,1,70,,13745,,,1,24,,13746,,,1,29,,13747,,,1,69,,13738,,,1,29,,13739,,,1,70,,13697,,,1,82,,13699,,,1
101,'Sunday',627,,13751,,,1,75,,13749,,,1,55,,13748,,,1,60,,13760,,,1,21,,13761,,,1,20,,13762,,,1,60,,13763,,,1,20,,13764,,,1,20,,13765,,,1,61,,13766,,,1,20,,13767,,,1,20,,13769,,,1,61,,13770,,,1,20,,13768,,,1,61,,13772,,,1,20,,13773,,,1,20,,13771,,,1,60,,13774,,,1,21,,13775,,,1,20,,13776,,,1,61,,13777,,,1,20,,13778,,,1,21,,13779,,,1,60,,13780,,,1,20,,13781,,,1,20,,13782,,,1,60,,13783,,,1,21,,13787,,,1,20,,13788,,,1,60,,13784,,,1,20,,13785,,,1,20,,13789,,,1,60,,13786,,,1,20,,13790,,,1,19,,13791,,,1,58,,13792,,,1,19,,13793,,,1,20,,13794,,,1,60,,13796,,,1,20,,13797,,,1,19,,13798,,,1,60,,13795,,,1,17,,13799,,,1,20,,13800,,,1,65,,13801,,,1,20,,13802,,,1,19,,13803,,,1,60,,13758,,,1,19,,13755,,,1,20,,13756,,,1,19,,13752,,,1,55,,13757,,,1,19,,13759,,,1,23,,13754,,,1
101,'Weekday',407,,13812,,,1,19,,13813,,,1,22,,13810,,,1,60,,13808,,,1,18,,13807,,,1,30,,13806,,,1,64,,13809,,,1,25,,13811,,,1,64,,13821,,,1,23,,13822,,,1,26,,13823,,,1,67,,13816,,,1,19,,13819,,,1,67,,13815,,,1,26,,13820,,,1,65,,13817,,,1,45,,13830,,,1,69,,13831,,,1,41,,13832,,,1,67,,13833,,,1,25,,13834,,,1,70,,13835,,,1,88,,13836,0,7,1,20,,13837,,,1,86,,13838,,,1,29,,13839,,,1,65,,13840,0,7,1,25,,13849,,,1,26,,13853,,,1,83,,13854,,,1,73,,13855,,,1,23,,13856,,,1,65,,13857,,,1,15,,13858,,,1,19,,13859,,,1,21,,13860,,,1,57,,13861,,,1,17,,13862,,,1,24,,13863,,,1,60,,13864,,,1,24,,13865,,,1,20,,13866,,,1,61,,13867,,,1,23,,13877,,,1,77,,13878,,,1,27,,13880,,,1,81,,13881,,,1,73,,13882,,,1,32,,13879,,,1,72,,13883,,,1
2302,'Holiday1',723,,20087,,,1,30,,20061,,,1,68,,20064,,,1,32,,20065,,,1,69,,20066,,,1,28,,20063,,,1,68,,20067,,,1,28,,20068,,,1,68,,20062,,,1,28,,20070,,,1,68,,20072,,,1,28,,20069,,,1,68,,20073,,,1,28,,20071,,,1,68,,20074,,,1,28,,20075,,,1,28,,20076,,,1,68,,20077,,,1,28,,20078,,,1,68,,20092,,,1,28,,20082,,,1,68,,20083,,,1,28,,20084,,,1,68,,20079,,,1,28,,20081,,,1,68,,20085,,,1,28,,20086,,,1,68,,20080,,,1,28,,20090,,,1,68,,20091,,,1,28,,20088,,,1,28,,20089,,,1
2302,'Saturday',521,,20093,,,1,30,,20095,,,1,70,,20115,,,1,32,,20114,,,1,80,,20118,,,1,71,,20117,,,1,28,,20120,,,1,68,,20121,,,1,28,,20122,,,1,28,,20119,,,1,68,,20123,,,1,28,,20126,,,1,68,,20127,,,1,28,,20124,,,1,68,,20125,,,1,28,,20116,,,1,68,,20105,,,1,28,,20107,,,1,68,,20108,,,1,28,,20109,,,1,68,,20110,,,1,28,,20106,,,1,68,,20112,,,1,30,,20113,,,1,70,,20111,,,1,26,,20097,,,1,26,,20098,,,1,66,,20094,,,1,33,,20104,,,1,70,,20096,,,1,32,,20100,,,1,68,,20102,,,1,30,,20099,,,1,70,,20101,,,1,30,,20103,,,1,70,,20131,,,1,30,,20130,,,1,70,,20129,,,1,30,,20128,,,1
2302,'Sunday',723,,20158,,,1,30,,20132,,,1,68,,20135,,,1,32,,20136,,,1,69,,20137,,,1,28,,20134,,,1,68,,20138,,,1,28,,20139,,,1,68,,20133,,,1,28,,20141,,,1,68,,20143,,,1,28,,20140,,,1,68,,20144,,,1,28,,20142,,,1,68,,20145,,,1,28,,20146,,,1,28,,20147,,,1,68,,20148,,,1,28,,20149,,,1,68,,20163,,,1,28,,20152,,,1,68,,20153,,,1,28,,20154,,,1,68,,20150,,,1,28,,20155,,,1,68,,20156,,,1,28,,20157,,,1,68,,20151,,,1,28,,20161,,,1,68,,20162,,,1,28,,20159,,,1,28,,20160,,,1
2302,'Weekday',443,,20164,,,1,16,,20174,,,1,55,,20175,,,1,15,,20173,,,1,15,,20177,,,1,15,,20179,,,1,55,,20180,,,1,15,,20181,,,1,15,,20178,,,1,15,,20182,,,1,55,,20176,,,1,15,,20183,,,1,15,,20184,,,1,15,,20185,,,1,56,,20186,,,1,17,,20170,,,1,18,,20167,,,1,66,,20169,,,1,29,,20187,,,1,71,,20188,,,1,29,,20189,,,1,70,,20190,,,1,30,,20191,,,1,70,,20192,,,1,30,,20193,,,1,70,,20194,,,1,30,,20172,,,1,69,,20218,,,1,15,,20215,,,1,15,,20217,,,1,15,,20214,,,1,55,,20216,,,1,15,,20213,,,1,20,,20195,,,1,55,,20196,,,1,15,,20197,,,1,15,,20198,,,1,15,,20199,,,1,55,,20200,,,1,15,,20201,,,1,15,,20202,,,1,15,,20203,,,1,55,,20204,,,1,15,,20165,,,1,17,,20171,,,1,13,,20168,,,1,55,,20166,,,1,34,,20205,,,1,74,,20206,,,1,34,,20207,,,1,73,,20208,,,1,34,,20209,,,1,74,,20210,,,1,74,,20211,,,1,34,,20212,,,1
3503,'Holiday1',801,,22176,,,1,45,,22175,,,1,85,,22183,,,1,86,,22178,,,1,85,,22180,,,1,45,,22182,,,1,85,,22177,,,1,85,,22184,,,1,85,,22174,,,1,45,,22179,,,1,85,,22181,,,1,85,,22186,,,1,85,,22187,,,1,45,,22189,,,1,85,,22188,,,1,85,,22185,,,1
3503,'Saturday',816,,22192,,,1,86,,22190,,,1,45,,22193,,,1,85,,22191,,,1,85,,22195,,,1,85,,22194,,,1,45,,22197,,,1,85,,22198,,,1,85,,22199,,,1,85,,22196,,,1,45,,22200,,,1,85,,22202,,,1,85,,22203,,,1,85,,22201,,,1,45,,22204,,,1,85,,22205,,,1,85,,22206,,,1
3503,'Sunday',801,,22209,,,1,45,,22208,,,1,85,,22216,,,1,86,,22211,,,1,85,,22213,,,1,45,,22215,,,1,85,,22210,,,1,85,,22217,,,1,85,,22207,,,1,45,,22212,,,1,85,,22214,,,1,85,,22218,,,1,85,,22219,,,1,45,,22222,,,1,85,,22220,,,1,85,,22221,,,1
3503,'Weekday',531,,22223,,,1,76,,22227,,,1,35,,22224,,,1,75,,22246,,,1,35,,22231,,,1,75,,22242,,,1,75,,22249,,,1,35,,22254,,,1,75,,22248,,,1,35,,22226,,,1,80,,22247,,,1,30,,22245,,,1,75,,22250,,,1,75,,22243,,,1,35,,22252,,,1,75,,22253,,,1,35,,22244,,,1,76,,22234,,,1,75,,22233,,,1,35,,22229,,,1,75,,22239,,,1,35,,22235,,,1,75,,22238,,,1,35,,22232,,,1,75,,22228,,,1,74,,22236,,,1,35,,22237,,,1,75,,22240,,,1,35,,22241,,,1,75,,22225,,,1,75,,22230,,,1,35,,22251,,,1
