501,'Holiday1',614,,15583,,,1,30,,15578,,,1,70,,15570,,,1,30,,15568,,,1,77,,15581,,,1,29,,15575,,,1,69,,15571,,,1,23,,15566,,,1,63,,15580,,,1,30,,15576,,,1,70,,15569,,,1,30,,15565,,,1,72,,15567,,,1,30,,15579,,,1,72,,15572,,,1,36,,15574,,,1,72,,15573,,,1,30,,15577,,,1,70,,15582,,,1,30,,15584,,,1,70,,15585,,,1,30,,15586,,,1,70,,15587,,,1,30,,15588,,,1,70,,15589,,,1,30,,15590,,,1,69,,15591,,,1,30,,15593,,,1,70,,15592,,,1,30,,15594,,,1,70,,15595,,,1,30,,15596,,,1,66,,15598,,,1,24,,15599,,,1,70,,15597,,,1
501,'Saturday',446,,15600,,,1,67,,15621,,,1,26,,15640,,,1,66,,15601,,,1,32,,15602,,,1,70,,15603,,,1,30,,15604,,,1,68,,15605,,,1,32,,15606,,,1,73,,15607,,,1,32,,15608,,,1,70,,15609,,,1,34,,15624,,,1,70,,15625,,,1,36,,15628,,,1,70,,15626,,,1,24,,15623,,,1,70,,15627,,,1,30,,15629,,,1,70,,15630,,,1,30,,15631,,,1,70,,15632,,,1,30,,15634,,,1,70,,15635,,,1,30,,15636,,,1,70,,15633,,,1,30,,15637,,,1,70,,15638,,,1,30,,15639,,,1,70,,15610,,,1,27,,15611,,,1,69,,15612,,,1,25,,15613,,,1,68,,15614,,,1,32,,15615,,,1,70,,15616,,,1,28,,15617,,,1,65,,15618,,,1,29,,15619,,,1,30,,15622,,,1,70,,15620,,,1
501,'Sunday',614,,15659,,,1,30,,15654,,,1,70,,15646,,,1,30,,15644,,,1,77,,15657,,,1,29,,15651,,,1,69,,15647,,,1,23,,15642,,,1,63,,15656,,,1,30,,15652,,,1,70,,15645,,,1,30,,15641,,,1,72,,15643,,,1,30,,15655,,,1,72,,15648,,,1,36,,15650,,,1,72,,15649,,,1,30,,15653,,,1,70,,15658,,,1,30,,15660,,,1,70,,15661,,,1,30,,15662,,,1,70,,15663,,,1,30,,15664,,,1,70,,15665,,,1,30,,15666,,,1,69,,15667,,,1,30,,15669,,,1,70,,15668,,,1,30,,15670,,,1,70,,15671,,,1,30,,15672,,,1,66,,15674,,,1,24,,15675,,,1,70,,15673,,,1
501,'Weekday',405,,15681,,,1,20,,15683,,,1,20,,15682,,,1,60,,15680,,,1,20,,15679,,,1,20,,15678,,,1,61,,15677,,,1,14,,15676,,,1,14,,15685,,,1,7,,15747,,,1,7,,15684,,,1,54,,15686,,,1,14,,15688,0,5,1,14,,15687,,,1,14,,15692,0,5,1,14,,15689,,,1,54,,15693,0,5,1,14,,15690,,,1,14,,15694,0,5,1,14,,15691,,,1,60,,15711,0,5,1,20,,15717,,,1,20,,15707,0,5,1,60,,15718,,,1,20,,15708,0,5,1,20,,15719,,,1,60,,15714,0,5,1,20,,15721,,,1,20,,15715,0,5,1,60,,15722,,,1,20,,15716,0,5,1,20,,15723,,,1,60,,15712,0,5,1,20,,15720,,,1,20,,15713,0,5,1,51,,15724,,,1,15,,15700,0,5,1,13,,15725,,,1,13,,15709,0,5,1,13,,15726,,,1,54,,15699,0,5,1,12,,15727,,,1,13,,15706,0,5,1,13,,15728,,,1,54,,15698,0,5,1,13,,15729,,,1,13,,15705,0,5,1,13,,15730,,,1,13,,15697,0,5,1,53,,15731,,,1,14,,15704,0,5,1,12,,15732,,,1,14,,15696,0,5,1,52,,15733,,,1,12,,15703,0,5,1,14,,15701,,,1,12,,15695,0,5,1,14,,15710,,,1,52,,15702,0,5,1,32,,15743,,,1,67,,15741,,,1,30,,15744,,,1,19,,15745,,,1,58,,15746,,,1,18,,15735,,,1,7,,15736,,,1,76,,15739,,,1,25,,15734,,,1,72,,15742,,,1,29,,15740,,,1,81,,15738,,,1,27,,15737,,,1
901,'Holiday1',754,,16963,,,1,105,,16970,,,1,146,,16971,,,1,105,,16972,,,1,105,,16973,,,1,105,,16969,,,1,106,,16965,,,1,105,,16966,,,1,107,,16967,,,1,107,,16964,,,1,106,,16968,,,1
901,'Saturday',705,,16974,,,1,50,,16975,,,1,90,,16976,,,1,90,,16977,,,1,90,,16978,,,1,90,,16979,,,1,90,,16980,,,1,50,,16981,,,1,90,,16982,,,1,90,,16983,,,1,91,,16984,,,1,90,,16985,,,1,90,,16986,,,1,50,,16987,,,1,89,,16988,,,1
901,'Sunday',754,,16989,,,1,105,,16996,,,1,146,,16997,,,1,105,,16998,,,1,105,,16999,,,1,105,,16995,,,1,106,,16991,,,1,105,,16992,,,1,107,,16993,,,1,107,,16990,,,1,106,,16994,,,1
901,'Weekday',506,,17000,,,1,34,,17003,,,1,74,,17004,,,1,34,,17005,,,1,63,,17002,,,1,39,,17006,,,1,76,,17017,,,1,85,,17018,,,1,48,,17019,,,1,82,,17020,,,1,87,,17021,,,1,86,,17022,,,1,42,,17007,,,1,83,,17016,,,1,72,,17013,,,1,35,,17009,,,1,78,,17014,,,1,35,,17011,,,1,75,,17008,,,1,75,,17010,,,1,37,,17015,,,1,75,,17012,,,1,35,,17023,,,1,79,,17025,,,1,81,,17024,,,1,85,,17001,,,1
21201,'Weekday',735,,24876,,,1
21500,'Weekday',725,,24881,,,1
