901,'Holiday1',828,,29923,40,,,1,105,,29930,40,,,1,108,,29931,40,,,1,105,,29932,40,,,1,105,,29933,40,,,1,105,,29929,40,,,1,147,,29925,40,,,1,105,,29926,40,,,1,107,,29927,40,,,1,107,,29924,40,,,1,106,,29928,40,,,1
901,'Saturday',740,,29934,40,,,1,90,,29935,40,,,1,90,,29936,40,,,1,90,,29937,40,,,1,90,,29938,40,,,1,50,,29939,40,,,1,90,,29941,40,,,1,90,,29942,40,,,1,90,,29943,40,,,1,91,,29940,40,,,1,91,,29944,40,,,1,50,,29945,40,,,1,90,,29946,40,,,1,89,,29947,40,,,1,89,,29948,40,,,1
901,'Sunday',828,,29949,40,,,1,105,,29956,40,,,1,108,,29957,40,,,1,105,,29958,40,,,1,105,,29959,40,,,1,105,,29955,40,,,1,147,,29951,40,,,1,105,,29952,40,,,1,107,,29953,40,,,1,107,,29950,40,,,1,106,,29954,40,,,1
901,'Weekday',540,,29960,40,,,1,74,,29963,40,,,1,34,,29964,40,,,1,74,,29965,40,,,1,23,,29962,40,,,1,79,,29966,40,,,1,76,,29978,40,,,1,45,,29977,40,,,1,87,,29979,40,,,1,82,,29980,40,,,1,87,,29981,40,,,1,48,,29982,40,,,1,84,,29967,40,,,1,83,,29976,40,,,1,32,,29973,40,,,1,75,,29969,40,,,1,78,,29974,40,,,1,35,,29971,40,,,1,75,,29968,40,,,1,35,,29970,40,,,1,76,,29975,40,,,1,34,,29972,40,,,1,74,,29983,40,,,1,79,,29985,40,,,1,41,,29984,40,,,1,85,,29961,40,,,1
902,'Holiday1',814,,29986,26,,,1,105,,29988,26,,,1,106,,29989,26,,,1,105,,29990,26,,,1,105,,29991,26,,,1,105,,29993,26,,,1,104,,29994,26,,,1,106,,29995,26,,,1,107,,29992,26,,,1,146,,29996,26,,,1,107,,29987,26,,,1
902,'Saturday',743,,29997,26,,,1,90,,30004,26,,,1,91,,30007,26,,,1,90,,30005,26,,,1,90,,30009,26,,,1,50,,30010,26,,,1,90,,30011,26,,,1,90,,30008,26,,,1,90,,30003,26,,,1,90,,29998,26,,,1,90,,30000,26,,,1,50,,30002,26,,,1,89,,30006,26,,,1,90,,29999,26,,,1,90,,30001,26,,,1
902,'Sunday',814,,30012,26,,,1,105,,30014,26,,,1,106,,30015,26,,,1,105,,30016,26,,,1,105,,30017,26,,,1,105,,30019,26,,,1,104,,30020,26,,,1,106,,30021,26,,,1,107,,30018,26,,,1,146,,30022,26,,,1,107,,30013,26,,,1
902,'Weekday',628,,30023,26,,,1,75,,30032,26,,,1,34,,30033,26,,,1,85,,30031,26,,,1,92,,30029,26,,,1,38,,30035,26,,,1,85,,30040,26,,,1,85,,30037,26,,,1,85,,30030,26,,,1,45,,30025,26,,,1,69,,30041,26,,,1,35,,30042,26,,,1,75,,30043,26,,,1,6,,30038,26,,,1,73,,30044,26,,,1,35,,30045,26,,,1,75,,30036,26,,,1,35,,30034,26,,,1,75,,30039,26,,,1,76,,30027,26,,,1,40,,30028,26,,,1,83,,30046,26,,,1,91,,30047,26,,,1,86,,30026,26,,,1,117,,30024,26,,,1
1903,'Holiday1',801,,32693,2,,,1,100,,32694,2,,,1,100,,32695,2,,,1,100,,32697,2,,,1,101,,32698,2,,,1,100,,32699,2,,,1,100,,32696,2,,,1,100,,32701,2,,,1,100,,32703,2,,,1,100,,32700,2,,,1,100,,32704,2,,,1,99,,32702,2,,,1
1903,'Saturday',832,,32706,2,,,1,99,,32709,2,,,1,100,,32710,2,,,1,100,,32711,2,,,1,100,,32707,2,,,1,101,,32705,2,,,1,100,,32712,2,,,1,100,,32713,2,,,1,100,,32708,2,,,1,100,,32714,2,,,1,100,,32715,2,,,1
1903,'Sunday',801,,32716,2,,,1,100,,32717,2,,,1,100,,32718,2,,,1,100,,32720,2,,,1,101,,32721,2,,,1,100,,32722,2,,,1,100,,32719,2,,,1,100,,32724,2,,,1,100,,32726,2,,,1,100,,32723,2,,,1,100,,32727,2,,,1,99,,32725,2,,,1
1903,'Weekday',501,,32735,2,,,1,54,,32730,2,,,1,76,,32733,2,,,1,77,,32729,2,,,1,44,,32731,2,,,1,79,,32728,2,,,1,100,,32732,2,,,1,100,,32734,2,,,1,100,,32736,2,,,1,100,,32737,2,,,1,101,,32738,2,,,1,100,,32739,2,,,1,77,,32740,2,,,1,40,,32741,2,,,1,73,,32743,2,,,1,80,,32742,2,,,1,40,,32744,2,,,1,80,,32745,2,,,1,80,,32747,2,,,1,40,,32746,2,,,1
