502,'Holiday1',653,,28768,15,,,1,149,,28772,50,,,1,32,,28770,50,,,1,72,,28771,50,,,1,37,,28769,50,,,1,76,,28767,50,,,1,33,,28766,50,,,1,70,,28763,50,,,1,34,,28765,50,,,1,63,,28764,50,,,1,27,,28762,50,,,1,72,,28761,50,,,1,34,,28759,50,,,1,78,,28760,50,,,1,29,,28758,50,,,1,73,,28757,50,,,1,23,,28750,50,,,1,77,,28755,50,,,1,70,,28756,50,,,1,27,,28754,50,,,1,83,,28751,50,,,1,22,,28752,50,,,1,71,,28753,50,,,1,24,,28749,50,,,1,76,,28748,50,,,1,41,,28777,50,,,1,87,,28778,50,,,1,88,,28775,50,,,1,89,,28774,50,,,1,90,,28773,50,,,1,48,,28776,50,,,1
502,'Saturday',553,,28782,15,,,1,93,,28779,50,,,1,68,,28787,50,,,1,31,,28800,50,,,1,70,,28780,50,,,1,31,,28783,50,,,1,76,,28781,50,,,1,31,,28788,50,,,1,70,,28792,50,,,1,30,,28784,50,,,1,74,,28785,50,,,1,31,,28786,50,,,1,73,,28791,50,,,1,95,,28790,50,,,1,75,,28789,50,,,1,30,,28795,50,,,1,71,,28793,50,,,1,30,,28794,50,,,1,70,,28796,50,,,1,30,,28798,50,,,1,71,,28797,50,,,1,32,,28799,50,,,1,70,,28803,50,,,1,29,,28801,50,,,1,69,,28802,50,,,1,35,,28808,50,,,1,89,,28807,50,,,1,92,,28806,50,,,1,85,,28804,50,,,1,48,,28805,50,,,1,87,,28812,50,,,1,89,,28811,50,,,1,90,,28809,50,,,1,90,,28810,50,,,1
502,'Sunday',653,,28833,15,,,1,149,,28837,50,,,1,32,,28835,50,,,1,72,,28836,50,,,1,37,,28834,50,,,1,76,,28832,50,,,1,33,,28831,50,,,1,70,,28828,50,,,1,34,,28830,50,,,1,63,,28829,50,,,1,27,,28827,50,,,1,72,,28826,50,,,1,34,,28824,50,,,1,78,,28825,50,,,1,29,,28823,50,,,1,73,,28822,50,,,1,23,,28817,50,,,1,77,,28820,50,,,1,70,,28821,50,,,1,27,,28819,50,,,1,83,,28815,50,,,1,22,,28816,50,,,1,71,,28818,50,,,1,24,,28814,50,,,1,76,,28813,50,,,1,41,,28842,50,,,1,87,,28843,50,,,1,88,,28840,50,,,1,89,,28839,50,,,1,90,,28838,50,,,1,48,,28841,50,,,1
502,'Weekday',540,,28844,50,,,1,61,,28854,50,,,1,23,,28855,50,,,1,24,,28856,50,,,1,61,,28857,50,,,1,23,,28858,50,,,1,20,,28859,50,,,1,58,,28860,51,0,5,1,19,,28863,50,,,1,21,,28861,51,0,5,1,58,,28864,50,,,1,20,,28862,51,0,5,1,16,,28865,50,,,1,66,,28888,51,0,5,1,28,,28887,50,,,1,64,,28885,51,0,5,1,31,,28886,50,,,1,25,,28884,51,0,5,1,67,,28891,50,,,1,29,,28882,51,0,5,1,66,,28890,50,,,1,31,,28883,51,0,5,1,68,,28889,50,,,1,36,,28866,50,,,1,63,,28867,51,0,5,1,18,,28875,50,,,1,22,,28868,51,0,5,1,60,,28876,50,,,1,22,,28869,51,0,5,1,18,,28877,50,,,1,62,,28870,51,0,5,1,18,,28878,50,,,1,21,,28871,51,0,5,1,62,,28879,50,,,1,20,,28872,51,0,5,1,15,,28880,50,,,1,61,,28873,51,0,5,1,15,,28881,50,,,1,24,,28874,51,0,5,1,86,,28852,50,,,1,80,,28851,50,,,1,79,,28849,50,,,1,37,,28853,50,,,1,79,,28847,50,,,1,40,,28848,50,,,1,80,,28850,50,,,1,80,,28846,50,,,1,34,,28845,50,,,1
902,'Holiday1',843,,29986,60,,,1,105,,29988,60,,,1,108,,29989,60,,,1,145,,29990,60,,,1,105,,29991,60,,,1,105,,29993,60,,,1,108,,29994,60,,,1,105,,29995,60,,,1,107,,29992,60,,,1,106,,29996,60,,,1,107,,29987,60,,,1
902,'Saturday',811,,29997,60,,,1,90,,30004,60,,,1,54,,30007,60,,,1,90,,30005,60,,,1,90,,30009,60,,,1,90,,30010,60,,,1,90,,30011,60,,,1,90,,30008,60,,,1,50,,30003,60,,,1,92,,29998,60,,,1,92,,30000,60,,,1,90,,30002,60,,,1,88,,30006,60,,,1,87,,29999,60,,,1,50,,30001,60,,,1
902,'Sunday',843,,30012,60,,,1,105,,30014,60,,,1,108,,30015,60,,,1,145,,30016,60,,,1,105,,30017,60,,,1,105,,30019,60,,,1,108,,30020,60,,,1,105,,30021,60,,,1,107,,30018,60,,,1,106,,30022,60,,,1,107,,30013,60,,,1
902,'Weekday',655,,30023,60,,,1,80,,30032,60,,,1,75,,30033,60,,,1,45,,30031,60,,,1,90,,30029,60,,,1,78,,30035,60,,,1,85,,30040,60,,,1,45,,30037,60,,,1,85,,30030,60,,,1,88,,30025,60,,,1,29,,30041,60,,,1,75,,30042,60,,,1,75,,30043,60,,,1,6,,30038,60,,,1,33,,30044,60,,,1,75,,30045,60,,,1,35,,30036,60,,,1,75,,30034,60,,,1,75,,30039,60,,,1,36,,30027,60,,,1,77,,30028,60,,,1,42,,30046,60,,,1,87,,30047,60,,,1,86,,30026,60,,,1,117,,30024,60,,,1
50502,'Holiday1',1009,,39020,23,,,1,18,,39022,23,,,1,18,,39023,23,,,1,58,,39024,23,,,1,18,,39025,23,,,1,18,,39026,23,,,1,18,,39027,23,,,1,58,,39028,23,,,1,18,,39029,23,,,1,18,,39030,23,,,1,58,,39031,23,,,1,18,,39032,23,,,1,18,,39033,23,,,1,59,,39034,23,,,1,19,,39035,23,,,1,18,,39036,23,,,1,16,,39037,23,,,1,58,,39038,23,,,1,18,,39039,23,,,1,18,,39040,23,,,1,58,,39041,23,,,1,18,,39042,23,,,1,18,,39043,23,,,1,58,,39044,23,,,1,18,,39046,23,,,1,18,,39047,23,,,1,18,,39048,23,,,1,61,,39045,23,,,1,18,,39021,23,,,1
50502,'Saturday',917,,39049,23,,,1,18,,39050,23,,,1,18,,39052,23,,,1,58,,39053,23,,,1,19,,39057,23,,,1,20,,39054,23,,,1,57,,39067,23,,,1,17,,39068,23,,,1,18,,39069,23,,,1,59,,39070,23,,,1,18,,39071,23,,,1,18,,39072,23,,,1,19,,39073,23,,,1,59,,39074,23,,,1,18,,39075,23,,,1,18,,39076,23,,,1,57,,39077,23,,,1,18,,39078,23,,,1,18,,39079,23,,,1,57,,39080,23,,,1,18,,39081,23,,,1,18,,39082,23,,,1,18,,39083,23,,,1,58,,39084,23,,,1,18,,39063,23,,,1,18,,39060,23,,,1,58,,39059,23,,,1,18,,39055,23,,,1,19,,39062,23,,,1,57,,39065,23,,,1,18,,39066,23,,,1,18,,39058,23,,,1,18,,39064,23,,,1,58,,39056,23,,,1,18,,39061,23,,,1,15,,39051,23,,,1
50502,'Sunday',1009,,39085,23,,,1,18,,39087,23,,,1,18,,39088,23,,,1,58,,39089,23,,,1,18,,39090,23,,,1,18,,39091,23,,,1,18,,39092,23,,,1,58,,39093,23,,,1,18,,39094,23,,,1,18,,39095,23,,,1,58,,39096,23,,,1,18,,39097,23,,,1,18,,39098,23,,,1,59,,39099,23,,,1,19,,39100,23,,,1,18,,39101,23,,,1,16,,39102,23,,,1,58,,39103,23,,,1,18,,39104,23,,,1,18,,39105,23,,,1,58,,39106,23,,,1,18,,39107,23,,,1,18,,39108,23,,,1,58,,39109,23,,,1,18,,39110,23,,,1,18,,39111,23,,,1,18,,39112,23,,,1,61,,39113,23,,,1,18,,39086,23,,,1
50502,'Weekday',726,,39114,23,,,1,24,,39115,23,,,1,57,,39116,23,,,1,18,,39117,23,,,1,18,,39118,23,,,1,58,,39119,23,,,1,18,,39120,23,,,1,17,,39121,23,,,1,15,,39122,23,,,1,58,,39123,23,,,1,18,,39124,23,,,1,18,,39125,23,,,1,58,,39126,23,,,1,18,,39127,23,,,1,18,,39128,23,,,1,18,,39129,23,,,1,58,,39130,23,,,1,19,,39131,23,,,1,20,,39132,23,,,1,60,,39133,23,,,1,19,,39134,23,,,1,18,,39135,23,,,1,59,,39136,23,,,1,21,,39137,23,,,1,20,,39138,23,,,1,61,,39139,23,,,1,18,,39140,23,,,1,18,,39141,23,,,1,59,,39142,23,,,1,19,,39143,23,,,1,18,,39144,23,,,1,62,,39145,23,,,1,19,,39146,23,,,1,18,,39147,23,,,1,59,,39148,23,,,1,20,,39149,23,,,1,18,,39150,23,,,1,16,,39151,23,,,1,53,,39152,23,,,1,16,,39153,23,,,1,17,,39154,23,,,1,16,,39155,23,,,1,54,,39156,23,,,1,17,,39157,23,,,1,16,,39158,23,,,1,58,,39159,23,,,1,18,,39160,23,,,1
