203,'Holiday1',741,,13982,20,,,1,73,,13983,20,,,1,33,,13984,20,,,1,73,,13985,20,,,1,33,,13986,20,,,1,74,,13988,20,,,1,73,,13989,20,,,1,34,,13990,20,,,1,73,,13987,20,,,1,33,,13992,20,,,1,73,,13993,20,,,1,33,,13994,20,,,1,73,,13991,20,,,1,33,,13995,20,,,1,73,,13996,20,,,1,33,,13997,20,,,1,73,,13999,20,,,1,73,,14001,20,,,1,33,,13998,20,,,1,73,,14002,20,,,1,33,,14000,20,,,1,72,,14004,20,,,1,33,,14005,20,,,1,73,,14006,20,,,1,33,,14003,20,,,1,70,,14008,20,,,1,33,,14009,20,,,1,73,,14011,20,,,1,73,,14012,20,,,1,32,,14010,20,,,1,73,,14013,20,,,1,33,,14007,20,,,1
203,'Saturday',549,,14014,20,,,1,70,,14015,20,,,1,30,,14018,20,,,1,73,,14019,20,,,1,25,,14017,20,,,1,78,,14016,20,,,1,29,,14022,20,,,1,91,,14023,20,,,1,71,,14020,20,,,1,30,,14021,20,,,1,74,,14024,20,,,1,30,,14026,20,,,1,68,,14028,20,,,1,30,,14029,20,,,1,70,,14025,20,,,1,30,,14030,20,,,1,70,,14027,20,,,1,30,,14031,20,,,1,70,,14032,20,,,1,30,,14035,20,,,1,70,,14036,20,,,1,30,,14037,20,,,1,70,,14033,20,,,1,30,,14034,20,,,1,70,,14038,20,,,1,30,,14040,20,,,1,69,,14041,20,,,1,28,,14042,20,,,1,68,,14039,20,,,1,29,,14043,20,,,1,70,,14044,20,,,1,29,,14047,20,,,1,70,,14048,20,,,1,30,,14045,20,,,1,70,,14046,20,,,1,30,,14050,20,,,1,70,,14051,20,,,1,30,,14049,20,,,1,70,,14052,20,,,1,30,,14053,20,,,1
203,'Sunday',741,,14054,20,,,1,73,,14055,20,,,1,33,,14056,20,,,1,73,,14057,20,,,1,33,,14058,20,,,1,74,,14060,20,,,1,73,,14061,20,,,1,34,,14062,20,,,1,73,,14059,20,,,1,33,,14064,20,,,1,73,,14065,20,,,1,33,,14066,20,,,1,73,,14063,20,,,1,33,,14067,20,,,1,73,,14068,20,,,1,33,,14069,20,,,1,73,,14071,20,,,1,73,,14073,20,,,1,33,,14070,20,,,1,73,,14074,20,,,1,33,,14072,20,,,1,72,,14076,20,,,1,33,,14077,20,,,1,73,,14078,20,,,1,33,,14075,20,,,1,70,,14080,20,,,1,33,,14081,20,,,1,73,,14083,20,,,1,73,,14084,20,,,1,32,,14082,20,,,1,73,,14085,20,,,1,33,,14079,20,,,1
203,'Weekday',435,,14086,20,,,1,22,,14088,20,,,1,62,,14089,20,,,1,22,,14090,20,,,1,62,,14087,20,,,1,23,,14091,20,,,1,18,,14092,20,,,1,59,,14093,20,,,1,25,,14094,20,,,1,31,,14095,20,,,1,62,,14096,20,,,1,15,,14097,20,,,1,19,,14099,20,,,1,69,,14100,20,,,1,27,,14101,20,,,1,62,,14098,20,,,1,19,,14102,20,,,1,19,,14103,20,,,1,63,,14104,20,,,1,25,,14105,20,,,1,62,,14106,20,,,1,18,,14107,20,,,1,18,,14109,20,,,1,66,,14110,20,,,1,26,,14111,20,,,1,22,,14108,20,,,1,55,,14113,20,,,1,19,,14114,20,,,1,26,,14115,20,,,1,66,,14112,20,,,1,21,,14116,20,,,1,16,,14118,20,,,1,60,,14119,20,,,1,27,,14120,20,,,1,68,,14117,20,,,1,22,,14121,20,,,1,20,,14123,20,,,1,64,,14124,20,,,1,25,,14125,20,,,1,67,,14122,20,,,1,20,,14126,20,,,1,19,,14127,20,,,1,67,,14128,20,,,1,22,,14129,20,,,1,19,,14130,20,,,1,63,,14131,20,,,1,21,,14132,20,,,1,21,,14134,20,,,1,60,,14135,20,,,1,16,,14136,20,,,1,69,,14133,20,,,1,32,,14137,20,,,1,71,,14138,20,,,1,32,,14139,20,,,1,68,,14140,20,,,1,28,,14141,20,,,1
2403,'Holiday1',811,,19989,8,,,1,45,,19990,8,,,1,85,,19991,8,,,1,85,,19992,8,,,1,85,,19994,8,,,1,45,,19995,8,,,1,85,,19996,8,,,1,85,,19993,8,,,1,85,,19998,8,,,1,45,,19999,8,,,1,85,,20000,8,,,1,85,,19997,8,,,1,85,,20001,8,,,1,45,,20002,8,,,1,85,,20003,8,,,1
2403,'Saturday',811,,20011,8,,,1,45,,20012,8,,,1,85,,20013,8,,,1,85,,20010,8,,,1,85,,20014,8,,,1,45,,20015,8,,,1,85,,20016,8,,,1,85,,20017,8,,,1,85,,20018,8,,,1,45,,20004,8,,,1,85,,20007,8,,,1,85,,20005,8,,,1,85,,20009,8,,,1,45,,20006,8,,,1,85,,20008,8,,,1
2403,'Sunday',811,,20019,8,,,1,45,,20020,8,,,1,85,,20021,8,,,1,85,,20022,8,,,1,85,,20024,8,,,1,45,,20025,8,,,1,85,,20026,8,,,1,85,,20023,8,,,1,85,,20028,8,,,1,45,,20029,8,,,1,85,,20030,8,,,1,85,,20027,8,,,1,85,,20031,8,,,1,45,,20032,8,,,1,85,,20033,8,,,1
2403,'Weekday',441,,20038,8,,,1,65,,20036,8,,,1,30,,20034,8,,,1,72,,20040,8,,,1,36,,20056,8,,,1,76,,20050,8,,,1,36,,20051,8,,,1,75,,20049,8,,,1,76,,20047,8,,,1,36,,20048,8,,,1,81,,20035,8,,,1,35,,20037,8,,,1,76,,20053,8,,,1,76,,20054,8,,,1,37,,20052,8,,,1,77,,20055,8,,,1,27,,20039,8,,,1,74,,20043,8,,,1,75,,20044,8,,,1,37,,20058,8,,,1,77,,20060,8,,,1,36,,20061,8,,,1,76,,20062,8,,,1,76,,20059,8,,,1,36,,20063,8,,,1,75,,20057,8,,,1,33,,20041,8,,,1,75,,20042,8,,,1,33,,20045,8,,,1,85,,20046,8,,,1
21601,'Weekday',755,,24484,5,,,1
50203,'Holiday1',931,,25134,14,,,1,20,,25093,14,,,1,59,,25094,14,,,1,22,,25092,14,,,1,20,,25081,14,,,1,60,,25082,14,,,1,20,,25080,14,,,1,21,,25083,14,,,1,55,,25108,14,,,1,15,,25113,14,,,1,15,,25114,14,,,1,15,,25111,14,,,1,55,,25136,14,,,1,15,,25115,14,,,1,15,,25112,14,,,1,15,,25116,14,,,1,55,,25117,14,,,1,15,,25118,14,,,1,16,,25119,14,,,1,14,,25122,14,,,1,52,,25123,14,,,1,12,,25120,14,,,1,12,,25121,14,,,1,12,,25124,14,,,1,12,,25125,14,,,1,52,,25126,14,,,1,12,,25127,14,,,1,12,,25128,14,,,1,12,,25129,14,,,1,12,,25131,14,,,1,52,,25132,14,,,1,12,,25133,14,,,1,12,,25100,14,,,1,12,,25097,14,,,1,12,,25110,14,,,1,52,,25098,14,,,1,12,,25099,14,,,1,12,,25106,14,,,1,12,,25103,14,,,1,12,,25101,14,,,1,52,,25109,14,,,1,11,,25104,14,,,1,12,,25102,14,,,1,11,,25105,14,,,1,12,,25107,14,,,1,52,,25096,14,,,1,12,,25137,14,,,1,12,,25135,14,,,1,12,,25095,14,,,1,12,,25084,14,,,1,60,,25085,14,,,1,20,,25086,14,,,1,22,,25087,14,,,1,57,,25088,14,,,1,20,,25089,14,,,1,20,,25090,14,,,1,60,,25091,14,,,1,20,,25130,14,,,1
50203,'Saturday',824,,25183,14,,,1,12,,25169,14,,,1,12,,25170,14,,,1,52,,25151,14,,,1,12,,25149,14,,,1,12,,25138,14,,,1,12,,25199,14,,,1,12,,25203,14,,,1,52,,25204,14,,,1,12,,25205,14,,,1,12,,25206,14,,,1,12,,25207,14,,,1,13,,25208,14,,,1,52,,25209,14,,,1,12,,25210,14,,,1,12,,25211,14,,,1,12,,25212,14,,,1,12,,25213,14,,,1,52,,25214,14,,,1,13,,25215,14,,,1,12,,25198,14,,,1,12,,25201,14,,,1,12,,25202,14,,,1,52,,25197,14,,,1,12,,25200,14,,,1,12,,25195,14,,,1,12,,25196,14,,,1,13,,25194,14,,,1,56,,25139,14,,,1,11,,25144,14,,,1,11,,25181,14,,,1,10,,25143,14,,,1,10,,25167,14,,,1,10,,25141,14,,,1,50,,25162,14,,,1,11,,25155,14,,,1,9,,25140,14,,,1,11,,25153,14,,,1,10,,25146,14,,,1,51,,25142,14,,,1,8,,25145,14,,,1,10,,25154,14,,,1,10,,25179,14,,,1,9,,25148,14,,,1,12,,25164,14,,,1,52,,25157,14,,,1,12,,25168,14,,,1,10,,25152,14,,,1,10,,25150,14,,,1,10,,25156,14,,,1,10,,25147,14,,,1,50,,25165,14,,,1,9,,25163,14,,,1,10,,25166,14,,,1,11,,25159,14,,,1,14,,25175,14,,,1,54,,25160,14,,,1,10,,25161,14,,,1,15,,25158,14,,,1,12,,25171,14,,,1,13,,25178,14,,,1,59,,25180,14,,,1,14,,25176,14,,,1,14,,25174,14,,,1,17,,25173,14,,,1,55,,25177,14,,,1,17,,25172,14,,,1,15,,25184,14,,,1,9,,25187,14,,,1,54,,25182,14,,,1,14,,25189,14,,,1,14,,25186,14,,,1,15,,25188,14,,,1,56,,25185,14,,,1,14,,25193,14,,,1,14,,25191,14,,,1,14,,25192,14,,,1,55,,25190,14,,,1
50203,'Sunday',931,,25270,14,,,1,20,,25229,14,,,1,59,,25230,14,,,1,22,,25228,14,,,1,20,,25217,14,,,1,60,,25218,14,,,1,20,,25216,14,,,1,21,,25219,14,,,1,55,,25244,14,,,1,15,,25249,14,,,1,15,,25250,14,,,1,15,,25247,14,,,1,55,,25272,14,,,1,15,,25251,14,,,1,15,,25248,14,,,1,15,,25252,14,,,1,55,,25253,14,,,1,15,,25254,14,,,1,16,,25255,14,,,1,14,,25258,14,,,1,52,,25259,14,,,1,12,,25256,14,,,1,12,,25257,14,,,1,12,,25260,14,,,1,12,,25261,14,,,1,52,,25262,14,,,1,12,,25263,14,,,1,12,,25264,14,,,1,12,,25265,14,,,1,12,,25267,14,,,1,52,,25268,14,,,1,12,,25269,14,,,1,12,,25236,14,,,1,12,,25233,14,,,1,12,,25246,14,,,1,52,,25234,14,,,1,12,,25235,14,,,1,12,,25242,14,,,1,12,,25239,14,,,1,12,,25237,14,,,1,52,,25245,14,,,1,11,,25240,14,,,1,12,,25238,14,,,1,11,,25241,14,,,1,12,,25243,14,,,1,52,,25232,14,,,1,12,,25273,14,,,1,12,,25271,14,,,1,12,,25231,14,,,1,12,,25220,14,,,1,60,,25221,14,,,1,20,,25222,14,,,1,22,,25223,14,,,1,57,,25224,14,,,1,20,,25225,14,,,1,20,,25226,14,,,1,60,,25227,14,,,1,20,,25266,14,,,1
50203,'Weekday',613,,25352,14,,,1,15,,25362,14,,,1,10,,25360,14,,,1,10,,25350,14,,,1,10,,25342,14,,,1,51,,25336,14,,,1,10,,25341,14,,,1,11,,25339,14,,,1,11,,25335,14,,,1,12,,25338,14,,,1,51,,25337,14,,,1,11,,25340,14,,,1,9,,25359,14,,,1,9,,25323,14,,,1,10,,25367,14,,,1,10,,25361,14,,,1,50,,25348,14,,,1,10,,25334,14,,,1,10,,25315,14,,,1,13,,25330,14,,,1,12,,25325,14,,,1,54,,25318,14,,,1,15,,25312,14,,,1,13,,25310,14,,,1,15,,25356,14,,,1,55,,25363,14,,,1,15,,25344,14,,,1,15,,25331,14,,,1,15,,25307,14,,,1,55,,25327,14,,,1,15,,25317,14,,,1,15,,25311,14,,,1,15,,25306,14,,,1,55,,25354,14,,,1,15,,25364,14,,,1,15,,25345,14,,,1,15,,25305,14,,,1,58,,25332,14,,,1,15,,25304,14,,,1,15,,25326,14,,,1,11,,25319,14,,,1,12,,25313,14,,,1,50,,25308,14,,,1,10,,25301,14,,,1,11,,25357,14,,,1,12,,25366,14,,,1,10,,25296,14,,,1,53,,25346,14,,,1,11,,25297,14,,,1,13,,25295,14,,,1,10,,25290,14,,,1,11,,25333,14,,,1,11,,25300,14,,,1,52,,25291,14,,,1,12,,25329,14,,,1,9,,25321,14,,,1,7,,25314,14,,,1,8,,25309,14,,,1,8,,25288,14,,,1,49,,25358,14,,,1,8,,25365,14,,,1,10,,25286,14,,,1,9,,25347,14,,,1,8,,25281,14,,,1,9,,25283,14,,,1,6,,25292,14,,,1,51,,25282,14,,,1,8,,25302,14,,,1,10,,25280,14,,,1,10,,25328,14,,,1,10,,25320,14,,,1,13,,25284,14,,,1,56,,25353,14,,,1,14,,25279,14,,,1,15,,25343,14,,,1,15,,25276,14,,,1,55,,25289,14,,,1,13,,25299,14,,,1,13,,25324,14,,,1,14,,25316,14,,,1,53,,25285,14,,,1,17,,25355,14,,,1,15,,25277,14,,,1,15,,25349,14,,,1,55,,25275,14,,,1,15,,25293,14,,,1,15,,25303,14,,,1,14,,25322,14,,,1,55,,25287,14,,,1,15,,25278,14,,,1,15,,25351,14,,,1,15,,25274,14,,,1,55,,25294,14,,,1,14,,25298,14,,,1
