502,'Holiday1',729,,28772,27,,,1,72,,28770,27,,,1,32,,28771,27,,,1,77,,28769,27,,,1,34,,28767,27,,,1,72,,28766,27,,,1,30,,28763,27,,,1,73,,28765,27,,,1,23,,28764,27,,,1,67,,28762,27,,,1,32,,28761,27,,,1,71,,28759,27,,,1,38,,28760,27,,,1,69,,28758,27,,,1,33,,28757,27,,,1,63,,28750,27,,,1,37,,28755,27,,,1,70,,28756,27,,,1,27,,28754,27,,,1,83,,28751,27,,,1,22,,28752,27,,,1,71,,28753,27,,,1,24,,28749,27,,,1,76,,28748,27,,,1,84,,28777,27,,,1,49,,28778,27,,,1,89,,28775,27,,,1,89,,28774,27,,,1,90,,28773,27,,,1,89,,28776,27,,,1
502,'Saturday',618,,28779,27,,,1,27,,28787,27,,,1,71,,28800,27,,,1,30,,28780,27,,,1,70,,28783,27,,,1,36,,28781,27,,,1,71,,28788,27,,,1,29,,28792,27,,,1,71,,28784,27,,,1,30,,28785,27,,,1,70,,28786,27,,,1,32,,28791,27,,,1,95,,28790,27,,,1,75,,28789,27,,,1,30,,28795,27,,,1,70,,28793,27,,,1,30,,28794,27,,,1,70,,28796,27,,,1,30,,28798,27,,,1,70,,28797,27,,,1,30,,28799,27,,,1,70,,28803,27,,,1,30,,28801,27,,,1,70,,28802,27,,,1,77,,28808,27,,,1,50,,28807,27,,,1,93,,28806,27,,,1,85,,28804,27,,,1,90,,28805,27,,,1,90,,28812,27,,,1,90,,28811,27,,,1,50,,28809,27,,,1,90,,28810,27,,,1
502,'Sunday',729,,28837,27,,,1,72,,28835,27,,,1,32,,28836,27,,,1,77,,28834,27,,,1,34,,28832,27,,,1,72,,28831,27,,,1,30,,28828,27,,,1,73,,28830,27,,,1,23,,28829,27,,,1,67,,28827,27,,,1,32,,28826,27,,,1,71,,28824,27,,,1,38,,28825,27,,,1,69,,28823,27,,,1,33,,28822,27,,,1,63,,28817,27,,,1,37,,28820,27,,,1,70,,28821,27,,,1,27,,28819,27,,,1,83,,28815,27,,,1,22,,28816,27,,,1,71,,28818,27,,,1,24,,28814,27,,,1,76,,28813,27,,,1,84,,28842,27,,,1,49,,28843,27,,,1,89,,28840,27,,,1,89,,28839,27,,,1,90,,28838,27,,,1,89,,28841,27,,,1
502,'Weekday',508,,28844,27,,,1,20,,28854,27,,,1,20,,28855,27,,,1,61,,28856,27,,,1,21,,28857,27,,,1,23,,28858,27,,,1,60,,28859,27,,,1,21,,28860,28,0,5,1,16,,28863,27,,,1,64,,28861,28,0,5,1,16,,28864,27,,,1,24,,28862,28,0,5,1,53,,28865,27,,,1,29,,28888,28,0,5,1,65,,28887,27,,,1,27,,28885,28,0,5,1,25,,28886,27,,,1,69,,28884,28,0,5,1,23,,28891,27,,,1,73,,28882,28,0,5,1,21,,28890,27,,,1,74,,28883,28,0,5,1,23,,28889,27,,,1,75,,28866,27,,,1,27,,28867,28,0,5,1,14,,28875,27,,,1,66,,28868,28,0,5,1,16,,28876,27,,,1,66,,28869,28,0,5,1,14,,28877,27,,,1,26,,28870,28,0,5,1,13,,28878,27,,,1,67,,28871,28,0,5,1,15,,28879,27,,,1,67,,28872,28,0,5,1,12,,28880,27,,,1,25,,28873,28,0,5,1,13,,28881,27,,,1,67,,28874,28,0,5,1,86,,28852,27,,,1,42,,28851,27,,,1,80,,28849,27,,,1,80,,28853,27,,,1,39,,28847,27,,,1,80,,28848,27,,,1,82,,28850,27,,,1,40,,28846,27,,,1,74,,28845,27,,,1
1203,'Holiday1',757,,30594,29,,,1,80,,30590,29,,,1,81,,30593,29,,,1,40,,30598,29,,,1,80,,30589,29,,,1,80,,30592,29,,,1,40,,30597,29,,,1,80,,30591,29,,,1,80,,30596,29,,,1,40,,30595,29,,,1,82,,30600,29,,,1,80,,30599,29,,,1,80,,30601,29,,,1,40,,30602,29,,,1,80,,30603,29,,,1,80,,30605,29,,,1,40,,30604,29,,,1,79,,30606,29,,,1,40,,30607,29,,,1,80,,30608,29,,,1,80,,30610,29,,,1,40,,30609,29,,,1,78,,30611,29,,,1
1203,'Saturday',538,,30614,29,,,1,79,,30613,29,,,1,40,,30612,29,,,1,81,,30615,29,,,1,80,,30616,29,,,1,40,,30617,29,,,1,80,,30619,29,,,1,81,,30618,29,,,1,40,,30620,29,,,1,80,,30621,29,,,1,80,,30622,29,,,1,40,,30624,29,,,1,80,,30623,29,,,1,80,,30626,29,,,1,40,,30625,29,,,1,82,,30627,29,,,1,80,,30628,29,,,1,80,,30631,29,,,1,40,,30629,29,,,1,80,,30630,29,,,1,80,,30632,29,,,1,40,,30633,29,,,1,79,,30635,29,,,1,80,,30637,29,,,1,40,,30638,29,,,1,80,,30636,29,,,1,80,,30634,29,,,1,38,,30639,29,,,1,80,,30640,29,,,1
1203,'Sunday',757,,30646,29,,,1,80,,30642,29,,,1,81,,30645,29,,,1,40,,30650,29,,,1,80,,30641,29,,,1,80,,30644,29,,,1,40,,30649,29,,,1,80,,30643,29,,,1,80,,30648,29,,,1,40,,30647,29,,,1,82,,30652,29,,,1,80,,30651,29,,,1,80,,30653,29,,,1,40,,30654,29,,,1,80,,30655,29,,,1,80,,30657,29,,,1,40,,30656,29,,,1,79,,30658,29,,,1,40,,30659,29,,,1,80,,30660,29,,,1,80,,30662,29,,,1,40,,30661,29,,,1,78,,30663,29,,,1
1203,'Weekday',526,,30665,29,,,1,74,,30664,29,,,1,42,,30670,29,,,1,71,,30671,29,,,1,37,,30672,29,,,1,70,,30673,29,,,1,35,,30674,29,,,1,69,,30675,29,,,1,76,,30666,29,,,1,45,,30668,29,,,1,79,,30667,29,,,1,84,,30676,29,,,1,41,,30678,29,,,1,85,,30679,29,,,1,91,,30680,29,,,1,82,,30677,29,,,1,39,,30684,29,,,1,65,,30685,29,,,1,27,,30683,29,,,1,76,,30686,29,,,1,30,,30687,29,,,1,70,,30688,29,,,1,28,,30689,29,,,1,67,,30690,29,,,1,37,,30691,29,,,1,92,,30692,29,,,1,87,,30693,29,,,1,81,,30694,29,,,1,46,,30695,29,,,1,81,,30682,29,,,1,86,,30681,29,,,1,86,,30669,29,,,1
3503,'Holiday1',834,,35107,41,,,1,85,,35106,41,,,1,86,,35115,41,,,1,47,,35109,41,,,1,85,,35111,41,,,1,85,,35113,41,,,1,85,,35108,41,,,1,45,,35114,41,,,1,85,,35105,41,,,1,85,,35110,41,,,1,85,,35112,41,,,1,45,,35116,41,,,1,85,,35117,41,,,1,85,,35120,41,,,1,85,,35118,41,,,1,45,,35119,41,,,1
3503,'Saturday',851,,35123,41,,,1,87,,35121,41,,,1,85,,35124,41,,,1,85,,35122,41,,,1,46,,35126,41,,,1,85,,35125,41,,,1,85,,35129,41,,,1,85,,35128,41,,,1,45,,35130,41,,,1,85,,35127,41,,,1,85,,35131,41,,,1,85,,35133,41,,,1,45,,35134,41,,,1,84,,35132,41,,,1,85,,35135,41,,,1,85,,35136,41,,,1,45,,35137,41,,,1
3503,'Sunday',834,,35140,41,,,1,85,,35139,41,,,1,86,,35148,41,,,1,47,,35142,41,,,1,85,,35144,41,,,1,85,,35146,41,,,1,85,,35141,41,,,1,45,,35147,41,,,1,85,,35138,41,,,1,85,,35143,41,,,1,85,,35145,41,,,1,45,,35149,41,,,1,85,,35150,41,,,1,85,,35153,41,,,1,85,,35151,41,,,1,45,,35152,41,,,1
3503,'Weekday',611,,35154,41,,,1,38,,35158,41,,,1,75,,35155,41,,,1,76,,35174,41,,,1,35,,35162,41,,,1,75,,35173,41,,,1,33,,35180,41,,,1,75,,35185,41,,,1,35,,35179,41,,,1,75,,35157,41,,,1,80,,35178,41,,,1,31,,35177,41,,,1,76,,35181,41,,,1,33,,35175,41,,,1,76,,35183,41,,,1,35,,35184,41,,,1,75,,35176,41,,,1,77,,35165,41,,,1,36,,35164,41,,,1,75,,35160,41,,,1,35,,35170,41,,,1,74,,35166,41,,,1,73,,35169,41,,,1,33,,35163,41,,,1,74,,35159,41,,,1,34,,35167,41,,,1,75,,35168,41,,,1,34,,35171,41,,,1,74,,35172,41,,,1,75,,35156,41,,,1,35,,35161,41,,,1,75,,35182,41,,,1
50502,'Holiday1',941,,39020,13,,,1,18,,39022,13,,,1,58,,39023,13,,,1,18,,39024,13,,,1,18,,39025,13,,,1,57,,39026,13,,,1,18,,39027,13,,,1,18,,39028,13,,,1,57,,39029,13,,,1,18,,39030,13,,,1,18,,39031,13,,,1,17,,39032,13,,,1,58,,39033,13,,,1,19,,39034,13,,,1,16,,39035,13,,,1,58,,39036,13,,,1,16,,39037,13,,,1,20,,39038,13,,,1,58,,39039,13,,,1,18,,39040,13,,,1,17,,39041,13,,,1,18,,39042,13,,,1,58,,39043,13,,,1,18,,39044,13,,,1,18,,39046,13,,,1,58,,39047,13,,,1,18,,39048,13,,,1,21,,39045,13,,,1,58,,39021,13,,,1
50502,'Saturday',846,,39049,13,,,1,58,,39050,13,,,1,18,,39052,13,,,1,18,,39053,13,,,1,17,,39057,13,,,1,60,,39054,13,,,1,16,,39067,13,,,1,17,,39068,13,,,1,58,,39069,13,,,1,19,,39070,13,,,1,16,,39071,13,,,1,58,,39072,13,,,1,19,,39073,13,,,1,18,,39074,13,,,1,19,,39075,13,,,1,58,,39076,13,,,1,18,,39077,13,,,1,17,,39078,13,,,1,56,,39079,13,,,1,17,,39080,13,,,1,17,,39081,13,,,1,18,,39082,13,,,1,58,,39083,13,,,1,18,,39084,13,,,1,18,,39063,13,,,1,58,,39060,13,,,1,19,,39059,13,,,1,19,,39055,13,,,1,60,,39062,13,,,1,17,,39065,13,,,1,19,,39066,13,,,1,58,,39058,13,,,1,18,,39064,13,,,1,18,,39056,13,,,1,18,,39061,13,,,1,55,,39051,13,,,1
50502,'Sunday',941,,39085,13,,,1,18,,39087,13,,,1,58,,39088,13,,,1,18,,39089,13,,,1,18,,39090,13,,,1,57,,39091,13,,,1,18,,39092,13,,,1,18,,39093,13,,,1,57,,39094,13,,,1,18,,39095,13,,,1,18,,39096,13,,,1,17,,39097,13,,,1,58,,39098,13,,,1,19,,39099,13,,,1,16,,39100,13,,,1,58,,39101,13,,,1,16,,39102,13,,,1,20,,39103,13,,,1,58,,39104,13,,,1,18,,39105,13,,,1,17,,39106,13,,,1,18,,39107,13,,,1,58,,39108,13,,,1,18,,39109,13,,,1,18,,39110,13,,,1,58,,39111,13,,,1,18,,39112,13,,,1,21,,39113,13,,,1,58,,39086,13,,,1
50502,'Weekday',653,,39114,13,,,1,63,,39115,13,,,1,18,,39116,13,,,1,18,,39117,13,,,1,58,,39118,13,,,1,18,,39119,13,,,1,18,,39120,13,,,1,59,,39121,13,,,1,15,,39122,13,,,1,18,,39123,13,,,1,18,,39124,13,,,1,58,,39125,13,,,1,18,,39126,13,,,1,18,,39127,13,,,1,58,,39128,13,,,1,18,,39129,13,,,1,18,,39130,13,,,1,59,,39131,13,,,1,20,,39132,13,,,1,18,,39133,13,,,1,18,,39134,13,,,1,58,,39135,13,,,1,18,,39136,13,,,1,18,,39137,13,,,1,58,,39138,13,,,1,21,,39139,13,,,1,18,,39140,13,,,1,58,,39141,13,,,1,18,,39142,13,,,1,18,,39143,13,,,1,58,,39144,13,,,1,22,,39145,13,,,1,21,,39146,13,,,1,58,,39147,13,,,1,19,,39148,13,,,1,22,,39149,13,,,1,58,,39150,13,,,1,16,,39151,13,,,1,13,,39152,13,,,1,17,,39153,13,,,1,58,,39154,13,,,1,16,,39155,13,,,1,15,,39156,13,,,1,18,,39157,13,,,1,56,,39158,13,,,1,18,,39159,13,,,1,18,,39160,13,,,1
