2302,'Holiday1',836,,33054,94,,,1,69,,33028,94,,,1,26,,33031,94,,,1,25,,33032,94,,,1,69,,33033,94,,,1,28,,33030,94,,,1,68,,33034,94,,,1,28,,33035,94,,,1,71,,33029,94,,,1,25,,33037,94,,,1,71,,33039,94,,,1,28,,33036,94,,,1,66,,33040,94,,,1,28,,33038,94,,,1,71,,33042,94,,,1,29,,33043,94,,,1,68,,33045,94,,,1,29,,33041,94,,,1,68,,33046,94,,,1,30,,33059,94,,,1,70,,33048,94,,,1,31,,33049,94,,,1,66,,33050,94,,,1,27,,33047,94,,,1,28,,33051,94,,,1,69,,33052,94,,,1,25,,33053,94,,,1,67,,33044,94,,,1,25,,33057,94,,,1,67,,33058,94,,,1,28,,33055,94,,,1,67,,33056,94,,,1
2302,'Saturday',622,,33060,94,,,1,30,,33062,94,,,1,70,,33082,94,,,1,32,,33081,94,,,1,80,,33085,94,,,1,72,,33084,94,,,1,26,,33088,94,,,1,68,,33089,94,,,1,24,,33086,94,,,1,28,,33087,94,,,1,69,,33090,94,,,1,28,,33093,94,,,1,68,,33094,94,,,1,27,,33091,94,,,1,71,,33092,94,,,1,28,,33083,94,,,1,68,,33072,94,,,1,29,,33075,94,,,1,66,,33076,94,,,1,28,,33077,94,,,1,70,,33074,94,,,1,30,,33073,94,,,1,70,,33079,94,,,1,30,,33080,94,,,1,68,,33078,94,,,1,29,,33064,94,,,1,27,,33065,94,,,1,67,,33061,94,,,1,30,,33071,94,,,1,72,,33063,94,,,1,30,,33067,94,,,1,69,,33069,94,,,1,29,,33066,94,,,1,68,,33068,94,,,1,29,,33070,94,,,1,70,,33098,94,,,1,30,,33097,94,,,1,70,,33096,94,,,1,30,,33095,94,,,1
2302,'Sunday',836,,33125,94,,,1,69,,33099,94,,,1,26,,33102,94,,,1,25,,33103,94,,,1,69,,33104,94,,,1,28,,33101,94,,,1,68,,33105,94,,,1,28,,33106,94,,,1,71,,33100,94,,,1,25,,33108,94,,,1,71,,33110,94,,,1,28,,33107,94,,,1,66,,33111,94,,,1,28,,33109,94,,,1,71,,33113,94,,,1,29,,33114,94,,,1,68,,33115,94,,,1,29,,33112,94,,,1,68,,33116,94,,,1,30,,33130,94,,,1,70,,33119,94,,,1,31,,33120,94,,,1,66,,33121,94,,,1,27,,33117,94,,,1,28,,33122,94,,,1,69,,33123,94,,,1,25,,33124,94,,,1,67,,33118,94,,,1,25,,33128,94,,,1,67,,33129,94,,,1,28,,33126,94,,,1,67,,33127,94,,,1
2302,'Weekday',545,,33131,94,,,1,56,,33141,94,,,1,17,,33142,94,,,1,13,,33140,94,,,1,16,,33144,94,,,1,56,,33146,94,,,1,15,,33147,94,,,1,15,,33148,94,,,1,15,,33145,94,,,1,56,,33149,94,,,1,15,,33143,94,,,1,15,,33150,94,,,1,16,,33151,94,,,1,60,,33152,94,,,1,17,,33153,94,,,1,17,,33137,94,,,1,59,,33134,94,,,1,24,,33136,94,,,1,29,,33154,94,,,1,72,,33155,94,,,1,31,,33156,94,,,1,70,,33157,94,,,1,30,,33158,94,,,1,70,,33159,94,,,1,72,,33160,94,,,1,31,,33161,94,,,1,70,,33139,94,,,1,23,,33185,94,,,1,20,,33182,94,,,1,61,,33184,94,,,1,14,,33181,94,,,1,16,,33183,94,,,1,17,,33180,94,,,1,57,,33162,94,,,1,15,,33163,94,,,1,15,,33164,94,,,1,13,,33165,94,,,1,55,,33166,94,,,1,15,,33167,94,,,1,15,,33168,94,,,1,15,,33169,94,,,1,55,,33170,94,,,1,14,,33171,94,,,1,14,,33132,94,,,1,15,,33138,94,,,1,53,,33135,94,,,1,15,,33133,94,,,1,34,,33172,94,,,1,73,,33173,94,,,1,33,,33174,94,,,1,67,,33175,94,,,1,75,,33176,94,,,1,33,,33177,94,,,1,74,,33178,94,,,1,34,,33179,94,,,1
2604,'Holiday1',726,,33489,22,,,1,100,,33492,22,,,1,100,,33494,22,,,1,100,,33490,22,,,1,100,,33491,22,,,1,100,,33495,22,,,1,101,,33493,22,,,1,100,,33497,22,,,1,100,,33498,22,,,1,100,,33496,22,,,1,100,,33499,22,,,1,99,,33500,22,,,1,99,,33501,22,,,1,100,,33502,22,,,1
2604,'Saturday',726,,33503,22,,,1,30,,33504,22,,,1,70,,33508,22,,,1,30,,33510,22,,,1,70,,33507,22,,,1,30,,33511,22,,,1,70,,33509,22,,,1,30,,33512,22,,,1,70,,33513,22,,,1,30,,33514,22,,,1,70,,33515,22,,,1,30,,33516,22,,,1,71,,33517,22,,,1,30,,33518,22,,,1,70,,33532,22,,,1,30,,33520,22,,,1,70,,33521,22,,,1,30,,33522,22,,,1,70,,33519,22,,,1,30,,33523,22,,,1,70,,33524,22,,,1,30,,33525,22,,,1,69,,33526,22,,,1,30,,33527,22,,,1,69,,33528,22,,,1,30,,33529,22,,,1,70,,33530,22,,,1,30,,33531,22,,,1,70,,33505,22,,,1,30,,33506,22,,,1
2604,'Sunday',726,,33533,22,,,1,100,,33536,22,,,1,100,,33538,22,,,1,100,,33534,22,,,1,100,,33535,22,,,1,100,,33539,22,,,1,101,,33537,22,,,1,100,,33541,22,,,1,100,,33542,22,,,1,100,,33540,22,,,1,100,,33543,22,,,1,99,,33544,22,,,1,99,,33545,22,,,1,100,,33546,22,,,1
2604,'Weekday',507,,33547,22,,,1,22,,33548,22,,,1,22,,33549,22,,,1,58,,33551,22,,,1,19,,33553,22,,,1,29,,33554,22,,,1,62,,33550,22,,,1,20,,33555,22,,,1,17,,33552,22,,,1,71,,33556,22,,,1,21,,33557,22,,,1,63,,33558,22,,,1,22,,33559,22,,,1,22,,33560,22,,,1,60,,33561,22,,,1,21,,33562,22,,,1,22,,33563,22,,,1,62,,33564,22,,,1,22,,33565,22,,,1,62,,33566,22,,,1,22,,33567,22,,,1,22,,33568,22,,,1,62,,33569,22,,,1,22,,33570,22,,,1,22,,33571,22,,,1,62,,33572,22,,,1,22,,33573,22,,,1,62,,33574,22,,,1,25,,33575,22,,,1,22,,33576,22,,,1,62,,33577,22,,,1,22,,33578,22,,,1,22,,33579,22,,,1,65,,33580,22,,,1,19,,33581,22,,,1,22,,33582,22,,,1,65,,33583,22,,,1,18,,33584,22,,,1,61,,33586,22,,,1,22,,33588,22,,,1,28,,33589,22,,,1,58,,33585,22,,,1,20,,33590,22,,,1,22,,33587,22,,,1,62,,33591,22,,,1,22,,33592,22,,,1,22,,33593,22,,,1,62,,33594,22,,,1,22,,33595,22,,,1,62,,33596,22,,,1,21,,33597,22,,,1,22,,33598,22,,,1,62,,33599,22,,,1,22,,33600,22,,,1,22,,33601,22,,,1
2704,'Saturday',821,,33647,14,,,1,35,,33648,14,,,1,75,,33649,14,,,1,75,,33650,14,,,1,35,,33652,14,,,1,75,,33646,14,,,1,35,,33651,14,,,1,75,,33653,14,,,1,75,,33655,14,,,1,35,,33656,14,,,1,75,,33657,14,,,1,35,,33658,14,,,1,75,,33659,14,,,1,35,,33660,14,,,1,75,,33654,14,,,1,75,,33661,14,,,1,35,,33662,14,,,1,75,,33663,14,,,1
2704,'Weekday',606,,33666,14,,,1,33,,33664,14,,,1,75,,33667,14,,,1,36,,33665,14,,,1,76,,33668,14,,,1,75,,33669,14,,,1,34,,33670,14,,,1,72,,33672,14,,,1,32,,33673,14,,,1,73,,33674,14,,,1,33,,33671,14,,,1,73,,33675,14,,,1,33,,33676,14,,,1,75,,33678,14,,,1,74,,33679,14,,,1,35,,33680,14,,,1,76,,33677,14,,,1,36,,33681,14,,,1,76,,33683,14,,,1,36,,33686,14,,,1,77,,33687,14,,,1,75,,33684,14,,,1,35,,33689,14,,,1,76,,33685,14,,,1,34,,33688,14,,,1,73,,33682,14,,,1
2802,'Holiday1',557,,33843,36,0,5,1,65,,33833,32,,,1,25,,33830,36,0,5,1,65,,33840,32,,,1,25,,33835,36,0,5,1,65,,33829,32,,,1,25,,33842,36,0,5,1,25,,33832,32,,,1,65,,33831,36,0,5,1,25,,33837,32,,,1,65,,33836,36,0,5,1,25,,33834,32,,,1,25,,33841,36,0,5,1,65,,33839,32,,,1,25,,33845,36,0,5,1,65,,33838,32,,,1,25,,33846,36,0,5,1,65,,33844,32,,,1,25,,33847,36,0,5,1,25,,33848,32,,,1,65,,33849,36,0,5,1,25,,33850,32,,,1,65,,33851,36,0,5,1,25,,33853,32,,,1,25,,33852,36,0,5,1,65,,33854,32,,,1,25,,33855,36,0,5,1,65,,33856,32,,,1,25,,33857,36,0,5,1,65,,33858,32,,,1,25,,33859,36,0,5,1,25,,33860,32,,,1,65,,33861,36,0,5,1
2802,'Saturday',557,,33864,36,0,5,1,65,,33879,32,,,1,25,,33865,36,0,5,1,65,,33880,32,,,1,25,,33862,36,0,5,1,65,,33883,32,,,1,25,,33863,36,0,5,1,25,,33884,32,,,1,65,,33866,36,0,5,1,25,,33885,32,,,1,65,,33868,36,0,5,1,25,,33881,32,,,1,25,,33869,36,0,5,1,65,,33882,32,,,1,25,,33870,36,0,5,1,65,,33886,32,,,1,25,,33867,36,0,5,1,65,,33888,32,,,1,25,,33871,36,0,5,1,25,,33889,32,,,1,65,,33872,36,0,5,1,25,,33890,32,,,1,65,,33873,36,0,5,1,25,,33887,32,,,1,25,,33875,36,0,5,1,65,,33891,32,,,1,25,,33876,36,0,5,1,65,,33892,32,,,1,25,,33877,36,0,5,1,65,,33893,32,,,1,25,,33874,36,0,5,1,25,,33894,32,,,1,65,,33878,36,0,5,1
2802,'Sunday',557,,33909,36,0,5,1,65,,33899,32,,,1,25,,33896,36,0,5,1,65,,33905,32,,,1,25,,33901,36,0,5,1,65,,33895,32,,,1,25,,33908,36,0,5,1,25,,33898,32,,,1,65,,33897,36,0,5,1,25,,33903,32,,,1,65,,33902,36,0,5,1,25,,33900,32,,,1,25,,33907,36,0,5,1,65,,33904,32,,,1,25,,33911,36,0,5,1,65,,33906,32,,,1,25,,33912,36,0,5,1,65,,33910,32,,,1,25,,33913,36,0,5,1,25,,33914,32,,,1,65,,33915,36,0,5,1,25,,33916,32,,,1,65,,33917,36,0,5,1,25,,33919,32,,,1,25,,33918,36,0,5,1,65,,33920,32,,,1,25,,33921,36,0,5,1,65,,33922,32,,,1,25,,33923,36,0,5,1,65,,33924,32,,,1,25,,33925,36,0,5,1,25,,33926,32,,,1,65,,33927,36,0,5,1
2802,'Weekday',535,,33968,32,,,1,18,,33928,36,0,5,1,54,,33948,32,,,1,22,,33931,36,0,5,1,28,,33949,32,,,1,62,,33929,36,0,5,1,18,,33950,32,,,1,19,,33930,36,0,5,1,63,,33951,32,,,1,20,,33932,36,0,5,1,20,,33952,32,,,1,60,,33933,36,0,5,1,20,,33953,32,,,1,20,,33934,36,0,5,1,63,,33954,32,,,1,17,,33935,36,0,5,1,20,,33955,32,,,1,59,,33936,36,0,5,1,21,,33956,32,,,1,20,,33937,36,0,5,1,59,,33957,32,,,1,21,,33938,36,0,5,1,20,,33958,32,,,1,59,,33939,36,0,5,1,21,,33959,32,,,1,20,,33940,36,0,5,1,60,,33960,32,,,1,20,,33941,36,0,5,1,20,,33961,32,,,1,60,,33942,36,0,5,1,20,,33962,32,,,1,20,,33943,36,0,5,1,60,,33963,32,,,1,20,,33944,36,0,5,1,19,,33964,32,,,1,61,,33945,36,0,5,1,20,,33965,32,,,1,66,,33946,36,0,5,1,14,,33966,32,,,1,20,,33947,36,0,5,1,20,,33967,32,,,1
