1101,'Holiday1',517,,16919,6,,,1,40,,16916,6,,,1,80,,16915,6,,,1,80,,16913,6,,,1,40,,16920,6,,,1,80,,16922,6,,,1,80,,16925,6,,,1,40,,16926,6,,,1,80,,16929,6,,,1,80,,16928,6,,,1,40,,16932,6,,,1,80,,16934,6,,,1,80,,16936,6,,,1,40,,16937,6,,,1,80,,16939,6,,,1,82,,16942,6,,,1,82,,16946,6,,,1,42,,16947,6,,,1,82,,16951,6,,,1,80,,16949,6,,,1,41,,16948,6,,,1,86,,16953,6,,,1,86,,16954,6,,,1,84,,16962,6,,,1,45,,16959,6,,,1,89,,16958,6,,,1,86,,16965,6,,,1,80,,16966,6,,,1
1101,'Saturday',435,,16967,6,,,1,81,,16970,6,,,1,40,,16971,6,,,1,81,,16969,6,,,1,80,,16968,6,,,1,40,,16972,6,,,1,82,,16979,6,,,1,88,,16981,6,,,1,79,,16982,6,,,1,42,,16983,6,,,1,82,,16985,6,,,1,82,,16986,6,,,1,41,,16987,6,,,1,82,,16984,6,,,1,81,,16988,6,,,1,86,,17002,6,,,1,44,,17003,6,,,1,87,,17004,6,,,1,83,,17005,6,,,1,84,,17006,6,,,1,45,,17007,6,,,1,87,,17011,6,,,1,84,,17012,6,,,1,87,,17013,6,,,1,54,,17015,6,,,1,94,,17018,6,,,1,105,,17019,6,,,1
1101,'Sunday',517,,17026,6,,,1,40,,17023,6,,,1,80,,17022,6,,,1,80,,17020,6,,,1,40,,17027,6,,,1,80,,17029,6,,,1,80,,17032,6,,,1,40,,17033,6,,,1,80,,17036,6,,,1,80,,17035,6,,,1,40,,17039,6,,,1,80,,17041,6,,,1,80,,17043,6,,,1,40,,17044,6,,,1,80,,17046,6,,,1,82,,17049,6,,,1,82,,17053,6,,,1,42,,17054,6,,,1,82,,17058,6,,,1,80,,17056,6,,,1,41,,17055,6,,,1,86,,17060,6,,,1,86,,17061,6,,,1,84,,17069,6,,,1,45,,17066,6,,,1,89,,17065,6,,,1,86,,17072,6,,,1,80,,17073,6,,,1
1101,'Weekday',423,,17145,6,,,1,33,,17146,6,,,1,74,,17144,6,,,1,70,,17142,6,,,1,28,,17151,6,,,1,28,,17148,6,,,1,68,,17147,6,,,1,14,,17157,6,,,1,14,,17128,6,,,1,68,,17126,6,,,1,31,,17127,6,,,1,66,,17140,6,,,1,34,,17131,6,,,1,73,,17132,6,,,1,32,,17117,6,,,1,79,,17118,6,,,1,81,,17105,6,,,1,30,,17106,6,,,1,55,,17103,8,0,9 10,1,19,,17134,6,,,1,33,,17137,6,,,1,67,,17098,6,,,1,30,,17099,6,,,1,70,,17155,6,,,1,28,,17114,6,,,1,68,,17104,8,0,9 11,1,27,,17115,6,,,1,67,,17089,6,,,1,29,,17135,6,,,1,71,,17087,6,,,1,25,,17109,6,,,1,24,,17120,6,,,1,68,,17119,6,,,1,31,,17080,6,,,1,74,,17078,6,,,1,74,,17083,6,,,1,23,,17094,8,0,9 11,1,21,,17092,6,,,1,77,,17081,6,,,1,92,,17085,6,,,1,32,,17075,5,0,9 10,1,59,,17091,6,,,1,18,,17074,5,0,9 10,1,15,,17077,6,,,1,75,,17101,6,,,1
5101,'Holiday1',849,,22631,3,,,1,101,,22633,3,,,1,99,,22632,3,,,1,100,,22630,3,,,1,102,,22629,3,,,1,100,,22628,3,,,1,100,,22627,3,,,1,100,,22626,3,,,1,100,,22625,3,,,1,100,,22623,3,,,1,99,,22624,3,,,1,100,,22622,3,,,1,100,,22621,3,,,1,100,,22620,3,,,1
5101,'Saturday',650,,22635,3,,,1,100,,22636,3,,,1,100,,22637,3,,,1,100,,22641,3,,,1,100,,22639,3,,,1,100,,22638,3,,,1,100,,22640,3,,,1,100,,22643,3,,,1,100,,22642,3,,,1,100,,22645,3,,,1,100,,22644,3,,,1,100,,22646,3,,,1,100,,22634,3,,,1,100,,22649,3,,,1,100,,22647,3,,,1,100,,22648,3,,,1
5101,'Sunday',849,,22661,3,,,1,101,,22663,3,,,1,99,,22662,3,,,1,100,,22660,3,,,1,102,,22659,3,,,1,100,,22658,3,,,1,100,,22657,3,,,1,100,,22656,3,,,1,100,,22655,3,,,1,100,,22653,3,,,1,99,,22654,3,,,1,100,,22652,3,,,1,100,,22651,3,,,1,100,,22650,3,,,1
5101,'Weekday',459,,22664,3,,,1,73,,22677,3,,,1,70,,22665,3,,,1,37,,22675,3,,,1,63,,22666,3,,,1,32,,22674,3,,,1,68,,22668,3,,,1,34,,22676,3,,,1,68,,22672,3,,,1,31,,22687,3,,,1,69,,22689,3,,,1,30,,22690,3,,,1,70,,22691,3,,,1,30,,22688,3,,,1,70,,22692,3,,,1,26,,22693,3,,,1,72,,22694,3,,,1,27,,22695,3,,,1,73,,22696,3,,,1,32,,22697,3,,,1,68,,22669,3,,,1,30,,22679,3,,,1,73,,22670,3,,,1,27,,22680,3,,,1,71,,22667,3,,,1,29,,22681,3,,,1,74,,22673,3,,,1,28,,22678,3,,,1,101,,22671,3,,,1,100,,22683,3,,,1,99,,22684,3,,,1,100,,22685,3,,,1,108,,22686,3,,,1,92,,22682,3,,,1
51101,'Holiday1',445,,26033,3,,,1,70,,26035,3,,,1,41,,26043,6,,,1,60,,26044,6,,,1,32,,26041,6,,,1,63,,26010,6,,,1,10,,26045,6,,,1,10,,26042,6,,,1,20,,26013,6,,,1,75,,26011,6,,,1,85,,26014,6,,,1,40,,26015,6,,,1,80,,26012,6,,,1,80,,26017,6,,,1,40,,26018,6,,,1,80,,26019,6,,,1,80,,26016,6,,,1,43,,26020,6,,,1,1,,26036,3,,,1,81,,26021,6,,,1,80,,26022,6,,,1,40,,26023,6,,,1,80,,26024,6,,,1,80,,26025,6,,,1,29,,26037,3,,,1,10,,26034,3,,,1,4,,26026,6,,,1,56,,26038,3,,,1,21,,26027,6,,,1,80,,26028,6,,,1,4,,26039,3,,,1,33,,26029,6,,,1,79,,26030,6,,,1,80,,26031,6,,,1,40,,26032,6,,,1,193,,26040,3,,,1
51101,'Saturday',448,,26047,3,,,1,63,,26046,6,,,1,4,,26049,3,0,13,1,30,,26054,6,,,1,11,,26050,6,,,1,59,,26048,6,,,1,30,,26058,6,,,1,66,,26052,6,0,13,1,12,,26071,6,0,13,1,3,,26056,6,,,1,85,,26057,6,,,1,45,,26053,6,,,1,85,,26063,6,,,1,86,,26066,6,,,1,90,,26073,6,,,1,90,,26072,6,,,1,50,,26079,6,,,1,90,,26078,6,,,1,8,,26097,3,0,13,1,82,,26085,6,,,1,90,,26092,6,,,1,90,,26098,6,,,1,90,,26104,6,,,1,38,,26113,3,0,13,1,8,,26110,6,0,13,1,2,,26118,3,0,13,1,60,,26123,3,0,13,1,11,,26126,6,0,13,1,21,,26114,6,,,1,73,,26128,3,0,13,1,17,,26120,6,,,1,408,,26137,3,0,13,1
51101,'Sunday',445,,26182,3,,,1,70,,26184,3,,,1,41,,26192,6,,,1,60,,26193,6,,,1,32,,26190,6,,,1,63,,26159,6,,,1,10,,26194,6,,,1,10,,26191,6,,,1,20,,26162,6,,,1,75,,26160,6,,,1,85,,26163,6,,,1,40,,26164,6,,,1,80,,26161,6,,,1,80,,26166,6,,,1,40,,26167,6,,,1,80,,26168,6,,,1,80,,26165,6,,,1,43,,26169,6,,,1,1,,26185,3,,,1,81,,26170,6,,,1,80,,26171,6,,,1,40,,26172,6,,,1,80,,26173,6,,,1,80,,26174,6,,,1,29,,26186,3,,,1,10,,26183,3,,,1,4,,26175,6,,,1,56,,26187,3,,,1,21,,26176,6,,,1,80,,26177,6,,,1,4,,26188,3,,,1,33,,26178,6,,,1,79,,26179,6,,,1,80,,26180,6,,,1,40,,26181,6,,,1,193,,26189,3,,,1
51101,'Weekday',445,,26196,3,,,1,70,,26200,3,,,1,30,,26204,6,,,1,13,,26207,6,,,1,54,,26210,6,,,1,8,,26216,6,0,8,1,7,,26226,6,,,1,15,,26222,6,,,1,14,,26201,6,,,1,55,,26205,6,,,1,15,,26203,6,,,1,15,,26208,6,,,1,16,,26206,6,,,1,55,,26209,6,,,1,15,,26218,6,,,1,15,,26230,6,,,1,15,,26233,6,,,1,58,,26214,6,,,1,28,,26300,6,,,1,65,,26301,6,,,1,24,,26302,6,,,1,24,,26303,6,,,1,64,,26304,6,,,1,24,,26305,6,,,1,63,,26306,6,,,1,24,,26307,6,,,1,24,,26308,6,,,1,62,,26309,6,,,1,26,,26310,6,,,1,64,,26238,6,,,1,20,,26247,6,,,1,15,,26245,6,,,1,15,,26243,6,,,1,55,,26249,6,,,1,15,,26280,6,,,1,15,,26251,6,,,1,15,,26271,6,,,1,55,,26250,6,,,1,15,,26267,6,,,1,15,,26258,6,,,1,15,,26257,6,,,1,55,,26268,6,,,1,15,,26264,6,,,1,15,,26259,6,,,1,13,,26270,3,,,1,3,,26263,6,,,1,55,,26272,6,,,1,12,,26286,3,,,1,3,,26282,6,,,1,15,,26279,6,,,1,15,,26275,6,,,1,55,,26283,6,,,1,14,,26289,3,,,1,1,,26276,6,,,1,15,,26285,6,,,1,15,,26284,6,,,1,62,,26287,6,,,1,21,,26288,6,,,1,60,,26290,6,,,1,20,,26291,6,,,1,22,,26294,6,,,1,60,,26297,6,,,1,22,,26292,6,,,1,18,,26296,6,,,1,63,,26295,6,,,1,16,,26293,6,,,1,17,,26232,6,,,1,13,,26228,3,,,1,54,,26298,6,,,1,20,,26299,6,,,1,20,,26234,6,,,1
