2703,'Saturday',750,,33602,1,,,1,75,,33604,1,,,1,75,,33605,1,,,1,35,,33603,1,,,1,75,,33606,1,,,1,35,,33607,1,,,1,75,,33608,1,,,1,35,,33609,1,,,1,75,,33611,1,,,1,75,,33612,1,,,1,35,,33614,1,,,1,75,,33610,1,,,1,35,,33615,1,,,1,75,,33613,1,,,1,75,,33618,1,,,1,35,,33619,1,,,1,75,,33616,1,,,1,35,,33617,1,,,1
2703,'Weekday',540,,33620,1,,,1,73,,33621,1,,,1,33,,33624,1,,,1,75,,33625,1,,,1,36,,33622,1,,,1,76,,33623,1,,,1,75,,33626,1,,,1,34,,33627,1,,,1,72,,33628,1,,,1,32,,33629,1,,,1,73,,33630,1,,,1,33,,33631,1,,,1,73,,33632,1,,,1,33,,33633,1,,,1,75,,33635,1,,,1,74,,33634,1,,,1,35,,33637,1,,,1,76,,33638,1,,,1,36,,33636,1,,,1,76,,33639,1,,,1,75,,33640,1,,,1,37,,33641,1,,,1,75,,33642,1,,,1,36,,33643,1,,,1,75,,33644,1,,,1,74,,33645,1,,,1
2704,'Saturday',822,,33647,17,4,,1,35,,33648,17,4,,1,75,,33649,17,4,,1,75,,33650,17,4,,1,35,,33652,17,4,,1,75,,33646,17,4,,1,35,,33651,17,4,,1,75,,33653,17,4,,1,75,,33655,17,4,,1,35,,33656,17,4,,1,75,,33657,17,4,,1,35,,33658,17,4,,1,75,,33659,17,4,,1,35,,33660,17,4,,1,75,,33654,17,4,,1,75,,33661,17,4,,1,35,,33662,17,4,,1,75,,33663,17,4,,1
2704,'Weekday',608,,33666,17,4,,1,33,,33664,17,4,,1,75,,33667,17,4,,1,36,,33665,17,4,,1,76,,33668,17,4,,1,75,,33669,17,4,,1,34,,33670,17,4,,1,72,,33672,17,4,,1,32,,33673,17,4,,1,73,,33674,17,4,,1,33,,33671,17,4,,1,73,,33675,17,4,,1,33,,33676,17,4,,1,75,,33678,17,4,,1,74,,33679,17,4,,1,35,,33680,17,4,,1,76,,33677,17,4,,1,36,,33681,17,4,,1,76,,33683,17,4,,1,76,,33686,17,4,,1,37,,33687,17,4,,1,75,,33684,17,4,,1,35,,33689,17,4,,1,76,,33685,17,4,,1,34,,33688,17,4,,1,73,,33682,17,4,,1
2801,'Holiday1',605,,33702,1,0,5,1,25,,33693,1,,,1,25,,33691,1,0,5,1,65,,33698,1,,,1,25,,33696,1,0,5,1,65,,33690,1,,,1,25,,33699,1,0,5,1,65,,33695,1,,,1,25,,33692,1,0,5,1,25,,33700,1,,,1,65,,33694,1,0,5,1,25,,33697,1,,,1,65,,33703,1,0,5,1,25,,33701,1,,,1,25,,33704,1,0,5,1,65,,33705,1,,,1,25,,33706,1,0,5,1,65,,33707,1,,,1,25,,33708,1,0,5,1,65,,33709,1,,,1,25,,33710,1,0,5,1,25,,33712,1,,,1,65,,33711,1,0,5,1,25,,33713,1,,,1,65,,33714,1,0,5,1,25,,33717,1,,,1,25,,33715,1,0,5,1,65,,33716,1,,,1,25,,33719,1,0,5,1,65,,33718,1,,,1,25,,33720,1,0,5,1,65,,33721,1,,,1
2801,'Saturday',605,,33723,1,0,5,1,25,,33738,1,,,1,25,,33724,1,0,5,1,65,,33741,1,,,1,25,,33722,1,0,5,1,65,,33742,1,,,1,25,,33725,1,0,5,1,65,,33743,1,,,1,25,,33726,1,0,5,1,25,,33740,1,,,1,65,,33727,1,0,5,1,25,,33744,1,,,1,65,,33728,1,0,5,1,25,,33745,1,,,1,25,,33729,1,0,5,1,65,,33746,1,,,1,25,,33730,1,0,5,1,65,,33747,1,,,1,25,,33731,1,0,5,1,65,,33748,1,,,1,25,,33732,1,0,5,1,25,,33749,1,,,1,65,,33733,1,0,5,1,25,,33750,1,,,1,65,,33734,1,0,5,1,25,,33751,1,,,1,25,,33735,1,0,5,1,65,,33752,1,,,1,25,,33736,1,0,5,1,65,,33753,1,,,1,25,,33737,1,0,5,1,65,,33739,1,,,1
2801,'Sunday',605,,33766,1,0,5,1,25,,33757,1,,,1,25,,33755,1,0,5,1,65,,33762,1,,,1,25,,33760,1,0,5,1,65,,33754,1,,,1,25,,33763,1,0,5,1,65,,33759,1,,,1,25,,33756,1,0,5,1,25,,33764,1,,,1,65,,33758,1,0,5,1,25,,33761,1,,,1,65,,33767,1,0,5,1,25,,33765,1,,,1,25,,33768,1,0,5,1,65,,33769,1,,,1,25,,33770,1,0,5,1,65,,33771,1,,,1,25,,33772,1,0,5,1,65,,33773,1,,,1,25,,33774,1,0,5,1,25,,33776,1,,,1,65,,33775,1,0,5,1,25,,33777,1,,,1,65,,33778,1,0,5,1,25,,33780,1,,,1,25,,33779,1,0,5,1,65,,33781,1,,,1,25,,33783,1,0,5,1,65,,33782,1,,,1,25,,33784,1,0,5,1,65,,33785,1,,,1
2801,'Weekday',430,,33828,1,,,1,75,,33827,1,,,1,44,,33826,1,,,1,59,,33786,1,0,5,1,20,,33808,1,,,1,22,,33789,1,0,5,1,59,,33809,1,,,1,20,,33790,1,0,5,1,18,,33810,1,,,1,59,,33791,1,0,5,1,20,,33811,1,,,1,19,,33792,1,0,5,1,61,,33812,1,,,1,21,,33793,1,0,5,1,21,,33815,1,,,1,58,,33794,1,0,5,1,24,,33816,1,,,1,20,,33795,1,0,5,1,60,,33817,1,,,1,20,,33796,1,0,5,1,20,,33813,1,,,1,60,,33797,1,0,5,1,20,,33814,1,,,1,20,,33800,1,0,5,1,60,,33818,1,,,1,20,,33801,1,0,5,1,20,,33819,1,,,1,60,,33802,1,0,5,1,21,,33820,1,,,1,19,,33798,1,0,5,1,60,,33821,1,,,1,21,,33799,1,0,5,1,21,,33822,1,,,1,58,,33803,1,0,5,1,21,,33823,1,,,1,19,,33804,1,0,5,1,60,,33824,1,,,1,21,,33805,1,0,5,1,19,,33788,1,,,1,63,,33806,1,0,5,1,19,,33787,1,,,1,20,,33807,1,0,5,1,60,,33825,1,,,1
2802,'Holiday1',558,,33843,39,4,,1,65,,33833,35,4,,1,25,,33830,39,4,,1,65,,33840,35,4,,1,25,,33835,39,4,,1,65,,33829,35,4,,1,25,,33842,39,4,,1,25,,33832,35,4,,1,65,,33831,39,4,,1,25,,33837,35,4,,1,65,,33836,39,4,,1,25,,33834,35,4,,1,25,,33841,39,4,,1,65,,33839,35,4,,1,25,,33845,39,4,,1,65,,33838,35,4,,1,25,,33846,39,4,,1,65,,33844,35,4,,1,25,,33847,39,4,,1,25,,33848,35,4,,1,65,,33849,39,4,,1,25,,33850,35,4,,1,65,,33851,39,4,,1,25,,33853,35,4,,1,25,,33852,39,4,,1,65,,33854,35,4,,1,25,,33855,39,4,,1,65,,33856,35,4,,1,25,,33857,39,4,,1,65,,33858,35,4,,1,25,,33859,39,4,,1,25,,33860,35,4,,1,65,,33861,39,4,,1
2802,'Saturday',558,,33864,39,4,,1,65,,33879,35,4,,1,25,,33865,39,4,,1,65,,33880,35,4,,1,25,,33862,39,4,,1,65,,33883,35,4,,1,25,,33863,39,4,,1,25,,33884,35,4,,1,65,,33866,39,4,,1,25,,33885,35,4,,1,65,,33868,39,4,,1,25,,33881,35,4,,1,25,,33869,39,4,,1,65,,33882,35,4,,1,25,,33870,39,4,,1,65,,33886,35,4,,1,25,,33867,39,4,,1,65,,33888,35,4,,1,25,,33871,39,4,,1,25,,33889,35,4,,1,65,,33872,39,4,,1,25,,33890,35,4,,1,65,,33873,39,4,,1,25,,33887,35,4,,1,25,,33875,39,4,,1,65,,33891,35,4,,1,25,,33876,39,4,,1,65,,33892,35,4,,1,25,,33877,39,4,,1,65,,33893,35,4,,1,25,,33874,39,4,,1,25,,33894,35,4,,1,65,,33878,39,4,,1
2802,'Sunday',558,,33909,39,4,,1,65,,33899,35,4,,1,25,,33896,39,4,,1,65,,33905,35,4,,1,25,,33901,39,4,,1,65,,33895,35,4,,1,25,,33908,39,4,,1,25,,33898,35,4,,1,65,,33897,39,4,,1,25,,33903,35,4,,1,65,,33902,39,4,,1,25,,33900,35,4,,1,25,,33907,39,4,,1,65,,33904,35,4,,1,25,,33911,39,4,,1,65,,33906,35,4,,1,25,,33912,39,4,,1,65,,33910,35,4,,1,25,,33913,39,4,,1,25,,33914,35,4,,1,65,,33915,39,4,,1,25,,33916,35,4,,1,65,,33917,39,4,,1,25,,33919,35,4,,1,25,,33918,39,4,,1,65,,33920,35,4,,1,25,,33921,39,4,,1,65,,33922,35,4,,1,25,,33923,39,4,,1,65,,33924,35,4,,1,25,,33925,39,4,,1,25,,33926,35,4,,1,65,,33927,39,4,,1
2802,'Weekday',536,,33968,35,4,,1,18,,33928,39,4,,1,54,,33948,35,4,,1,22,,33931,39,4,,1,28,,33949,35,4,,1,62,,33929,39,4,,1,18,,33950,35,4,,1,19,,33930,39,4,,1,63,,33951,35,4,,1,20,,33932,39,4,,1,60,,33952,35,4,,1,20,,33933,39,4,,1,20,,33953,35,4,,1,60,,33934,39,4,,1,23,,33954,35,4,,1,17,,33935,39,4,,1,60,,33955,35,4,,1,19,,33936,39,4,,1,21,,33956,35,4,,1,60,,33937,39,4,,1,19,,33957,35,4,,1,21,,33938,39,4,,1,60,,33958,35,4,,1,19,,33939,39,4,,1,21,,33959,35,4,,1,60,,33940,39,4,,1,20,,33960,35,4,,1,20,,33941,39,4,,1,60,,33961,35,4,,1,20,,33942,39,4,,1,20,,33962,35,4,,1,60,,33943,39,4,,1,20,,33963,35,4,,1,20,,33944,39,4,,1,19,,33964,35,4,,1,61,,33945,39,4,,1,20,,33965,35,4,,1,69,,33946,39,4,,1,11,,33966,35,4,,1,20,,33947,39,4,,1,60,,33967,35,4,,1
