'240902-MULTI-Holiday1-01',901,80000,,'',1,5000,,'',1,10000,,'',1,10000,,'',1,10000,,'',1,10000,,'',1,9700,,'',1,10300,,'',1,10200,,'',1,10000,,'',1,10000,,'',1,10000,,'',1
'240902-MULTI-Holiday1-01',902,83800,4,'',1,10200,4,'',1,10000,4,'',1,10400,4,'',1,9900,4,'',1,10100,4,'',1,9800,4,'',1,10500,4,'',1,9900,4,'',1,9800,4,'',1,10200,4,'',1,9900,4,'',1
'240902-MULTI-Holiday2-01',901,80000,,'',1,5000,,'',1,10000,,'',1,10000,,'',1,10000,,'',1,10000,,'',1,9700,,'',1,10300,,'',1,10200,,'',1,10000,,'',1,10000,,'',1,10000,,'',1
'240902-MULTI-Holiday2-01',902,83800,4,'',1,10200,4,'',1,10000,4,'',1,10400,4,'',1,9900,4,'',1,10100,4,'',1,9800,4,'',1,10500,4,'',1,9900,4,'',1,9800,4,'',1,10200,4,'',1,9900,4,'',1
'240902-MULTI-Saturday-01',901,70000,,'',1,10000,,'',1,10000,,'',1,10000,,'',1,10000,,'',1,10000,,'',1,10000,,'',1,5800,,'',1,9500,,'',1,10300,,'',1,14800,,'',1,9600,,'',1,10900,,'',1
'240902-MULTI-Saturday-01',902,75400,4,'',1,9700,4,'',1,9900,4,'',1,10500,4,'',1,8900,4,'',1,10700,4,'',1,10000,4,'',1,9800,4,'',1,10100,4,'',1,10900,4,'',1,9700,4,'',1,15000,4,'',1,4900,4,'',1
'240902-MULTI-Sunday-01',901,80000,,'',1,5000,,'',1,10000,,'',1,10000,,'',1,10000,,'',1,10000,,'',1,9700,,'',1,10300,,'',1,10200,,'',1,10000,,'',1,10000,,'',1,10000,,'',1
'240902-MULTI-Sunday-01',902,83800,4,'',1,10200,4,'',1,10000,4,'',1,10400,4,'',1,9900,4,'',1,10100,4,'',1,9800,4,'',1,10500,4,'',1,9900,4,'',1,9800,4,'',1,10200,4,'',1,9900,4,'',1
'240902-MULTI-Weekday-01',901,50000,,'',1,3000,,'',1,7000,,'',1,3000,,'',1,7000,,'',1,500,,'',1,2500,,'',1,7300,,'',1,3000,,'',1,6900,,'',1,3100,,'',1,7200,,'',1,3500,,'',1,9000,,'',1,7500,,'',1,3300,,'',1,8900,,'',1,7500,,'',1,3300,,'',1,7000,,'',1,3300,,'',1,7200,,'',1,3000,,'',1,7200,,'',1,3300,,'',1,7500,,'',1,3500,,'',1,7000,,'',1,3000,,'',1,10000,,'',1
'240902-MULTI-Weekday-01',902,65600,4,'',1,7100,4,'',1,3100,4,'',1,7100,4,'',1,3000,4,'',1,7000,4,'',1,7200,4,'',1,3200,4,'',1,6700,4,'',1,2700,4,'',1,7300,4,'',1,3600,4,'',1,8700,4,'',1,3600,4,'',1,7300,4,'',1,2700,4,'',1,5100,4,'',1,2100,4,'',1,7300,4,'',1,3000,4,'',1,7500,4,'',1,3000,4,'',1,7500,4,'',1,3000,4,'',1,6900,4,'',1,3500,4,'',1,7000,4,'',1,3500,4,'',1,10000,4,'',1,10000,4,'',1
