501,'Holiday1',637,,28626,27,,,1,73,,28624,27,,,1,33,,28621,27,,,1,75,,28622,27,,,1,35,,28625,27,,,1,70,,28623,27,,,1,31,,28620,27,,,1,62,,28619,27,,,1,19,,28617,27,,,1,76,,28618,27,,,1,34,,28616,27,,,1,71,,28615,27,,,1,37,,28614,27,,,1,69,,28612,27,,,1,28,,28613,27,,,1,67,,28610,27,,,1,31,,28611,27,,,1,76,,28609,27,,,1,30,,28607,27,,,1,79,,28606,27,,,1,23,,28608,27,,,1,69,,28605,27,,,1,30,,28603,27,,,1,72,,28604,27,,,1,82,,28600,27,,,1,20,,28602,27,,,1,71,,28601,27,,,1,57,,28629,27,,,1,81,,28630,27,,,1,89,,28628,27,,,1,89,,28627,27,,,1
501,'Saturday',513,,28631,27,,,1,27,,28641,27,,,1,67,,28654,27,,,1,27,,28632,27,,,1,72,,28635,27,,,1,31,,28634,27,,,1,70,,28639,27,,,1,29,,28646,27,,,1,72,,28633,27,,,1,32,,28636,27,,,1,72,,28637,27,,,1,34,,28640,27,,,1,74,,28648,27,,,1,30,,28638,27,,,1,76,,28643,27,,,1,30,,28644,27,,,1,64,,28645,27,,,1,30,,28642,27,,,1,70,,28649,27,,,1,30,,28650,27,,,1,71,,28647,27,,,1,30,,28653,27,,,1,70,,28651,27,,,1,30,,28652,27,,,1,70,,28655,27,,,1,30,,28658,27,,,1,70,,28657,27,,,1,29,,28656,27,,,1,71,,28661,27,,,1,33,,28659,27,,,1,82,,28663,27,,,1,90,,28664,27,,,1,89,,28665,27,,,1,88,,28666,27,,,1,47,,28660,27,,,1,90,,28662,27,,,1
501,'Sunday',637,,28693,27,,,1,73,,28691,27,,,1,33,,28689,27,,,1,75,,28688,27,,,1,35,,28692,27,,,1,70,,28690,27,,,1,31,,28687,27,,,1,62,,28686,27,,,1,19,,28684,27,,,1,76,,28685,27,,,1,34,,28683,27,,,1,71,,28682,27,,,1,37,,28681,27,,,1,69,,28679,27,,,1,28,,28680,27,,,1,67,,28677,27,,,1,31,,28678,27,,,1,76,,28676,27,,,1,30,,28674,27,,,1,79,,28673,27,,,1,23,,28675,27,,,1,69,,28672,27,,,1,30,,28670,27,,,1,72,,28671,27,,,1,82,,28667,27,,,1,20,,28669,27,,,1,71,,28668,27,,,1,57,,28696,27,,,1,81,,28697,27,,,1,89,,28695,27,,,1,89,,28694,27,,,1
501,'Weekday',434,,28698,27,,,1,20,,28700,27,,,1,61,,28701,27,,,1,20,,28702,27,,,1,20,,28703,27,,,1,60,,28704,27,,,1,23,,28705,27,,,1,20,,28706,27,,,1,64,,28707,27,,,1,24,,28708,27,,,1,60,,28709,27,0,5,1,20,,28712,27,,,1,19,,28710,27,0,5,1,60,,28713,27,,,1,18,,28711,27,0,5,1,18,,28714,27,,,1,67,,28740,27,0,5,1,27,,28745,27,,,1,67,,28739,27,0,5,1,26,,28744,27,,,1,28,,28742,27,0,5,1,68,,28741,27,,,1,28,,28747,27,0,5,1,67,,28743,27,,,1,27,,28746,27,0,5,1,79,,28715,27,,,1,22,,28716,27,0,5,1,59,,28724,27,,,1,20,,28717,27,0,5,1,29,,28725,27,,,1,60,,28718,27,0,5,1,18,,28726,27,,,1,22,,28719,27,0,5,1,58,,28727,27,,,1,20,,28720,27,0,5,1,20,,28728,27,,,1,60,,28721,27,0,5,1,19,,28729,27,,,1,22,,28722,27,0,5,1,58,,28730,27,,,1,21,,28723,27,0,5,1,19,,28731,27,,,1,77,,28732,27,,,1,79,,28733,27,,,1,37,,28734,27,,,1,79,,28735,27,,,1,79,,28736,27,,,1,40,,28737,27,,,1,79,,28738,27,,,1,37,,28699,27,,,1
3503,'Holiday1',840,,35107,48,4,,1,85,,35106,48,4,,1,86,,35115,48,4,,1,47,,35109,48,4,,1,85,,35111,48,4,,1,85,,35113,48,4,,1,85,,35108,48,4,,1,45,,35114,48,4,,1,85,,35105,48,4,,1,85,,35110,48,4,,1,85,,35112,48,4,,1,45,,35116,48,4,,1,84,,35117,48,4,,1,85,,35120,48,4,,1,85,,35118,48,4,,1,45,,35119,48,4,,1
3503,'Saturday',857,,35123,48,4,,1,87,,35121,48,4,,1,85,,35124,48,4,,1,85,,35122,48,4,,1,86,,35126,48,4,,1,45,,35125,48,4,,1,85,,35129,48,4,,1,85,,35128,48,4,,1,85,,35130,48,4,,1,45,,35127,48,4,,1,85,,35131,48,4,,1,85,,35133,48,4,,1,85,,35134,48,4,,1,44,,35132,48,4,,1,85,,35135,48,4,,1,85,,35136,48,4,,1,45,,35137,48,4,,1
3503,'Sunday',840,,35140,48,4,,1,85,,35139,48,4,,1,86,,35148,48,4,,1,47,,35142,48,4,,1,85,,35144,48,4,,1,85,,35146,48,4,,1,85,,35141,48,4,,1,45,,35147,48,4,,1,85,,35138,48,4,,1,85,,35143,48,4,,1,85,,35145,48,4,,1,45,,35149,48,4,,1,84,,35150,48,4,,1,85,,35153,48,4,,1,85,,35151,48,4,,1,45,,35152,48,4,,1
3503,'Weekday',617,,35154,48,4,,1,38,,35158,48,4,,1,76,,35155,48,4,,1,76,,35174,48,4,,1,35,,35162,48,4,,1,75,,35173,48,4,,1,33,,35180,48,4,,1,75,,35185,48,4,,1,75,,35179,48,4,,1,35,,35157,48,4,,1,80,,35178,48,4,,1,31,,35177,48,4,,1,77,,35181,48,4,,1,33,,35175,48,4,,1,75,,35183,48,4,,1,75,,35184,48,4,,1,35,,35176,48,4,,1,77,,35165,48,4,,1,36,,35164,48,4,,1,75,,35160,48,4,,1,75,,35170,48,4,,1,34,,35166,48,4,,1,73,,35169,48,4,,1,33,,35163,48,4,,1,74,,35159,48,4,,1,34,,35167,48,4,,1,75,,35168,48,4,,1,74,,35171,48,4,,1,33,,35172,48,4,,1,75,,35156,48,4,,1,35,,35161,48,4,,1,75,,35182,48,4,,1
3504,'Holiday1',845,,35194,1,,,1,85,,35189,1,,,1,85,,35195,1,,,1,85,,35188,1,,,1,45,,35187,1,,,1,85,,35193,1,,,1,85,,35186,1,,,1,85,,35190,1,,,1,45,,35192,1,,,1,85,,35191,1,,,1,85,,35197,1,,,1,85,,35196,1,,,1,45,,35198,1,,,1,85,,35200,1,,,1,85,,35199,1,,,1,85,,35201,1,,,1
3504,'Saturday',901,,35204,1,,,1,45,,35202,1,,,1,85,,35203,1,,,1,85,,35205,1,,,1,85,,35207,1,,,1,45,,35206,1,,,1,85,,35208,1,,,1,85,,35209,1,,,1,85,,35210,1,,,1,45,,35211,1,,,1,85,,35213,1,,,1,85,,35212,1,,,1,85,,35216,1,,,1,45,,35214,1,,,1,85,,35215,1,,,1,85,,35217,1,,,1
3504,'Sunday',845,,35225,1,,,1,85,,35221,1,,,1,85,,35226,1,,,1,85,,35220,1,,,1,45,,35219,1,,,1,85,,35224,1,,,1,85,,35218,1,,,1,85,,35222,1,,,1,45,,35227,1,,,1,85,,35223,1,,,1,85,,35229,1,,,1,85,,35228,1,,,1,45,,35230,1,,,1,85,,35232,1,,,1,85,,35231,1,,,1,85,,35233,1,,,1
3504,'Weekday',515,,35234,1,,,1,35,,35235,1,,,1,75,,35236,1,,,1,75,,35238,1,,,1,35,,35239,1,,,1,75,,35237,1,,,1,35,,35241,1,,,1,75,,35242,1,,,1,35,,35240,1,,,1,75,,35243,1,,,1,75,,35244,1,,,1,35,,35245,1,,,1,79,,35246,1,,,1,31,,35247,1,,,1,75,,35248,1,,,1,75,,35249,1,,,1,35,,35250,1,,,1,75,,35251,1,,,1,35,,35252,1,,,1,75,,35253,1,,,1,35,,35254,1,,,1,75,,35255,1,,,1,75,,35256,1,,,1,35,,35257,1,,,1,75,,35258,1,,,1,35,,35260,1,,,1,75,,35259,1,,,1,75,,35262,1,,,1,35,,35263,1,,,1,75,,35261,1,,,1,35,,35264,1,,,1,75,,35265,1,,,1
50501,'Holiday1',1017,,38879,12,,,1,18,,38885,12,,,1,18,,38886,12,,,1,59,,38887,12,,,1,20,,38888,12,,,1,18,,38889,12,,,1,58,,38890,12,,,1,18,,38891,12,,,1,19,,38892,12,,,1,58,,38893,12,,,1,19,,38894,12,,,1,19,,38895,12,,,1,18,,38896,12,,,1,58,,38897,12,,,1,17,,38898,12,,,1,18,,38899,12,,,1,58,,38900,12,,,1,20,,38901,12,,,1,18,,38902,12,,,1,58,,38903,12,,,1,18,,38904,12,,,1,17,,38905,12,,,1,18,,38906,12,,,1,58,,38907,12,,,1,17,,38883,12,,,1,18,,38881,12,,,1,58,,38882,12,,,1,18,,38880,12,,,1,18,,38884,12,,,1
50501,'Saturday',917,,38909,12,,,1,26,,38908,12,,,1,58,,38910,12,,,1,20,,38912,12,,,1,20,,38913,12,,,1,18,,38914,12,,,1,59,,38915,12,,,1,18,,38916,12,,,1,18,,38917,12,,,1,58,,38918,12,,,1,17,,38919,12,,,1,18,,38920,12,,,1,58,,38921,12,,,1,20,,38922,12,,,1,18,,38923,12,,,1,58,,38924,12,,,1,18,,38925,12,,,1,18,,38926,12,,,1,18,,38927,12,,,1,58,,38928,12,,,1,18,,38929,12,,,1,18,,38930,12,,,1,59,,38931,12,,,1,19,,38932,12,,,1,18,,38933,12,,,1,58,,38934,12,,,1,18,,38935,12,,,1,17,,38936,12,,,1,18,,38937,12,,,1,57,,38938,12,,,1,18,,38939,12,,,1,17,,38940,12,,,1,59,,38911,12,,,1
50501,'Sunday',1017,,38941,12,,,1,18,,38947,12,,,1,18,,38948,12,,,1,59,,38949,12,,,1,20,,38950,12,,,1,18,,38951,12,,,1,58,,38952,12,,,1,18,,38953,12,,,1,19,,38954,12,,,1,58,,38955,12,,,1,19,,38956,12,,,1,19,,38957,12,,,1,18,,38958,12,,,1,58,,38959,12,,,1,17,,38960,12,,,1,18,,38961,12,,,1,58,,38962,12,,,1,20,,38963,12,,,1,18,,38964,12,,,1,58,,38965,12,,,1,18,,38966,12,,,1,17,,38967,12,,,1,18,,38968,12,,,1,58,,38969,12,,,1,17,,38945,12,,,1,18,,38943,12,,,1,58,,38944,12,,,1,18,,38942,12,,,1,18,,38946,12,,,1
50501,'Weekday',546,,38970,8,,,1,58,,38971,12,,,1,19,,38973,12,,,1,19,,38974,12,,,1,58,,38975,12,,,1,20,,38976,12,,,1,20,,38977,12,,,1,18,,38978,12,,,1,59,,38979,12,,,1,19,,38980,12,,,1,18,,38981,12,,,1,58,,38982,12,,,1,15,,38983,12,,,1,18,,38984,12,,,1,58,,38985,12,,,1,16,,38986,12,,,1,17,,38987,12,,,1,18,,38988,12,,,1,58,,38989,12,,,1,20,,38990,12,,,1,18,,38991,12,,,1,58,,38992,12,,,1,19,,38993,12,,,1,18,,38994,12,,,1,58,,38995,12,,,1,17,,38996,12,,,1,19,,38997,12,,,1,18,,38998,12,,,1,59,,38999,12,,,1,19,,39000,12,,,1,18,,39001,12,,,1,59,,39002,12,,,1,18,,39003,12,,,1,18,,39004,12,,,1,57,,39005,12,,,1,18,,39006,12,,,1,18,,39007,12,,,1,18,,39008,12,,,1,58,,39009,12,,,1,17,,39010,12,,,1,18,,39011,12,,,1,58,,39012,12,,,1,18,,39013,12,,,1,19,,39014,12,,,1,58,,39015,12,,,1,17,,39016,12,,,1,16,,39017,12,,,1,18,,39018,12,,,1,58,,39019,12,,,1,18,,38972,12,,,1
