502,'Holiday1',730,,28772,28,,,1,72,,28770,28,,,1,32,,28771,28,,,1,76,,28769,28,,,1,34,,28767,28,,,1,72,,28766,28,,,1,30,,28763,28,,,1,74,,28765,28,,,1,23,,28764,28,,,1,67,,28762,28,,,1,32,,28761,28,,,1,71,,28759,28,,,1,38,,28760,28,,,1,69,,28758,28,,,1,33,,28757,28,,,1,63,,28750,28,,,1,37,,28755,28,,,1,70,,28756,28,,,1,27,,28754,28,,,1,83,,28751,28,,,1,22,,28752,28,,,1,71,,28753,28,,,1,24,,28749,28,,,1,76,,28748,28,,,1,84,,28777,28,,,1,49,,28778,28,,,1,89,,28775,28,,,1,89,,28774,28,,,1,90,,28773,28,,,1,88,,28776,28,,,1
502,'Saturday',618,,28779,28,,,1,27,,28787,28,,,1,71,,28800,28,,,1,30,,28780,28,,,1,71,,28783,28,,,1,36,,28781,28,,,1,71,,28788,28,,,1,29,,28792,28,,,1,70,,28784,28,,,1,30,,28785,28,,,1,71,,28786,28,,,1,32,,28791,28,,,1,95,,28790,28,,,1,75,,28789,28,,,1,30,,28795,28,,,1,70,,28793,28,,,1,30,,28794,28,,,1,70,,28796,28,,,1,30,,28798,28,,,1,70,,28797,28,,,1,30,,28799,28,,,1,70,,28803,28,,,1,30,,28801,28,,,1,70,,28802,28,,,1,77,,28808,28,,,1,50,,28807,28,,,1,93,,28806,28,,,1,85,,28804,28,,,1,90,,28805,28,,,1,90,,28812,28,,,1,89,,28811,28,,,1,50,,28809,28,,,1,90,,28810,28,,,1
502,'Sunday',730,,28837,28,,,1,72,,28835,28,,,1,32,,28836,28,,,1,76,,28834,28,,,1,34,,28832,28,,,1,72,,28831,28,,,1,30,,28828,28,,,1,74,,28830,28,,,1,23,,28829,28,,,1,67,,28827,28,,,1,32,,28826,28,,,1,71,,28824,28,,,1,38,,28825,28,,,1,69,,28823,28,,,1,33,,28822,28,,,1,63,,28817,28,,,1,37,,28820,28,,,1,70,,28821,28,,,1,27,,28819,28,,,1,83,,28815,28,,,1,22,,28816,28,,,1,71,,28818,28,,,1,24,,28814,28,,,1,76,,28813,28,,,1,84,,28842,28,,,1,49,,28843,28,,,1,89,,28840,28,,,1,89,,28839,28,,,1,90,,28838,28,,,1,88,,28841,28,,,1
502,'Weekday',509,,28844,28,,,1,20,,28854,28,,,1,20,,28855,28,,,1,61,,28856,28,,,1,21,,28857,28,,,1,23,,28858,28,,,1,60,,28859,28,,,1,21,,28860,29,0,5,1,16,,28863,28,,,1,64,,28861,29,0,5,1,16,,28864,28,,,1,24,,28862,29,0,5,1,53,,28865,28,,,1,29,,28888,29,0,5,1,65,,28887,28,,,1,27,,28885,29,0,5,1,25,,28886,28,,,1,69,,28884,29,0,5,1,23,,28891,28,,,1,73,,28882,29,0,5,1,21,,28890,28,,,1,74,,28883,29,0,5,1,23,,28889,28,,,1,75,,28866,28,,,1,27,,28867,29,0,5,1,14,,28875,28,,,1,66,,28868,29,0,5,1,16,,28876,28,,,1,66,,28869,29,0,5,1,14,,28877,28,,,1,26,,28870,29,0,5,1,14,,28878,28,,,1,66,,28871,29,0,5,1,16,,28879,28,,,1,66,,28872,29,0,5,1,12,,28880,28,,,1,25,,28873,29,0,5,1,13,,28881,28,,,1,67,,28874,29,0,5,1,86,,28852,28,,,1,42,,28851,28,,,1,80,,28849,28,,,1,80,,28853,28,,,1,39,,28847,28,,,1,80,,28848,28,,,1,82,,28850,28,,,1,40,,28846,28,,,1,74,,28845,28,,,1
1203,'Holiday1',758,,30594,30,,,1,80,,30590,30,,,1,81,,30593,30,,,1,40,,30598,30,,,1,80,,30589,30,,,1,80,,30592,30,,,1,40,,30597,30,,,1,80,,30591,30,,,1,80,,30596,30,,,1,40,,30595,30,,,1,82,,30600,30,,,1,80,,30599,30,,,1,80,,30601,30,,,1,40,,30602,30,,,1,80,,30603,30,,,1,80,,30605,30,,,1,40,,30604,30,,,1,79,,30606,30,,,1,80,,30607,30,,,1,40,,30608,30,,,1,80,,30610,30,,,1,80,,30609,30,,,1,38,,30611,30,,,1
1203,'Saturday',539,,30614,30,,,1,79,,30613,30,,,1,40,,30612,30,,,1,81,,30615,30,,,1,80,,30616,30,,,1,40,,30617,30,,,1,80,,30619,30,,,1,81,,30618,30,,,1,80,,30620,30,,,1,40,,30621,30,,,1,80,,30622,30,,,1,80,,30624,30,,,1,40,,30623,30,,,1,80,,30626,30,,,1,80,,30625,30,,,1,42,,30627,30,,,1,80,,30628,30,,,1,80,,30631,30,,,1,40,,30629,30,,,1,80,,30630,30,,,1,80,,30632,30,,,1,40,,30633,30,,,1,79,,30635,30,,,1,80,,30637,30,,,1,40,,30638,30,,,1,80,,30636,30,,,1,80,,30634,30,,,1,38,,30639,30,,,1,80,,30640,30,,,1
1203,'Sunday',758,,30646,30,,,1,80,,30642,30,,,1,81,,30645,30,,,1,40,,30650,30,,,1,80,,30641,30,,,1,80,,30644,30,,,1,40,,30649,30,,,1,80,,30643,30,,,1,80,,30648,30,,,1,40,,30647,30,,,1,82,,30652,30,,,1,80,,30651,30,,,1,80,,30653,30,,,1,40,,30654,30,,,1,80,,30655,30,,,1,80,,30657,30,,,1,40,,30656,30,,,1,79,,30658,30,,,1,80,,30659,30,,,1,40,,30660,30,,,1,80,,30662,30,,,1,80,,30661,30,,,1,38,,30663,30,,,1
1203,'Weekday',527,,30665,30,,,1,74,,30664,30,,,1,42,,30670,30,,,1,71,,30671,30,,,1,37,,30672,30,,,1,70,,30673,30,,,1,35,,30674,30,,,1,69,,30675,30,,,1,76,,30666,30,,,1,45,,30668,30,,,1,79,,30667,30,,,1,84,,30676,30,,,1,41,,30678,30,,,1,85,,30679,30,,,1,91,,30680,30,,,1,82,,30677,30,,,1,39,,30684,30,,,1,65,,30685,30,,,1,27,,30683,30,,,1,76,,30686,30,,,1,30,,30687,30,,,1,70,,30688,30,,,1,28,,30689,30,,,1,67,,30690,30,,,1,37,,30691,30,,,1,92,,30692,30,,,1,87,,30693,30,,,1,81,,30694,30,,,1,46,,30695,30,,,1,81,,30682,30,,,1,86,,30681,30,,,1,86,,30669,30,,,1
3503,'Holiday1',835,,35107,42,,,1,85,,35106,42,,,1,86,,35115,42,,,1,47,,35109,42,,,1,85,,35111,42,,,1,85,,35113,42,,,1,85,,35108,42,,,1,45,,35114,42,,,1,85,,35105,42,,,1,85,,35110,42,,,1,85,,35112,42,,,1,45,,35116,42,,,1,85,,35117,42,,,1,85,,35120,42,,,1,85,,35118,42,,,1,45,,35119,42,,,1
3503,'Saturday',852,,35123,42,,,1,87,,35121,42,,,1,85,,35124,42,,,1,85,,35122,42,,,1,46,,35126,42,,,1,85,,35125,42,,,1,85,,35129,42,,,1,85,,35128,42,,,1,45,,35130,42,,,1,85,,35127,42,,,1,85,,35131,42,,,1,85,,35133,42,,,1,45,,35134,42,,,1,84,,35132,42,,,1,85,,35135,42,,,1,85,,35136,42,,,1,45,,35137,42,,,1
3503,'Sunday',835,,35140,42,,,1,85,,35139,42,,,1,86,,35148,42,,,1,47,,35142,42,,,1,85,,35144,42,,,1,85,,35146,42,,,1,85,,35141,42,,,1,45,,35147,42,,,1,85,,35138,42,,,1,85,,35143,42,,,1,85,,35145,42,,,1,45,,35149,42,,,1,85,,35150,42,,,1,85,,35153,42,,,1,85,,35151,42,,,1,45,,35152,42,,,1
3503,'Weekday',612,,35154,42,,,1,38,,35158,42,,,1,75,,35155,42,,,1,76,,35174,42,,,1,35,,35162,42,,,1,75,,35173,42,,,1,33,,35180,42,,,1,75,,35185,42,,,1,35,,35179,42,,,1,75,,35157,42,,,1,80,,35178,42,,,1,31,,35177,42,,,1,76,,35181,42,,,1,33,,35175,42,,,1,76,,35183,42,,,1,75,,35184,42,,,1,35,,35176,42,,,1,77,,35165,42,,,1,36,,35164,42,,,1,75,,35160,42,,,1,35,,35170,42,,,1,74,,35166,42,,,1,73,,35169,42,,,1,33,,35163,42,,,1,74,,35159,42,,,1,34,,35167,42,,,1,75,,35168,42,,,1,34,,35171,42,,,1,74,,35172,42,,,1,75,,35156,42,,,1,35,,35161,42,,,1,75,,35182,42,,,1
