1203,'Holiday1',740,,17402,1,,,1,80,,17398,1,,,1,80,,17401,1,,,1,40,,17406,1,,,1,80,,17397,1,,,1,80,,17400,1,,,1,40,,17405,1,,,1,80,,17399,1,,,1,80,,17404,1,,,1,40,,17403,1,,,1,80,,17408,1,,,1,80,,17407,1,,,1,40,,17409,1,,,1,80,,17410,1,,,1,80,,17411,1,,,1,40,,17413,1,,,1,80,,17412,1,,,1,80,,17414,1,,,1,40,,17415,1,,,1,80,,17416,1,,,1,80,,17418,1,,,1,40,,17417,1,,,1,80,,17419,1,,,1
1203,'Saturday',521,,17422,1,,,1,80,,17421,1,,,1,40,,17420,1,,,1,80,,17423,1,,,1,80,,17424,1,,,1,40,,17425,1,,,1,80,,17426,1,,,1,80,,17427,1,,,1,40,,17428,1,,,1,80,,17429,1,,,1,80,,17430,1,,,1,40,,17432,1,,,1,80,,17431,1,,,1,80,,17434,1,,,1,40,,17433,1,,,1,80,,17435,1,,,1,80,,17436,1,,,1,40,,17439,1,,,1,80,,17437,1,,,1,80,,17438,1,,,1,40,,17440,1,,,1,80,,17441,1,,,1,80,,17443,1,,,1,40,,17445,1,,,1,80,,17446,1,,,1,80,,17444,1,,,1,40,,17442,1,,,1,80,,17447,1,,,1,80,,17448,1,,,1
1203,'Sunday',740,,17454,1,,,1,80,,17450,1,,,1,80,,17453,1,,,1,40,,17458,1,,,1,80,,17449,1,,,1,80,,17452,1,,,1,40,,17457,1,,,1,80,,17451,1,,,1,80,,17456,1,,,1,40,,17455,1,,,1,80,,17460,1,,,1,80,,17459,1,,,1,40,,17461,1,,,1,80,,17462,1,,,1,80,,17463,1,,,1,40,,17465,1,,,1,80,,17464,1,,,1,80,,17466,1,,,1,40,,17467,1,,,1,80,,17468,1,,,1,80,,17470,1,,,1,40,,17469,1,,,1,80,,17471,1,,,1
1203,'Weekday',511,,17473,1,,,1,34,,17472,1,,,1,79,,17478,1,,,1,30,,17479,1,,,1,76,,17480,1,,,1,29,,17481,1,,,1,75,,17482,1,,,1,72,,17483,1,,,1,36,,17474,1,,,1,85,,17476,1,,,1,79,,17475,1,,,1,44,,17484,1,,,1,81,,17486,1,,,1,85,,17487,1,,,1,89,,17488,1,,,1,41,,17485,1,,,1,77,,17492,1,,,1,25,,17493,1,,,1,67,,17491,1,,,1,36,,17494,1,,,1,70,,17495,1,,,1,30,,17496,1,,,1,70,,17497,1,,,1,27,,17498,1,,,1,77,,17499,1,,,1,93,,17500,1,,,1,88,,17501,1,,,1,41,,17502,1,,,1,86,,17503,1,,,1,82,,17490,1,,,1,86,,17489,1,,,1,46,,17477,1,,,1
1204,'Holiday1',846,,17510,45,4,,1,83,,17504,45,4,,1,79,,17507,45,4,,1,40,,17508,45,4,,1,80,,17505,45,4,,1,80,,17506,45,4,,1,40,,17511,45,4,,1,80,,17512,45,4,,1,81,,17509,45,4,,1,44,,17514,45,4,,1,79,,17513,45,4,,1,80,,17516,45,4,,1,38,,17515,45,4,,1,80,,17517,45,4,,1,80,,17518,45,4,,1,40,,17519,45,4,,1,79,,17520,45,4,,1,78,,17521,45,4,,1,39,,17522,45,4,,1,80,,17523,45,4,,1,80,,17524,45,4,,1,38,,17525,45,4,,1,80,,17526,45,4,,1
1204,'Saturday',630,,17529,45,4,,1,80,,17527,45,4,,1,40,,17528,45,4,,1,81,,17530,45,4,,1,80,,17531,45,4,,1,40,,17532,45,4,,1,82,,17533,45,4,,1,80,,17534,45,4,,1,40,,17536,45,4,,1,80,,17535,45,4,,1,80,,17538,45,4,,1,40,,17537,45,4,,1,81,,17539,45,4,,1,80,,17540,45,4,,1,40,,17541,45,4,,1,80,,17542,45,4,,1,80,,17544,45,4,,1,38,,17543,45,4,,1,80,,17545,45,4,,1,80,,17546,45,4,,1,40,,17547,45,4,,1,81,,17549,45,4,,1,80,,17551,45,4,,1,40,,17548,45,4,,1,80,,17550,45,4,,1,80,,17552,45,4,,1,36,,17553,45,4,,1,80,,17554,45,4,,1,80,,17555,45,4,,1
1204,'Sunday',846,,17562,45,4,,1,83,,17556,45,4,,1,79,,17559,45,4,,1,40,,17560,45,4,,1,80,,17557,45,4,,1,80,,17558,45,4,,1,40,,17563,45,4,,1,80,,17564,45,4,,1,81,,17561,45,4,,1,44,,17566,45,4,,1,79,,17565,45,4,,1,80,,17568,45,4,,1,38,,17567,45,4,,1,80,,17569,45,4,,1,80,,17570,45,4,,1,40,,17571,45,4,,1,79,,17572,45,4,,1,78,,17573,45,4,,1,39,,17574,45,4,,1,80,,17575,45,4,,1,80,,17576,45,4,,1,38,,17577,45,4,,1,80,,17578,45,4,,1
1204,'Weekday',618,,17579,45,4,,1,35,,17580,45,4,,1,84,,17581,45,4,,1,75,,17582,45,4,,1,37,,17583,45,4,,1,66,,17584,45,4,,1,32,,17585,45,4,,1,73,,17586,45,4,,1,39,,17587,45,4,,1,84,,17588,45,4,,1,80,,17589,45,4,,1,83,,17590,45,4,,1,47,,17591,45,4,,1,83,,17592,45,4,,1,84,,17593,45,4,,1,90,,17603,45,4,,1,35,,17604,45,4,,1,67,,17605,45,4,,1,28,,17606,45,4,,1,74,,17607,45,4,,1,28,,17608,45,4,,1,72,,17609,45,4,,1,23,,17602,45,4,,1,70,,17598,45,4,,1,39,,17594,45,4,,1,86,,17599,45,4,,1,86,,17595,45,4,,1,84,,17600,45,4,,1,45,,17596,45,4,,1,79,,17601,45,4,,1,86,,17597,45,4,,1
20500,'Weekday',735,,24462,1,,,1
20501,'Weekday',1507,,24463,7,4,,1
21701,'Weekday',1507,,24485,13,4,,1
