604,'Holiday1',807,,16026,,,1,45,,16028,,,1,85,,16030,,,1,85,,16027,,,1,85,,16032,,,1,45,,16033,,,1,85,,16031,,,1,85,,16034,,,1,85,,16029,,,1,45,,16035,,,1,85,,16036,,,1,85,,16037,,,1,85,,16038,,,1,45,,16039,,,1,84,,16040,,,1
604,'Saturday',652,,16058,,,1,85,,16043,,,1,85,,16041,,,1,85,,16044,,,1,45,,16042,,,1,85,,16045,,,1,85,,16048,,,1,85,,16050,,,1,45,,16046,,,1,85,,16047,,,1,85,,16051,,,1,84,,16054,,,1,45,,16055,,,1,85,,16056,,,1,85,,16052,,,1,85,,16049,,,1,45,,16053,,,1,85,,16057,,,1
604,'Sunday',807,,16059,,,1,45,,16061,,,1,85,,16062,,,1,85,,16060,,,1,85,,16064,,,1,45,,16066,,,1,85,,16063,,,1,85,,16067,,,1,85,,16065,,,1,45,,16068,,,1,85,,16069,,,1,85,,16070,,,1,85,,16071,,,1,45,,16072,,,1,84,,16073,,,1
604,'Weekday',520,,16074,,,1,20,,16078,,,1,60,,16086,,,1,21,,16081,,,1,20,,16087,,,1,17,,16080,,,1,62,,16085,,,1,18,,16079,,,1,63,,16083,,,1,20,,16084,,,1,18,,16077,,,1,62,,16104,,,1,17,,16075,,,1,22,,16099,,,1,19,,16091,,,1,60,,16097,,,1,26,,16096,,,1,62,,16090,,,1,20,,16098,,,1,21,,16092,,,1,65,,16093,,,1,22,,16095,,,1,20,,16094,,,1,63,,16100,,,1,23,,16102,,,1,63,,16089,,,1,23,,16088,,,1,22,,16082,,,1,58,,16076,,,1,20,,16106,,,1,20,,16107,,,1,61,,16108,,,1,19,,16109,,,1,20,,16110,,,1,60,,16111,,,1,20,,16112,,,1,22,,16113,,,1,58,,16115,,,1,20,,16117,,,1,22,,16118,,,1,65,,16114,,,1,21,,16119,,,1,65,,16116,,,1,25,,16120,,,1,23,,16121,,,1,67,,16122,,,1,27,,16123,,,1,73,,16101,,,1,27,,16105,,,1,68,,16103,,,1,30,,16124,,,1
2901,'Holiday1',553,,21027,,,1,75,,21026,,,1,75,,21013,,,1,35,,21018,,,1,76,,21019,,,1,35,,21015,,,1,75,,21016,,,1,35,,21020,,,1,75,,21017,,,1,75,,21021,,,1,35,,21014,,,1,75,,21006,,,1,35,,21012,,,1,75,,21008,,,1,75,,21011,,,1,35,,21010,,,1,75,,21009,,,1,35,,21007,,,1,75,,21005,,,1,35,,21004,,,1,75,,21002,,,1,75,,21003,,,1,35,,21022,,,1,75,,21023,,,1,35,,21025,,,1,75,,21024,,,1,90,,21029,,,1,90,,21028,,,1,50,,21030,,,1,90,,21031,,,1
2901,'Saturday',529,,21041,,,1,25,,21032,,,1,65,,21042,,,1,25,,21043,,,1,65,,21044,,,1,25,,21045,,,1,25,,21046,,,1,65,,21047,,,1,25,,21048,,,1,65,,21049,,,1,25,,21050,,,1,65,,21051,,,1,25,,21052,,,1,25,,21053,,,1,65,,21055,,,1,25,,21056,,,1,65,,21057,,,1,25,,21054,,,1,25,,21058,,,1,65,,21060,,,1,25,,21062,,,1,65,,21063,,,1,25,,21064,,,1,65,,21061,,,1,25,,21065,,,1,25,,21059,,,1,65,,21066,,,1,25,,21067,,,1,65,,21068,,,1,25,,21069,,,1,25,,21070,,,1,65,,21071,,,1,32,,21034,,,1,73,,21033,,,1,75,,21035,,,1,29,,21037,,,1,80,,21036,,,1,93,,21038,,,1,47,,21039,,,1,90,,21040,,,1
2901,'Sunday',553,,21097,,,1,75,,21096,,,1,75,,21083,,,1,35,,21088,,,1,76,,21089,,,1,35,,21085,,,1,75,,21086,,,1,35,,21090,,,1,75,,21087,,,1,75,,21091,,,1,35,,21084,,,1,75,,21076,,,1,35,,21082,,,1,75,,21078,,,1,75,,21081,,,1,35,,21080,,,1,75,,21079,,,1,35,,21077,,,1,75,,21075,,,1,35,,21074,,,1,75,,21072,,,1,75,,21073,,,1,35,,21092,,,1,75,,21093,,,1,35,,21095,,,1,75,,21094,,,1,90,,21099,,,1,90,,21098,,,1,50,,21100,,,1,90,,21101,,,1
2901,'Weekday',504,,21103,0,5,1,16,,21102,0,5,1,16,,21105,0,5,1,11,,21132,0,5,1,5,,21134,0,5,1,56,,21136,0,5,1,16,,21137,0,5,1,16,,21147,0,5,1,16,,21146,0,5,1,56,,21142,0,5,1,16,,21141,0,5,1,6,,21133,0,5,1,10,,21140,0,5,1,56,,21139,0,5,1,16,,21143,0,5,1,16,,21145,0,5,1,16,,21144,0,5,1,59,,21138,0,5,1,25,,21104,,,1,26,,21106,,,1,64,,21107,,,1,25,,21108,,,1,65,,21109,,,1,25,,21110,,,1,65,,21111,,,1,25,,21112,,,1,25,,21113,,,1,65,,21114,,,1,25,,21115,,,1,63,,21116,0,5,1,15,,21117,0,5,1,18,,21148,0,5,1,18,,21149,0,5,1,57,,21150,0,5,1,18,,21151,0,5,1,18,,21152,0,5,1,58,,21153,0,5,1,18,,21154,0,5,1,18,,21155,0,5,1,58,,21156,0,5,1,18,,21157,0,5,1,18,,21158,0,5,1,18,,21159,0,5,1,58,,21160,0,5,1,18,,21161,0,5,1,18,,21162,0,5,1,58,,21163,0,5,1,18,,21135,0,5,1,13,,21118,0,5,1,15,,21119,0,5,1,55,,21120,0,5,1,23,,21121,,,1,70,,21122,,,1,35,,21123,,,1,70,,21124,,,1,32,,21125,,,1,69,,21126,,,1,30,,21127,,,1,70,,21128,,,1,30,,21129,,,1,70,,21130,,,1
6004,'Holiday1',749,,24235,,,1,105,,24236,,,1,105,,24237,,,1,145,,24238,,,1,105,,24239,,,1,105,,24240,,,1,105,,24243,,,1,105,,24244,,,1,105,,24245,,,1,105,,24241,,,1,105,,24242,,,1,105,,24246,,,1
6004,'Saturday',703,,24269,,,1,30,,24247,,,1,76,,24261,,,1,32,,24262,,,1,76,,24259,,,1,35,,24263,,,1,75,,24260,,,1,75,,24265,,,1,35,,24266,,,1,75,,24267,,,1,35,,24264,,,1,75,,24268,,,1,36,,24258,,,1,75,,24257,,,1,75,,24248,,,1,35,,24255,,,1,75,,24254,,,1,35,,24253,,,1,74,,24252,,,1,77,,24251,,,1,35,,24250,,,1,75,,24249,,,1,35,,24256,,,1
6004,'Sunday',749,,24270,,,1,105,,24271,,,1,105,,24272,,,1,145,,24273,,,1,105,,24274,,,1,105,,24275,,,1,105,,24278,,,1,105,,24279,,,1,105,,24280,,,1,105,,24276,,,1,105,,24277,,,1,105,,24281,,,1
6004,'Weekday',539,,24282,,,1,65,,24283,,,1,26,,24287,,,1,28,,24288,,,1,66,,24289,,,1,26,,24290,,,1,67,,24291,,,1,26,,24292,,,1,65,,24293,,,1,26,,24294,,,1,66,,24295,,,1,26,,24296,,,1,26,,24297,,,1,66,,24298,,,1,29,,24299,,,1,69,,24300,,,1,26,,24301,,,1,66,,24303,,,1,26,,24302,,,1,67,,24304,,,1,34,,24305,,,1,24,,24306,,,1,61,,24307,,,1,27,,24308,,,1,64,,24309,,,1,25,,24310,,,1,66,,24286,,,1,23,,24284,,,1,26,,24285,,,1,68,,24311,,,1,28,,24312,,,1,68,,24313,,,1,35,,24314,,,1,86,,24315,,,1,80,,24317,,,1,40,,24318,,,1,80,,24319,,,1,80,,24316,,,1,40,,24320,,,1
