1101,'Holiday1',507,,30110,1,,,1,40,,30108,1,,,1,80,,30107,1,,,1,80,,30104,1,,,1,40,,30111,1,,,1,80,,30113,1,,,1,80,,30116,1,,,1,40,,30117,1,,,1,80,,30120,1,,,1,80,,30119,1,,,1,40,,30124,1,,,1,80,,30125,1,,,1,80,,30127,1,,,1,40,,30128,1,,,1,80,,30130,1,,,1,82,,30133,1,,,1,42,,30137,1,,,1,82,,30138,1,,,1,82,,30142,1,,,1,40,,30140,1,,,1,81,,30139,1,,,1,86,,30144,1,,,1,86,,30145,1,,,1,44,,30153,1,,,1,85,,30150,1,,,1,89,,30149,1,,,1,86,,30156,1,,,1,40,,30157,1,,,1
1101,'Saturday',426,,30158,1,,,1,80,,30161,1,,,1,40,,30162,1,,,1,80,,30160,1,,,1,80,,30159,1,,,1,40,,30163,1,,,1,82,,30170,1,,,1,88,,30172,1,,,1,39,,30174,1,,,1,82,,30175,1,,,1,82,,30173,1,,,1,82,,30177,1,,,1,41,,30178,1,,,1,82,,30176,1,,,1,81,,30179,1,,,1,46,,30193,1,,,1,84,,30194,1,,,1,85,,30196,1,,,1,84,,30197,1,,,1,44,,30195,1,,,1,85,,30198,1,,,1,87,,30202,1,,,1,84,,30203,1,,,1,47,,30204,1,,,1,95,,30206,1,,,1,94,,30209,1,,,1,105,,30210,1,,,1
1101,'Sunday',507,,30217,1,,,1,40,,30214,1,,,1,80,,30213,1,,,1,80,,30211,1,,,1,40,,30218,1,,,1,80,,30220,1,,,1,80,,30223,1,,,1,40,,30224,1,,,1,80,,30227,1,,,1,80,,30226,1,,,1,40,,30230,1,,,1,80,,30232,1,,,1,80,,30234,1,,,1,40,,30235,1,,,1,80,,30237,1,,,1,82,,30240,1,,,1,42,,30244,1,,,1,82,,30245,1,,,1,82,,30249,1,,,1,40,,30247,1,,,1,81,,30246,1,,,1,86,,30251,1,,,1,86,,30252,1,,,1,44,,30260,1,,,1,85,,30257,1,,,1,89,,30256,1,,,1,86,,30263,1,,,1,40,,30264,1,,,1
1101,'Weekday',413,,30335,1,,,1,33,,30336,1,,,1,73,,30334,1,,,1,30,,30332,1,,,1,66,,30341,1,,,1,28,,30338,1,,,1,68,,30337,1,,,1,14,,30347,1,,,1,14,,30318,1,,,1,68,,30316,1,,,1,31,,30317,1,,,1,66,,30330,1,,,1,34,,30321,1,,,1,73,,30322,1,,,1,32,,30307,1,,,1,79,,30309,1,,,1,81,,30295,1,,,1,30,,30296,1,,,1,10,,30294,1,0,9 10,1,64,,30324,1,,,1,33,,30327,1,,,1,67,,30289,1,,,1,30,,30290,1,,,1,71,,30345,1,,,1,28,,30304,1,0,9 11,1,23,,30348,1,0,9 11,1,72,,30305,1,,,1,25,,30280,1,,,1,69,,30325,1,,,1,31,,30278,1,,,1,66,,30299,1,,,1,24,,30310,1,,,1,69,,30308,1,,,1,30,,30271,1,,,1,75,,30269,1,,,1,34,,30274,1,,,1,57,,30285,1,0,9 11,1,27,,30283,1,,,1,77,,30272,1,,,1,93,,30276,1,,,1,51,,30282,1,,,1,73,,30268,1,,,1,75,,30293,1,,,1
1102,'Holiday1',737,,30352,48,4,,1,80,,30350,48,4,,1,40,,30353,48,4,,1,82,,30355,48,4,,1,82,,30357,48,4,,1,80,,30359,48,4,,1,40,,30361,48,4,,1,80,,30362,48,4,,1,81,,30365,48,4,,1,41,,30367,48,4,,1,80,,30369,48,4,,1,81,,30371,48,4,,1,40,,30373,48,4,,1,81,,30377,48,4,,1,82,,30376,48,4,,1,42,,30375,48,4,,1,81,,30380,48,4,,1,82,,30383,48,4,,1,94,,30388,48,4,,1,41,,30385,48,4,,1,88,,30389,48,4,,1,83,,30390,48,4,,1,86,,30391,48,4,,1,46,,30396,48,4,,1,86,,30398,48,4,,1
1102,'Saturday',618,,30399,48,4,,1,41,,30403,48,4,,1,85,,30404,48,4,,1,81,,30405,48,4,,1,85,,30406,48,4,,1,40,,30410,48,4,,1,81,,30412,48,4,,1,84,,30408,48,4,,1,43,,30413,48,4,,1,82,,30414,48,4,,1,80,,30415,48,4,,1,84,,30416,48,4,,1,45,,30417,48,4,,1,83,,30418,48,4,,1,86,,30435,48,4,,1,84,,30433,48,4,,1,40,,30436,48,4,,1,84,,30437,48,4,,1,84,,30434,48,4,,1,42,,30438,48,4,,1,83,,30439,48,4,,1,83,,30440,48,4,,1,91,,30441,48,4,,1,47,,30449,48,4,,1,88,,30450,48,4,,1,98,,30451,48,4,,1,94,,30452,48,4,,1
1102,'Sunday',737,,30456,48,4,,1,80,,30454,48,4,,1,40,,30457,48,4,,1,82,,30459,48,4,,1,82,,30461,48,4,,1,80,,30463,48,4,,1,40,,30465,48,4,,1,80,,30466,48,4,,1,81,,30469,48,4,,1,41,,30471,48,4,,1,80,,30473,48,4,,1,81,,30474,48,4,,1,40,,30477,48,4,,1,81,,30481,48,4,,1,82,,30480,48,4,,1,42,,30479,48,4,,1,81,,30484,48,4,,1,82,,30487,48,4,,1,94,,30492,48,4,,1,41,,30489,48,4,,1,88,,30493,48,4,,1,83,,30494,48,4,,1,86,,30495,48,4,,1,46,,30500,48,4,,1,86,,30502,48,4,,1
1102,'Weekday',404,,30571,19,4,,1,135,,30570,19,4,,1,71,,30572,17,4,,1,17,,30575,48,4,,1,14,,30585,19,4,,1,6,,30573,48,4,,1,56,,30574,48,4,,1,14,,30586,19,4,,1,5,,30579,48,4,,1,28,,30580,48,4,,1,61,,30584,48,4,,1,24,,30578,48,4,,1,65,,30583,48,4,,1,28,,30567,48,4,,1,28,,30555,48,4,,1,68,,30556,48,4,,1,34,,30545,48,4,,1,77,,30544,48,4,,1,71,,30546,48,4,,1,28,,30532,19,4,,1,6,,30535,48,4,,1,65,,30564,48,4,,1,29,,30568,48,4,,1,24,,30536,19,4,,1,50,,30534,48,4,,1,39,,30543,48,4,,1,12,,30588,19,4,,1,58,,30533,48,4,,1,14,,30528,19,4,,1,14,,30542,48,4,,1,70,,30524,48,4,,1,26,,30563,48,4,,1,69,,30525,48,4,,1,30,,30540,48,4,,1,67,,30512,48,4,,1,27,,30561,48,4,,1,68,,30551,48,4,,1,22,,30513,48,4,,1,28,,30506,48,4,,1,64,,30510,48,4,,1,25,,30529,48,4,,1,67,,30516,48,4,,1,13,,30515,48,4,,1,34,,30539,48,4,,1,68,,30505,48,4,,1,82,,30511,48,4,,1,48,,30521,48,4,,1,66,,30504,48,4,,1,81,,30531,48,4,,1,49,,30520,48,4,,1
51101,'Holiday1',545,,39212,1,,,1,63,,39215,1,,,1,29,,39213,1,,,1,63,,39181,1,,,1,10,,39216,1,,,1,10,,39214,1,,,1,20,,39184,1,,,1,75,,39182,1,,,1,85,,39185,1,,,1,40,,39186,1,,,1,80,,39183,1,,,1,80,,39188,1,,,1,40,,39189,1,,,1,80,,39190,1,,,1,82,,39187,1,,,1,53,,39191,1,,,1,70,,39192,1,,,1,81,,39193,1,,,1,39,,39194,1,,,1,80,,39195,1,,,1,80,,39196,1,,,1,49,,39197,1,,,1,71,,39199,1,,,1,76,,39200,1,,,1,41,,39201,1,,,1,78,,39198,1,,,1,80,,39202,1,,,1,40,,39203,1,,,1
51101,'Saturday',458,,39217,1,,,1,76,,39225,1,,,1,11,,39221,1,,,1,59,,39219,1,,,1,30,,39229,1,,,1,66,,39223,1,0,13,1,12,,39241,1,0,13,1,3,,39227,1,,,1,15,,39306,1,,,1,70,,39228,1,,,1,45,,39224,1,,,1,85,,39233,1,,,1,86,,39237,1,,,1,90,,39243,1,,,1,50,,39242,1,,,1,90,,39249,1,,,1,90,,39248,1,,,1,90,,39255,1,,,1,90,,39262,1,,,1,90,,39268,1,,,1,50,,39274,1,,,1,78,,39275,1,0,13,1,8,,39280,1,0,13,1,2,,39278,1,,,1,60,,39281,1,0,13,1,11,,39295,1,0,13,1,21,,39284,1,,,1,77,,39307,1,,,1,13,,39289,1,,,1
51101,'Sunday',545,,39359,1,,,1,63,,39362,1,,,1,29,,39360,1,,,1,63,,39328,1,,,1,10,,39363,1,,,1,10,,39361,1,,,1,20,,39331,1,,,1,75,,39329,1,,,1,85,,39332,1,,,1,40,,39333,1,,,1,80,,39330,1,,,1,80,,39335,1,,,1,40,,39336,1,,,1,80,,39337,1,,,1,82,,39334,1,,,1,53,,39338,1,,,1,70,,39339,1,,,1,81,,39340,1,,,1,39,,39341,1,,,1,80,,39342,1,,,1,80,,39343,1,,,1,49,,39344,1,,,1,71,,39346,1,,,1,76,,39347,1,,,1,41,,39348,1,,,1,78,,39345,1,,,1,80,,39349,1,,,1,40,,39350,1,,,1
51101,'Weekday',534,,39370,1,,,1,14,,39373,1,,,1,11,,39376,1,,,1,48,,39453,1,,,1,7,,39384,1,,,1,15,,39382,1,,,1,13,,39368,1,,,1,59,,39371,1,,,1,11,,39369,1,,,1,17,,39374,1,,,1,13,,39372,1,,,1,12,,39375,1,,,1,57,,39379,1,,,1,18,,39386,1,,,1,15,,39389,1,,,1,60,,39378,1,,,1,26,,39439,1,,,1,26,,39438,1,,,1,64,,39440,1,,,1,24,,39441,1,,,1,64,,39442,1,,,1,22,,39443,1,,,1,26,,39444,1,,,1,64,,39445,1,,,1,23,,39446,1,,,1,62,,39447,1,,,1,24,,39448,1,,,1,23,,39392,1,,,1,59,,39401,1,,,1,16,,39399,1,,,1,16,,39397,1,,,1,16,,39402,1,,,1,58,,39419,1,,,1,15,,39404,1,,,1,16,,39413,1,,,1,52,,39403,1,,,1,12,,39410,1,,,1,15,,39406,1,,,1,17,,39405,1,,,1,10,,39411,1,,,1,56,,39409,1,,,1,16,,39407,1,,,1,27,,39408,1,,,1,52,,39414,1,,,1,15,,39420,1,,,1,13,,39418,1,,,1,12,,39415,1,,,1,56,,39421,1,,,1,22,,39416,1,,,1,12,,39423,1,,,1,14,,39422,1,,,1,62,,39425,1,,,1,19,,39426,1,,,1,20,,39428,1,,,1,60,,39430,1,,,1,22,,39432,1,,,1,19,,39435,1,,,1,63,,39431,1,,,1,18,,39434,1,,,1,21,,39433,1,,,1,55,,39429,1,,,1,17,,39388,1,,,1,27,,39436,1,,,1,60,,39437,1,,,1,20,,39390,1,,,1
51102,'Holiday1',548,,39520,23,4,,1,75,,39519,23,4,,1,27,,39515,23,4,,1,55,,39521,23,4,,1,25,,39522,23,4,,1,70,,39523,23,4,,1,44,,39497,23,4,,1,83,,39498,23,4,,1,79,,39499,23,4,,1,44,,39501,23,4,,1,85,,39502,23,4,,1,82,,39503,23,4,,1,40,,39500,23,4,,1,80,,39505,23,4,,1,83,,39506,23,4,,1,81,,39507,23,4,,1,39,,39508,23,4,,1,80,,39509,23,4,,1,80,,39516,23,4,,1,42,,39510,23,4,,1,78,,39517,23,4,,1,37,,39518,23,4,,1,81,,39504,23,4,,1,78,,39511,23,4,,1,41,,39512,23,4,,1,69,,39513,23,4,,1,82,,39514,23,4,,1
51102,'Saturday',544,,39524,11,4,,1,71,,39528,11,4,,1,30,,39525,11,4,,1,60,,39527,23,4,,1,9,,39542,11,4,,1,14,,39553,11,4,,1,24,,39530,23,4,,1,91,,39535,23,4,,1,85,,39533,23,4,,1,85,,39531,23,4,,1,87,,39540,23,4,,1,45,,39543,23,4,,1,94,,39548,23,4,,1,90,,39545,23,4,,1,90,,39555,23,4,,1,90,,39554,23,4,,1,50,,39562,23,4,,1,90,,39568,23,4,,1,90,,39575,23,4,,1,8,,39581,11,4,,1,10,,39588,11,4,,1,57,,39593,11,4,,1,15,,39582,23,4,,1,93,,39586,23,4,,1,88,,39589,23,4,,1,41,,39597,23,4,,1
51102,'Sunday',548,,39654,23,4,,1,75,,39653,23,4,,1,27,,39649,23,4,,1,55,,39655,23,4,,1,25,,39656,23,4,,1,70,,39657,23,4,,1,44,,39631,23,4,,1,83,,39632,23,4,,1,79,,39633,23,4,,1,44,,39635,23,4,,1,85,,39636,23,4,,1,82,,39637,23,4,,1,40,,39634,23,4,,1,80,,39638,23,4,,1,83,,39639,23,4,,1,81,,39640,23,4,,1,39,,39642,23,4,,1,80,,39643,23,4,,1,80,,39650,23,4,,1,42,,39644,23,4,,1,78,,39651,23,4,,1,37,,39652,23,4,,1,81,,39641,23,4,,1,78,,39645,23,4,,1,41,,39646,23,4,,1,69,,39647,23,4,,1,82,,39648,23,4,,1
51102,'Weekday',617,,39670,11,4,,1,17,,39660,23,4,,1,16,,39664,23,4,,1,54,,39658,23,4,,1,15,,39659,23,4,,1,15,,39661,23,4,,1,15,,39662,23,4,,1,51,,39666,23,4,,1,18,,39675,23,4,,1,13,,39674,23,4,,1,11,,39671,23,4,,1,15,,39680,23,4,,1,60,,39679,23,4,,1,16,,39665,23,4,,1,15,,39676,23,4,,1,11,,39673,23,4,,1,56,,39667,23,4,,1,22,,39729,23,4,,1,64,,39730,23,4,,1,25,,39731,23,4,,1,24,,39732,23,4,,1,64,,39733,23,4,,1,24,,39734,23,4,,1,64,,39735,23,4,,1,27,,39736,23,4,,1,23,,39678,23,4,,1,61,,39690,23,4,,1,14,,39684,23,4,,1,16,,39685,23,4,,1,15,,39700,23,4,,1,56,,39688,23,4,,1,16,,39707,23,4,,1,17,,39692,23,4,,1,59,,39705,23,4,,1,9,,39699,23,4,,1,16,,39691,23,4,,1,15,,39698,23,4,,1,9,,39697,23,4,,1,59,,39696,23,4,,1,17,,39694,23,4,,1,11,,39695,23,4,,1,15,,39701,23,4,,1,55,,39711,23,4,,1,15,,39704,23,4,,1,10,,39706,23,4,,1,17,,39708,23,4,,1,58,,39703,23,4,,1,12,,39702,23,4,,1,15,,39712,23,4,,1,15,,39713,23,4,,1,53,,39709,23,4,,1,18,,39714,23,4,,1,15,,39710,23,4,,1,64,,39716,23,4,,1,22,,39717,23,4,,1,18,,39718,23,4,,1,62,,39719,23,4,,1,17,,39721,23,4,,1,20,,39722,23,4,,1,60,,39725,23,4,,1,19,,39724,23,4,,1,20,,39723,23,4,,1,60,,39720,23,4,,1,20,,39726,23,4,,1,20,,39727,23,4,,1,60,,39728,23,4,,1,22,,39677,23,4,,1
