102,'Holiday1',554,,26927,4,,,1,83,,26925,4,,,1,16,,26951,4,,,1,60,,26952,4,,,1,20,,26953,4,,,1,20,,26954,4,,,1,60,,26956,4,,,1,20,,26957,4,,,1,20,,26958,4,,,1,60,,26955,4,,,1,20,,26960,4,,,1,20,,26961,4,,,1,60,,26946,4,,,1,20,,26947,4,,,1,20,,26934,4,,,1,60,,26941,4,,,1,20,,26929,4,,,1,20,,26940,4,,,1,60,,26932,4,,,1,20,,26938,4,,,1,20,,26945,4,,,1,60,,26942,4,,,1,20,,26928,4,,,1,20,,26944,4,,,1,60,,26937,4,,,1,26,,26930,4,,,1,20,,26933,4,,,1,60,,26949,4,,,1,20,,26931,4,,,1,20,,26948,4,,,1,60,,26939,4,,,1,20,,26950,4,,,1,20,,26943,4,,,1,60,,26935,4,,,1,20,,26936,4,,,1,20,,26959,4,,,1,60,,26963,4,,,1,20,,26964,4,,,1,20,,26962,4,,,1,60,,26965,4,,,1,20,,26966,4,,,1,20,,26967,4,,,1,60,,26968,4,,,1,20,,26969,4,,,1,20,,26971,4,,,1,60,,26972,4,,,1,20,,26973,4,,,1,14,,26970,4,,,1,60,,26974,4,,,1,27,,26977,4,,,1,65,,26978,4,,,1,26,,26975,4,,,1,20,,26976,4,,,1,59,,26979,4,,,1,15,,26924,4,,,1,20,,26980,4,,,1,61,,26926,4,,,1
102,'Saturday',610,,26981,4,,,1,20,,27000,4,,,1,20,,27001,4,,,1,60,,27002,4,,,1,20,,27003,4,,,1,20,,27004,4,,,1,60,,27005,4,,,1,20,,27006,4,,,1,24,,27007,4,,,1,60,,27008,4,,,1,20,,27009,4,,,1,20,,27010,4,,,1,58,,27011,4,,,1,20,,27012,4,,,1,20,,27013,4,,,1,60,,27014,4,,,1,21,,27015,4,,,1,20,,27016,4,,,1,60,,27017,4,,,1,20,,27018,4,,,1,22,,27019,4,,,1,58,,27021,4,,,1,20,,27022,4,,,1,20,,27023,4,,,1,59,,27020,4,,,1,19,,27024,4,,,1,21,,27025,4,,,1,61,,27026,4,,,1,19,,26999,4,,,1,20,,26997,4,,,1,60,,26996,4,,,1,20,,26993,4,,,1,22,,26994,4,,,1,60,,26991,4,,,1,20,,26989,4,,,1,20,,26992,4,,,1,60,,26990,4,,,1,19,,26995,4,,,1,21,,26988,4,,,1,56,,26998,4,,,1,30,,27029,4,,,1,76,,27030,4,,,1,28,,27031,4,,,1,69,,27032,4,,,1,30,,27033,4,,,1,70,,27034,4,,,1,32,,27035,4,,,1,70,,27036,4,,,1,22,,27028,4,,,1,69,,26986,4,,,1,29,,26984,4,,,1,69,,27037,4,,,1,30,,26987,4,,,1,82,,26985,4,,,1
102,'Sunday',554,,27041,4,,,1,83,,27039,4,,,1,16,,27065,4,,,1,60,,27066,4,,,1,20,,27067,4,,,1,20,,27068,4,,,1,60,,27070,4,,,1,20,,27071,4,,,1,20,,27072,4,,,1,60,,27069,4,,,1,20,,27074,4,,,1,20,,27075,4,,,1,60,,27060,4,,,1,20,,27061,4,,,1,20,,27048,4,,,1,60,,27055,4,,,1,20,,27043,4,,,1,20,,27054,4,,,1,60,,27046,4,,,1,20,,27052,4,,,1,20,,27059,4,,,1,60,,27056,4,,,1,20,,27042,4,,,1,20,,27058,4,,,1,60,,27051,4,,,1,26,,27044,4,,,1,20,,27047,4,,,1,60,,27063,4,,,1,20,,27045,4,,,1,20,,27062,4,,,1,60,,27053,4,,,1,20,,27064,4,,,1,20,,27057,4,,,1,60,,27049,4,,,1,20,,27050,4,,,1,20,,27073,4,,,1,60,,27077,4,,,1,20,,27078,4,,,1,20,,27076,4,,,1,60,,27079,4,,,1,20,,27080,4,,,1,20,,27081,4,,,1,60,,27082,4,,,1,20,,27083,4,,,1,20,,27085,4,,,1,60,,27086,4,,,1,20,,27087,4,,,1,14,,27084,4,,,1,60,,27088,4,,,1,27,,27091,4,,,1,65,,27092,4,,,1,26,,27089,4,,,1,20,,27090,4,,,1,59,,27093,4,,,1,15,,27038,4,,,1,20,,27094,4,,,1,61,,27040,4,,,1
102,'Weekday',417,,27097,4,,,1,19,,27098,4,,,1,22,,27095,4,,,1,61,,27101,4,,,1,19,,27102,4,,,1,21,,27100,4,,,1,59,,27099,4,,,1,18,,27111,4,,,1,23,,27105,4,,,1,63,,27107,4,,,1,26,,27110,4,0,7,1,65,,27113,4,,,1,23,,27114,4,,,1,21,,27104,4,,,1,70,,27116,4,,,1,24,,27117,4,,,1,65,,27119,4,,,1,88,,27120,4,,,1,25,,27121,4,,,1,82,,27122,4,,,1,28,,27123,4,,,1,74,,27124,4,0,7,1,27,,27118,4,,,1,82,,27125,4,,,1,27,,27126,4,,,1,62,,27144,4,,,1,23,,27141,4,,,1,25,,27142,4,,,1,61,,27145,4,,,1,24,,27146,4,,,1,9,,27147,4,,,1,61,,27148,4,,,1,38,,27149,4,,,1,67,,27150,4,,,1,13,,27151,4,,,1,18,,27152,4,,,1,64,,27153,4,,,1,26,,27154,4,,,1,62,,27155,4,,,1,22,,27156,4,,,1,19,,27157,4,,,1,62,,27165,4,,,1,24,,27164,4,,,1,22,,27163,4,,,1,79,,27166,4,,,1,70,,27167,4,,,1,37,,27168,4,,,1,69,,27169,4,,,1,35,,27170,4,,,1,72,,27171,4,,,1,32,,27172,4,,,1
3503,'Holiday1',758,,35107,4,,,1,85,,35106,4,,,1,85,,35115,4,,,1,85,,35109,4,,,1,45,,35111,4,,,1,85,,35113,4,,,1,85,,35108,4,,,1,85,,35114,4,,,1,45,,35105,4,,,1,85,,35110,4,,,1,85,,35112,4,,,1,85,,35116,4,,,1,45,,35117,4,,,1,85,,35120,4,,,1,85,,35118,4,,,1,85,,35119,4,,,1
3503,'Saturday',813,,35123,4,,,1,45,,35121,4,,,1,85,,35124,4,,,1,85,,35122,4,,,1,85,,35126,4,,,1,45,,35125,4,,,1,85,,35129,4,,,1,85,,35128,4,,,1,85,,35130,4,,,1,45,,35127,4,,,1,85,,35131,4,,,1,85,,35133,4,,,1,85,,35134,4,,,1,45,,35132,4,,,1,85,,35135,4,,,1,85,,35136,4,,,1,85,,35137,4,,,1
3503,'Sunday',758,,35140,4,,,1,85,,35139,4,,,1,85,,35148,4,,,1,85,,35142,4,,,1,45,,35144,4,,,1,85,,35146,4,,,1,85,,35141,4,,,1,85,,35147,4,,,1,45,,35138,4,,,1,85,,35143,4,,,1,85,,35145,4,,,1,85,,35149,4,,,1,45,,35150,4,,,1,85,,35153,4,,,1,85,,35151,4,,,1,85,,35152,4,,,1
3503,'Weekday',528,,35154,4,,,1,75,,35158,4,,,1,35,,35155,4,,,1,75,,35174,4,,,1,35,,35162,4,,,1,75,,35173,4,,,1,35,,35180,4,,,1,75,,35185,4,,,1,75,,35179,4,,,1,35,,35157,4,,,1,80,,35178,4,,,1,30,,35177,4,,,1,75,,35181,4,,,1,75,,35175,4,,,1,35,,35183,4,,,1,75,,35184,4,,,1,35,,35176,4,,,1,75,,35165,4,,,1,35,,35164,4,,,1,75,,35160,4,,,1,75,,35170,4,,,1,35,,35166,4,,,1,75,,35169,4,,,1,35,,35163,4,,,1,75,,35159,4,,,1,75,,35167,4,,,1,35,,35168,4,,,1,75,,35171,4,,,1,35,,35172,4,,,1,75,,35156,4,,,1,35,,35161,4,,,1,75,,35182,4,,,1
4103,'Weekday',520,,35266,1,,,1,95,,35273,1,,,1,95,,35271,1,,,1,95,,35274,1,,,1,95,,35270,1,,,1,55,,35275,1,,,1,480,,35268,1,,,1,95,,35276,1,,,1,95,,35269,1,,,1,95,,35277,1,,,1,100,,35267,1,,,1,95,,35272,1,,,1
4104,'Weekday',702,,35278,28,4,,1,55,,35284,28,4,,1,95,,35282,28,4,,1,95,,35285,28,4,,1,95,,35281,28,4,,1,574,,35279,28,4,,1,95,,35286,28,4,,1,100,,35280,28,4,,1,95,,35283,28,4,,1
50102,'Holiday1',830,,38033,14,,,1,18,,38035,14,,,1,58,,38030,14,,,1,22,,38029,14,,,1,20,,38026,14,,,1,58,,38027,14,,,1,19,,38028,14,,,1,18,,38036,14,,,1,58,,38034,14,,,1,18,,38031,14,,,1,18,,38032,14,,,1,18,,38039,14,,,1,58,,38040,14,,,1,19,,38042,14,,,1,22,,38041,14,,,1,63,,38037,14,,,1,23,,38038,14,,,1,61,,38043,14,,,1,18,,38044,14,,,1,18,,38045,14,,,1,18,,38046,14,,,1,58,,38050,14,,,1,18,,38049,14,,,1,18,,38048,14,,,1,58,,38047,14,,,1,18,,38051,14,,,1,18,,38053,14,,,1,58,,38052,14,,,1,18,,38054,14,,,1,18,,38055,14,,,1,18,,38057,14,,,1,55,,38056,14,,,1,14,,38059,14,,,1,15,,38058,14,,,1,16,,38061,14,,,1,58,,38060,14,,,1,14,,38062,14,,,1,18,,38063,14,,,1,58,,38064,14,,,1,20,,38065,14,,,1,18,,38066,14,,,1,18,,38068,14,,,1,58,,38067,14,,,1,18,,38069,14,,,1,14,,38071,14,,,1,56,,38070,14,,,1,20,,38074,14,,,1,23,,38072,14,,,1,66,,38075,14,,,1,20,,38073,14,,,1,25,,38076,14,,,1
50102,'Saturday',654,,38077,14,,,1,56,,38095,14,,,1,17,,38098,14,,,1,16,,38100,14,,,1,16,,38102,14,,,1,56,,38096,14,,,1,16,,38093,14,,,1,16,,38094,14,,,1,56,,38097,14,,,1,17,,38103,14,,,1,16,,38099,14,,,1,16,,38104,14,,,1,56,,38101,14,,,1,16,,38105,14,,,1,16,,38106,14,,,1,16,,38107,14,,,1,56,,38108,14,,,1,16,,38109,14,,,1,18,,38110,14,,,1,55,,38111,14,,,1,15,,38112,14,,,1,16,,38113,14,,,1,14,,38114,14,,,1,56,,38115,14,,,1,16,,38116,14,,,1,16,,38117,14,,,1,16,,38118,14,,,1,56,,38119,14,,,1,16,,38120,14,,,1,16,,38121,14,,,1,16,,38122,14,,,1,56,,38123,14,,,1,16,,38124,14,,,1,16,,38125,14,,,1,16,,38126,14,,,1,56,,38127,14,,,1,13,,38130,14,,,1,16,,38131,14,,,1,16,,38132,14,,,1,56,,38128,14,,,1,16,,38129,14,,,1,16,,38133,14,,,1,56,,38134,14,,,1,14,,38137,14,,,1,18,,38138,14,,,1,23,,38135,14,,,1,58,,38136,14,,,1,17,,38089,14,,,1,22,,38090,14,,,1,58,,38091,14,,,1,24,,38092,14,,,1,16,,38084,14,,,1,60,,38083,14,,,1,20,,38080,14,,,1,20,,38082,14,,,1,60,,38086,14,,,1,20,,38087,14,,,1,20,,38078,14,,,1,57,,38085,14,,,1,18,,38088,14,,,1,21,,38081,14,,,1,60,,38079,14,,,1
50102,'Sunday',830,,38146,14,,,1,18,,38148,14,,,1,58,,38144,14,,,1,22,,38142,14,,,1,20,,38139,14,,,1,58,,38140,14,,,1,19,,38141,14,,,1,18,,38149,14,,,1,58,,38147,14,,,1,18,,38143,14,,,1,18,,38145,14,,,1,18,,38152,14,,,1,58,,38153,14,,,1,19,,38155,14,,,1,22,,38154,14,,,1,63,,38150,14,,,1,23,,38151,14,,,1,61,,38156,14,,,1,18,,38157,14,,,1,18,,38158,14,,,1,18,,38159,14,,,1,58,,38163,14,,,1,18,,38161,14,,,1,18,,38160,14,,,1,58,,38162,14,,,1,18,,38164,14,,,1,18,,38166,14,,,1,58,,38165,14,,,1,18,,38167,14,,,1,18,,38168,14,,,1,18,,38170,14,,,1,55,,38169,14,,,1,14,,38172,14,,,1,15,,38171,14,,,1,16,,38174,14,,,1,58,,38173,14,,,1,14,,38175,14,,,1,18,,38176,14,,,1,58,,38177,14,,,1,20,,38178,14,,,1,18,,38181,14,,,1,18,,38180,14,,,1,58,,38179,14,,,1,18,,38182,14,,,1,14,,38184,14,,,1,56,,38183,14,,,1,20,,38187,14,,,1,23,,38185,14,,,1,66,,38188,14,,,1,20,,38186,14,,,1,25,,38189,14,,,1
50102,'Weekday',606,,38200,14,,,1,14,,38206,14,,,1,13,,38207,14,,,1,12,,38208,14,,,1,12,,38209,14,,,1,52,,38210,14,,,1,14,,38211,14,,,1,13,,38212,14,,,1,12,,38213,14,,,1,52,,38214,14,,,1,12,,38215,14,,,1,12,,38216,14,,,1,12,,38217,14,,,1,12,,38218,14,,,1,52,,38219,14,,,1,12,,38220,14,,,1,12,,38221,14,,,1,12,,38222,14,,,1,12,,38223,14,,,1,52,,38224,14,,,1,12,,38225,14,,,1,12,,38226,14,,,1,12,,38227,14,,,1,12,,38228,14,,,1,52,,38229,14,,,1,12,,38230,14,,,1,12,,38231,14,,,1,12,,38232,14,,,1,12,,38233,14,,,1,52,,38234,14,,,1,12,,38235,14,,,1,11,,38236,14,,,1,11,,38237,14,,,1,12,,38238,14,,,1,12,,38239,14,,,1,52,,38240,14,,,1,12,,38241,14,,,1,12,,38242,14,,,1,12,,38243,14,,,1,12,,38244,14,,,1,53,,38245,14,,,1,12,,38246,14,,,1,10,,38247,14,,,1,7,,38248,14,,,1,7,,38249,14,,,1,7,,38250,14,,,1,47,,38251,14,,,1,9,,38252,14,,,1,8,,38253,14,,,1,8,,38254,14,,,1,8,,38255,14,,,1,7,,38257,14,,,1,7,,38258,14,,,1,8,,38256,14,,,1,48,,38259,14,,,1,8,,38260,14,,,1,9,,38261,14,,,1,8,,38262,14,,,1,8,,38263,14,,,1,8,,38264,14,,,1,9,,38265,14,,,1,47,,38266,14,,,1,8,,38267,14,,,1,7,,38268,14,,,1,7,,38269,14,,,1,10,,38270,14,,,1,7,,38271,14,,,1,8,,38272,14,,,1,8,,38273,14,,,1,47,,38274,14,,,1,7,,38275,14,,,1,7,,38276,14,,,1,7,,38277,14,,,1,7,,38278,14,,,1,7,,38279,14,,,1,7,,38280,14,,,1,8,,38281,14,,,1,47,,38282,14,,,1,6,,38283,14,,,1,6,,38285,14,,,1,6,,38286,14,,,1,6,,38284,14,,,1,7,,38287,14,,,1,7,,38288,14,,,1,7,,38289,14,,,1,8,,38290,14,,,1,47,,38291,14,,,1,7,,38292,14,,,1,7,,38293,14,,,1,7,,38294,14,,,1,7,,38295,14,,,1,10,,38296,14,,,1,12,,38201,14,,,1,51,,38202,14,,,1,10,,38205,14,,,1,11,,38203,14,,,1,12,,38204,14,,,1,11,,38196,14,,,1,12,,38195,14,,,1,53,,38198,14,,,1,14,,38191,14,,,1,19,,38197,14,,,1,67,,38199,14,,,1,17,,38194,14,,,1,19,,38190,14,,,1,55,,38192,14,,,1,18,,38193,14,,,1
