902,'Holiday1',804,,17026,,,1,105,,17028,,,1,106,,17029,,,1,105,,17030,,,1,105,,17031,,,1,105,,17033,,,1,104,,17034,,,1,106,,17035,,,1,107,,17032,,,1,106,,17036,,,1,147,,17027,,,1
902,'Saturday',733,,17037,,,1,90,,17044,,,1,90,,17047,,,1,90,,17045,,,1,50,,17049,,,1,90,,17050,,,1,90,,17051,,,1,90,,17048,,,1,90,,17043,,,1,90,,17038,,,1,50,,17040,,,1,90,,17042,,,1,90,,17046,,,1,90,,17039,,,1,90,,17041,,,1
902,'Sunday',804,,17052,,,1,105,,17054,,,1,106,,17055,,,1,105,,17056,,,1,105,,17057,,,1,105,,17058,,,1,104,,17059,,,1,106,,17060,,,1,107,,17061,,,1,106,,17062,,,1,147,,17053,,,1
902,'Weekday',618,,17063,,,1,34,,17072,,,1,74,,17073,,,1,85,,17071,,,1,92,,17069,,,1,38,,17075,,,1,85,,17080,,,1,85,,17077,,,1,45,,17070,,,1,85,,17066,,,1,67,,17081,,,1,35,,17082,,,1,75,,17083,,,1,6,,17078,,,1,33,,17084,,,1,75,,17085,,,1,75,,17076,,,1,35,,17074,,,1,75,,17079,,,1,36,,17067,,,1,80,,17068,,,1,85,,17086,,,1,92,,17087,,,1,46,,17065,,,1,157,,17064,,,1
1904,'Holiday1',851,,19781,,,1,99,,19782,,,1,102,,19783,,,1,100,,19784,,,1,102,,19785,,,1,98,,19786,,,1,100,,19787,,,1,100,,19788,,,1,101,,19789,,,1,98,,19790,,,1,100,,19791,,,1,100,,19792,,,1
1904,'Saturday',819,,19793,,,1,103,,19795,,,1,100,,19797,,,1,99,,19794,,,1,100,,19798,,,1,100,,19796,,,1,100,,19799,,,1,101,,19800,,,1,100,,19802,,,1,100,,19803,,,1,99,,19804,,,1,98,,19801,,,1
1904,'Sunday',851,,19805,,,1,99,,19806,,,1,102,,19807,,,1,100,,19808,,,1,102,,19809,,,1,98,,19810,,,1,100,,19811,,,1,100,,19812,,,1,101,,19813,,,1,98,,19814,,,1,100,,19815,,,1,100,,19816,,,1
1904,'Weekday',549,,19819,,,1,92,,19818,,,1,81,,19821,,,1,80,,19817,,,1,40,,19820,,,1,79,,19822,,,1,100,,19823,,,1,99,,19825,,,1,100,,19824,,,1,100,,19826,,,1,100,,19827,,,1,103,,19828,,,1,85,,19829,,,1,35,,19830,,,1,80,,19831,,,1,80,,19832,,,1,38,,19833,,,1,80,,19834,,,1,80,,19835,,,1
21501,'Weekday',1443,,24882,,,1
21701,'Weekday',1501,,24885,,,1
