901,'Holiday1',823,,29923,38,,,1,104,,29930,38,,,1,108,,29931,38,,,1,105,,29932,38,,,1,105,,29933,38,,,1,105,,29929,38,,,1,107,,29925,38,,,1,145,,29926,38,,,1,107,,29927,38,,,1,107,,29924,38,,,1,106,,29928,38,,,1
901,'Saturday',734,,29934,38,,,1,90,,29935,38,,,1,90,,29936,38,,,1,90,,29937,38,,,1,50,,29938,38,,,1,90,,29939,38,,,1,90,,29941,38,,,1,90,,29942,38,,,1,90,,29943,38,,,1,91,,29940,38,,,1,51,,29944,38,,,1,90,,29945,38,,,1,90,,29946,38,,,1,89,,29947,38,,,1,89,,29948,38,,,1
901,'Sunday',823,,29949,38,,,1,104,,29956,38,,,1,108,,29957,38,,,1,105,,29958,38,,,1,105,,29959,38,,,1,105,,29955,38,,,1,107,,29951,38,,,1,145,,29952,38,,,1,107,,29953,38,,,1,107,,29950,38,,,1,106,,29954,38,,,1
901,'Weekday',535,,29960,38,,,1,74,,29963,38,,,1,34,,29964,38,,,1,74,,29965,38,,,1,23,,29962,38,,,1,79,,29966,38,,,1,36,,29978,38,,,1,85,,29977,38,,,1,87,,29979,38,,,1,82,,29980,38,,,1,47,,29981,38,,,1,88,,29982,38,,,1,84,,29967,38,,,1,83,,29976,38,,,1,32,,29973,38,,,1,75,,29969,38,,,1,38,,29974,38,,,1,75,,29971,38,,,1,75,,29968,38,,,1,35,,29970,38,,,1,76,,29975,38,,,1,34,,29972,38,,,1,74,,29983,38,,,1,79,,29985,38,,,1,41,,29984,38,,,1,85,,29961,38,,,1
902,'Holiday1',808,,29986,24,,,1,105,,29988,24,,,1,106,,29989,24,,,1,105,,29990,24,,,1,105,,29991,24,,,1,105,,29993,24,,,1,104,,29994,24,,,1,106,,29995,24,,,1,107,,29992,24,,,1,106,,29996,24,,,1,147,,29987,24,,,1
902,'Saturday',737,,29997,24,,,1,90,,30004,24,,,1,91,,30007,24,,,1,90,,30005,24,,,1,50,,30009,24,,,1,90,,30010,24,,,1,90,,30011,24,,,1,90,,30008,24,,,1,90,,30003,24,,,1,90,,29998,24,,,1,50,,30000,24,,,1,90,,30002,24,,,1,89,,30006,24,,,1,90,,29999,24,,,1,90,,30001,24,,,1
902,'Sunday',808,,30012,24,,,1,105,,30014,24,,,1,106,,30015,24,,,1,105,,30016,24,,,1,105,,30017,24,,,1,105,,30019,24,,,1,104,,30020,24,,,1,106,,30021,24,,,1,107,,30018,24,,,1,106,,30022,24,,,1,147,,30013,24,,,1
902,'Weekday',622,,30023,24,,,1,34,,30032,24,,,1,74,,30033,24,,,1,85,,30031,24,,,1,92,,30029,24,,,1,38,,30035,24,,,1,85,,30040,24,,,1,85,,30037,24,,,1,85,,30030,24,,,1,45,,30025,24,,,1,68,,30041,24,,,1,35,,30042,24,,,1,75,,30043,24,,,1,6,,30038,24,,,1,73,,30044,24,,,1,35,,30045,24,,,1,75,,30036,24,,,1,35,,30034,24,,,1,75,,30039,24,,,1,36,,30027,24,,,1,80,,30028,24,,,1,84,,30046,24,,,1,92,,30047,24,,,1,86,,30026,24,,,1,117,,30024,24,,,1
1704,'Holiday1',824,,32137,18,,,1,85,,32138,18,,,1,46,,32139,18,,,1,85,,32143,18,,,1,85,,32140,18,,,1,85,,32144,18,,,1,45,,32141,18,,,1,85,,32142,18,,,1,86,,32146,18,,,1,85,,32149,18,,,1,45,,32147,18,,,1,85,,32150,18,,,1,85,,32148,18,,,1,85,,32145,18,,,1,45,,32151,18,,,1,85,,32152,18,,,1
1704,'Saturday',835,,32153,18,,,1,85,,32156,18,,,1,85,,32155,18,,,1,45,,32157,18,,,1,84,,32158,18,,,1,86,,32160,18,,,1,85,,32161,18,,,1,45,,32162,18,,,1,85,,32159,18,,,1,86,,32166,18,,,1,86,,32167,18,,,1,45,,32163,18,,,1,85,,32164,18,,,1,85,,32165,18,,,1,84,,32154,18,,,1
1704,'Sunday',824,,32168,18,,,1,85,,32169,18,,,1,46,,32170,18,,,1,85,,32174,18,,,1,85,,32171,18,,,1,85,,32175,18,,,1,45,,32172,18,,,1,85,,32173,18,,,1,86,,32176,18,,,1,85,,32180,18,,,1,45,,32177,18,,,1,85,,32181,18,,,1,85,,32178,18,,,1,85,,32179,18,,,1,45,,32182,18,,,1,85,,32183,18,,,1
1704,'Weekday',544,,32184,18,,,1,84,,32185,18,,,1,86,,32188,18,,,1,86,,32189,18,,,1,46,,32187,18,,,1,84,,32192,18,,,1,86,,32190,18,,,1,84,,32193,18,,,1,46,,32191,18,,,1,83,,32186,18,,,1,85,,32194,18,,,1,42,,32195,18,,,1,89,,32196,18,,,1,11,,32203,18,,,1,79,,32197,18,,,1,82,,32198,18,,,1,85,,32199,18,,,1,47,,32200,18,,,1,84,,32201,18,,,1,82,,32202,18,,,1
1904,'Holiday1',854,,32749,39,,,1,100,,32748,39,,,1,103,,32750,39,,,1,100,,32751,39,,,1,100,,32752,39,,,1,99,,32753,39,,,1,101,,32755,39,,,1,100,,32756,39,,,1,100,,32757,39,,,1,97,,32754,39,,,1,101,,32758,39,,,1,101,,32759,39,,,1
1904,'Saturday',823,,32760,39,,,1,103,,32762,39,,,1,100,,32764,39,,,1,99,,32761,39,,,1,100,,32765,39,,,1,100,,32763,39,,,1,100,,32766,39,,,1,101,,32767,39,,,1,100,,32769,39,,,1,100,,32770,39,,,1,99,,32771,39,,,1,98,,32768,39,,,1
1904,'Sunday',854,,32772,39,,,1,100,,32773,39,,,1,103,,32774,39,,,1,100,,32775,39,,,1,100,,32776,39,,,1,99,,32777,39,,,1,101,,32779,39,,,1,100,,32780,39,,,1,100,,32781,39,,,1,97,,32778,39,,,1,101,,32782,39,,,1,101,,32783,39,,,1
1904,'Weekday',548,,32786,39,,,1,99,,32785,39,,,1,79,,32788,39,,,1,77,,32784,39,,,1,43,,32787,39,,,1,79,,32789,39,,,1,100,,32790,39,,,1,99,,32792,39,,,1,100,,32791,39,,,1,100,,32793,39,,,1,100,,32794,39,,,1,106,,32795,39,,,1,82,,32796,39,,,1,35,,32797,39,,,1,80,,32799,39,,,1,80,,32800,39,,,1,38,,32798,39,,,1,80,,32801,39,,,1,80,,32802,39,,,1
