502,'Holiday1',723,,28772,20,,,1,32,,28770,20,,,1,72,,28771,20,,,1,77,,28769,20,,,1,34,,28767,20,,,1,72,,28766,20,,,1,30,,28763,20,,,1,73,,28765,20,,,1,23,,28764,20,,,1,67,,28762,20,,,1,32,,28761,20,,,1,71,,28759,20,,,1,38,,28760,20,,,1,68,,28758,20,,,1,33,,28757,20,,,1,63,,28750,20,,,1,37,,28755,20,,,1,70,,28756,20,,,1,27,,28754,20,,,1,83,,28751,20,,,1,22,,28752,20,,,1,71,,28753,20,,,1,24,,28749,20,,,1,77,,28748,20,,,1,84,,28777,20,,,1,49,,28778,20,,,1,89,,28775,20,,,1,89,,28774,20,,,1,90,,28773,20,,,1,89,,28776,20,,,1
502,'Saturday',612,,28779,20,,,1,27,,28787,20,,,1,71,,28800,20,,,1,30,,28780,20,,,1,70,,28783,20,,,1,36,,28781,20,,,1,71,,28788,20,,,1,29,,28792,20,,,1,71,,28784,20,,,1,30,,28785,20,,,1,70,,28786,20,,,1,32,,28791,20,,,1,94,,28790,20,,,1,75,,28789,20,,,1,30,,28795,20,,,1,70,,28793,20,,,1,30,,28794,20,,,1,70,,28796,20,,,1,30,,28798,20,,,1,70,,28797,20,,,1,30,,28799,20,,,1,70,,28803,20,,,1,30,,28801,20,,,1,70,,28802,20,,,1,37,,28808,20,,,1,90,,28807,20,,,1,93,,28806,20,,,1,86,,28804,20,,,1,90,,28805,20,,,1,90,,28812,20,,,1,50,,28811,20,,,1,90,,28809,20,,,1,90,,28810,20,,,1
502,'Sunday',723,,28837,20,,,1,32,,28835,20,,,1,72,,28836,20,,,1,77,,28834,20,,,1,34,,28832,20,,,1,72,,28831,20,,,1,30,,28828,20,,,1,73,,28830,20,,,1,23,,28829,20,,,1,67,,28827,20,,,1,32,,28826,20,,,1,71,,28824,20,,,1,38,,28825,20,,,1,68,,28823,20,,,1,33,,28822,20,,,1,63,,28817,20,,,1,37,,28820,20,,,1,70,,28821,20,,,1,27,,28819,20,,,1,83,,28815,20,,,1,22,,28816,20,,,1,71,,28818,20,,,1,24,,28814,20,,,1,77,,28813,20,,,1,84,,28842,20,,,1,49,,28843,20,,,1,89,,28840,20,,,1,89,,28839,20,,,1,90,,28838,20,,,1,89,,28841,20,,,1
502,'Weekday',502,,28844,20,,,1,20,,28854,20,,,1,20,,28855,20,,,1,61,,28856,20,,,1,21,,28857,20,,,1,23,,28858,20,,,1,60,,28859,20,,,1,37,,28863,20,,,1,80,,28864,20,,,1,77,,28865,20,,,1,54,,28887,20,,,1,92,,28886,20,,,1,92,,28891,20,,,1,94,,28890,20,,,1,96,,28889,20,,,1,75,,28866,20,,,1,41,,28875,20,,,1,81,,28876,20,,,1,80,,28877,20,,,1,39,,28878,20,,,1,82,,28879,20,,,1,79,,28880,20,,,1,38,,28881,20,,,1,115,,28852,20,,,1,82,,28851,20,,,1,80,,28849,20,,,1,80,,28853,20,,,1,39,,28847,20,,,1,80,,28848,20,,,1,83,,28850,20,,,1,40,,28846,20,,,1,74,,28845,20,,,1
2302,'Holiday1',743,,33054,28,,,1,69,,33028,28,,,1,25,,33031,28,,,1,65,,33032,28,,,1,29,,33033,28,,,1,28,,33030,28,,,1,68,,33034,28,,,1,27,,33035,28,,,1,70,,33029,28,,,1,25,,33037,28,,,1,69,,33039,28,,,1,27,,33036,28,,,1,65,,33040,28,,,1,29,,33038,28,,,1,71,,33042,28,,,1,26,,33043,28,,,1,68,,33045,28,,,1,29,,33041,28,,,1,68,,33046,28,,,1,30,,33059,28,,,1,70,,33048,28,,,1,30,,33049,28,,,1,26,,33050,28,,,1,68,,33047,28,,,1,30,,33051,28,,,1,71,,33052,28,,,1,28,,33053,28,,,1,68,,33044,28,,,1,28,,33057,28,,,1,68,,33058,28,,,1,28,,33055,28,,,1,67,,33056,28,,,1
2302,'Saturday',536,,33060,28,,,1,70,,33062,28,,,1,30,,33082,28,,,1,72,,33081,28,,,1,38,,33085,28,,,1,72,,33084,28,,,1,25,,33088,28,,,1,67,,33089,28,,,1,23,,33086,28,,,1,68,,33087,28,,,1,27,,33090,28,,,1,28,,33093,28,,,1,70,,33094,28,,,1,27,,33091,28,,,1,69,,33092,28,,,1,28,,33083,28,,,1,68,,33072,28,,,1,28,,33075,28,,,1,67,,33076,28,,,1,27,,33077,28,,,1,68,,33074,28,,,1,29,,33073,28,,,1,69,,33079,28,,,1,30,,33080,28,,,1,69,,33078,28,,,1,28,,33064,28,,,1,68,,33065,28,,,1,29,,33061,28,,,1,72,,33071,28,,,1,33,,33063,28,,,1,72,,33067,28,,,1,32,,33069,28,,,1,69,,33066,28,,,1,29,,33068,28,,,1,69,,33070,28,,,1,30,,33098,28,,,1,70,,33097,28,,,1,30,,33096,28,,,1,70,,33095,28,,,1
2302,'Sunday',743,,33125,28,,,1,69,,33099,28,,,1,25,,33102,28,,,1,65,,33103,28,,,1,29,,33104,28,,,1,28,,33101,28,,,1,68,,33105,28,,,1,27,,33106,28,,,1,70,,33100,28,,,1,25,,33108,28,,,1,69,,33110,28,,,1,27,,33107,28,,,1,65,,33111,28,,,1,29,,33109,28,,,1,71,,33113,28,,,1,26,,33114,28,,,1,68,,33115,28,,,1,29,,33112,28,,,1,68,,33116,28,,,1,30,,33130,28,,,1,70,,33119,28,,,1,30,,33120,28,,,1,26,,33121,28,,,1,68,,33117,28,,,1,30,,33122,28,,,1,71,,33123,28,,,1,28,,33124,28,,,1,68,,33118,28,,,1,28,,33128,28,,,1,68,,33129,28,,,1,28,,33126,28,,,1,67,,33127,28,,,1
2302,'Weekday',451,,33131,28,,,1,55,,33141,28,,,1,18,,33142,28,,,1,14,,33140,28,,,1,15,,33144,28,,,1,56,,33146,28,,,1,15,,33147,28,,,1,15,,33148,28,,,1,15,,33145,28,,,1,55,,33149,28,,,1,15,,33143,28,,,1,15,,33150,28,,,1,15,,33151,28,,,1,60,,33152,28,,,1,16,,33153,28,,,1,17,,33137,28,,,1,58,,33134,28,,,1,27,,33136,28,,,1,69,,33154,28,,,1,31,,33155,28,,,1,71,,33156,28,,,1,29,,33157,28,,,1,70,,33158,28,,,1,30,,33159,28,,,1,72,,33160,28,,,1,30,,33161,28,,,1,69,,33139,28,,,1,22,,33185,28,,,1,19,,33182,28,,,1,59,,33184,28,,,1,15,,33181,28,,,1,15,,33183,28,,,1,17,,33180,28,,,1,57,,33162,28,,,1,15,,33163,28,,,1,15,,33164,28,,,1,15,,33165,28,,,1,55,,33166,28,,,1,15,,33167,28,,,1,15,,33168,28,,,1,15,,33169,28,,,1,55,,33170,28,,,1,15,,33171,28,,,1,15,,33132,28,,,1,17,,33138,28,,,1,53,,33135,28,,,1,15,,33133,28,,,1,34,,33172,28,,,1,74,,33173,28,,,1,72,,33174,28,,,1,30,,33175,28,,,1,77,,33176,28,,,1,34,,33177,28,,,1,74,,33178,28,,,1,34,,33179,28,,,1
3503,'Holiday1',828,,35107,34,,,1,85,,35106,34,,,1,46,,35115,34,,,1,87,,35109,34,,,1,85,,35111,34,,,1,85,,35113,34,,,1,85,,35108,34,,,1,45,,35114,34,,,1,85,,35105,34,,,1,85,,35110,34,,,1,85,,35112,34,,,1,45,,35116,34,,,1,85,,35117,34,,,1,85,,35120,34,,,1,85,,35118,34,,,1,45,,35119,34,,,1
3503,'Saturday',845,,35123,34,,,1,86,,35121,34,,,1,85,,35124,34,,,1,85,,35122,34,,,1,46,,35126,34,,,1,85,,35125,34,,,1,85,,35129,34,,,1,85,,35128,34,,,1,45,,35130,34,,,1,85,,35127,34,,,1,85,,35131,34,,,1,85,,35133,34,,,1,45,,35134,34,,,1,84,,35132,34,,,1,85,,35135,34,,,1,85,,35136,34,,,1,45,,35137,34,,,1
3503,'Sunday',828,,35140,34,,,1,85,,35139,34,,,1,46,,35148,34,,,1,87,,35142,34,,,1,85,,35144,34,,,1,85,,35146,34,,,1,85,,35141,34,,,1,45,,35147,34,,,1,85,,35138,34,,,1,85,,35143,34,,,1,85,,35145,34,,,1,45,,35149,34,,,1,85,,35150,34,,,1,85,,35153,34,,,1,85,,35151,34,,,1,45,,35152,34,,,1
3503,'Weekday',604,,35154,34,,,1,38,,35158,34,,,1,75,,35155,34,,,1,36,,35174,34,,,1,75,,35162,34,,,1,75,,35173,34,,,1,33,,35180,34,,,1,75,,35185,34,,,1,35,,35179,34,,,1,75,,35157,34,,,1,80,,35178,34,,,1,31,,35177,34,,,1,76,,35181,34,,,1,33,,35175,34,,,1,75,,35183,34,,,1,35,,35184,34,,,1,75,,35176,34,,,1,76,,35165,34,,,1,36,,35164,34,,,1,75,,35160,34,,,1,35,,35170,34,,,1,74,,35166,34,,,1,34,,35169,34,,,1,74,,35163,34,,,1,74,,35159,34,,,1,34,,35167,34,,,1,75,,35168,34,,,1,34,,35171,34,,,1,74,,35172,34,,,1,35,,35156,34,,,1,75,,35161,34,,,1,75,,35182,34,,,1
