603,'Holiday1',914,,15702,38,,,1,45,,15701,38,,,1,86,,15704,38,,,1,85,,15705,38,,,1,85,,15706,38,,,1,85,,15707,38,,,1,48,,15708,38,,,1,86,,15703,38,,,1,85,,15709,38,,,1,85,,15710,38,,,1,45,,15711,38,,,1,85,,15712,38,,,1,84,,15713,38,,,1,85,,15714,38,,,1,44,,15715,38,,,1
603,'Saturday',801,,15731,38,,,1,45,,15716,38,,,1,85,,15717,38,,,1,84,,15719,38,,,1,85,,15720,38,,,1,45,,15718,38,,,1,87,,15722,38,,,1,85,,15721,38,,,1,86,,15724,38,,,1,46,,15725,38,,,1,86,,15723,38,,,1,85,,15726,38,,,1,85,,15727,38,,,1,45,,15728,38,,,1,85,,15729,38,,,1,85,,15730,38,,,1
603,'Sunday',914,,15733,38,,,1,45,,15732,38,,,1,86,,15735,38,,,1,85,,15736,38,,,1,85,,15737,38,,,1,85,,15738,38,,,1,48,,15739,38,,,1,86,,15734,38,,,1,85,,15740,38,,,1,85,,15741,38,,,1,45,,15742,38,,,1,85,,15743,38,,,1,84,,15744,38,,,1,85,,15745,38,,,1,44,,15746,38,,,1
603,'Weekday',637,,15747,38,,,1,19,,15749,38,,,1,61,,15753,38,,,1,20,,15754,38,,,1,19,,15750,38,,,1,61,,15755,38,,,1,22,,15752,38,,,1,17,,15757,38,,,1,60,,15751,38,,,1,20,,15756,38,,,1,23,,15748,38,,,1,70,,15771,38,,,1,22,,15769,38,,,1,59,,15762,38,,,1,21,,15765,38,,,1,26,,15767,38,,,1,62,,15763,38,,,1,20,,15759,38,,,1,64,,15766,38,,,1,24,,15758,38,,,1,22,,15764,38,,,1,60,,15760,38,,,1,25,,15770,38,,,1,25,,15761,38,,,1,67,,15768,38,,,1,25,,15773,38,,,1,60,,15774,38,,,1,21,,15772,38,,,1,20,,15775,38,,,1,60,,15776,38,,,1,20,,15777,38,,,1,20,,15778,38,,,1,60,,15779,38,,,1,20,,15780,38,,,1,19,,15781,38,,,1,60,,15782,38,,,1,14,,15783,38,,,1,20,,15784,38,,,1,60,,15788,38,,,1,21,,15785,38,,,1,22,,15786,38,,,1,66,,15787,38,,,1,25,,15789,38,,,1,62,,15790,38,,,1,27,,15791,38,,,1,27,,15792,38,,,1,72,,15793,38,,,1,30,,15794,38,,,1
2902,'Holiday1',723,,20934,51,,,1,35,,20935,51,,,1,78,,20938,51,,,1,76,,20939,51,,,1,35,,20940,51,,,1,75,,20936,51,,,1,36,,20937,51,,,1,75,,20941,51,,,1,75,,20943,51,,,1,35,,20944,51,,,1,75,,20945,51,,,1,35,,20942,51,,,1,77,,20946,51,,,1,75,,20948,51,,,1,35,,20949,51,,,1,76,,20950,51,,,1,35,,20947,51,,,1,75,,20951,51,,,1,75,,20952,51,,,1,35,,20954,51,,,1,75,,20953,51,,,1,33,,20955,51,,,1,75,,20957,51,,,1,32,,20956,51,,,1,74,,20958,51,,,1,34,,20962,51,,,1,90,,20960,51,,,1,90,,20961,51,,,1,90,,20959,51,,,1
2902,'Saturday',653,,20969,51,,,1,65,,20977,51,,,1,26,,20979,51,,,1,67,,20980,51,,,1,25,,20978,51,,,1,66,,20981,51,,,1,26,,20982,51,,,1,25,,20983,51,,,1,66,,20984,51,,,1,31,,20985,51,,,1,64,,20988,51,,,1,26,,20986,51,,,1,65,,20987,51,,,1,25,,20989,51,,,1,25,,20990,51,,,1,65,,20991,51,,,1,25,,20992,51,,,1,67,,20993,51,,,1,25,,20994,51,,,1,65,,20995,51,,,1,25,,20996,51,,,1,25,,20998,51,,,1,67,,20999,51,,,1,25,,21000,51,,,1,65,,20997,51,,,1,25,,20976,51,,,1,25,,20973,51,,,1,64,,20975,51,,,1,23,,20974,51,,,1,67,,20972,51,,,1,28,,20971,51,,,1,82,,20964,51,,,1,35,,20965,51,,,1,72,,20963,51,,,1,29,,20967,51,,,1,79,,20968,51,,,1,90,,20966,51,,,1,90,,20970,51,,,1
2902,'Sunday',723,,21001,51,,,1,35,,21002,51,,,1,78,,21005,51,,,1,76,,21006,51,,,1,35,,21007,51,,,1,75,,21003,51,,,1,36,,21004,51,,,1,75,,21008,51,,,1,75,,21010,51,,,1,35,,21011,51,,,1,75,,21012,51,,,1,35,,21009,51,,,1,77,,21013,51,,,1,75,,21015,51,,,1,35,,21016,51,,,1,76,,21017,51,,,1,35,,21014,51,,,1,75,,21018,51,,,1,75,,21019,51,,,1,35,,21021,51,,,1,75,,21020,51,,,1,33,,21022,51,,,1,75,,21024,51,,,1,32,,21023,51,,,1,74,,21025,51,,,1,34,,21029,51,,,1,90,,21027,51,,,1,90,,21028,51,,,1,90,,21026,51,,,1
2902,'Weekday',626,,21031,51,,,1,32,,21030,60,0,5,1,56,,21066,60,0,5,1,16,,21063,60,0,5,1,17,,21062,60,0,5,1,56,,21059,60,0,5,1,16,,21058,60,0,5,1,16,,21061,60,0,5,1,16,,21060,60,0,5,1,55,,21065,60,0,5,1,15,,21064,60,0,5,1,14,,21068,60,0,5,1,14,,21067,60,0,5,1,58,,21070,60,0,5,1,16,,21069,60,0,5,1,24,,21032,51,,,1,65,,21033,51,,,1,25,,21034,51,,,1,66,,21035,51,,,1,27,,21036,51,,,1,22,,21037,51,,,1,65,,21038,51,,,1,25,,21039,51,,,1,65,,21040,51,,,1,29,,21041,51,,,1,79,,21042,51,,,1,19,,21044,60,0,5,1,4,,21056,38,,,1,10,,21045,60,0,5,1,59,,21071,60,0,5,1,18,,21072,60,0,5,1,18,,21073,60,0,5,1,14,,21057,60,0,5,1,44,,21074,60,0,5,1,18,,21075,60,0,5,1,18,,21076,60,0,5,1,18,,21077,60,0,5,1,57,,21078,60,0,5,1,16,,21079,60,0,5,1,18,,21080,60,0,5,1,56,,21081,60,0,5,1,18,,21082,60,0,5,1,16,,21083,60,0,5,1,17,,21084,60,0,5,1,57,,21085,60,0,5,1,15,,21086,60,0,5,1,17,,21087,60,0,5,1,15,,21043,60,0,5,1,65,,21048,51,,,1,33,,21049,51,,,1,72,,21050,51,,,1,32,,21051,51,,,1,68,,21052,51,,,1,29,,21053,51,,,1,70,,21054,51,,,1,30,,21055,51,,,1,70,,21046,51,,,1,30,,21047,51,,,1
6003,'Holiday1',845,,23762,29,,,1,104,,23761,29,,,1,105,,23763,29,,,1,105,,23760,29,,,1,145,,23765,29,,,1,105,,23766,29,,,1,106,,23767,29,,,1,105,,23764,29,,,1,105,,23768,29,,,1,104,,23769,29,,,1,106,,23770,29,,,1,104,,23759,29,,,1
6003,'Saturday',800,,23793,29,,,1,30,,23771,29,,,1,76,,23785,29,,,1,33,,23786,29,,,1,75,,23787,29,,,1,35,,23788,29,,,1,75,,23789,29,,,1,35,,23790,29,,,1,75,,23791,29,,,1,75,,23792,29,,,1,35,,23776,29,,,1,75,,23773,29,,,1,35,,23777,29,,,1,75,,23774,29,,,1,75,,23772,29,,,1,35,,23775,29,,,1,75,,23778,29,,,1,35,,23779,29,,,1,75,,23782,29,,,1,35,,23784,29,,,1,75,,23781,29,,,1,75,,23780,29,,,1,35,,23783,29,,,1
6003,'Sunday',845,,23797,29,,,1,104,,23796,29,,,1,105,,23798,29,,,1,105,,23795,29,,,1,145,,23800,29,,,1,105,,23801,29,,,1,106,,23802,29,,,1,105,,23799,29,,,1,105,,23803,29,,,1,104,,23804,29,,,1,106,,23805,29,,,1,104,,23794,29,,,1
6003,'Weekday',521,,23806,23,,,1,26,,23807,29,,,1,61,,23808,29,,,1,27,,23809,29,,,1,65,,23810,29,,,1,27,,23811,29,,,1,31,,23812,29,,,1,67,,23813,29,,,1,26,,23814,29,,,1,66,,23815,29,,,1,26,,23816,29,,,1,66,,23817,29,,,1,26,,23818,29,,,1,66,,23820,29,,,1,29,,23821,29,,,1,29,,23822,29,,,1,66,,23819,29,,,1,26,,23823,29,,,1,66,,23824,29,,,1,26,,23825,29,,,1,69,,23826,29,,,1,27,,23827,29,,,1,69,,23828,29,,,1,31,,23829,29,,,1,64,,23830,29,,,1,23,,23832,29,,,1,27,,23834,29,,,1,64,,23835,29,,,1,26,,23831,29,,,1,67,,23836,29,,,1,27,,23833,29,,,1,68,,23837,29,,,1,28,,23838,29,,,1,85,,23839,29,,,1,40,,23840,29,,,1,80,,23841,29,,,1,80,,23842,29,,,1,40,,23843,29,,,1,80,,23844,29,,,1,80,,23845,29,,,1,40,,23846,29,,,1
