501,'Holiday1',652,,15435,34,,,1,70,,15433,34,,,1,30,,15431,34,,,1,70,,15430,34,,,1,37,,15434,34,,,1,73,,15432,34,,,1,69,,15429,34,,,1,24,,15428,34,,,1,23,,15426,34,,,1,70,,15427,34,,,1,31,,15425,34,,,1,70,,15424,34,,,1,33,,15423,34,,,1,70,,15421,34,,,1,32,,15422,34,,,1,76,,15419,34,,,1,72,,15420,34,,,1,30,,15418,34,,,1,70,,15416,34,,,1,30,,15415,34,,,1,70,,15417,34,,,1,30,,15414,34,,,1,70,,15412,34,,,1,30,,15413,34,,,1,70,,15409,34,,,1,30,,15411,34,,,1,75,,15410,34,,,1,51,,15438,34,,,1,87,,15439,34,,,1,88,,15437,34,,,1,89,,15436,34,,,1
501,'Saturday',518,,15441,34,,,1,27,,15450,34,,,1,68,,15463,34,,,1,27,,15442,34,,,1,72,,15444,34,,,1,31,,15440,34,,,1,71,,15448,34,,,1,29,,15455,34,,,1,72,,15443,34,,,1,32,,15445,34,,,1,72,,15446,34,,,1,34,,15449,34,,,1,75,,15457,34,,,1,30,,15447,34,,,1,76,,15452,34,,,1,70,,15453,34,,,1,24,,15454,34,,,1,30,,15451,34,,,1,70,,15458,34,,,1,30,,15459,34,,,1,71,,15456,34,,,1,30,,15462,34,,,1,70,,15460,34,,,1,30,,15461,34,,,1,70,,15464,34,,,1,30,,15467,34,,,1,70,,15466,34,,,1,29,,15465,34,,,1,71,,15470,34,,,1,73,,15468,34,,,1,41,,15472,34,,,1,89,,15473,34,,,1,89,,15474,34,,,1,87,,15475,34,,,1,47,,15469,34,,,1,90,,15471,34,,,1
501,'Sunday',652,,15502,34,,,1,70,,15500,34,,,1,30,,15498,34,,,1,70,,15497,34,,,1,37,,15501,34,,,1,73,,15499,34,,,1,69,,15496,34,,,1,24,,15495,34,,,1,23,,15493,34,,,1,70,,15494,34,,,1,31,,15492,34,,,1,70,,15491,34,,,1,33,,15490,34,,,1,70,,15488,34,,,1,32,,15489,34,,,1,76,,15486,34,,,1,72,,15487,34,,,1,30,,15485,34,,,1,70,,15483,34,,,1,30,,15482,34,,,1,70,,15484,34,,,1,30,,15481,34,,,1,70,,15479,34,,,1,30,,15480,34,,,1,70,,15476,34,,,1,30,,15478,34,,,1,75,,15477,34,,,1,51,,15505,34,,,1,87,,15506,34,,,1,88,,15504,34,,,1,89,,15503,34,,,1
501,'Weekday',439,,15507,34,,,1,20,,15509,34,,,1,62,,15510,34,,,1,20,,15511,34,,,1,61,,15512,34,,,1,20,,15513,34,,,1,23,,15514,34,,,1,60,,15515,34,,,1,24,,15516,34,,,1,24,,15517,34,,,1,79,,15521,34,,,1,79,,15522,34,,,1,36,,15523,34,,,1,94,,15554,34,,,1,93,,15553,34,,,1,96,,15550,34,,,1,96,,15552,34,,,1,106,,15524,34,,,1,81,,15533,34,,,1,89,,15534,34,,,1,38,,15535,34,,,1,80,,15536,34,,,1,80,,15537,34,,,1,38,,15538,34,,,1,80,,15539,34,,,1,40,,15540,34,,,1,77,,15541,34,,,1,79,,15542,34,,,1,37,,15543,34,,,1,79,,15544,34,,,1,78,,15545,34,,,1,40,,15546,34,,,1,78,,15547,34,,,1,77,,15508,34,,,1
2301,'Holiday1',807,,19697,68,,,1,32,,19670,68,,,1,71,,19672,68,,,1,23,,19669,68,,,1,68,,19673,68,,,1,31,,19671,68,,,1,74,,19674,68,,,1,28,,19675,68,,,1,68,,19676,68,,,1,29,,19677,68,,,1,28,,19678,68,,,1,69,,19681,68,,,1,28,,19682,68,,,1,70,,19683,68,,,1,28,,19679,68,,,1,66,,19684,68,,,1,31,,19685,68,,,1,68,,19686,68,,,1,28,,19680,68,,,1,67,,19688,68,,,1,28,,19689,68,,,1,69,,19691,68,,,1,26,,19687,68,,,1,67,,19693,68,,,1,28,,19690,68,,,1,26,,19695,68,,,1,65,,19692,68,,,1,27,,19694,68,,,1,68,,19698,68,,,1,27,,19696,68,,,1,67,,19700,68,,,1,28,,19699,68,,,1
2301,'Saturday',717,,19702,68,,,1,30,,19701,68,,,1,68,,19711,68,,,1,29,,19715,68,,,1,71,,19716,68,,,1,29,,19713,68,,,1,67,,19712,68,,,1,27,,19714,68,,,1,68,,19717,68,,,1,28,,19718,68,,,1,71,,19719,68,,,1,29,,19720,68,,,1,68,,19722,68,,,1,29,,19723,68,,,1,70,,19724,68,,,1,29,,19721,68,,,1,28,,19725,68,,,1,70,,19727,68,,,1,29,,19728,68,,,1,66,,19729,68,,,1,29,,19726,68,,,1,65,,19730,68,,,1,28,,19731,68,,,1,67,,19732,68,,,1,32,,19733,68,,,1,78,,19705,68,,,1,29,,19703,68,,,1,70,,19706,68,,,1,29,,19704,68,,,1,69,,19708,68,,,1,28,,19710,68,,,1,70,,19707,68,,,1,29,,19709,68,,,1,69,,19734,68,,,1,30,,19736,68,,,1,70,,19735,68,,,1,30,,19737,68,,,1,70,,19738,68,,,1
2301,'Sunday',807,,19767,68,,,1,32,,19740,68,,,1,71,,19742,68,,,1,23,,19739,68,,,1,68,,19743,68,,,1,31,,19741,68,,,1,74,,19744,68,,,1,28,,19745,68,,,1,68,,19746,68,,,1,29,,19747,68,,,1,28,,19748,68,,,1,69,,19751,68,,,1,28,,19752,68,,,1,70,,19753,68,,,1,28,,19749,68,,,1,66,,19754,68,,,1,31,,19755,68,,,1,68,,19756,68,,,1,28,,19750,68,,,1,67,,19758,68,,,1,28,,19759,68,,,1,69,,19761,68,,,1,26,,19757,68,,,1,67,,19763,68,,,1,28,,19760,68,,,1,26,,19765,68,,,1,65,,19762,68,,,1,27,,19764,68,,,1,68,,19768,68,,,1,27,,19766,68,,,1,67,,19770,68,,,1,28,,19769,68,,,1
2301,'Weekday',511,,19771,68,,,1,15,,19772,68,,,1,15,,19773,68,,,1,16,,19774,68,,,1,57,,19775,68,,,1,15,,19776,68,,,1,14,,19777,68,,,1,14,,19778,68,,,1,56,,19779,68,,,1,15,,19780,68,,,1,16,,19781,68,,,1,57,,19783,68,,,1,15,,19784,68,,,1,18,,19785,68,,,1,16,,19782,68,,,1,55,,19787,68,,,1,13,,19788,68,,,1,15,,19789,68,,,1,15,,19786,68,,,1,54,,19790,68,,,1,30,,19791,68,,,1,68,,19792,68,,,1,31,,19793,68,,,1,76,,19794,68,,,1,30,,19795,68,,,1,66,,19796,68,,,1,29,,19797,68,,,1,70,,19798,68,,,1,29,,19799,68,,,1,21,,19830,68,,,1,60,,19800,68,,,1,16,,19829,68,,,1,15,,19826,68,,,1,15,,19828,68,,,1,53,,19827,68,,,1,14,,19802,68,,,1,15,,19801,68,,,1,15,,19803,68,,,1,55,,19805,68,,,1,14,,19807,68,,,1,15,,19808,68,,,1,15,,19809,68,,,1,55,,19806,68,,,1,14,,19810,68,,,1,15,,19804,68,,,1,15,,19811,68,,,1,55,,19812,68,,,1,15,,19813,68,,,1,14,,19814,68,,,1,14,,19815,68,,,1,60,,19816,68,,,1,33,,19817,68,,,1,73,,19818,68,,,1,32,,19820,68,,,1,74,,19821,68,,,1,33,,19822,68,,,1,71,,19819,68,,,1,32,,19823,68,,,1,74,,19824,68,,,1,74,,19825,68,,,1
21100,'Weekday',1509,,24473,15,4,,1
21400,'Weekday',753,,24479,4,,,1
