501,'Holiday1',640,,28626,30,,,1,73,,28624,30,,,1,33,,28621,30,,,1,75,,28622,30,,,1,35,,28625,30,,,1,71,,28623,30,,,1,31,,28620,30,,,1,62,,28619,30,,,1,19,,28617,30,,,1,76,,28618,30,,,1,34,,28616,30,,,1,71,,28615,30,,,1,37,,28614,30,,,1,69,,28612,30,,,1,28,,28613,30,,,1,67,,28610,30,,,1,31,,28611,30,,,1,76,,28609,30,,,1,30,,28607,30,,,1,79,,28606,30,,,1,63,,28608,30,,,1,29,,28605,30,,,1,30,,28603,30,,,1,72,,28604,30,,,1,82,,28600,30,,,1,20,,28602,30,,,1,71,,28601,30,,,1,97,,28629,30,,,1,41,,28630,30,,,1,88,,28628,30,,,1,89,,28627,30,,,1
501,'Saturday',516,,28631,30,,,1,27,,28641,30,,,1,67,,28654,30,,,1,27,,28632,30,,,1,72,,28635,30,,,1,31,,28634,30,,,1,71,,28639,30,,,1,29,,28646,30,,,1,72,,28633,30,,,1,32,,28636,30,,,1,72,,28637,30,,,1,34,,28640,30,,,1,75,,28648,30,,,1,30,,28638,30,,,1,76,,28643,30,,,1,70,,28644,30,,,1,24,,28645,30,,,1,30,,28642,30,,,1,70,,28649,30,,,1,30,,28650,30,,,1,71,,28647,30,,,1,30,,28653,30,,,1,70,,28651,30,,,1,30,,28652,30,,,1,70,,28655,30,,,1,30,,28658,30,,,1,70,,28657,30,,,1,29,,28656,30,,,1,71,,28661,30,,,1,33,,28659,30,,,1,81,,28663,30,,,1,90,,28664,30,,,1,88,,28665,30,,,1,88,,28666,30,,,1,47,,28660,30,,,1,90,,28662,30,,,1
501,'Sunday',640,,28693,30,,,1,73,,28691,30,,,1,33,,28689,30,,,1,75,,28688,30,,,1,35,,28692,30,,,1,71,,28690,30,,,1,31,,28687,30,,,1,62,,28686,30,,,1,19,,28684,30,,,1,76,,28685,30,,,1,34,,28683,30,,,1,71,,28682,30,,,1,37,,28681,30,,,1,69,,28679,30,,,1,28,,28680,30,,,1,67,,28677,30,,,1,31,,28678,30,,,1,76,,28676,30,,,1,30,,28674,30,,,1,79,,28673,30,,,1,63,,28675,30,,,1,29,,28672,30,,,1,30,,28670,30,,,1,72,,28671,30,,,1,82,,28667,30,,,1,20,,28669,30,,,1,71,,28668,30,,,1,97,,28696,30,,,1,41,,28697,30,,,1,88,,28695,30,,,1,89,,28694,30,,,1
501,'Weekday',436,,28698,30,,,1,20,,28700,30,,,1,62,,28701,30,,,1,20,,28702,30,,,1,20,,28703,30,,,1,60,,28704,30,,,1,23,,28705,30,,,1,60,,28706,30,,,1,24,,28707,30,,,1,24,,28708,30,,,1,62,,28709,30,0,5,1,18,,28712,30,,,1,21,,28710,30,0,5,1,58,,28713,30,,,1,20,,28711,30,0,5,1,16,,28714,30,,,1,69,,28740,30,0,5,1,25,,28745,30,,,1,69,,28739,30,0,5,1,24,,28744,30,,,1,70,,28742,30,0,5,1,26,,28741,30,,,1,30,,28747,30,0,5,1,66,,28743,30,,,1,28,,28746,30,0,5,1,78,,28715,30,,,1,24,,28716,30,0,5,1,57,,28724,30,,,1,22,,28717,30,0,5,1,27,,28725,30,,,1,62,,28718,30,0,5,1,16,,28726,30,,,1,64,,28719,30,0,5,1,16,,28727,30,,,1,22,,28720,30,0,5,1,18,,28728,30,,,1,61,,28721,30,0,5,1,17,,28729,30,,,1,24,,28722,30,0,5,1,56,,28730,30,,,1,22,,28723,30,0,5,1,18,,28731,30,,,1,77,,28732,30,,,1,79,,28733,30,,,1,37,,28734,30,,,1,79,,28735,30,,,1,78,,28736,30,,,1,40,,28737,30,,,1,79,,28738,30,,,1,77,,28699,30,,,1
3504,'Holiday1',850,,35194,4,,,1,85,,35189,4,,,1,85,,35195,4,,,1,85,,35188,4,,,1,45,,35187,4,,,1,85,,35193,4,,,1,85,,35186,4,,,1,85,,35190,4,,,1,45,,35192,4,,,1,85,,35191,4,,,1,85,,35197,4,,,1,85,,35196,4,,,1,45,,35198,4,,,1,85,,35200,4,,,1,85,,35199,4,,,1,85,,35201,4,,,1
3504,'Saturday',906,,35204,4,,,1,45,,35202,4,,,1,85,,35203,4,,,1,85,,35205,4,,,1,85,,35207,4,,,1,45,,35206,4,,,1,85,,35208,4,,,1,85,,35209,4,,,1,85,,35210,4,,,1,45,,35211,4,,,1,85,,35213,4,,,1,85,,35212,4,,,1,85,,35216,4,,,1,45,,35214,4,,,1,85,,35215,4,,,1,85,,35217,4,,,1
3504,'Sunday',850,,35225,4,,,1,85,,35221,4,,,1,85,,35226,4,,,1,85,,35220,4,,,1,45,,35219,4,,,1,85,,35224,4,,,1,85,,35218,4,,,1,85,,35222,4,,,1,45,,35227,4,,,1,85,,35223,4,,,1,85,,35229,4,,,1,85,,35228,4,,,1,45,,35230,4,,,1,85,,35232,4,,,1,85,,35231,4,,,1,85,,35233,4,,,1
3504,'Weekday',520,,35234,4,,,1,35,,35235,4,,,1,75,,35236,4,,,1,75,,35238,4,,,1,35,,35239,4,,,1,75,,35237,4,,,1,35,,35241,4,,,1,75,,35242,4,,,1,75,,35240,4,,,1,35,,35243,4,,,1,75,,35244,4,,,1,35,,35245,4,,,1,79,,35246,4,,,1,31,,35247,4,,,1,75,,35248,4,,,1,75,,35249,4,,,1,35,,35250,4,,,1,75,,35251,4,,,1,35,,35252,4,,,1,75,,35253,4,,,1,75,,35254,4,,,1,35,,35255,4,,,1,75,,35256,4,,,1,35,,35257,4,,,1,75,,35258,4,,,1,35,,35260,4,,,1,75,,35259,4,,,1,75,,35262,4,,,1,35,,35263,4,,,1,75,,35261,4,,,1,35,,35264,4,,,1,75,,35265,4,,,1
50501,'Holiday1',1019,,38879,13,,,1,18,,38885,13,,,1,18,,38886,13,,,1,59,,38887,13,,,1,20,,38888,13,,,1,18,,38889,13,,,1,59,,38890,13,,,1,18,,38891,13,,,1,19,,38892,13,,,1,58,,38893,13,,,1,19,,38894,13,,,1,19,,38895,13,,,1,58,,38896,13,,,1,18,,38897,13,,,1,17,,38898,13,,,1,18,,38899,13,,,1,58,,38900,13,,,1,20,,38901,13,,,1,18,,38902,13,,,1,58,,38903,13,,,1,18,,38904,13,,,1,17,,38905,13,,,1,58,,38906,13,,,1,18,,38907,13,,,1,17,,38883,13,,,1,18,,38881,13,,,1,58,,38882,13,,,1,18,,38880,13,,,1,18,,38884,13,,,1
50501,'Saturday',920,,38909,13,,,1,26,,38908,13,,,1,58,,38910,13,,,1,20,,38912,13,,,1,20,,38913,13,,,1,58,,38914,13,,,1,19,,38915,13,,,1,18,,38916,13,,,1,18,,38917,13,,,1,58,,38918,13,,,1,17,,38919,13,,,1,18,,38920,13,,,1,58,,38921,13,,,1,20,,38922,13,,,1,18,,38923,13,,,1,58,,38924,13,,,1,18,,38925,13,,,1,18,,38926,13,,,1,18,,38927,13,,,1,58,,38928,13,,,1,18,,38929,13,,,1,18,,38930,13,,,1,59,,38931,13,,,1,19,,38932,13,,,1,18,,38933,13,,,1,58,,38934,13,,,1,18,,38935,13,,,1,17,,38936,13,,,1,18,,38937,13,,,1,57,,38938,13,,,1,18,,38939,13,,,1,17,,38940,13,,,1,59,,38911,13,,,1
50501,'Sunday',1019,,38941,13,,,1,18,,38947,13,,,1,18,,38948,13,,,1,59,,38949,13,,,1,20,,38950,13,,,1,18,,38951,13,,,1,59,,38952,13,,,1,18,,38953,13,,,1,19,,38954,13,,,1,58,,38955,13,,,1,19,,38956,13,,,1,19,,38957,13,,,1,58,,38958,13,,,1,18,,38959,13,,,1,17,,38960,13,,,1,18,,38961,13,,,1,58,,38962,13,,,1,20,,38963,13,,,1,18,,38964,13,,,1,58,,38965,13,,,1,18,,38966,13,,,1,17,,38967,13,,,1,58,,38968,13,,,1,18,,38969,13,,,1,17,,38945,13,,,1,18,,38943,13,,,1,58,,38944,13,,,1,18,,38942,13,,,1,18,,38946,13,,,1
50501,'Weekday',549,,38970,9,,,1,58,,38971,13,,,1,19,,38973,13,,,1,19,,38974,13,,,1,58,,38975,13,,,1,20,,38976,13,,,1,20,,38977,13,,,1,58,,38978,13,,,1,18,,38979,13,,,1,19,,38980,13,,,1,18,,38981,13,,,1,59,,38982,13,,,1,15,,38983,13,,,1,18,,38984,13,,,1,58,,38985,13,,,1,16,,38986,13,,,1,17,,38987,13,,,1,18,,38988,13,,,1,58,,38989,13,,,1,20,,38990,13,,,1,18,,38991,13,,,1,58,,38992,13,,,1,19,,38993,13,,,1,18,,38994,13,,,1,58,,38995,13,,,1,17,,38996,13,,,1,19,,38997,13,,,1,58,,38998,13,,,1,19,,38999,13,,,1,19,,39000,13,,,1,18,,39001,13,,,1,59,,39002,13,,,1,18,,39003,13,,,1,18,,39004,13,,,1,57,,39005,13,,,1,18,,39006,13,,,1,18,,39007,13,,,1,58,,39008,13,,,1,18,,39009,13,,,1,17,,39010,13,,,1,18,,39011,13,,,1,58,,39012,13,,,1,18,,39013,13,,,1,19,,39014,13,,,1,57,,39015,13,,,1,17,,39016,13,,,1,16,,39017,13,,,1,18,,39018,13,,,1,58,,39019,13,,,1,18,,38972,13,,,1
