1004,'Weekday',525,,30082,1,,,1,30,,30078,1,,,1,61,,30090,1,,,1,33,,30080,1,,,1,61,,30076,1,,,1,15,,30086,1,,,1,32,,30079,1,,,1,68,,30092,1,,,1,24,,30081,1,,,1,65,,30077,1,,,1,20,,30085,1,,,1,86,,30089,1,,,1,95,,30083,1,,,1,94,,30087,1,,,1,95,,30084,1,,,1,46,,30088,1,,,1,70,,30093,1,,,1,25,,30091,1,,,1,56,,30095,1,,,1,25,,30094,1,,,1,26,,30096,1,,,1,69,,30097,1,,,1,30,,30098,1,,,1,56,,30099,1,,,1,31,,30100,1,,,1,20,,30101,1,,,1,72,,30102,1,,,1,25,,30103,1,,,1
1603,'Holiday1',851,,31867,25,4,,1,81,,31868,25,4,,1,81,,31863,25,4,,1,40,,31865,25,4,,1,79,,31869,25,4,,1,80,,31864,25,4,,1,40,,31866,25,4,,1,80,,31870,25,4,,1,81,,31872,25,4,,1,40,,31871,25,4,,1,81,,31873,25,4,,1,78,,31874,25,4,,1,40,,31875,25,4,,1,80,,31876,25,4,,1,80,,31878,25,4,,1,39,,31877,25,4,,1,80,,31880,25,4,,1,80,,31879,25,4,,1,40,,31881,25,4,,1,80,,31882,25,4,,1,79,,31883,25,4,,1,40,,31884,25,4,,1
1603,'Saturday',636,,31886,25,4,,1,80,,31887,25,4,,1,40,,31885,25,4,,1,80,,31888,25,4,,1,80,,31890,25,4,,1,40,,31889,25,4,,1,80,,31891,25,4,,1,82,,31892,25,4,,1,40,,31893,25,4,,1,79,,31894,25,4,,1,80,,31895,25,4,,1,40,,31896,25,4,,1,80,,31897,25,4,,1,81,,31898,25,4,,1,40,,31899,25,4,,1,79,,31900,25,4,,1,80,,31902,25,4,,1,40,,31903,25,4,,1,80,,31901,25,4,,1,79,,31904,25,4,,1,40,,31905,25,4,,1,80,,31906,25,4,,1,80,,31908,25,4,,1,40,,31907,25,4,,1,80,,31909,25,4,,1,79,,31910,25,4,,1,40,,31912,25,4,,1,80,,31911,25,4,,1
1603,'Sunday',851,,31917,25,4,,1,81,,31918,25,4,,1,81,,31913,25,4,,1,40,,31915,25,4,,1,79,,31919,25,4,,1,80,,31914,25,4,,1,40,,31916,25,4,,1,80,,31920,25,4,,1,81,,31922,25,4,,1,40,,31921,25,4,,1,81,,31923,25,4,,1,78,,31924,25,4,,1,40,,31925,25,4,,1,80,,31926,25,4,,1,80,,31927,25,4,,1,39,,31928,25,4,,1,80,,31930,25,4,,1,80,,31929,25,4,,1,40,,31931,25,4,,1,80,,31932,25,4,,1,79,,31933,25,4,,1,40,,31934,25,4,,1
1603,'Weekday',602,,31935,25,4,,1,46,,31939,25,4,,1,72,,31940,25,4,,1,30,,31941,25,4,,1,77,,31938,25,4,,1,74,,31942,25,4,,1,32,,31943,25,4,,1,71,,31936,25,4,,1,33,,31937,25,4,,1,86,,31960,25,4,,1,86,,31961,25,4,,1,47,,31962,25,4,,1,87,,31963,25,4,,1,88,,31964,25,4,,1,87,,31965,25,4,,1,23,,31946,25,4,,1,67,,31944,25,4,,1,33,,31947,25,4,,1,76,,31948,25,4,,1,31,,31949,25,4,,1,69,,31950,25,4,,1,31,,31951,25,4,,1,66,,31952,25,4,,1,24,,31953,25,4,,1,70,,31954,25,4,,1,45,,31955,25,4,,1,83,,31956,25,4,,1,86,,31957,25,4,,1,85,,31958,25,4,,1,45,,31959,25,4,,1,85,,31945,25,4,,1
1604,'Holiday1',815,,31970,1,,,1,40,,31974,1,,,1,80,,31966,1,,,1,80,,31968,1,,,1,40,,31973,1,,,1,80,,31967,1,,,1,80,,31969,1,,,1,40,,31971,1,,,1,80,,31972,1,,,1,80,,31976,1,,,1,42,,31975,1,,,1,78,,31978,1,,,1,80,,31977,1,,,1,40,,31979,1,,,1,80,,31982,1,,,1,80,,31981,1,,,1,40,,31980,1,,,1,80,,31984,1,,,1,80,,31983,1,,,1,40,,31985,1,,,1,80,,31986,1,,,1,80,,31987,1,,,1,40,,31988,1,,,1
1604,'Saturday',600,,31989,1,,,1,40,,31990,1,,,1,80,,31991,1,,,1,80,,31992,1,,,1,40,,31993,1,,,1,80,,31994,1,,,1,80,,31995,1,,,1,40,,31996,1,,,1,80,,31997,1,,,1,80,,31998,1,,,1,40,,32000,1,,,1,80,,31999,1,,,1,80,,32002,1,,,1,40,,32001,1,,,1,80,,32003,1,,,1,80,,32004,1,,,1,40,,32006,1,,,1,80,,32005,1,,,1,80,,32007,1,,,1,40,,32008,1,,,1,80,,32009,1,,,1,80,,32011,1,,,1,40,,32013,1,,,1,80,,32010,1,,,1,80,,32012,1,,,1,40,,32014,1,,,1,80,,32015,1,,,1,80,,32016,1,,,1
1604,'Sunday',815,,32021,1,,,1,40,,32025,1,,,1,80,,32017,1,,,1,80,,32019,1,,,1,40,,32024,1,,,1,80,,32018,1,,,1,80,,32020,1,,,1,40,,32022,1,,,1,80,,32023,1,,,1,80,,32027,1,,,1,42,,32026,1,,,1,78,,32029,1,,,1,80,,32028,1,,,1,40,,32030,1,,,1,80,,32033,1,,,1,80,,32032,1,,,1,40,,32031,1,,,1,80,,32035,1,,,1,80,,32034,1,,,1,40,,32036,1,,,1,80,,32037,1,,,1,80,,32038,1,,,1,40,,32039,1,,,1
1604,'Weekday',525,,32040,1,,,1,78,,32041,1,,,1,29,,32042,1,,,1,23,,32043,1,,,1,88,,32044,1,,,1,75,,32045,1,,,1,36,,32046,1,,,1,71,,32047,1,,,1,33,,32048,1,,,1,87,,32065,1,,,1,84,,32066,1,,,1,87,,32067,1,,,1,86,,32068,1,,,1,48,,32069,1,,,1,86,,32070,1,,,1,23,,32049,1,,,1,67,,32050,1,,,1,32,,32051,1,,,1,70,,32052,1,,,1,30,,32053,1,,,1,70,,32054,1,,,1,30,,32055,1,,,1,70,,32056,1,,,1,30,,32057,1,,,1,68,,32058,1,,,1,89,,32059,1,,,1,43,,32060,1,,,1,87,,32061,1,,,1,85,,32062,1,,,1,85,,32063,1,,,1,85,,32064,1,,,1
2002,'Weekday',613,,32848,27,4,,1,30,,32838,27,4,,1,74,,32834,27,4,,1,3,,32844,27,4,,1,30,,32836,27,4,,1,72,,32850,27,4,,1,20,,32839,27,4,,1,67,,32835,27,4,,1,17,,32843,27,4,,1,25,,32837,27,4,,1,65,,32851,27,4,,1,24,,32840,27,4,,1,75,,32841,26,4,,1,91,,32849,26,4,,1,52,,32842,26,4,,1,89,,32846,26,4,,1,96,,32847,26,4,,1,12,,32845,27,4,,1,65,,32852,27,4,,1,28,,32853,27,4,,1,68,,32854,27,4,,1,28,,32855,27,4,,1,59,,32856,27,4,,1,28,,32857,27,4,,1,23,,32859,27,4,,1,71,,32858,27,4,,1,24,,32860,27,4,,1,57,,32861,27,4,,1,28,,32862,27,4,,1,21,,32863,27,4,,1,303,,32864,26,4,,1,77,,32865,26,4,,1
