3103,'Holiday1',926,,34821,1,,,1,5,,34830,1,0,5,1,100,,34822,1,,,1,5,,34831,1,0,5,1,100,,34823,1,,,1,5,,34832,1,0,5,1,100,,34824,1,,,1,5,,34834,1,0,5,1,100,,34825,1,,,1,5,,34833,1,0,5,1,100,,34826,1,,,1,5,,34835,1,0,5,1,100,,34828,1,,,1,45,,34836,1,0,5,1,100,,34827,1,,,1,5,,34837,1,0,5,1,100,,34829,1,,,1,5,,34838,1,0,5,1
3103,'Saturday',833,,34850,1,0,5,1,6,,34848,1,,,1,89,,34847,1,,,1,5,,34851,1,0,5,1,103,,34839,1,,,1,5,,34852,1,0,5,1,100,,34841,1,,,1,5,,34854,1,0,5,1,100,,34842,1,,,1,5,,34855,1,0,5,1,99,,34840,1,,,1,5,,34853,1,0,5,1,101,,34843,1,,,1,45,,34857,1,0,5,1,100,,34844,1,,,1,5,,34858,1,0,5,1,100,,34845,1,,,1,5,,34856,1,0,5,1,100,,34846,1,,,1,5,,34859,1,0,5,1,97,,34849,1,,,1,5,,34860,1,0,5,1
3103,'Sunday',926,,34861,1,,,1,5,,34870,1,0,5,1,100,,34862,1,,,1,5,,34871,1,0,5,1,100,,34863,1,,,1,5,,34872,1,0,5,1,100,,34864,1,,,1,5,,34874,1,0,5,1,100,,34865,1,,,1,5,,34873,1,0,5,1,100,,34866,1,,,1,5,,34875,1,0,5,1,100,,34868,1,,,1,45,,34876,1,0,5,1,100,,34867,1,,,1,5,,34877,1,0,5,1,100,,34869,1,,,1,5,,34878,1,0,5,1
3103,'Weekday',535,,34884,1,,,1,5,,34910,1,0,5,1,68,,34886,1,,,1,32,,34885,1,,,1,5,,34911,1,0,5,1,67,,34888,1,,,1,32,,34889,1,,,1,5,,34912,1,0,5,1,67,,34887,1,,,1,32,,34890,1,,,1,5,,34913,1,0,5,1,67,,34891,1,,,1,32,,34892,1,,,1,5,,34914,1,0,5,1,67,,34893,1,,,1,32,,34894,1,,,1,45,,34915,1,0,5,1,27,,34895,1,,,1,72,,34896,1,,,1,5,,34916,1,0,5,1,27,,34897,1,,,1,72,,34898,1,,,1,5,,34917,1,0,5,1,27,,34899,1,,,1,72,,34900,1,,,1,5,,34918,1,0,5,1,27,,34901,1,,,1,72,,34902,1,,,1,5,,34919,1,0,5,1,27,,34903,1,,,1,72,,34904,1,,,1,5,,34920,1,0,5,1,27,,34905,1,,,1,72,,34906,1,,,1,5,,34921,1,0,5,1,27,,34907,1,,,1,72,,34908,1,,,1,32,,34909,1,,,1,79,,34882,1,,,1,110,,34881,1,,,1,100,,34880,1,,,1,100,,34879,1,,,1,100,,34883,1,,,1
3104,'Holiday1',920,,34934,21,4,,1,92,,34933,21,4,,1,1,,34935,23,4,,1,104,,34932,21,4,,1,1,,34936,23,4,,1,104,,34931,21,4,,1,1,,34937,23,4,,1,104,,34930,21,4,,1,1,,34938,23,4,,1,104,,34929,21,4,,1,1,,34939,23,4,,1,104,,34928,21,4,,1,1,,34940,23,4,,1,104,,34925,21,4,,1,1,,34941,23,4,,1,104,,34927,21,4,,1,1,,34942,23,4,,1,104,,34926,21,4,,1,1,,34943,23,4,,1
3104,'Saturday',819,,34954,21,4,,1,90,,34956,23,4,,1,10,,34953,21,4,,1,89,,34945,21,4,,1,1,,34957,23,4,,1,107,,34944,21,4,,1,1,,34958,23,4,,1,104,,34946,21,4,,1,1,,34959,23,4,,1,104,,34947,21,4,,1,1,,34961,23,4,,1,103,,34948,21,4,,1,1,,34962,23,4,,1,105,,34949,21,4,,1,1,,34960,23,4,,1,104,,34950,21,4,,1,1,,34963,23,4,,1,104,,34951,21,4,,1,1,,34964,23,4,,1,103,,34952,21,4,,1,1,,34965,23,4,,1,101,,34955,21,4,,1,1,,34966,23,4,,1
3104,'Sunday',920,,34976,21,4,,1,92,,34975,21,4,,1,1,,34977,23,4,,1,104,,34974,21,4,,1,1,,34978,23,4,,1,104,,34973,21,4,,1,1,,34979,23,4,,1,104,,34972,21,4,,1,1,,34980,23,4,,1,104,,34971,21,4,,1,1,,34981,23,4,,1,104,,34970,21,4,,1,1,,34982,23,4,,1,104,,34967,21,4,,1,1,,34983,23,4,,1,104,,34969,21,4,,1,1,,34984,23,4,,1,104,,34968,21,4,,1,1,,34985,23,4,,1
3104,'Weekday',515,,34987,21,4,,1,32,,34996,21,4,,1,73,,35018,23,4,,1,1,,34997,21,4,,1,33,,34998,21,4,,1,71,,35019,23,4,,1,1,,34994,21,4,,1,32,,34995,21,4,,1,71,,35020,23,4,,1,1,,34999,21,4,,1,72,,35000,21,4,,1,31,,35021,23,4,,1,1,,35001,21,4,,1,72,,35002,21,4,,1,31,,35003,21,4,,1,71,,35005,21,4,,1,32,,35006,21,4,,1,1,,35023,23,4,,1,71,,35004,21,4,,1,32,,35008,21,4,,1,1,,35024,23,4,,1,71,,35009,21,4,,1,32,,35007,21,4,,1,1,,35025,23,4,,1,71,,35010,21,4,,1,32,,35011,21,4,,1,1,,35026,23,4,,1,71,,35012,21,4,,1,32,,35013,21,4,,1,1,,35027,23,4,,1,72,,35014,21,4,,1,72,,35015,21,4,,1,1,,35028,23,4,,1,31,,35016,21,4,,1,72,,35017,21,4,,1,1,,35029,23,4,,1,30,,34992,21,4,,1,67,,35030,23,4,,1,4,,34993,21,4,,1,31,,34988,21,4,,1,74,,35031,23,4,,1,4,,34986,21,4,,1,105,,35032,23,4,,1,4,,34991,21,4,,1,100,,34989,21,4,,1,100,,34990,21,4,,1
5004,'Holiday1',715,,35582,24,,,1,30,,35580,24,,,1,13,,35583,19,0,5,1,56,,35572,24,,,1,24,,35585,19,0,5,1,6,,35570,24,,,1,71,,35579,24,,,1,13,,35584,19,0,5,1,18,,35553,24,,,1,56,,35586,19,0,5,1,14,,35554,24,,,1,30,,35552,24,,,1,12,,35587,19,0,5,1,57,,35576,24,,,1,22,,35588,19,0,5,1,14,,35555,24,,,1,59,,35550,24,,,1,18,,35589,19,0,5,1,16,,35551,24,,,1,60,,35590,19,0,5,1,17,,35574,24,,,1,23,,35556,24,,,1,14,,35591,19,0,5,1,56,,35557,24,,,1,19,,35594,19,0,5,1,17,,35558,24,,,1,64,,35577,24,,,1,13,,35592,19,0,5,1,17,,35560,24,,,1,60,,35596,19,0,5,1,16,,35561,24,,,1,25,,35562,24,,,1,13,,35593,19,0,5,1,57,,35578,24,,,1,12,,35597,19,0,5,1,18,,35559,24,,,1,70,,35563,24,,,1,13,,35595,19,0,5,1,16,,35564,24,,,1,66,,35598,19,0,5,1,21,,35565,24,,,1,20,,35599,19,0,5,1,58,,35566,24,,,1,26,,35603,19,0,5,1,20,,35568,24,,,1,64,,35602,19,0,5,1,10,,35569,24,,,1,78,,35567,24,,,1,6,,35601,19,0,5,1,34,,35571,24,,,1,10,,35605,19,0,5,1,80,,35604,19,0,5,1
5004,'Saturday',505,,35639,24,,,1,40,,35635,24,,,1,80,,35628,24,,,1,80,,35625,24,,,1,17,,35640,19,0,5,1,23,,35606,24,,,1,62,,35641,19,0,5,1,19,,35607,24,,,1,26,,35644,19,0,5,1,53,,35608,24,,,1,31,,35642,19,0,5,1,14,,35609,24,,,1,69,,35638,24,,,1,3,,35643,19,0,5,1,24,,35610,24,,,1,60,,35647,19,0,5,1,10,,35611,24,,,1,30,,35613,24,,,1,6,,35648,19,0,5,1,63,,35614,24,,,1,21,,35645,19,0,5,1,9,,35615,24,,,1,69,,35612,24,,,1,8,,35646,19,0,5,1,22,,35636,24,,,1,61,,35649,19,0,5,1,5,,35616,24,,,1,34,,35617,24,,,1,7,,35651,19,0,5,1,64,,35618,24,,,1,22,,35652,19,0,5,1,8,,35620,24,,,1,70,,35637,24,,,1,7,,35653,19,0,5,1,23,,35621,24,,,1,62,,35650,19,0,5,1,13,,35622,24,,,1,25,,35619,24,,,1,7,,35654,19,0,5,1,61,,35624,24,,,1,21,,35656,19,0,5,1,13,,35631,24,,,1,68,,35630,24,,,1,7,,35657,19,0,5,1,21,,35626,24,,,1,64,,35658,19,0,5,1,25,,35629,24,,,1,20,,35655,19,0,5,1,52,,35623,24,,,1,30,,35659,19,0,5,1,9,,35627,24,,,1,71,,35661,19,0,5,1,11,,35632,24,,,1,75,,35633,24,,,1,6,,35662,19,0,5,1,36,,35634,24,,,1,9,,35660,19,0,5,1
5004,'Sunday',715,,35695,24,,,1,30,,35693,24,,,1,13,,35696,19,0,5,1,56,,35685,24,,,1,24,,35699,19,0,5,1,6,,35683,24,,,1,71,,35692,24,,,1,13,,35697,19,0,5,1,18,,35666,24,,,1,56,,35698,19,0,5,1,14,,35667,24,,,1,30,,35665,24,,,1,12,,35700,19,0,5,1,57,,35689,24,,,1,22,,35701,19,0,5,1,14,,35668,24,,,1,59,,35663,24,,,1,18,,35702,19,0,5,1,16,,35664,24,,,1,60,,35703,19,0,5,1,17,,35687,24,,,1,23,,35669,24,,,1,14,,35704,19,0,5,1,56,,35670,24,,,1,19,,35707,19,0,5,1,17,,35671,24,,,1,64,,35690,24,,,1,13,,35705,19,0,5,1,17,,35673,24,,,1,60,,35709,19,0,5,1,16,,35674,24,,,1,25,,35675,24,,,1,13,,35706,19,0,5,1,57,,35691,24,,,1,12,,35710,19,0,5,1,18,,35672,24,,,1,70,,35676,24,,,1,13,,35708,19,0,5,1,16,,35677,24,,,1,66,,35711,19,0,5,1,21,,35678,24,,,1,20,,35712,19,0,5,1,58,,35679,24,,,1,26,,35716,19,0,5,1,20,,35681,24,,,1,64,,35715,19,0,5,1,10,,35682,24,,,1,78,,35680,24,,,1,6,,35714,19,0,5,1,34,,35684,24,,,1,10,,35718,19,0,5,1,80,,35717,19,0,5,1
5004,'Weekday',506,,35720,24,,,1,11,,35719,19,0,5,1,4,,35758,24,,,1,15,,35759,24,,,1,11,,35749,19,0,5,1,4,,35760,24,,,1,55,,35762,24,,,1,11,,35755,19,0,5,1,6,,35763,24,,,1,15,,35764,24,,,1,8,,35725,19,0,5,1,7,,35761,24,,,1,55,,35765,24,,,1,9,,35733,19,0,5,1,6,,35766,24,,,1,15,,35767,24,,,1,10,,35745,19,0,5,1,5,,35768,24,,,1,57,,35769,24,,,1,11,,35753,19,0,5,1,8,,35770,24,,,1,15,,35771,24,,,1,7,,35737,19,0,5,1,8,,35772,24,,,1,52,,35773,24,,,1,10,,35732,19,0,5,1,2,,35774,24,,,1,15,,35775,24,,,1,14,,35740,19,0,5,1,2,,35776,24,,,1,54,,35777,24,,,1,13,,35734,19,0,5,1,2,,35778,24,,,1,14,,35779,24,,,1,15,,35780,24,,,1,2,,35751,19,0,5,1,53,,35781,24,,,1,16,,35782,24,,,1,5,,35756,19,0,5,1,15,,35783,24,,,1,60,,35784,24,,,1,5,,35741,19,0,5,1,13,,35785,24,,,1,20,,35786,24,,,1,8,,35723,19,0,5,1,52,,35787,24,,,1,21,,35788,24,,,1,7,,35754,19,0,5,1,13,,35789,24,,,1,17,,35746,19,0,5,1,43,,35790,24,,,1,22,,35791,24,,,1,6,,35730,19,0,5,1,9,,35792,24,,,1,15,,35793,24,,,1,49,,35752,19,0,5,1,6,,35794,24,,,1,14,,35795,24,,,1,13,,35744,19,0,5,1,2,,35796,24,,,1,15,,35797,24,,,1,50,,35736,19,0,5,1,5,,35798,24,,,1,15,,35799,24,,,1,9,,35726,19,0,5,1,6,,35800,24,,,1,15,,35801,24,,,1,50,,35727,19,0,5,1,5,,35802,24,,,1,15,,35803,24,,,1,11,,35739,19,0,5,1,4,,35804,24,,,1,15,,35805,24,,,1,52,,35729,19,0,5,1,3,,35806,24,,,1,14,,35807,24,,,1,12,,35731,19,0,5,1,3,,35808,24,,,1,15,,35809,24,,,1,49,,35738,19,0,5,1,6,,35810,24,,,1,16,,35811,24,,,1,7,,35743,19,0,5,1,8,,35812,24,,,1,15,,35813,24,,,1,47,,35728,19,0,5,1,8,,35814,24,,,1,13,,35815,24,,,1,9,,35757,19,0,5,1,21,,35816,24,,,1,7,,35748,19,0,5,1,64,,35817,24,,,1,4,,35724,19,0,5,1,26,,35818,24,,,1,4,,35735,19,0,5,1,63,,35819,24,,,1,6,,35750,19,0,5,1,24,,35820,24,,,1,5,,35747,19,0,5,1,65,,35821,24,,,1,4,,35722,19,0,5,1,26,,35822,24,,,1,69,,35721,19,0,5,1,1,,35823,24,,,1,30,,35742,24,,,1
