5101,'Holiday1',814,,35825,10,4,,1,40,,35826,10,4,,1,80,,35827,10,4,,1,80,,35828,10,4,,1,40,,35829,10,4,,1,80,,35830,10,4,,1,80,,35831,10,4,,1,40,,35832,10,4,,1,80,,35833,10,4,,1,80,,35834,10,4,,1,40,,35835,10,4,,1,80,,35836,10,4,,1,80,,35837,10,4,,1,40,,35839,10,4,,1,80,,35840,10,4,,1,80,,35841,10,4,,1,40,,35838,10,4,,1,80,,35842,10,4,,1,80,,35843,10,4,,1,40,,35844,10,4,,1,80,,35845,10,4,,1,79,,35824,10,4,,1
5101,'Saturday',650,,35846,10,4,,1,80,,35848,10,4,,1,80,,35849,10,4,,1,40,,35850,10,4,,1,80,,35851,10,4,,1,80,,35852,10,4,,1,40,,35853,10,4,,1,80,,35854,10,4,,1,80,,35855,10,4,,1,40,,35856,10,4,,1,80,,35857,10,4,,1,80,,35858,10,4,,1,40,,35859,10,4,,1,80,,35860,10,4,,1,80,,35861,10,4,,1,40,,35862,10,4,,1,80,,35863,10,4,,1,80,,35864,10,4,,1,40,,35865,10,4,,1,80,,35866,10,4,,1,80,,35867,10,4,,1,40,,35868,10,4,,1,80,,35869,10,4,,1,75,,35847,10,4,,1
5101,'Sunday',814,,35871,10,4,,1,40,,35872,10,4,,1,80,,35873,10,4,,1,80,,35874,10,4,,1,40,,35875,10,4,,1,80,,35876,10,4,,1,80,,35877,10,4,,1,40,,35878,10,4,,1,80,,35879,10,4,,1,80,,35880,10,4,,1,40,,35881,10,4,,1,80,,35882,10,4,,1,80,,35883,10,4,,1,40,,35884,10,4,,1,80,,35885,10,4,,1,80,,35886,10,4,,1,40,,35887,10,4,,1,80,,35888,10,4,,1,80,,35889,10,4,,1,40,,35890,10,4,,1,80,,35891,10,4,,1,79,,35870,10,4,,1
5101,'Weekday',502,,35892,10,4,,1,40,,35894,10,4,,1,80,,35895,10,4,,1,80,,35896,10,4,,1,40,,35897,10,4,,1,80,,35898,10,4,,1,80,,35899,10,4,,1,40,,35900,10,4,,1,80,,35901,10,4,,1,80,,35902,10,4,,1,40,,35903,10,4,,1,80,,35904,10,4,,1,80,,35905,10,4,,1,40,,35906,10,4,,1,80,,35907,10,4,,1,80,,35908,10,4,,1,40,,35909,10,4,,1,80,,35910,10,4,,1,80,,35911,10,4,,1,40,,35912,10,4,,1,80,,35913,10,4,,1,80,,35914,10,4,,1,40,,35915,10,4,,1,80,,35916,10,4,,1,80,,35917,10,4,,1,40,,35918,10,4,,1,80,,35919,10,4,,1,80,,35920,10,4,,1,40,,35921,10,4,,1,80,,35922,10,4,,1,78,,35893,10,4,,1
5102,'Holiday1',818,,35923,1,,,1,40,,35927,1,,,1,80,,35928,1,,,1,80,,35929,1,,,1,40,,35930,1,,,1,80,,35931,1,,,1,80,,35932,1,,,1,40,,35933,1,,,1,80,,35934,1,,,1,80,,35935,1,,,1,40,,35936,1,,,1,80,,35937,1,,,1,80,,35938,1,,,1,40,,35939,1,,,1,80,,35940,1,,,1,80,,35941,1,,,1,40,,35942,1,,,1,80,,35943,1,,,1,80,,35925,1,,,1,40,,35926,1,,,1,84,,35924,1,,,1
5102,'Saturday',615,,35944,1,,,1,40,,35946,1,,,1,80,,35947,1,,,1,80,,35948,1,,,1,40,,35949,1,,,1,80,,35950,1,,,1,80,,35951,1,,,1,40,,35952,1,,,1,80,,35953,1,,,1,80,,35954,1,,,1,40,,35955,1,,,1,80,,35956,1,,,1,80,,35957,1,,,1,40,,35958,1,,,1,80,,35959,1,,,1,80,,35960,1,,,1,40,,35961,1,,,1,80,,35962,1,,,1,80,,35963,1,,,1,40,,35964,1,,,1,80,,35965,1,,,1,80,,35966,1,,,1,40,,35967,1,,,1,77,,35945,1,,,1
5102,'Sunday',818,,35968,1,,,1,40,,35972,1,,,1,80,,35973,1,,,1,80,,35974,1,,,1,40,,35975,1,,,1,80,,35976,1,,,1,80,,35977,1,,,1,40,,35978,1,,,1,80,,35979,1,,,1,80,,35980,1,,,1,40,,35981,1,,,1,80,,35982,1,,,1,80,,35983,1,,,1,40,,35984,1,,,1,80,,35985,1,,,1,80,,35986,1,,,1,40,,35987,1,,,1,80,,35988,1,,,1,80,,35970,1,,,1,40,,35971,1,,,1,84,,35969,1,,,1
5102,'Weekday',430,,35989,1,,,1,80,,35991,1,,,1,40,,35992,1,,,1,80,,35993,1,,,1,80,,35994,1,,,1,40,,35995,1,,,1,80,,35996,1,,,1,80,,35997,1,,,1,40,,35998,1,,,1,80,,35999,1,,,1,80,,36000,1,,,1,40,,36001,1,,,1,80,,36002,1,,,1,80,,36003,1,,,1,40,,36004,1,,,1,80,,36005,1,,,1,80,,36006,1,,,1,40,,36007,1,,,1,80,,36008,1,,,1,80,,36009,1,,,1,40,,36010,1,,,1,80,,36011,1,,,1,80,,36012,1,,,1,40,,36013,1,,,1,80,,36014,1,,,1,80,,36015,1,,,1,40,,36016,1,,,1,80,,36017,1,,,1,80,,36018,1,,,1,40,,36019,1,,,1,77,,35990,1,,,1
6003,'Holiday1',816,,37025,1,,,1,104,,37024,1,,,1,105,,37026,1,,,1,106,,37023,1,,,1,105,,37028,1,,,1,105,,37029,1,,,1,105,,37030,1,,,1,105,,37027,1,,,1,105,,37031,1,,,1,144,,37032,1,,,1,106,,37033,1,,,1,104,,37022,1,,,1
6003,'Saturday',731,,37056,1,,,1,70,,37034,1,,,1,36,,37048,1,,,1,73,,37049,1,,,1,35,,37050,1,,,1,75,,37051,1,,,1,35,,37052,1,,,1,75,,37053,1,,,1,75,,37054,1,,,1,35,,37055,1,,,1,75,,37036,1,,,1,35,,37037,1,,,1,75,,37040,1,,,1,75,,37038,1,,,1,35,,37035,1,,,1,75,,37039,1,,,1,35,,37041,1,,,1,75,,37042,1,,,1,35,,37045,1,,,1,75,,37047,1,,,1,75,,37044,1,,,1,35,,37043,1,,,1,75,,37046,1,,,1
6003,'Sunday',816,,37060,1,,,1,104,,37059,1,,,1,105,,37061,1,,,1,106,,37058,1,,,1,105,,37063,1,,,1,105,,37064,1,,,1,105,,37065,1,,,1,105,,37062,1,,,1,105,,37066,1,,,1,144,,37067,1,,,1,106,,37068,1,,,1,104,,37057,1,,,1
6003,'Weekday',456,,37069,1,,,1,65,,37073,1,,,1,25,,37074,1,,,1,65,,37075,1,,,1,25,,37076,1,,,1,22,,37077,1,,,1,68,,37078,1,,,1,25,,37079,1,,,1,65,,37080,1,,,1,25,,37081,1,,,1,65,,37082,1,,,1,25,,37083,1,,,1,25,,37084,1,,,1,65,,37085,1,,,1,25,,37086,1,,,1,65,,37087,1,,,1,25,,37088,1,,,1,65,,37089,1,,,1,25,,37090,1,,,1,25,,37091,1,,,1,65,,37092,1,,,1,25,,37093,1,,,1,65,,37094,1,,,1,25,,37095,1,,,1,25,,37096,1,,,1,65,,37097,1,,,1,25,,37098,1,,,1,65,,37099,1,,,1,25,,37100,1,,,1,65,,37101,1,,,1,25,,37102,1,,,1,25,,37103,1,,,1,65,,37104,1,,,1,25,,37105,1,,,1,65,,37106,1,,,1,25,,37107,1,,,1,25,,37108,1,,,1,65,,37109,1,,,1,25,,37110,1,,,1,65,,37111,1,,,1,25,,37112,1,,,1,65,,37113,1,,,1,25,,37114,1,,,1,25,,37115,1,,,1,65,,37071,1,,,1,25,,37072,1,,,1,65,,37070,1,,,1
6004,'Holiday1',813,,37116,21,4,,1,105,,37117,21,4,,1,105,,37118,21,4,,1,105,,37119,21,4,,1,105,,37120,21,4,,1,105,,37121,21,4,,1,105,,37125,21,4,,1,105,,37122,21,4,,1,105,,37126,21,4,,1,105,,37123,21,4,,1,145,,37124,21,4,,1,105,,37127,21,4,,1
6004,'Saturday',728,,37150,21,4,,1,30,,37128,21,4,,1,76,,37142,21,4,,1,72,,37143,21,4,,1,35,,37140,21,4,,1,75,,37144,21,4,,1,35,,37141,21,4,,1,75,,37146,21,4,,1,75,,37147,21,4,,1,35,,37148,21,4,,1,75,,37145,21,4,,1,35,,37149,21,4,,1,76,,37139,21,4,,1,35,,37138,21,4,,1,75,,37129,21,4,,1,75,,37136,21,4,,1,36,,37135,21,4,,1,75,,37134,21,4,,1,34,,37133,21,4,,1,76,,37132,21,4,,1,75,,37131,21,4,,1,35,,37130,21,4,,1,75,,37137,21,4,,1
6004,'Sunday',813,,37151,21,4,,1,105,,37152,21,4,,1,105,,37153,21,4,,1,105,,37154,21,4,,1,105,,37155,21,4,,1,105,,37156,21,4,,1,105,,37160,21,4,,1,105,,37157,21,4,,1,105,,37161,21,4,,1,105,,37158,21,4,,1,145,,37159,21,4,,1,105,,37162,21,4,,1
6004,'Weekday',600,,37163,21,4,,1,25,,37164,21,4,,1,25,,37165,21,4,,1,65,,37166,21,4,,1,25,,37167,21,4,,1,65,,37168,21,4,,1,25,,37169,21,4,,1,25,,37170,21,4,,1,65,,37171,21,4,,1,25,,37172,21,4,,1,65,,37173,21,4,,1,25,,37174,21,4,,1,65,,37175,21,4,,1,25,,37176,21,4,,1,25,,37177,21,4,,1,65,,37178,21,4,,1,25,,37179,21,4,,1,65,,37180,21,4,,1,25,,37181,21,4,,1,25,,37182,21,4,,1,65,,37183,21,4,,1,25,,37184,21,4,,1,69,,37185,21,4,,1,21,,37186,21,4,,1,65,,37187,21,4,,1,25,,37188,21,4,,1,25,,37189,21,4,,1,65,,37190,21,4,,1,25,,37191,21,4,,1,65,,37192,21,4,,1,25,,37193,21,4,,1,25,,37194,21,4,,1,64,,37195,21,4,,1,25,,37196,21,4,,1,65,,37197,21,4,,1,25,,37198,21,4,,1,25,,37199,21,4,,1,65,,37200,21,4,,1,25,,37201,21,4,,1,65,,37202,21,4,,1,25,,37203,21,4,,1,65,,37204,21,4,,1,25,,37205,21,4,,1,25,,37206,21,4,,1,65,,37207,21,4,,1
