1203,'Holiday1',759,,30594,32,,,1,80,,30590,32,,,1,81,,30593,32,,,1,80,,30598,32,,,1,40,,30589,32,,,1,80,,30592,32,,,1,80,,30597,32,,,1,40,,30591,32,,,1,80,,30596,32,,,1,80,,30595,32,,,1,42,,30600,32,,,1,80,,30599,32,,,1,80,,30601,32,,,1,40,,30602,32,,,1,80,,30603,32,,,1,80,,30605,32,,,1,40,,30604,32,,,1,79,,30606,32,,,1,80,,30607,32,,,1,40,,30608,32,,,1,80,,30610,32,,,1,80,,30609,32,,,1,38,,30611,32,,,1
1203,'Saturday',540,,30614,32,,,1,79,,30613,32,,,1,40,,30612,32,,,1,81,,30615,32,,,1,80,,30616,32,,,1,80,,30617,32,,,1,40,,30619,32,,,1,81,,30618,32,,,1,80,,30620,32,,,1,40,,30621,32,,,1,80,,30622,32,,,1,80,,30624,32,,,1,40,,30623,32,,,1,80,,30626,32,,,1,80,,30625,32,,,1,42,,30627,32,,,1,80,,30628,32,,,1,80,,30631,32,,,1,40,,30629,32,,,1,80,,30630,32,,,1,80,,30632,32,,,1,40,,30633,32,,,1,79,,30635,32,,,1,80,,30637,32,,,1,40,,30638,32,,,1,80,,30636,32,,,1,80,,30634,32,,,1,38,,30639,32,,,1,80,,30640,32,,,1
1203,'Sunday',759,,30646,32,,,1,80,,30642,32,,,1,81,,30645,32,,,1,80,,30650,32,,,1,40,,30641,32,,,1,80,,30644,32,,,1,80,,30649,32,,,1,40,,30643,32,,,1,80,,30648,32,,,1,80,,30647,32,,,1,42,,30652,32,,,1,80,,30651,32,,,1,80,,30653,32,,,1,40,,30654,32,,,1,80,,30655,32,,,1,80,,30657,32,,,1,40,,30656,32,,,1,79,,30658,32,,,1,80,,30659,32,,,1,40,,30660,32,,,1,80,,30662,32,,,1,80,,30661,32,,,1,38,,30663,32,,,1
1203,'Weekday',528,,30665,32,,,1,74,,30664,32,,,1,42,,30670,32,,,1,71,,30671,32,,,1,37,,30672,32,,,1,71,,30673,32,,,1,35,,30674,32,,,1,69,,30675,32,,,1,76,,30666,32,,,1,45,,30668,32,,,1,79,,30667,32,,,1,84,,30676,32,,,1,41,,30678,32,,,1,85,,30679,32,,,1,91,,30680,32,,,1,82,,30677,32,,,1,39,,30684,32,,,1,65,,30685,32,,,1,27,,30683,32,,,1,76,,30686,32,,,1,30,,30687,32,,,1,70,,30688,32,,,1,28,,30689,32,,,1,67,,30690,32,,,1,37,,30691,32,,,1,91,,30692,32,,,1,87,,30693,32,,,1,81,,30694,32,,,1,46,,30695,32,,,1,81,,30682,32,,,1,86,,30681,32,,,1,86,,30669,32,,,1
1204,'Holiday1',826,,30702,16,,,1,80,,30696,16,,,1,39,,30699,16,,,1,80,,30700,16,,,1,80,,30697,16,,,1,40,,30698,16,,,1,80,,30703,16,,,1,80,,30704,16,,,1,41,,30701,16,,,1,84,,30706,16,,,1,79,,30705,16,,,1,40,,30708,16,,,1,78,,30707,16,,,1,80,,30709,16,,,1,40,,30710,16,,,1,80,,30711,16,,,1,80,,30712,16,,,1,38,,30713,16,,,1,79,,30714,16,,,1,80,,30715,16,,,1,40,,30716,16,,,1,80,,30717,16,,,1,80,,30718,16,,,1
1204,'Saturday',611,,30721,16,,,1,40,,30719,16,,,1,80,,30720,16,,,1,80,,30722,16,,,1,40,,30723,16,,,1,80,,30724,16,,,1,79,,30725,16,,,1,40,,30726,16,,,1,80,,30728,16,,,1,80,,30727,16,,,1,40,,30730,16,,,1,80,,30729,16,,,1,81,,30731,16,,,1,40,,30732,16,,,1,80,,30733,16,,,1,80,,30734,16,,,1,40,,30736,16,,,1,78,,30735,16,,,1,80,,30737,16,,,1,40,,30738,16,,,1,80,,30739,16,,,1,80,,30741,16,,,1,40,,30743,16,,,1,80,,30740,16,,,1,80,,30742,16,,,1,40,,30744,16,,,1,80,,30745,16,,,1,80,,30746,16,,,1,40,,30747,16,,,1
1204,'Sunday',826,,30754,16,,,1,80,,30748,16,,,1,39,,30751,16,,,1,80,,30752,16,,,1,80,,30749,16,,,1,40,,30750,16,,,1,80,,30755,16,,,1,80,,30756,16,,,1,41,,30753,16,,,1,84,,30758,16,,,1,79,,30757,16,,,1,40,,30760,16,,,1,78,,30759,16,,,1,80,,30761,16,,,1,40,,30762,16,,,1,80,,30763,16,,,1,80,,30764,16,,,1,38,,30765,16,,,1,79,,30766,16,,,1,80,,30767,16,,,1,40,,30768,16,,,1,80,,30769,16,,,1,80,,30770,16,,,1
1204,'Weekday',553,,30771,16,,,1,75,,30773,16,,,1,83,,30772,16,,,1,35,,30774,16,,,1,77,,30775,16,,,1,29,,30776,16,,,1,73,,30777,16,,,1,31,,30778,16,,,1,79,,30779,16,,,1,84,,30780,16,,,1,40,,30781,16,,,1,83,,30782,16,,,1,86,,30783,16,,,1,83,,30784,16,,,1,45,,30785,16,,,1,90,,30795,16,,,1,75,,30796,16,,,1,27,,30797,16,,,1,68,,30799,16,,,1,34,,30800,16,,,1,69,,30801,16,,,1,32,,30798,16,,,1,64,,30794,16,,,1,30,,30790,16,,,1,79,,30786,16,,,1,86,,30791,16,,,1,46,,30787,16,,,1,84,,30792,16,,,1,85,,30788,16,,,1,79,,30793,16,,,1,46,,30789,16,,,1
3503,'Holiday1',837,,35107,44,,,1,85,,35106,44,,,1,86,,35115,44,,,1,47,,35109,44,,,1,85,,35111,44,,,1,85,,35113,44,,,1,85,,35108,44,,,1,45,,35114,44,,,1,85,,35105,44,,,1,85,,35110,44,,,1,85,,35112,44,,,1,45,,35116,44,,,1,84,,35117,44,,,1,85,,35120,44,,,1,85,,35118,44,,,1,45,,35119,44,,,1
3503,'Saturday',854,,35123,44,,,1,87,,35121,44,,,1,85,,35124,44,,,1,85,,35122,44,,,1,46,,35126,44,,,1,85,,35125,44,,,1,85,,35129,44,,,1,85,,35128,44,,,1,45,,35130,44,,,1,85,,35127,44,,,1,85,,35131,44,,,1,85,,35133,44,,,1,45,,35134,44,,,1,84,,35132,44,,,1,85,,35135,44,,,1,85,,35136,44,,,1,45,,35137,44,,,1
3503,'Sunday',837,,35140,44,,,1,85,,35139,44,,,1,86,,35148,44,,,1,47,,35142,44,,,1,85,,35144,44,,,1,85,,35146,44,,,1,85,,35141,44,,,1,45,,35147,44,,,1,85,,35138,44,,,1,85,,35143,44,,,1,85,,35145,44,,,1,45,,35149,44,,,1,84,,35150,44,,,1,85,,35153,44,,,1,85,,35151,44,,,1,45,,35152,44,,,1
3503,'Weekday',614,,35154,44,,,1,38,,35158,44,,,1,75,,35155,44,,,1,76,,35174,44,,,1,35,,35162,44,,,1,75,,35173,44,,,1,33,,35180,44,,,1,75,,35185,44,,,1,35,,35179,44,,,1,75,,35157,44,,,1,80,,35178,44,,,1,31,,35177,44,,,1,76,,35181,44,,,1,33,,35175,44,,,1,76,,35183,44,,,1,75,,35184,44,,,1,35,,35176,44,,,1,77,,35165,44,,,1,36,,35164,44,,,1,75,,35160,44,,,1,75,,35170,44,,,1,34,,35166,44,,,1,73,,35169,44,,,1,33,,35163,44,,,1,74,,35159,44,,,1,34,,35167,44,,,1,75,,35168,44,,,1,34,,35171,44,,,1,74,,35172,44,,,1,75,,35156,44,,,1,35,,35161,44,,,1,75,,35182,44,,,1
