501,'Holiday1',636,,28626,26,,,1,73,,28624,26,,,1,33,,28621,26,,,1,75,,28622,26,,,1,35,,28625,26,,,1,70,,28623,26,,,1,31,,28620,26,,,1,62,,28619,26,,,1,19,,28617,26,,,1,76,,28618,26,,,1,34,,28616,26,,,1,71,,28615,26,,,1,37,,28614,26,,,1,69,,28612,26,,,1,28,,28613,26,,,1,67,,28610,26,,,1,31,,28611,26,,,1,76,,28609,26,,,1,30,,28607,26,,,1,79,,28606,26,,,1,23,,28608,26,,,1,69,,28605,26,,,1,30,,28603,26,,,1,72,,28604,26,,,1,82,,28600,26,,,1,20,,28602,26,,,1,31,,28601,26,,,1,97,,28629,26,,,1,81,,28630,26,,,1,89,,28628,26,,,1,89,,28627,26,,,1
501,'Saturday',512,,28631,26,,,1,27,,28641,26,,,1,67,,28654,26,,,1,27,,28632,26,,,1,72,,28635,26,,,1,31,,28634,26,,,1,70,,28639,26,,,1,29,,28646,26,,,1,72,,28633,26,,,1,32,,28636,26,,,1,72,,28637,26,,,1,34,,28640,26,,,1,74,,28648,26,,,1,30,,28638,26,,,1,76,,28643,26,,,1,30,,28644,26,,,1,64,,28645,26,,,1,30,,28642,26,,,1,70,,28649,26,,,1,30,,28650,26,,,1,71,,28647,26,,,1,30,,28653,26,,,1,70,,28651,26,,,1,30,,28652,26,,,1,70,,28655,26,,,1,30,,28658,26,,,1,70,,28657,26,,,1,29,,28656,26,,,1,71,,28661,26,,,1,33,,28659,26,,,1,82,,28663,26,,,1,90,,28664,26,,,1,89,,28665,26,,,1,88,,28666,26,,,1,47,,28660,26,,,1,90,,28662,26,,,1
501,'Sunday',636,,28693,26,,,1,73,,28691,26,,,1,33,,28689,26,,,1,75,,28688,26,,,1,35,,28692,26,,,1,70,,28690,26,,,1,31,,28687,26,,,1,62,,28686,26,,,1,19,,28684,26,,,1,76,,28685,26,,,1,34,,28683,26,,,1,71,,28682,26,,,1,37,,28681,26,,,1,69,,28679,26,,,1,28,,28680,26,,,1,67,,28677,26,,,1,31,,28678,26,,,1,76,,28676,26,,,1,30,,28674,26,,,1,79,,28673,26,,,1,23,,28675,26,,,1,69,,28672,26,,,1,30,,28670,26,,,1,72,,28671,26,,,1,82,,28667,26,,,1,20,,28669,26,,,1,31,,28668,26,,,1,97,,28696,26,,,1,81,,28697,26,,,1,89,,28695,26,,,1,89,,28694,26,,,1
501,'Weekday',433,,28698,26,,,1,20,,28700,26,,,1,61,,28701,26,,,1,20,,28702,26,,,1,20,,28703,26,,,1,60,,28704,26,,,1,23,,28705,26,,,1,20,,28706,26,,,1,64,,28707,26,,,1,24,,28708,26,,,1,60,,28709,26,0,5,1,20,,28712,26,,,1,19,,28710,26,0,5,1,60,,28713,26,,,1,18,,28711,26,0,5,1,18,,28714,26,,,1,67,,28740,26,0,5,1,27,,28745,26,,,1,67,,28739,26,0,5,1,26,,28744,26,,,1,28,,28742,26,0,5,1,68,,28741,26,,,1,28,,28747,26,0,5,1,67,,28743,26,,,1,27,,28746,26,0,5,1,79,,28715,26,,,1,22,,28716,26,0,5,1,59,,28724,26,,,1,20,,28717,26,0,5,1,29,,28725,26,,,1,60,,28718,26,0,5,1,18,,28726,26,,,1,22,,28719,26,0,5,1,58,,28727,26,,,1,20,,28720,26,0,5,1,20,,28728,26,,,1,60,,28721,26,0,5,1,19,,28729,26,,,1,22,,28722,26,0,5,1,58,,28730,26,,,1,21,,28723,26,0,5,1,19,,28731,26,,,1,77,,28732,26,,,1,79,,28733,26,,,1,37,,28734,26,,,1,79,,28735,26,,,1,79,,28736,26,,,1,40,,28737,26,,,1,79,,28738,26,,,1,37,,28699,26,,,1
1204,'Holiday1',828,,30702,18,,,1,81,,30696,18,,,1,39,,30699,18,,,1,80,,30700,18,,,1,80,,30697,18,,,1,40,,30698,18,,,1,80,,30703,18,,,1,80,,30704,18,,,1,41,,30701,18,,,1,84,,30706,18,,,1,79,,30705,18,,,1,40,,30708,18,,,1,78,,30707,18,,,1,80,,30709,18,,,1,40,,30710,18,,,1,80,,30711,18,,,1,80,,30712,18,,,1,38,,30713,18,,,1,79,,30714,18,,,1,80,,30715,18,,,1,40,,30716,18,,,1,79,,30717,18,,,1,80,,30718,18,,,1
1204,'Saturday',613,,30721,18,,,1,40,,30719,18,,,1,80,,30720,18,,,1,80,,30722,18,,,1,40,,30723,18,,,1,80,,30724,18,,,1,80,,30725,18,,,1,40,,30726,18,,,1,80,,30728,18,,,1,80,,30727,18,,,1,40,,30730,18,,,1,80,,30729,18,,,1,81,,30731,18,,,1,40,,30732,18,,,1,80,,30733,18,,,1,80,,30734,18,,,1,40,,30736,18,,,1,78,,30735,18,,,1,80,,30737,18,,,1,40,,30738,18,,,1,80,,30739,18,,,1,81,,30741,18,,,1,40,,30743,18,,,1,80,,30740,18,,,1,80,,30742,18,,,1,40,,30744,18,,,1,78,,30745,18,,,1,80,,30746,18,,,1,40,,30747,18,,,1
1204,'Sunday',828,,30754,18,,,1,81,,30748,18,,,1,39,,30751,18,,,1,80,,30752,18,,,1,80,,30749,18,,,1,40,,30750,18,,,1,80,,30755,18,,,1,80,,30756,18,,,1,41,,30753,18,,,1,84,,30758,18,,,1,79,,30757,18,,,1,40,,30760,18,,,1,78,,30759,18,,,1,80,,30761,18,,,1,40,,30762,18,,,1,80,,30763,18,,,1,80,,30764,18,,,1,38,,30765,18,,,1,79,,30766,18,,,1,80,,30767,18,,,1,40,,30768,18,,,1,79,,30769,18,,,1,80,,30770,18,,,1
1204,'Weekday',556,,30771,18,,,1,75,,30773,18,,,1,83,,30772,18,,,1,35,,30774,18,,,1,77,,30775,18,,,1,29,,30776,18,,,1,73,,30777,18,,,1,31,,30778,18,,,1,79,,30779,18,,,1,84,,30780,18,,,1,80,,30781,18,,,1,43,,30782,18,,,1,86,,30783,18,,,1,83,,30784,18,,,1,45,,30785,18,,,1,90,,30795,18,,,1,75,,30796,18,,,1,27,,30797,18,,,1,68,,30799,18,,,1,34,,30800,18,,,1,69,,30801,18,,,1,32,,30798,18,,,1,64,,30794,18,,,1,30,,30790,18,,,1,79,,30786,18,,,1,86,,30791,18,,,1,46,,30787,18,,,1,84,,30792,18,,,1,85,,30788,18,,,1,79,,30793,18,,,1,46,,30789,18,,,1
3503,'Holiday1',839,,35107,47,,,1,85,,35106,47,,,1,86,,35115,47,,,1,47,,35109,47,,,1,85,,35111,47,,,1,85,,35113,47,,,1,85,,35108,47,,,1,45,,35114,47,,,1,85,,35105,47,,,1,85,,35110,47,,,1,85,,35112,47,,,1,45,,35116,47,,,1,84,,35117,47,,,1,85,,35120,47,,,1,85,,35118,47,,,1,45,,35119,47,,,1
3503,'Saturday',856,,35123,47,,,1,87,,35121,47,,,1,85,,35124,47,,,1,85,,35122,47,,,1,46,,35126,47,,,1,85,,35125,47,,,1,85,,35129,47,,,1,85,,35128,47,,,1,45,,35130,47,,,1,85,,35127,47,,,1,85,,35131,47,,,1,85,,35133,47,,,1,45,,35134,47,,,1,84,,35132,47,,,1,85,,35135,47,,,1,85,,35136,47,,,1,45,,35137,47,,,1
3503,'Sunday',839,,35140,47,,,1,85,,35139,47,,,1,86,,35148,47,,,1,47,,35142,47,,,1,85,,35144,47,,,1,85,,35146,47,,,1,85,,35141,47,,,1,45,,35147,47,,,1,85,,35138,47,,,1,85,,35143,47,,,1,85,,35145,47,,,1,45,,35149,47,,,1,84,,35150,47,,,1,85,,35153,47,,,1,85,,35151,47,,,1,45,,35152,47,,,1
3503,'Weekday',616,,35154,47,,,1,38,,35158,47,,,1,76,,35155,47,,,1,76,,35174,47,,,1,35,,35162,47,,,1,75,,35173,47,,,1,33,,35180,47,,,1,75,,35185,47,,,1,35,,35179,47,,,1,75,,35157,47,,,1,80,,35178,47,,,1,31,,35177,47,,,1,76,,35181,47,,,1,33,,35175,47,,,1,76,,35183,47,,,1,75,,35184,47,,,1,35,,35176,47,,,1,77,,35165,47,,,1,36,,35164,47,,,1,75,,35160,47,,,1,75,,35170,47,,,1,34,,35166,47,,,1,73,,35169,47,,,1,33,,35163,47,,,1,74,,35159,47,,,1,34,,35167,47,,,1,75,,35168,47,,,1,74,,35171,47,,,1,33,,35172,47,,,1,75,,35156,47,,,1,35,,35161,47,,,1,75,,35182,47,,,1
