901,'Holiday1',842,,29923,61,4,,1,105,,29930,61,4,,1,110,,29931,61,4,,1,145,,29932,61,4,,1,105,,29933,61,4,,1,106,,29929,61,4,,1,107,,29925,61,4,,1,105,,29926,61,4,,1,107,,29927,61,4,,1,107,,29924,61,4,,1,106,,29928,61,4,,1
901,'Saturday',756,,29934,61,4,,1,90,,29935,61,4,,1,91,,29936,61,4,,1,90,,29937,61,4,,1,90,,29938,61,4,,1,90,,29939,61,4,,1,50,,29941,61,4,,1,90,,29942,61,4,,1,90,,29943,61,4,,1,92,,29940,61,4,,1,90,,29944,61,4,,1,90,,29945,61,4,,1,50,,29946,61,4,,1,88,,29947,61,4,,1,89,,29948,61,4,,1
901,'Sunday',842,,29949,61,4,,1,105,,29956,61,4,,1,110,,29957,61,4,,1,145,,29958,61,4,,1,105,,29959,61,4,,1,106,,29955,61,4,,1,107,,29951,61,4,,1,105,,29952,61,4,,1,107,,29953,61,4,,1,107,,29950,61,4,,1,106,,29954,61,4,,1
901,'Weekday',556,,29960,61,4,,1,76,,29963,61,4,,1,74,,29964,61,4,,1,34,,29965,61,4,,1,63,,29962,61,4,,1,39,,29966,61,4,,1,75,,29978,61,4,,1,85,,29977,61,4,,1,47,,29979,61,4,,1,82,,29980,61,4,,1,87,,29981,61,4,,1,89,,29982,61,4,,1,46,,29967,61,4,,1,83,,29976,61,4,,1,72,,29973,61,4,,1,35,,29969,61,4,,1,78,,29974,61,4,,1,35,,29971,61,4,,1,75,,29968,61,4,,1,75,,29970,61,4,,1,35,,29975,61,4,,1,72,,29972,61,4,,1,34,,29983,61,4,,1,79,,29985,61,4,,1,81,,29984,61,4,,1,45,,29961,61,4,,1
902,'Holiday1',750,,29986,1,,,1,105,,29988,1,,,1,145,,29989,1,,,1,105,,29990,1,,,1,105,,29991,1,,,1,105,,29993,1,,,1,104,,29994,1,,,1,106,,29995,1,,,1,107,,29992,1,,,1,106,,29996,1,,,1,107,,29987,1,,,1
902,'Saturday',718,,29997,1,,,1,90,,30004,1,,,1,50,,30007,1,,,1,90,,30005,1,,,1,90,,30009,1,,,1,90,,30010,1,,,1,90,,30011,1,,,1,90,,30008,1,,,1,50,,30003,1,,,1,90,,29998,1,,,1,90,,30000,1,,,1,90,,30002,1,,,1,90,,30006,1,,,1,90,,29999,1,,,1,50,,30001,1,,,1
902,'Sunday',750,,30012,1,,,1,105,,30014,1,,,1,145,,30015,1,,,1,105,,30016,1,,,1,105,,30017,1,,,1,105,,30019,1,,,1,104,,30020,1,,,1,106,,30021,1,,,1,107,,30018,1,,,1,106,,30022,1,,,1,107,,30013,1,,,1
902,'Weekday',600,,30023,1,,,1,34,,30032,1,,,1,74,,30033,1,,,1,45,,30031,1,,,1,92,,30029,1,,,1,78,,30035,1,,,1,85,,30040,1,,,1,45,,30037,1,,,1,85,,30030,1,,,1,85,,30025,1,,,1,27,,30041,1,,,1,75,,30042,1,,,1,75,,30043,1,,,1,6,,30038,1,,,1,33,,30044,1,,,1,75,,30045,1,,,1,35,,30036,1,,,1,75,,30034,1,,,1,35,,30039,1,,,1,76,,30027,1,,,1,80,,30028,1,,,1,85,,30046,1,,,1,52,,30047,1,,,1,86,,30026,1,,,1,117,,30024,1,,,1
2902,'Holiday1',649,,34130,6,,,1,75,,34131,6,,,1,35,,34134,6,,,1,75,,34135,6,,,1,75,,34136,6,,,1,35,,34133,6,,,1,75,,34132,6,,,1,35,,34138,6,,,1,75,,34140,6,,,1,75,,34137,6,,,1,35,,34141,6,,,1,75,,34139,6,,,1,35,,34142,6,,,1,75,,34144,6,,,1,35,,34145,6,,,1,75,,34146,6,,,1,75,,34143,6,,,1,35,,34147,6,,,1,75,,34148,6,,,1,35,,34150,6,,,1,75,,34149,6,,,1,75,,34151,6,,,1,35,,34153,6,,,1,74,,34152,6,,,1,35,,34154,6,,,1,74,,34158,6,,,1,90,,34156,6,,,1,90,,34157,6,,,1,50,,34155,6,,,1
2902,'Saturday',620,,34165,6,,,1,25,,34173,6,,,1,65,,34175,6,,,1,25,,34176,6,,,1,65,,34174,6,,,1,25,,34177,6,,,1,25,,34178,6,,,1,65,,34179,6,,,1,25,,34180,6,,,1,72,,34181,6,,,1,25,,34185,6,,,1,65,,34182,6,,,1,25,,34183,6,,,1,25,,34186,6,,,1,65,,34187,6,,,1,25,,34184,6,,,1,65,,34188,6,,,1,25,,34189,6,,,1,25,,34190,6,,,1,65,,34191,6,,,1,25,,34192,6,,,1,65,,34194,6,,,1,25,,34195,6,,,1,65,,34196,6,,,1,25,,34193,6,,,1,25,,34172,6,,,1,65,,34169,6,,,1,25,,34171,6,,,1,63,,34170,6,,,1,27,,34168,6,,,1,69,,34167,6,,,1,43,,34160,6,,,1,75,,34161,6,,,1,32,,34159,6,,,1,69,,34163,6,,,1,39,,34164,6,,,1,90,,34162,6,,,1,90,,34166,6,,,1
2902,'Sunday',649,,34197,6,,,1,75,,34198,6,,,1,35,,34201,6,,,1,75,,34202,6,,,1,75,,34203,6,,,1,35,,34200,6,,,1,75,,34199,6,,,1,35,,34204,6,,,1,75,,34206,6,,,1,75,,34207,6,,,1,35,,34208,6,,,1,75,,34205,6,,,1,35,,34209,6,,,1,75,,34211,6,,,1,35,,34212,6,,,1,75,,34213,6,,,1,75,,34210,6,,,1,35,,34214,6,,,1,75,,34215,6,,,1,35,,34217,6,,,1,75,,34216,6,,,1,75,,34218,6,,,1,35,,34220,6,,,1,74,,34219,6,,,1,35,,34221,6,,,1,74,,34225,6,,,1,90,,34223,6,,,1,90,,34224,6,,,1,50,,34222,6,,,1
2902,'Weekday',548,,34227,6,,,1,67,,34226,15,0,5,1,16,,34261,15,0,5,1,16,,34258,15,0,5,1,56,,34257,15,0,5,1,16,,34255,15,0,5,1,16,,34254,15,0,5,1,16,,34253,15,0,5,1,56,,34256,15,0,5,1,16,,34260,15,0,5,1,16,,34259,15,0,5,1,16,,34263,15,0,5,1,54,,34262,15,0,5,1,18,,34265,15,0,5,1,16,,34264,15,0,5,1,64,,34228,6,,,1,25,,34229,6,,,1,25,,34230,6,,,1,65,,34231,6,,,1,25,,34232,6,,,1,64,,34233,6,,,1,25,,34234,6,,,1,65,,34235,6,,,1,25,,34236,6,,,1,25,,34237,6,,,1,60,,34283,6,,,1,20,,34238,6,,,1,16,,34240,15,0,5,1,58,,34241,15,0,5,1,18,,34266,15,0,5,1,14,,34267,15,0,5,1,14,,34268,15,0,5,1,52,,34252,15,0,5,1,12,,34269,15,0,5,1,15,,34270,15,0,5,1,18,,34271,15,0,5,1,58,,34272,15,0,5,1,18,,34273,15,0,5,1,18,,34274,15,0,5,1,58,,34275,15,0,5,1,17,,34276,15,0,5,1,18,,34277,15,0,5,1,18,,34278,15,0,5,1,57,,34279,15,0,5,1,18,,34280,15,0,5,1,18,,34281,15,0,5,1,57,,34282,15,0,5,1,15,,34239,15,0,5,1,25,,34244,6,,,1,73,,34245,6,,,1,32,,34246,6,,,1,72,,34247,6,,,1,30,,34248,6,,,1,70,,34249,6,,,1,30,,34250,6,,,1,70,,34251,6,,,1,30,,34242,6,,,1,70,,34243,6,,,1
