5503,'Weekday',746,,23794,4,,1,96,,23798,4,,1,94,,23799,4,,1,91,,23800,4,,1,95,,23797,4,,1,95,,23801,4,,1,96,,23802,4,,1,95,,23803,4,,1,98,,23804,4,,1,95,,23805,4,,1,55,,23806,4,,1,95,,23807,4,,1,95,,23796,4,,1,91,,23795,4,,1
5504,'Weekday',750,,23808,,,1,95,,23810,,,1,95,,23811,,,1,95,,23812,,,1,95,,23813,,,1,95,,23814,,,1,95,,23815,,,1,95,,23816,,,1,95,,23817,,,1,95,,23818,,,1,95,,23819,,,1,55,,23820,,,1,95,,23809,,,1
6003,'Holiday1',847,,24150,4,,1,104,,24148,4,,1,105,,24151,4,,1,145,,24147,4,,1,105,,24153,4,,1,105,,24154,4,,1,106,,24155,4,,1,105,,24152,4,,1,105,,24156,4,,1,104,,24157,4,,1,106,,24158,4,,1,104,,24149,4,,1
6003,'Saturday',802,,24181,4,,1,30,,24159,4,,1,76,,24173,4,,1,33,,24174,4,,1,75,,24175,4,,1,35,,24176,4,,1,75,,24177,4,,1,75,,24178,4,,1,35,,24179,4,,1,75,,24180,4,,1,35,,24164,4,,1,75,,24161,4,,1,35,,24165,4,,1,75,,24162,4,,1,75,,24160,4,,1,35,,24163,4,,1,75,,24166,4,,1,35,,24167,4,,1,75,,24170,4,,1,75,,24172,4,,1,35,,24169,4,,1,75,,24168,4,,1,35,,24171,4,,1
6003,'Sunday',847,,24185,4,,1,104,,24183,4,,1,105,,24186,4,,1,145,,24182,4,,1,105,,24188,4,,1,105,,24189,4,,1,106,,24190,4,,1,105,,24187,4,,1,105,,24191,4,,1,104,,24192,4,,1,106,,24193,4,,1,104,,24184,4,,1
6003,'Weekday',523,,24194,4,,1,26,,24195,4,,1,61,,24196,4,,1,27,,24197,4,,1,65,,24198,4,,1,27,,24199,4,,1,71,,24200,4,,1,27,,24201,4,,1,26,,24202,4,,1,66,,24203,4,,1,26,,24204,4,,1,66,,24205,4,,1,26,,24206,4,,1,66,,24208,4,,1,29,,24209,4,,1,69,,24210,4,,1,26,,24207,4,,1,26,,24211,4,,1,66,,24212,4,,1,26,,24213,4,,1,69,,24214,4,,1,27,,24215,4,,1,69,,24216,4,,1,31,,24217,4,,1,64,,24218,4,,1,23,,24220,4,,1,27,,24222,4,,1,64,,24223,4,,1,26,,24219,4,,1,68,,24224,4,,1,27,,24221,4,,1,68,,24225,4,,1,28,,24226,4,,1,85,,24227,4,,1,80,,24228,4,,1,40,,24229,4,,1,80,,24230,4,,1,80,,24231,4,,1,40,,24232,4,,1,80,,24233,4,,1,80,,24234,4,,1
6004,'Holiday1',745,,24235,,,1,105,,24236,,,1,105,,24237,,,1,145,,24238,,,1,105,,24239,,,1,105,,24240,,,1,105,,24243,,,1,105,,24244,,,1,105,,24245,,,1,105,,24241,,,1,105,,24242,,,1,105,,24246,,,1
6004,'Saturday',700,,24269,,,1,30,,24247,,,1,76,,24261,,,1,32,,24262,,,1,75,,24259,,,1,35,,24263,,,1,75,,24260,,,1,35,,24265,,,1,75,,24266,,,1,75,,24267,,,1,35,,24264,,,1,75,,24268,,,1,36,,24258,,,1,75,,24257,,,1,75,,24248,,,1,35,,24255,,,1,75,,24254,,,1,35,,24253,,,1,74,,24252,,,1,77,,24251,,,1,35,,24250,,,1,75,,24249,,,1,35,,24256,,,1
6004,'Sunday',745,,24270,,,1,105,,24271,,,1,105,,24272,,,1,145,,24273,,,1,105,,24274,,,1,105,,24275,,,1,105,,24278,,,1,105,,24279,,,1,105,,24280,,,1,105,,24276,,,1,105,,24277,,,1,105,,24281,,,1
6004,'Weekday',535,,24282,,,1,24,,24283,,,1,66,,24287,,,1,28,,24288,,,1,66,,24289,,,1,26,,24290,,,1,66,,24291,,,1,26,,24292,,,1,66,,24293,,,1,26,,24294,,,1,26,,24295,,,1,66,,24296,,,1,26,,24297,,,1,66,,24298,,,1,29,,24299,,,1,69,,24300,,,1,26,,24301,,,1,66,,24303,,,1,26,,24302,,,1,27,,24304,,,1,74,,24305,,,1,24,,24306,,,1,61,,24307,,,1,27,,24308,,,1,64,,24309,,,1,25,,24310,,,1,26,,24286,,,1,63,,24284,,,1,26,,24285,,,1,68,,24311,,,1,28,,24312,,,1,68,,24313,,,1,35,,24314,,,1,86,,24315,,,1,80,,24317,,,1,40,,24318,,,1,80,,24319,,,1,80,,24316,,,1,40,,24320,,,1
