102,'Holiday1',551,,13893,,,1,83,,13891,,,1,16,,13917,,,1,60,,13918,,,1,20,,13919,,,1,20,,13920,,,1,60,,13922,,,1,20,,13923,,,1,20,,13924,,,1,60,,13921,,,1,20,,13926,,,1,20,,13927,,,1,60,,13912,,,1,20,,13913,,,1,20,,13900,,,1,60,,13906,,,1,20,,13895,,,1,20,,13905,,,1,60,,13898,,,1,20,,13904,,,1,20,,13911,,,1,60,,13907,,,1,20,,13894,,,1,20,,13910,,,1,60,,13903,,,1,26,,13896,,,1,20,,13899,,,1,60,,13915,,,1,20,,13897,,,1,20,,13914,,,1,60,,13908,,,1,20,,13916,,,1,20,,13909,,,1,60,,13901,,,1,20,,13902,,,1,20,,13925,,,1,60,,13929,,,1,20,,13930,,,1,20,,13928,,,1,60,,13931,,,1,20,,13932,,,1,20,,13933,,,1,60,,13934,,,1,20,,13935,,,1,20,,13936,,,1,60,,13937,,,1,20,,13938,,,1,14,,13939,,,1,60,,13940,,,1,27,,13943,,,1,65,,13944,,,1,26,,13941,,,1,20,,13942,,,1,60,,13945,,,1,15,,13890,,,1,20,,13946,,,1,61,,13892,,,1
102,'Saturday',607,,13947,,,1,20,,13966,,,1,20,,13967,,,1,60,,13968,,,1,20,,13969,,,1,20,,13970,,,1,60,,13971,,,1,20,,13972,,,1,24,,13973,,,1,60,,13974,,,1,20,,13975,,,1,20,,13976,,,1,58,,13977,,,1,20,,13978,,,1,20,,13979,,,1,60,,13980,,,1,21,,13981,,,1,20,,13982,,,1,60,,13983,,,1,20,,13984,,,1,22,,13985,,,1,58,,13986,,,1,20,,13987,,,1,20,,13988,,,1,59,,13989,,,1,19,,13990,,,1,21,,13991,,,1,61,,13992,,,1,19,,13965,,,1,20,,13963,,,1,60,,13962,,,1,20,,13959,,,1,22,,13960,,,1,60,,13957,,,1,20,,13955,,,1,20,,13958,,,1,60,,13956,,,1,19,,13961,,,1,21,,13954,,,1,56,,13964,,,1,30,,13995,,,1,76,,13996,,,1,28,,13997,,,1,70,,13998,,,1,30,,13999,,,1,70,,14000,,,1,32,,14001,,,1,70,,14002,,,1,22,,13994,,,1,69,,13952,,,1,29,,13950,,,1,69,,14003,,,1,30,,13953,,,1,82,,13951,,,1
102,'Sunday',551,,14007,,,1,83,,14005,,,1,16,,14031,,,1,60,,14032,,,1,20,,14033,,,1,20,,14034,,,1,60,,14035,,,1,20,,14036,,,1,20,,14037,,,1,60,,14038,,,1,20,,14040,,,1,20,,14041,,,1,60,,14026,,,1,20,,14027,,,1,20,,14014,,,1,60,,14020,,,1,20,,14009,,,1,20,,14019,,,1,60,,14012,,,1,20,,14018,,,1,20,,14025,,,1,60,,14021,,,1,20,,14008,,,1,20,,14024,,,1,60,,14017,,,1,26,,14010,,,1,20,,14013,,,1,60,,14029,,,1,20,,14011,,,1,20,,14028,,,1,60,,14022,,,1,20,,14030,,,1,20,,14023,,,1,60,,14015,,,1,20,,14016,,,1,20,,14039,,,1,60,,14043,,,1,20,,14044,,,1,20,,14042,,,1,60,,14045,,,1,20,,14046,,,1,20,,14047,,,1,60,,14048,,,1,20,,14049,,,1,20,,14050,,,1,60,,14051,,,1,20,,14052,,,1,14,,14053,,,1,60,,14054,,,1,27,,14057,,,1,65,,14058,,,1,26,,14055,,,1,20,,14056,,,1,60,,14059,,,1,15,,14004,,,1,20,,14060,,,1,61,,14006,,,1
102,'Weekday',414,,14063,,,1,19,,14064,,,1,22,,14061,,,1,61,,14067,,,1,19,,14068,,,1,21,,14066,,,1,59,,14065,,,1,18,,14077,,,1,23,,14071,,,1,63,,14073,,,1,26,,14076,0,7,1,65,,14079,,,1,23,,14080,,,1,21,,14070,,,1,70,,14082,,,1,24,,14083,,,1,65,,14084,,,1,88,,14085,,,1,25,,14086,,,1,82,,14088,,,1,28,,14089,,,1,74,,14090,0,7,1,27,,14087,,,1,82,,14091,,,1,27,,14092,,,1,62,,14109,,,1,23,,14110,,,1,25,,14107,,,1,61,,14111,,,1,24,,14112,,,1,9,,14113,,,1,61,,14114,,,1,38,,14115,,,1,67,,14116,,,1,13,,14117,,,1,18,,14118,,,1,64,,14119,,,1,26,,14120,,,1,22,,14121,,,1,62,,14122,,,1,19,,14123,,,1,62,,14131,,,1,24,,14130,,,1,22,,14129,,,1,79,,14132,,,1,30,,14133,,,1,77,,14134,,,1,69,,14135,,,1,35,,14136,,,1,72,,14137,,,1,32,,14138,,,1
2301,'Holiday1',819,,19927,,,1,32,,19900,,,1,72,,19902,,,1,23,,19899,,,1,68,,19903,,,1,31,,19901,,,1,74,,19904,,,1,28,,19905,,,1,67,,19906,,,1,29,,19907,,,1,70,,19908,,,1,29,,19912,,,1,68,,19913,,,1,30,,19914,,,1,67,,19909,,,1,26,,19911,,,1,71,,19915,,,1,28,,19916,,,1,68,,19910,,,1,28,,19918,,,1,28,,19919,,,1,68,,19921,,,1,26,,19917,,,1,67,,19922,,,1,28,,19920,,,1,65,,19924,,,1,25,,19925,,,1,67,,19923,,,1,28,,19928,,,1,27,,19926,,,1,67,,19930,,,1,28,,19929,,,1
2301,'Saturday',730,,19932,,,1,70,,19931,,,1,28,,19941,,,1,29,,19945,,,1,71,,19946,,,1,29,,19943,,,1,67,,19942,,,1,27,,19944,,,1,68,,19947,,,1,28,,19948,,,1,71,,19949,,,1,29,,19950,,,1,68,,19952,,,1,29,,19953,,,1,70,,19954,,,1,29,,19951,,,1,68,,19955,,,1,30,,19957,,,1,69,,19958,,,1,26,,19959,,,1,69,,19956,,,1,25,,19960,,,1,28,,19961,,,1,66,,19962,,,1,32,,19963,,,1,78,,19935,,,1,69,,19933,,,1,30,,19936,,,1,69,,19934,,,1,29,,19938,,,1,28,,19940,,,1,70,,19937,,,1,29,,19939,,,1,69,,19964,,,1,30,,19966,,,1,70,,19965,,,1,30,,19967,,,1,70,,19968,,,1
2301,'Sunday',819,,19997,,,1,32,,19970,,,1,72,,19972,,,1,23,,19969,,,1,68,,19973,,,1,31,,19971,,,1,74,,19974,,,1,28,,19975,,,1,67,,19976,,,1,29,,19977,,,1,70,,19978,,,1,29,,19981,,,1,68,,19982,,,1,30,,19983,,,1,67,,19979,,,1,26,,19984,,,1,71,,19985,,,1,28,,19986,,,1,68,,19980,,,1,28,,19988,,,1,28,,19989,,,1,68,,19991,,,1,26,,19987,,,1,67,,19992,,,1,28,,19990,,,1,65,,19994,,,1,25,,19995,,,1,67,,19993,,,1,28,,19998,,,1,27,,19996,,,1,67,,20000,,,1,28,,19999,,,1
2301,'Weekday',524,,20001,,,1,15,,20002,,,1,15,,20003,,,1,58,,20004,,,1,17,,20005,,,1,15,,20006,,,1,14,,20007,,,1,54,,20008,,,1,16,,20009,,,1,15,,20010,,,1,16,,20011,,,1,56,,20013,,,1,15,,20014,,,1,18,,20015,,,1,56,,20012,,,1,15,,20017,,,1,13,,20018,,,1,15,,20019,,,1,55,,20016,,,1,13,,20020,,,1,30,,20021,,,1,68,,20022,,,1,31,,20023,,,1,77,,20024,,,1,30,,20025,,,1,65,,20026,,,1,29,,20027,,,1,72,,20028,,,1,29,,20029,,,1,61,,20060,,,1,20,,20030,,,1,16,,20059,,,1,15,,20056,,,1,53,,20058,,,1,13,,20057,,,1,14,,20032,,,1,15,,20031,,,1,55,,20033,,,1,15,,20035,,,1,14,,20037,,,1,15,,20038,,,1,55,,20039,,,1,15,,20036,,,1,14,,20040,,,1,15,,20034,,,1,55,,20041,,,1,15,,20042,,,1,15,,20043,,,1,14,,20044,,,1,54,,20045,,,1,20,,20046,,,1,33,,20047,,,1,73,,20048,,,1,72,,20050,,,1,34,,20051,,,1,73,,20052,,,1,31,,20049,,,1,72,,20053,,,1,34,,20054,,,1,74,,20055,,,1
3503,'Holiday1',755,,22176,,,1,85,,22175,,,1,85,,22183,,,1,85,,22178,,,1,45,,22180,,,1,85,,22182,,,1,85,,22177,,,1,85,,22184,,,1,45,,22174,,,1,85,,22179,,,1,85,,22181,,,1,85,,22186,,,1,45,,22187,,,1,85,,22189,,,1,85,,22188,,,1,85,,22185,,,1
3503,'Saturday',810,,22192,,,1,45,,22190,,,1,85,,22193,,,1,85,,22191,,,1,85,,22195,,,1,45,,22194,,,1,85,,22197,,,1,85,,22198,,,1,85,,22199,,,1,45,,22196,,,1,85,,22200,,,1,85,,22202,,,1,85,,22203,,,1,45,,22201,,,1,85,,22204,,,1,85,,22205,,,1,85,,22206,,,1
3503,'Sunday',755,,22209,,,1,85,,22208,,,1,85,,22216,,,1,85,,22211,,,1,45,,22213,,,1,85,,22215,,,1,85,,22210,,,1,85,,22217,,,1,45,,22207,,,1,85,,22212,,,1,85,,22214,,,1,85,,22218,,,1,45,,22219,,,1,85,,22222,,,1,85,,22220,,,1,85,,22221,,,1
3503,'Weekday',525,,22223,,,1,75,,22227,,,1,35,,22224,,,1,75,,22246,,,1,35,,22231,,,1,75,,22242,,,1,35,,22249,,,1,75,,22254,,,1,75,,22248,,,1,35,,22226,,,1,80,,22247,,,1,30,,22245,,,1,75,,22250,,,1,75,,22243,,,1,35,,22252,,,1,75,,22253,,,1,35,,22244,,,1,75,,22234,,,1,35,,22233,,,1,75,,22229,,,1,75,,22239,,,1,35,,22235,,,1,75,,22238,,,1,35,,22232,,,1,75,,22228,,,1,75,,22236,,,1,35,,22237,,,1,75,,22240,,,1,35,,22241,,,1,75,,22225,,,1,35,,22230,,,1,75,,22251,,,1
