'240902-MULTI-Holiday1-01',2603,75000,,'',1,9000,,'',1,9000,,'',1,9000,,'',1,9000,,'',1,9000,,'',1,5000,,'',1,9000,,'',1,9000,,'',1,9000,,'',1,9000,,'',1,9000,,'',1,5000,,'',1,9000,,'',1,9000,,'',1,9000,,'',1
'240902-MULTI-Holiday1-01',2604,83100,4,'',1,9000,4,'',1,9000,4,'',1,9000,4,'',1,5000,4,'',1,9000,4,'',1,9100,4,'',1,9000,4,'',1,9000,4,'',1,9000,4,'',1,5000,4,'',1,9000,4,'',1,8900,4,'',1,8900,4,'',1,9000,4,'',1,9000,4,'',1
'240902-MULTI-Holiday2-01',2603,75000,,'',1,9000,,'',1,9000,,'',1,9000,,'',1,9000,,'',1,9000,,'',1,5000,,'',1,9000,,'',1,9000,,'',1,9000,,'',1,9000,,'',1,9000,,'',1,5000,,'',1,9000,,'',1,9000,,'',1,9000,,'',1
'240902-MULTI-Holiday2-01',2604,83100,4,'',1,9000,4,'',1,9000,4,'',1,9000,4,'',1,5000,4,'',1,9000,4,'',1,9100,4,'',1,9000,4,'',1,9000,4,'',1,9000,4,'',1,5000,4,'',1,9000,4,'',1,8900,4,'',1,8900,4,'',1,9000,4,'',1,9000,4,'',1
'240902-MULTI-Saturday-01',2603,75000,,'',1,9000,,'',1,9000,,'',1,9000,,'',1,9000,,'',1,9000,,'',1,5000,,'',1,9000,,'',1,9000,,'',1,9000,,'',1,9000,,'',1,9000,,'',1,5000,,'',1,9000,,'',1,9000,,'',1,9000,,'',1
'240902-MULTI-Saturday-01',2604,83100,4,'',1,9000,4,'',1,9000,4,'',1,9000,4,'',1,5000,4,'',1,9000,4,'',1,9100,4,'',1,9000,4,'',1,9000,4,'',1,9000,4,'',1,5000,4,'',1,9000,4,'',1,8900,4,'',1,8900,4,'',1,9000,4,'',1,9000,4,'',1
'240902-MULTI-Sunday-01',2603,75000,,'',1,9000,,'',1,9000,,'',1,9000,,'',1,9000,,'',1,9000,,'',1,5000,,'',1,9000,,'',1,9000,,'',1,9000,,'',1,9000,,'',1,9000,,'',1,5000,,'',1,9000,,'',1,9000,,'',1,9000,,'',1
'240902-MULTI-Sunday-01',2604,83100,4,'',1,9000,4,'',1,9000,4,'',1,9000,4,'',1,5000,4,'',1,9000,4,'',1,9100,4,'',1,9000,4,'',1,9000,4,'',1,9000,4,'',1,5000,4,'',1,9000,4,'',1,8900,4,'',1,8900,4,'',1,9000,4,'',1,9000,4,'',1
'240902-MULTI-Weekday-01',2603,53000,,'',1,2500,,'',1,6600,,'',1,2100,,'',1,7100,,'',1,3200,,'',1,6600,,'',1,3600,,'',1,7200,,'',1,3000,,'',1,7200,,'',1,3000,,'',1,6800,,'',1,3000,,'',1,7200,,'',1,3000,,'',1,7900,,'',1,7000,,'',1,3300,,'',1,2000,,'',1,7700,,'',1,2000,,'',1,8000,,'',1,7600,,'',1,3000,,'',1,6900,,'',1,3500,,'',1,6100,,'',1,3500,,'',1,6400,,'',1,3000,,'',1,7000,,'',1,3000,,'',1,7000,,'',1,3000,,'',1,7000,,'',1,3000,,'',1
'240902-MULTI-Weekday-01',2604,61500,4,'',1,2000,4,'',1,6900,4,'',1,2300,4,'',1,3000,4,'',1,7300,4,'',1,2700,4,'',1,7700,4,'',1,7200,4,'',1,2800,4,'',1,7200,4,'',1,3000,4,'',1,6800,4,'',1,3000,4,'',1,7200,4,'',1,3000,4,'',1,7900,4,'',1,3000,4,'',1,7400,4,'',1,2000,4,'',1,7700,4,'',1,2000,4,'',1,8000,4,'',1,3600,4,'',1,7000,4,'',1,2900,4,'',1,7200,4,'',1,2100,4,'',1,7500,4,'',1,2400,4,'',1,7000,4,'',1,3000,4,'',1,7000,4,'',1,3000,4,'',1,7000,4,'',1,2900,4,'',1,7000,4,'',1
