204,'Holiday1',716,,14299,,,1,33,,14301,,,1,73,,14303,,,1,33,,14305,,,1,74,,14306,,,1,73,,14302,,,1,33,,14307,,,1,73,,14304,,,1,33,,14308,,,1,74,,14309,,,1,33,,14311,,,1,73,,14312,,,1,33,,14313,,,1,73,,14310,,,1,73,,14315,,,1,33,,14316,,,1,73,,14317,,,1,33,,14314,,,1,73,,14329,,,1,33,,14325,,,1,72,,14328,,,1,33,,14324,,,1,72,,14327,,,1,33,,14326,,,1,72,,14322,,,1,73,,14321,,,1,33,,14323,,,1,73,,14318,,,1,32,,14320,,,1,73,,14319,,,1,33,,14300,,,1
204,'Saturday',624,,14330,,,1,27,,14368,,,1,74,,14365,,,1,29,,14364,,,1,72,,14367,,,1,30,,14366,,,1,71,,14363,,,1,30,,14362,,,1,70,,14358,,,1,30,,14361,,,1,71,,14360,,,1,30,,14369,,,1,71,,14359,,,1,30,,14357,,,1,71,,14353,,,1,70,,14352,,,1,30,,14356,,,1,70,,14355,,,1,30,,14354,,,1,70,,14351,,,1,30,,14350,,,1,71,,14346,,,1,29,,14349,,,1,70,,14344,,,1,28,,14348,,,1,30,,14347,,,1,68,,14345,,,1,30,,14343,,,1,68,,14340,,,1,30,,14339,,,1,70,,14342,,,1,30,,14341,,,1,70,,14335,,,1,30,,14336,,,1,70,,14338,,,1,30,,14337,,,1,70,,14333,,,1,30,,14334,,,1
204,'Sunday',716,,14370,,,1,33,,14372,,,1,73,,14374,,,1,33,,14375,,,1,74,,14376,,,1,73,,14373,,,1,33,,14377,,,1,73,,14378,,,1,33,,14379,,,1,74,,14380,,,1,33,,14382,,,1,73,,14383,,,1,33,,14384,,,1,73,,14381,,,1,73,,14386,,,1,33,,14387,,,1,73,,14388,,,1,33,,14385,,,1,73,,14400,,,1,33,,14396,,,1,72,,14399,,,1,33,,14395,,,1,72,,14398,,,1,33,,14397,,,1,72,,14393,,,1,73,,14392,,,1,33,,14394,,,1,73,,14389,,,1,32,,14391,,,1,73,,14390,,,1,33,,14371,,,1
204,'Weekday',455,,14455,,,1,62,,14454,,,1,22,,14453,,,1,16,,14451,,,1,70,,14450,,,1,22,,14449,,,1,58,,14445,,,1,22,,14456,,,1,19,,14448,,,1,66,,14443,,,1,28,,14447,,,1,60,,14452,,,1,21,,14446,,,1,22,,14441,,,1,62,,14444,,,1,25,,14442,,,1,21,,14440,,,1,60,,14439,,,1,18,,14438,,,1,27,,14437,,,1,64,,14433,,,1,22,,14436,,,1,16,,14435,,,1,56,,14434,,,1,29,,14432,,,1,67,,14431,,,1,20,,14430,,,1,15,,14429,,,1,59,,14428,,,1,28,,14427,,,1,24,,14426,,,1,64,,14422,,,1,17,,14425,,,1,64,,14424,,,1,27,,14423,,,1,25,,14421,,,1,63,,14417,,,1,21,,14420,,,1,64,,14419,,,1,25,,14418,,,1,26,,14416,,,1,60,,14415,,,1,21,,14414,,,1,22,,14413,,,1,58,,14412,,,1,19,,14408,,,1,23,,14411,,,1,60,,14410,,,1,22,,14409,,,1,74,,14407,,,1,31,,14406,,,1,70,,14405,,,1,28,,14404,,,1
2404,'Holiday1',831,,20295,,,1,85,,20294,,,1,85,,20296,,,1,45,,20297,,,1,85,,20298,,,1,85,,20300,,,1,85,,20301,,,1,45,,20299,,,1,85,,20304,,,1,85,,20305,,,1,85,,20302,,,1,45,,20303,,,1,85,,20307,,,1,85,,20308,,,1,85,,20306,,,1
2404,'Saturday',831,,20309,,,1,85,,20310,,,1,85,,20315,,,1,45,,20311,,,1,85,,20312,,,1,85,,20313,,,1,85,,20316,,,1,45,,20317,,,1,85,,20318,,,1,85,,20319,,,1,85,,20314,,,1,45,,20320,,,1,85,,20321,,,1,85,,20322,,,1,85,,20323,,,1
2404,'Sunday',831,,20325,,,1,85,,20324,,,1,85,,20326,,,1,45,,20327,,,1,85,,20328,,,1,85,,20330,,,1,85,,20331,,,1,45,,20329,,,1,85,,20334,,,1,85,,20335,,,1,85,,20332,,,1,45,,20333,,,1,85,,20337,,,1,85,,20338,,,1,85,,20336,,,1
2404,'Weekday',542,,20341,,,1,17,,20340,,,1,74,,20344,,,1,77,,20353,,,1,36,,20354,,,1,75,,20355,,,1,36,,20351,,,1,76,,20352,,,1,75,,20360,,,1,37,,20339,,,1,74,,20342,,,1,35,,20358,,,1,77,,20356,,,1,77,,20357,,,1,37,,20359,,,1,77,,20343,,,1,33,,20346,,,1,77,,20361,,,1,76,,20362,,,1,34,,20363,,,1,75,,20364,,,1,36,,20365,,,1,75,,20366,,,1,75,,20367,,,1,38,,20348,,,1,72,,20345,,,1,32,,20347,,,1,76,,20350,,,1,35,,20349,,,1
2504,'Weekday',625,,20387,,,1,30,,20389,,,1,77,,20395,,,1,77,,20394,,,1,38,,20393,,,1,73,,20392,,,1,35,,20396,,,1,76,,20397,,,1,483,,20388,,,1,36,,20398,,,1,76,,20399,,,1,77,,20400,,,1,36,,20401,,,1,77,,20402,,,1,36,,20403,,,1,74,,20404,,,1,76,,20391,,,1,34,,20390,,,1
21600,'Weekday',1547,,24883,,,1
