2302,'Holiday1',728,,33054,7,,,1,30,,33028,7,,,1,65,,33031,7,,,1,25,,33032,7,,,1,68,,33033,7,,,1,28,,33030,7,,,1,68,,33034,7,,,1,27,,33035,7,,,1,70,,33029,7,,,1,25,,33037,7,,,1,68,,33039,7,,,1,27,,33036,7,,,1,25,,33040,7,,,1,70,,33038,7,,,1,30,,33042,7,,,1,65,,33043,7,,,1,28,,33045,7,,,1,69,,33041,7,,,1,28,,33046,7,,,1,70,,33059,7,,,1,30,,33048,7,,,1,70,,33049,7,,,1,26,,33050,7,,,1,69,,33047,7,,,1,30,,33051,7,,,1,71,,33052,7,,,1,28,,33053,7,,,1,68,,33044,7,,,1,28,,33057,7,,,1,68,,33058,7,,,1,28,,33055,7,,,1,28,,33056,7,,,1
2302,'Saturday',521,,33060,7,,,1,30,,33062,7,,,1,70,,33082,7,,,1,32,,33081,7,,,1,78,,33085,7,,,1,71,,33084,7,,,1,25,,33088,7,,,1,26,,33089,7,,,1,64,,33086,7,,,1,28,,33087,7,,,1,68,,33090,7,,,1,28,,33093,7,,,1,69,,33094,7,,,1,27,,33091,7,,,1,68,,33092,7,,,1,28,,33083,7,,,1,68,,33072,7,,,1,28,,33075,7,,,1,28,,33076,7,,,1,68,,33077,7,,,1,28,,33074,7,,,1,68,,33073,7,,,1,28,,33079,7,,,1,70,,33080,7,,,1,30,,33078,7,,,1,68,,33064,7,,,1,28,,33065,7,,,1,69,,33061,7,,,1,32,,33071,7,,,1,73,,33063,7,,,1,32,,33067,7,,,1,72,,33069,7,,,1,29,,33066,7,,,1,69,,33068,7,,,1,30,,33070,7,,,1,70,,33098,7,,,1,30,,33097,7,,,1,70,,33096,7,,,1,30,,33095,7,,,1
2302,'Sunday',728,,33125,7,,,1,30,,33099,7,,,1,65,,33102,7,,,1,25,,33103,7,,,1,68,,33104,7,,,1,28,,33101,7,,,1,68,,33105,7,,,1,27,,33106,7,,,1,70,,33100,7,,,1,25,,33108,7,,,1,68,,33110,7,,,1,27,,33107,7,,,1,25,,33111,7,,,1,70,,33109,7,,,1,30,,33113,7,,,1,65,,33114,7,,,1,28,,33115,7,,,1,69,,33112,7,,,1,28,,33116,7,,,1,70,,33130,7,,,1,30,,33119,7,,,1,70,,33120,7,,,1,26,,33121,7,,,1,69,,33117,7,,,1,30,,33122,7,,,1,71,,33123,7,,,1,28,,33124,7,,,1,68,,33118,7,,,1,28,,33128,7,,,1,68,,33129,7,,,1,28,,33126,7,,,1,28,,33127,7,,,1
2302,'Weekday',436,,33131,7,,,1,15,,33141,7,,,1,57,,33142,7,,,1,14,,33140,7,,,1,15,,33144,7,,,1,15,,33146,7,,,1,55,,33147,7,,,1,15,,33148,7,,,1,15,,33145,7,,,1,15,,33149,7,,,1,55,,33143,7,,,1,15,,33150,7,,,1,15,,33151,7,,,1,20,,33152,7,,,1,55,,33153,7,,,1,17,,33137,7,,,1,18,,33134,7,,,1,69,,33136,7,,,1,29,,33154,7,,,1,71,,33155,7,,,1,31,,33156,7,,,1,68,,33157,7,,,1,30,,33158,7,,,1,71,,33159,7,,,1,32,,33160,7,,,1,69,,33161,7,,,1,29,,33139,7,,,1,61,,33185,7,,,1,19,,33182,7,,,1,19,,33184,7,,,1,55,,33181,7,,,1,15,,33183,7,,,1,17,,33180,7,,,1,18,,33162,7,,,1,54,,33163,7,,,1,15,,33164,7,,,1,15,,33165,7,,,1,15,,33166,7,,,1,55,,33167,7,,,1,15,,33168,7,,,1,15,,33169,7,,,1,15,,33170,7,,,1,55,,33171,7,,,1,15,,33132,7,,,1,17,,33138,7,,,1,13,,33135,7,,,1,55,,33133,7,,,1,34,,33172,7,,,1,74,,33173,7,,,1,32,,33174,7,,,1,71,,33175,7,,,1,38,,33176,7,,,1,74,,33177,7,,,1,74,,33178,7,,,1,34,,33179,7,,,1
3503,'Holiday1',801,,35107,7,,,1,45,,35106,7,,,1,85,,35115,7,,,1,86,,35109,7,,,1,85,,35111,7,,,1,45,,35113,7,,,1,85,,35108,7,,,1,85,,35114,7,,,1,85,,35105,7,,,1,45,,35110,7,,,1,85,,35112,7,,,1,85,,35116,7,,,1,85,,35117,7,,,1,45,,35120,7,,,1,85,,35118,7,,,1,85,,35119,7,,,1
3503,'Saturday',816,,35123,7,,,1,86,,35121,7,,,1,45,,35124,7,,,1,85,,35122,7,,,1,85,,35126,7,,,1,85,,35125,7,,,1,45,,35129,7,,,1,85,,35128,7,,,1,85,,35130,7,,,1,85,,35127,7,,,1,45,,35131,7,,,1,85,,35133,7,,,1,85,,35134,7,,,1,85,,35132,7,,,1,45,,35135,7,,,1,85,,35136,7,,,1,85,,35137,7,,,1
3503,'Sunday',801,,35140,7,,,1,45,,35139,7,,,1,85,,35148,7,,,1,86,,35142,7,,,1,85,,35144,7,,,1,45,,35146,7,,,1,85,,35141,7,,,1,85,,35147,7,,,1,85,,35138,7,,,1,45,,35143,7,,,1,85,,35145,7,,,1,85,,35149,7,,,1,85,,35150,7,,,1,45,,35153,7,,,1,85,,35151,7,,,1,85,,35152,7,,,1
3503,'Weekday',531,,35154,7,,,1,76,,35158,7,,,1,35,,35155,7,,,1,75,,35174,7,,,1,35,,35162,7,,,1,75,,35173,7,,,1,75,,35180,7,,,1,35,,35185,7,,,1,75,,35179,7,,,1,35,,35157,7,,,1,80,,35178,7,,,1,30,,35177,7,,,1,75,,35181,7,,,1,75,,35175,7,,,1,35,,35183,7,,,1,75,,35184,7,,,1,35,,35176,7,,,1,75,,35165,7,,,1,75,,35164,7,,,1,35,,35160,7,,,1,75,,35170,7,,,1,35,,35166,7,,,1,75,,35169,7,,,1,35,,35163,7,,,1,75,,35159,7,,,1,75,,35167,7,,,1,35,,35168,7,,,1,75,,35171,7,,,1,35,,35172,7,,,1,75,,35156,7,,,1,75,,35161,7,,,1,35,,35182,7,,,1
5003,'Holiday1',734,,35317,3,,,1,68,,35308,25,,,1,25,,35307,25,,,1,14,,35319,18,0,5,1,16,,35315,25,,,1,59,,35326,18,0,5,1,11,,35288,25,,,1,30,,35311,25,,,1,54,,35329,18,0,5,1,17,,35290,25,,,1,17,,35330,18,0,5,1,59,,35291,25,,,1,24,,35292,25,,,1,14,,35332,18,0,5,1,59,,35289,25,,,1,20,,35328,18,0,5,1,17,,35313,25,,,1,21,,35293,25,,,1,53,,35333,18,0,5,1,18,,35294,25,,,1,23,,35331,18,0,5,1,57,,35287,25,,,1,19,,35310,25,,,1,13,,35334,18,0,5,1,17,,35296,25,,,1,64,,35325,18,0,5,1,11,,35299,25,,,1,66,,35295,25,,,1,12,,35324,18,0,5,1,18,,35314,25,,,1,20,,35320,18,0,5,1,58,,35300,25,,,1,21,,35297,25,,,1,13,,35323,18,0,5,1,17,,35312,25,,,1,63,,35318,18,0,5,1,12,,35302,25,,,1,24,,35303,25,,,1,54,,35322,18,0,5,1,17,,35301,25,,,1,28,,35321,18,0,5,1,60,,35304,25,,,1,25,,35327,18,0,5,1,17,,35298,25,,,1,66,,35337,18,0,5,1,13,,35305,25,,,1,70,,35306,25,,,1,10,,35335,18,0,5,1,28,,35309,25,,,1,55,,35338,18,0,5,1,28,,35316,25,,,1,11,,35336,18,0,5,1
5003,'Saturday',547,,35372,25,,,1,80,,35368,25,,,1,80,,35339,25,,,1,40,,35340,25,,,1,59,,35373,18,0,5,1,20,,35341,25,,,1,24,,35381,18,0,5,1,56,,35342,25,,,1,29,,35386,18,0,5,1,9,,35344,25,,,1,78,,35383,18,0,5,1,13,,35345,25,,,1,65,,35346,25,,,1,7,,35382,18,0,5,1,21,,35343,25,,,1,24,,35385,18,0,5,1,6,,35370,25,,,1,71,,35348,25,,,1,9,,35384,18,0,5,1,21,,35350,25,,,1,65,,35387,18,0,5,1,6,,35347,25,,,1,70,,35351,25,,,1,9,,35388,18,0,5,1,20,,35349,25,,,1,24,,35389,18,0,5,1,6,,35353,25,,,1,70,,35354,25,,,1,9,,35390,18,0,5,1,62,,35371,25,,,1,25,,35376,18,0,5,1,13,,35355,25,,,1,63,,35352,25,,,1,8,,35378,18,0,5,1,20,,35356,25,,,1,24,,35377,18,0,5,1,52,,35357,25,,,1,24,,35359,25,,,1,9,,35380,18,0,5,1,21,,35369,25,,,1,64,,35379,18,0,5,1,14,,35362,25,,,1,22,,35360,25,,,1,51,,35375,18,0,5,1,18,,35358,25,,,1,24,,35374,18,0,5,1,60,,35361,25,,,1,20,,35394,18,0,5,1,22,,35364,25,,,1,66,,35393,18,0,5,1,12,,35363,25,,,1,71,,35365,25,,,1,9,,35392,18,0,5,1,31,,35391,18,0,5,1,9,,35366,25,,,1,69,,35367,25,,,1
5003,'Sunday',734,,35425,3,,,1,68,,35416,25,,,1,25,,35415,25,,,1,14,,35427,18,0,5,1,16,,35423,25,,,1,59,,35434,18,0,5,1,11,,35395,25,,,1,30,,35419,25,,,1,54,,35437,18,0,5,1,17,,35398,25,,,1,17,,35438,18,0,5,1,59,,35399,25,,,1,24,,35400,25,,,1,14,,35440,18,0,5,1,59,,35397,25,,,1,20,,35436,18,0,5,1,17,,35421,25,,,1,21,,35401,25,,,1,53,,35441,18,0,5,1,18,,35402,25,,,1,23,,35439,18,0,5,1,57,,35396,25,,,1,19,,35418,25,,,1,13,,35442,18,0,5,1,17,,35404,25,,,1,64,,35433,18,0,5,1,11,,35407,25,,,1,66,,35403,25,,,1,12,,35432,18,0,5,1,18,,35422,25,,,1,20,,35428,18,0,5,1,58,,35408,25,,,1,21,,35405,25,,,1,13,,35431,18,0,5,1,17,,35420,25,,,1,63,,35426,18,0,5,1,12,,35410,25,,,1,24,,35411,25,,,1,54,,35430,18,0,5,1,17,,35409,25,,,1,28,,35429,18,0,5,1,60,,35412,25,,,1,25,,35435,18,0,5,1,17,,35406,25,,,1,66,,35445,18,0,5,1,13,,35413,25,,,1,70,,35414,25,,,1,10,,35443,18,0,5,1,28,,35417,25,,,1,55,,35446,18,0,5,1,28,,35424,25,,,1,11,,35444,18,0,5,1
5003,'Weekday',558,,35449,25,,,1,43,,35447,18,0,5,1,13,,35486,25,,,1,15,,35487,25,,,1,2,,35471,18,0,5,1,15,,35488,25,,,1,54,,35466,18,0,5,1,2,,35489,25,,,1,15,,35490,25,,,1,14,,35459,18,0,5,1,1,,35491,25,,,1,14,,35492,25,,,1,54,,35493,25,,,1,1,,35478,18,0,5,1,14,,35494,25,,,1,14,,35495,25,,,1,2,,35469,18,0,5,1,14,,35496,25,,,1,14,,35497,25,,,1,42,,35468,18,0,5,1,13,,35498,25,,,1,14,,35499,25,,,1,2,,35467,18,0,5,1,13,,35501,25,,,1,15,,35502,25,,,1,45,,35474,18,0,5,1,10,,35503,25,,,1,15,,35500,25,,,1,11,,35477,18,0,5,1,4,,35504,25,,,1,15,,35505,25,,,1,56,,35506,25,,,1,7,,35482,18,0,5,1,14,,35507,25,,,1,20,,35508,25,,,1,46,,35483,18,0,5,1,15,,35509,25,,,1,20,,35510,25,,,1,5,,35475,18,0,5,1,15,,35511,25,,,1,55,,35481,18,0,5,1,5,,35512,25,,,1,20,,35513,25,,,1,6,,35476,18,0,5,1,14,,35514,25,,,1,57,,35457,18,0,5,1,7,,35515,25,,,1,17,,35516,25,,,1,8,,35480,18,0,5,1,7,,35517,25,,,1,55,,35518,25,,,1,6,,35484,18,0,5,1,8,,35519,25,,,1,15,,35520,25,,,1,6,,35485,18,0,5,1,9,,35521,25,,,1,55,,35522,25,,,1,7,,35464,18,0,5,1,9,,35523,25,,,1,16,,35524,25,,,1,7,,35456,18,0,5,1,8,,35525,25,,,1,55,,35527,25,,,1,7,,35455,18,0,5,1,8,,35526,25,,,1,15,,35528,25,,,1,7,,35472,18,0,5,1,8,,35529,25,,,1,55,,35530,25,,,1,5,,35454,18,0,5,1,8,,35531,25,,,1,14,,35532,25,,,1,7,,35460,18,0,5,1,8,,35533,25,,,1,54,,35534,25,,,1,8,,35473,18,0,5,1,6,,35535,25,,,1,15,,35536,25,,,1,10,,35462,18,0,5,1,5,,35537,25,,,1,54,,35538,25,,,1,10,,35461,18,0,5,1,4,,35539,25,,,1,25,,35479,18,0,5,1,4,,35540,25,,,1,66,,35470,18,0,5,1,3,,35541,25,,,1,27,,35458,18,0,5,1,3,,35542,25,,,1,66,,35453,18,0,5,1,4,,35543,25,,,1,25,,35465,18,0,5,1,5,,35544,25,,,1,65,,35463,18,0,5,1,6,,35545,25,,,1,19,,35450,18,0,5,1,11,,35546,25,,,1,58,,35451,18,0,5,1,12,,35547,25,,,1,34,,35452,25,,,1
