'251222-MULTI-Holiday1-02',203,75200,4,'',1,7500,4,'',1,7300,4,'',1,3400,4,'',1,7200,4,'',1,3400,4,'',1,7300,4,'',1,3400,4,'',1,7400,4,'',1,3300,4,'',1,7300,4,'',1,7300,4,'',1,3300,4,'',1,7300,4,'',1,3300,4,'',1,7300,4,'',1,3300,4,'',1,7300,4,'',1,3300,4,'',1,7300,4,'',1,3300,4,'',1,7200,4,'',1,7300,4,'',1,3300,4,'',1,7300,4,'',1,3000,4,'',1,7300,4,'',1,3300,4,'',1,7200,4,'',1,3200,4,'',1,7200,4,'',1,3300,4,'',1
'251222-MULTI-Holiday1-02',204,70000,,'',1,3300,,'',1,7300,,'',1,3300,,'',1,7300,,'',1,3300,,'',1,7300,,'',1,3300,,'',1,7300,,'',1,3300,,'',1,7300,,'',1,7300,,'',1,3300,,'',1,7300,,'',1,3300,,'',1,7300,,'',1,3300,,'',1,7300,,'',1,3300,,'',1,7300,,'',1,7300,,'',1,3300,,'',1,7300,,'',1,3300,,'',1,7300,,'',1,3300,,'',1,7300,,'',1,3300,,'',1,7300,,'',1,3300,,'',1,7300,,'',1
'251222-MULTI-Holiday2-02',203,60000,4,'',1,3200,4,'',1,7000,4,'',1,3300,4,'',1,6500,4,'',1,3800,4,'',1,7000,4,'',1,9200,4,'',1,3100,4,'',1,7000,4,'',1,3300,4,'',1,7000,4,'',1,3000,4,'',1,7000,4,'',1,3000,4,'',1,7000,4,'',1,3000,4,'',1,7100,4,'',1,3000,4,'',1,7000,4,'',1,3000,4,'',1,7000,4,'',1,3000,4,'',1,7000,4,'',1,3000,4,'',1,6900,4,'',1,2700,4,'',1,2800,4,'',1,6800,4,'',1,2900,4,'',1,6900,4,'',1,2900,4,'',1,6900,4,'',1,3000,4,'',1,6900,4,'',1,3000,4,'',1,7000,4,'',1,3000,4,'',1,7000,4,'',1,3000,4,'',1
'251222-MULTI-Holiday2-02',204,61000,,'',1,2700,,'',1,7200,,'',1,2900,,'',1,7200,,'',1,3000,,'',1,7000,,'',1,3000,,'',1,7000,,'',1,3000,,'',1,7000,,'',1,3000,,'',1,7000,,'',1,3000,,'',1,7000,,'',1,3000,,'',1,7000,,'',1,3000,,'',1,7000,,'',1,3000,,'',1,7000,,'',1,3000,,'',1,7000,,'',1,3000,,'',1,7000,,'',1,3000,,'',1,7000,,'',1,3000,,'',1,7000,,'',1,3000,,'',1,7000,,'',1,3000,,'',1,7000,,'',1,3000,,'',1,7000,,'',1,3000,,'',1,7000,,'',1,3000,,'',1
'251222-MULTI-Saturday-01',203,60000,4,'',1,3200,4,'',1,7000,4,'',1,3300,4,'',1,6500,4,'',1,3800,4,'',1,7000,4,'',1,9200,4,'',1,3100,4,'',1,7000,4,'',1,3300,4,'',1,7000,4,'',1,3000,4,'',1,7000,4,'',1,3000,4,'',1,7000,4,'',1,3000,4,'',1,7100,4,'',1,3000,4,'',1,7000,4,'',1,3000,4,'',1,7000,4,'',1,3000,4,'',1,7000,4,'',1,3000,4,'',1,6900,4,'',1,2700,4,'',1,2800,4,'',1,6800,4,'',1,2900,4,'',1,6900,4,'',1,2900,4,'',1,6900,4,'',1,3000,4,'',1,6900,4,'',1,3000,4,'',1,7000,4,'',1,3000,4,'',1,7000,4,'',1,3000,4,'',1
'251222-MULTI-Saturday-01',204,61000,,'',1,2700,,'',1,7200,,'',1,2900,,'',1,7200,,'',1,3000,,'',1,7000,,'',1,3000,,'',1,7000,,'',1,3000,,'',1,7000,,'',1,3000,,'',1,7000,,'',1,3000,,'',1,7000,,'',1,3000,,'',1,7000,,'',1,3000,,'',1,7000,,'',1,3000,,'',1,7000,,'',1,3000,,'',1,7000,,'',1,3000,,'',1,7000,,'',1,3000,,'',1,7000,,'',1,3000,,'',1,7000,,'',1,3000,,'',1,7000,,'',1,3000,,'',1,7000,,'',1,3000,,'',1,7000,,'',1,3000,,'',1,7000,,'',1,3000,,'',1
'251222-MULTI-Sunday-01',203,75200,4,'',1,7500,4,'',1,7300,4,'',1,3400,4,'',1,7200,4,'',1,3400,4,'',1,7300,4,'',1,3400,4,'',1,7400,4,'',1,3300,4,'',1,7300,4,'',1,7300,4,'',1,3300,4,'',1,7300,4,'',1,3300,4,'',1,7300,4,'',1,3300,4,'',1,7300,4,'',1,3300,4,'',1,7300,4,'',1,3300,4,'',1,7200,4,'',1,7300,4,'',1,3300,4,'',1,7300,4,'',1,3000,4,'',1,7300,4,'',1,3300,4,'',1,7200,4,'',1,3200,4,'',1,7200,4,'',1,3300,4,'',1
'251222-MULTI-Sunday-01',204,70000,,'',1,3300,,'',1,7300,,'',1,3300,,'',1,7300,,'',1,3300,,'',1,7300,,'',1,3300,,'',1,7300,,'',1,3300,,'',1,7300,,'',1,7300,,'',1,3300,,'',1,7300,,'',1,3300,,'',1,7300,,'',1,3300,,'',1,7300,,'',1,3300,,'',1,7300,,'',1,7300,,'',1,3300,,'',1,7300,,'',1,3300,,'',1,7300,,'',1,3300,,'',1,7300,,'',1,3300,,'',1,7300,,'',1,3300,,'',1,7300,,'',1
'251222-MULTI-Weekday-01',203,44800,4,'',1,6200,4,'',1,2200,4,'',1,2200,4,'',1,5100,4,'',1,3500,4,'',1,6200,4,'',1,600,4,'',1,3900,4,'',1,6700,4,'',1,2200,4,'',1,2200,4,'',1,100,4,'',1,8200,4,'',1,6400,4,'',1,2200,4,'',1,1900,4,'',1,400,4,'',1,7800,4,'',1,2500,4,'',1,6200,4,'',1,1800,4,'',1,1000,4,'',1,7600,4,'',1,2600,4,'',1,6200,4,'',1,1400,4,'',1,1500,4,'',1,7200,4,'',1,2700,4,'',1,1900,4,'',1,5800,4,'',1,1700,4,'',1,7300,4,'',1,2700,4,'',1,2200,4,'',1,6000,4,'',1,2400,4,'',1,6600,4,'',1,2500,4,'',1,2100,4,'',1,5900,4,'',1,2600,4,'',1,1900,4,'',1,5900,4,'',1,2300,4,'',1,1700,4,'',1,6500,4,'',1,1900,4,'',1,1600,4,'',1,7300,4,'',1,2800,4,'',1,6900,4,'',1,3200,4,'',1,6800,4,'',1,2800,4,'',1
'251222-MULTI-Weekday-01',204,44000,,'',1,6200,,'',1,2200,,'',1,1600,,'',1,6800,,'',1,2200,,'',1,1800,,'',1,6600,,'',1,300,,'',1,3900,,'',1,6400,,'',1,2200,,'',1,6200,,'',1,4200,,'',1,6400,,'',1,2200,,'',1,1900,,'',1,800,,'',1,7500,,'',1,6600,,'',1,2200,,'',1,1400,,'',1,1400,,'',1,7400,,'',1,2600,,'',1,6100,,'',1,1500,,'',1,1500,,'',1,7200,,'',1,2700,,'',1,1700,,'',1,5900,,'',1,1900,,'',1,7200,,'',1,2500,,'',1,2300,,'',1,6000,,'',1,2500,,'',1,6600,,'',1,2300,,'',1,2300,,'',1,5700,,'',1,2800,,'',1,1800,,'',1,5900,,'',1,2300,,'',1,1600,,'',1,6600,,'',1,3400,,'',1,7300,,'',1,3000,,'',1,6800,,'',1
'251229-MULTI-Holiday1-02',203,75200,4,'',1,7500,4,'',1,7300,4,'',1,3400,4,'',1,7200,4,'',1,3400,4,'',1,7300,4,'',1,3400,4,'',1,7400,4,'',1,3300,4,'',1,7300,4,'',1,7300,4,'',1,3300,4,'',1,7300,4,'',1,3300,4,'',1,7300,4,'',1,3300,4,'',1,7300,4,'',1,3300,4,'',1,7300,4,'',1,3300,4,'',1,7200,4,'',1,7300,4,'',1,3300,4,'',1,7300,4,'',1,3000,4,'',1,7300,4,'',1,3300,4,'',1,7200,4,'',1,3200,4,'',1,7200,4,'',1,3300,4,'',1
'251229-MULTI-Holiday1-02',204,70000,,'',1,3300,,'',1,7300,,'',1,3300,,'',1,7300,,'',1,3300,,'',1,7300,,'',1,3300,,'',1,7300,,'',1,3300,,'',1,7300,,'',1,7300,,'',1,3300,,'',1,7300,,'',1,3300,,'',1,7300,,'',1,3300,,'',1,7300,,'',1,3300,,'',1,7300,,'',1,7300,,'',1,3300,,'',1,7300,,'',1,3300,,'',1,7300,,'',1,3300,,'',1,7300,,'',1,3300,,'',1,7300,,'',1,3300,,'',1,7300,,'',1
'251229-MULTI-Holiday3-04',203,44800,4,'',1,6200,4,'',1,2200,4,'',1,2200,4,'',1,5100,4,'',1,3500,4,'',1,6200,4,'',1,600,4,'',1,3900,4,'',1,6700,4,'',1,2200,4,'',1,2200,4,'',1,100,4,'',1,8200,4,'',1,6400,4,'',1,2200,4,'',1,1900,4,'',1,400,4,'',1,7800,4,'',1,2500,4,'',1,6200,4,'',1,1800,4,'',1,1000,4,'',1,7600,4,'',1,2600,4,'',1,6200,4,'',1,1400,4,'',1,1500,4,'',1,7200,4,'',1,2700,4,'',1,1900,4,'',1,5800,4,'',1,1700,4,'',1,7300,4,'',1,2700,4,'',1,2200,4,'',1,6000,4,'',1,2400,4,'',1,6600,4,'',1,2500,4,'',1,2100,4,'',1,5900,4,'',1,2600,4,'',1,1900,4,'',1,5900,4,'',1,2300,4,'',1,1700,4,'',1,6500,4,'',1,1900,4,'',1,1600,4,'',1,7300,4,'',1,2800,4,'',1,6900,4,'',1,3200,4,'',1,6800,4,'',1,2800,4,'',1,7400,4,'',1,3400,4,'',1
'251229-MULTI-Holiday3-04',204,44000,,'',1,6200,,'',1,2200,,'',1,1600,,'',1,6800,,'',1,2200,,'',1,1800,,'',1,6600,,'',1,300,,'',1,3900,,'',1,6400,,'',1,2200,,'',1,6200,,'',1,4200,,'',1,6400,,'',1,2200,,'',1,1900,,'',1,800,,'',1,7500,,'',1,6600,,'',1,2200,,'',1,1400,,'',1,1400,,'',1,7400,,'',1,2600,,'',1,6100,,'',1,1500,,'',1,1500,,'',1,7200,,'',1,2700,,'',1,1700,,'',1,5900,,'',1,1900,,'',1,7200,,'',1,2500,,'',1,2300,,'',1,6000,,'',1,2500,,'',1,6600,,'',1,2300,,'',1,2300,,'',1,5700,,'',1,2800,,'',1,1800,,'',1,5900,,'',1,2300,,'',1,1600,,'',1,6600,,'',1,3400,,'',1,7300,,'',1,3000,,'',1,6800,,'',1,3500,,'',1,7500,,'',1,7500,,'',1
'251229-MULTI-Saturday-01',203,60000,4,'',1,3200,4,'',1,7000,4,'',1,3300,4,'',1,6500,4,'',1,3800,4,'',1,7000,4,'',1,9200,4,'',1,3100,4,'',1,7000,4,'',1,3300,4,'',1,7000,4,'',1,3000,4,'',1,7000,4,'',1,3000,4,'',1,7000,4,'',1,3000,4,'',1,7100,4,'',1,3000,4,'',1,7000,4,'',1,3000,4,'',1,7000,4,'',1,3000,4,'',1,7000,4,'',1,3000,4,'',1,6900,4,'',1,2700,4,'',1,2800,4,'',1,6800,4,'',1,2900,4,'',1,6900,4,'',1,2900,4,'',1,6900,4,'',1,3000,4,'',1,6900,4,'',1,3000,4,'',1,7000,4,'',1,3000,4,'',1,7000,4,'',1,3000,4,'',1
'251229-MULTI-Saturday-01',204,61000,,'',1,2700,,'',1,7200,,'',1,2900,,'',1,7200,,'',1,3000,,'',1,7000,,'',1,3000,,'',1,7000,,'',1,3000,,'',1,7000,,'',1,3000,,'',1,7000,,'',1,3000,,'',1,7000,,'',1,3000,,'',1,7000,,'',1,3000,,'',1,7000,,'',1,3000,,'',1,7000,,'',1,3000,,'',1,7000,,'',1,3000,,'',1,7000,,'',1,3000,,'',1,7000,,'',1,3000,,'',1,7000,,'',1,3000,,'',1,7000,,'',1,3000,,'',1,7000,,'',1,3000,,'',1,7000,,'',1,3000,,'',1,7000,,'',1,3000,,'',1
'251229-MULTI-Sunday-01',203,75200,4,'',1,7500,4,'',1,7300,4,'',1,3400,4,'',1,7200,4,'',1,3400,4,'',1,7300,4,'',1,3400,4,'',1,7400,4,'',1,3300,4,'',1,7300,4,'',1,7300,4,'',1,3300,4,'',1,7300,4,'',1,3300,4,'',1,7300,4,'',1,3300,4,'',1,7300,4,'',1,3300,4,'',1,7300,4,'',1,3300,4,'',1,7200,4,'',1,7300,4,'',1,3300,4,'',1,7300,4,'',1,3000,4,'',1,7300,4,'',1,3300,4,'',1,7200,4,'',1,3200,4,'',1,7200,4,'',1,3300,4,'',1
'251229-MULTI-Sunday-01',204,70000,,'',1,3300,,'',1,7300,,'',1,3300,,'',1,7300,,'',1,3300,,'',1,7300,,'',1,3300,,'',1,7300,,'',1,3300,,'',1,7300,,'',1,7300,,'',1,3300,,'',1,7300,,'',1,3300,,'',1,7300,,'',1,3300,,'',1,7300,,'',1,3300,,'',1,7300,,'',1,7300,,'',1,3300,,'',1,7300,,'',1,3300,,'',1,7300,,'',1,3300,,'',1,7300,,'',1,3300,,'',1,7300,,'',1,3300,,'',1,7300,,'',1
'251229-MULTI-Weekday-01',203,44800,4,'',1,6200,4,'',1,2200,4,'',1,2200,4,'',1,5100,4,'',1,3500,4,'',1,6200,4,'',1,600,4,'',1,3900,4,'',1,6700,4,'',1,2200,4,'',1,2200,4,'',1,100,4,'',1,8200,4,'',1,6400,4,'',1,2200,4,'',1,1900,4,'',1,400,4,'',1,7800,4,'',1,2500,4,'',1,6200,4,'',1,1800,4,'',1,1000,4,'',1,7600,4,'',1,2600,4,'',1,6200,4,'',1,1400,4,'',1,1500,4,'',1,7200,4,'',1,2700,4,'',1,1900,4,'',1,5800,4,'',1,1700,4,'',1,7300,4,'',1,2700,4,'',1,2200,4,'',1,6000,4,'',1,2400,4,'',1,6600,4,'',1,2500,4,'',1,2100,4,'',1,5900,4,'',1,2600,4,'',1,1900,4,'',1,5900,4,'',1,2300,4,'',1,1700,4,'',1,6500,4,'',1,1900,4,'',1,1600,4,'',1,7300,4,'',1,2800,4,'',1,6900,4,'',1,3200,4,'',1,6800,4,'',1,2800,4,'',1
'251229-MULTI-Weekday-01',204,44000,,'',1,6200,,'',1,2200,,'',1,1600,,'',1,6800,,'',1,2200,,'',1,1800,,'',1,6600,,'',1,300,,'',1,3900,,'',1,6400,,'',1,2200,,'',1,6200,,'',1,4200,,'',1,6400,,'',1,2200,,'',1,1900,,'',1,800,,'',1,7500,,'',1,6600,,'',1,2200,,'',1,1400,,'',1,1400,,'',1,7400,,'',1,2600,,'',1,6100,,'',1,1500,,'',1,1500,,'',1,7200,,'',1,2700,,'',1,1700,,'',1,5900,,'',1,1900,,'',1,7200,,'',1,2500,,'',1,2300,,'',1,6000,,'',1,2500,,'',1,6600,,'',1,2300,,'',1,2300,,'',1,5700,,'',1,2800,,'',1,1800,,'',1,5900,,'',1,2300,,'',1,1600,,'',1,6600,,'',1,3400,,'',1,7300,,'',1,3000,,'',1,6800,,'',1
