'240902-MULTI-Holiday1-01',2603,80500,4,'',1,5000,4,'',1,9000,4,'',1,8900,4,'',1,9000,4,'',1,9100,4,'',1,9000,4,'',1,5100,4,'',1,9000,4,'',1,9000,4,'',1,9000,4,'',1,9000,4,'',1,9000,4,'',1,5000,4,'',1,8900,4,'',1,9000,4,'',1
'240902-MULTI-Holiday1-01',2604,80700,,'',1,5000,,'',1,9000,,'',1,9000,,'',1,9000,,'',1,9000,,'',1,9000,,'',1,5000,,'',1,9000,,'',1,9000,,'',1,9000,,'',1,9000,,'',1,9000,,'',1,5000,,'',1,9000,,'',1,9000,,'',1
'240902-MULTI-Holiday2-01',2603,80500,4,'',1,5000,4,'',1,9000,4,'',1,8900,4,'',1,9000,4,'',1,9100,4,'',1,9000,4,'',1,5100,4,'',1,9000,4,'',1,9000,4,'',1,9000,4,'',1,9000,4,'',1,9000,4,'',1,5000,4,'',1,8900,4,'',1,9000,4,'',1
'240902-MULTI-Holiday2-01',2604,80700,,'',1,5000,,'',1,9000,,'',1,9000,,'',1,9000,,'',1,9000,,'',1,9000,,'',1,5000,,'',1,9000,,'',1,9000,,'',1,9000,,'',1,9000,,'',1,9000,,'',1,5000,,'',1,9000,,'',1,9000,,'',1
'240902-MULTI-Saturday-01',2603,80500,4,'',1,5000,4,'',1,9000,4,'',1,8900,4,'',1,9000,4,'',1,9100,4,'',1,9000,4,'',1,5100,4,'',1,9000,4,'',1,9000,4,'',1,9000,4,'',1,9000,4,'',1,9000,4,'',1,5000,4,'',1,8900,4,'',1,9000,4,'',1
'240902-MULTI-Saturday-01',2604,80700,,'',1,5000,,'',1,9000,,'',1,9000,,'',1,9000,,'',1,9000,,'',1,9000,,'',1,5000,,'',1,9000,,'',1,9000,,'',1,9000,,'',1,9000,,'',1,9000,,'',1,5000,,'',1,9000,,'',1,9000,,'',1
'240902-MULTI-Sunday-01',2603,80500,4,'',1,5000,4,'',1,9000,4,'',1,8900,4,'',1,9000,4,'',1,9100,4,'',1,9000,4,'',1,5100,4,'',1,9000,4,'',1,9000,4,'',1,9000,4,'',1,9000,4,'',1,9000,4,'',1,5000,4,'',1,8900,4,'',1,9000,4,'',1
'240902-MULTI-Sunday-01',2604,80700,,'',1,5000,,'',1,9000,,'',1,9000,,'',1,9000,,'',1,9000,,'',1,9000,,'',1,5000,,'',1,9000,,'',1,9000,,'',1,9000,,'',1,9000,,'',1,9000,,'',1,5000,,'',1,9000,,'',1,9000,,'',1
'240902-MULTI-Weekday-01',2603,54400,4,'',1,6500,4,'',1,2600,4,'',1,2100,4,'',1,7300,4,'',1,7200,4,'',1,2700,4,'',1,7600,4,'',1,3100,4,'',1,7000,4,'',1,3200,4,'',1,6900,4,'',1,2800,4,'',1,7100,4,'',1,3300,4,'',1,7000,4,'',1,3900,4,'',1,7000,4,'',1,3300,4,'',1,6100,4,'',1,3700,4,'',1,6000,4,'',1,4000,4,'',1,7600,4,'',1,3000,4,'',1,6900,4,'',1,3500,4,'',1,6100,4,'',1,3500,4,'',1,6300,4,'',1,3000,4,'',1,7000,4,'',1,3000,4,'',1,6900,4,'',1,3000,4,'',1,7000,4,'',1,3000,4,'',1
'240902-MULTI-Weekday-01',2604,55000,,'',1,6000,,'',1,2900,,'',1,6200,,'',1,3000,,'',1,7200,,'',1,2700,,'',1,7700,,'',1,3200,,'',1,7000,,'',1,3200,,'',1,7000,,'',1,2800,,'',1,7000,,'',1,3200,,'',1,7000,,'',1,3900,,'',1,7000,,'',1,3300,,'',1,6000,,'',1,3700,,'',1,6000,,'',1,4000,,'',1,7600,,'',1,3000,,'',1,6900,,'',1,7500,,'',1,2100,,'',1,3500,,'',1,6400,,'',1,3000,,'',1,7000,,'',1,3000,,'',1,7000,,'',1,3000,,'',1,7000,,'',1,3000,,'',1
