1101,'Holiday1',516,,16919,5,,,1,40,,16916,5,,,1,80,,16915,5,,,1,80,,16913,5,,,1,40,,16920,5,,,1,80,,16922,5,,,1,80,,16925,5,,,1,40,,16926,5,,,1,80,,16929,5,,,1,80,,16928,5,,,1,40,,16932,5,,,1,80,,16934,5,,,1,80,,16936,5,,,1,40,,16937,5,,,1,80,,16939,5,,,1,82,,16942,5,,,1,82,,16946,5,,,1,42,,16947,5,,,1,82,,16951,5,,,1,80,,16949,5,,,1,41,,16948,5,,,1,86,,16953,5,,,1,86,,16954,5,,,1,84,,16962,5,,,1,45,,16959,5,,,1,89,,16958,5,,,1,86,,16965,5,,,1,80,,16966,5,,,1
1101,'Saturday',434,,16967,5,,,1,81,,16970,5,,,1,40,,16971,5,,,1,81,,16969,5,,,1,80,,16968,5,,,1,40,,16972,5,,,1,82,,16979,5,,,1,88,,16981,5,,,1,79,,16982,5,,,1,42,,16983,5,,,1,82,,16985,5,,,1,82,,16986,5,,,1,41,,16987,5,,,1,82,,16984,5,,,1,81,,16988,5,,,1,86,,17002,5,,,1,44,,17003,5,,,1,87,,17004,5,,,1,83,,17005,5,,,1,44,,17006,5,,,1,85,,17007,5,,,1,87,,17011,5,,,1,84,,17012,5,,,1,87,,17013,5,,,1,54,,17015,5,,,1,94,,17018,5,,,1,105,,17019,5,,,1
1101,'Sunday',516,,17026,5,,,1,40,,17023,5,,,1,80,,17022,5,,,1,80,,17020,5,,,1,40,,17027,5,,,1,80,,17029,5,,,1,80,,17032,5,,,1,40,,17033,5,,,1,80,,17036,5,,,1,80,,17035,5,,,1,40,,17039,5,,,1,80,,17041,5,,,1,80,,17043,5,,,1,40,,17044,5,,,1,80,,17046,5,,,1,82,,17049,5,,,1,82,,17053,5,,,1,42,,17054,5,,,1,82,,17058,5,,,1,80,,17056,5,,,1,41,,17055,5,,,1,86,,17060,5,,,1,86,,17061,5,,,1,84,,17069,5,,,1,45,,17066,5,,,1,89,,17065,5,,,1,86,,17072,5,,,1,80,,17073,5,,,1
1101,'Weekday',421,,17145,5,,,1,33,,17146,5,,,1,74,,17144,5,,,1,30,,17142,5,,,1,68,,17151,5,,,1,28,,17148,5,,,1,68,,17147,5,,,1,14,,17157,5,,,1,14,,17128,5,,,1,68,,17126,5,,,1,31,,17127,5,,,1,66,,17140,5,,,1,34,,17131,5,,,1,73,,17132,5,,,1,32,,17117,5,,,1,79,,17118,5,,,1,81,,17105,5,,,1,30,,17106,5,,,1,15,,17103,7,0,9 10,1,59,,17134,5,,,1,33,,17137,5,,,1,67,,17098,5,,,1,30,,17099,5,,,1,71,,17155,5,,,1,28,,17114,5,,,1,68,,17104,7,0,9 11,1,27,,17115,5,,,1,66,,17089,5,,,1,29,,17135,5,,,1,71,,17087,5,,,1,25,,17109,5,,,1,24,,17120,5,,,1,68,,17119,5,,,1,31,,17080,5,,,1,74,,17078,5,,,1,74,,17083,5,,,1,23,,17094,7,0,9 11,1,21,,17092,5,,,1,77,,17081,5,,,1,92,,17085,5,,,1,32,,17075,4,0,9 10,1,59,,17091,5,,,1,18,,17074,4,0,9 10,1,15,,17077,5,,,1,75,,17101,5,,,1
5101,'Holiday1',847,,22631,2,,,1,101,,22633,2,,,1,99,,22632,2,,,1,100,,22630,2,,,1,102,,22629,2,,,1,100,,22628,2,,,1,100,,22627,2,,,1,100,,22626,2,,,1,100,,22625,2,,,1,100,,22623,2,,,1,99,,22624,2,,,1,100,,22622,2,,,1,100,,22621,2,,,1,100,,22620,2,,,1
5101,'Saturday',648,,22635,2,,,1,100,,22636,2,,,1,100,,22637,2,,,1,100,,22641,2,,,1,100,,22639,2,,,1,100,,22638,2,,,1,100,,22640,2,,,1,100,,22643,2,,,1,100,,22642,2,,,1,100,,22645,2,,,1,100,,22644,2,,,1,100,,22646,2,,,1,100,,22634,2,,,1,100,,22649,2,,,1,100,,22647,2,,,1,100,,22648,2,,,1
5101,'Sunday',847,,22661,2,,,1,101,,22663,2,,,1,99,,22662,2,,,1,100,,22660,2,,,1,102,,22659,2,,,1,100,,22658,2,,,1,100,,22657,2,,,1,100,,22656,2,,,1,100,,22655,2,,,1,100,,22653,2,,,1,99,,22654,2,,,1,100,,22652,2,,,1,100,,22651,2,,,1,100,,22650,2,,,1
5101,'Weekday',457,,22664,2,,,1,73,,22677,2,,,1,70,,22665,2,,,1,37,,22675,2,,,1,63,,22666,2,,,1,32,,22674,2,,,1,68,,22668,2,,,1,34,,22676,2,,,1,68,,22672,2,,,1,31,,22687,2,,,1,69,,22689,2,,,1,30,,22690,2,,,1,70,,22691,2,,,1,30,,22688,2,,,1,70,,22692,2,,,1,26,,22693,2,,,1,72,,22694,2,,,1,27,,22695,2,,,1,73,,22696,2,,,1,32,,22697,2,,,1,68,,22669,2,,,1,30,,22679,2,,,1,73,,22670,2,,,1,27,,22680,2,,,1,71,,22667,2,,,1,29,,22681,2,,,1,74,,22673,2,,,1,28,,22678,2,,,1,101,,22671,2,,,1,100,,22683,2,,,1,99,,22684,2,,,1,100,,22685,2,,,1,108,,22686,2,,,1,92,,22682,2,,,1
51101,'Holiday1',444,,26033,2,,,1,70,,26035,2,,,1,40,,26043,5,,,1,60,,26044,5,,,1,32,,26041,5,,,1,63,,26010,5,,,1,10,,26045,5,,,1,10,,26042,5,,,1,20,,26013,5,,,1,75,,26011,5,,,1,85,,26014,5,,,1,40,,26015,5,,,1,80,,26012,5,,,1,80,,26017,5,,,1,40,,26018,5,,,1,80,,26019,5,,,1,80,,26016,5,,,1,43,,26020,5,,,1,2,,26036,2,,,1,80,,26021,5,,,1,80,,26022,5,,,1,40,,26023,5,,,1,80,,26024,5,,,1,80,,26025,5,,,1,30,,26037,2,,,1,10,,26034,2,,,1,3,,26026,5,,,1,57,,26038,2,,,1,20,,26027,5,,,1,80,,26028,5,,,1,5,,26039,2,,,1,32,,26029,5,,,1,79,,26030,5,,,1,80,,26031,5,,,1,40,,26032,5,,,1,194,,26040,2,,,1
51101,'Saturday',447,,26047,2,,,1,62,,26046,5,,,1,5,,26049,2,0,13,1,29,,26054,5,,,1,11,,26050,5,,,1,59,,26048,5,,,1,30,,26058,5,,,1,66,,26052,5,0,13,1,12,,26071,5,0,13,1,3,,26056,5,,,1,85,,26057,5,,,1,45,,26053,5,,,1,85,,26063,5,,,1,86,,26066,5,,,1,90,,26073,5,,,1,90,,26072,5,,,1,50,,26079,5,,,1,90,,26078,5,,,1,9,,26097,2,0,13,1,81,,26085,5,,,1,90,,26092,5,,,1,90,,26098,5,,,1,90,,26104,5,,,1,38,,26105,5,0,13,1,1,,26113,2,0,13,1,7,,26110,5,0,13,1,2,,26108,5,,,1,1,,26118,2,0,13,1,59,,26111,5,0,13,1,1,,26123,2,0,13,1,10,,26126,5,0,13,1,21,,26114,5,,,1,73,,26127,5,0,13,1,1,,26128,2,0,13,1,16,,26120,5,,,1,409,,26137,2,0,13,1
51101,'Sunday',444,,26182,2,,,1,70,,26184,2,,,1,40,,26192,5,,,1,60,,26193,5,,,1,32,,26190,5,,,1,63,,26159,5,,,1,10,,26194,5,,,1,10,,26191,5,,,1,20,,26162,5,,,1,75,,26160,5,,,1,85,,26163,5,,,1,40,,26164,5,,,1,80,,26161,5,,,1,80,,26166,5,,,1,40,,26167,5,,,1,80,,26168,5,,,1,80,,26165,5,,,1,43,,26169,5,,,1,2,,26185,2,,,1,80,,26170,5,,,1,80,,26171,5,,,1,40,,26172,5,,,1,80,,26173,5,,,1,80,,26174,5,,,1,30,,26186,2,,,1,10,,26183,2,,,1,3,,26175,5,,,1,57,,26187,2,,,1,20,,26176,5,,,1,80,,26177,5,,,1,5,,26188,2,,,1,32,,26178,5,,,1,79,,26179,5,,,1,80,,26180,5,,,1,40,,26181,5,,,1,194,,26189,2,,,1
51101,'Weekday',444,,26196,2,,,1,70,,26200,2,,,1,29,,26204,5,,,1,13,,26207,5,,,1,54,,26210,5,,,1,8,,26216,5,0,8,1,7,,26226,5,,,1,15,,26222,5,,,1,14,,26201,5,,,1,55,,26205,5,,,1,15,,26203,5,,,1,15,,26208,5,,,1,16,,26206,5,,,1,55,,26209,5,,,1,15,,26218,5,,,1,15,,26230,5,,,1,15,,26233,5,,,1,58,,26214,5,,,1,28,,26300,5,,,1,65,,26301,5,,,1,24,,26302,5,,,1,24,,26303,5,,,1,65,,26304,5,,,1,24,,26305,5,,,1,63,,26306,5,,,1,24,,26307,5,,,1,24,,26308,5,,,1,62,,26309,5,,,1,26,,26310,5,,,1,64,,26238,5,,,1,20,,26247,5,,,1,15,,26245,5,,,1,15,,26243,5,,,1,54,,26249,5,,,1,15,,26280,5,,,1,15,,26251,5,,,1,15,,26271,5,,,1,55,,26250,5,,,1,15,,26267,5,,,1,15,,26258,5,,,1,15,,26257,5,,,1,55,,26268,5,,,1,15,,26264,5,,,1,15,,26259,5,,,1,14,,26270,2,,,1,2,,26263,5,,,1,55,,26272,5,,,1,13,,26286,2,,,1,2,,26282,5,,,1,15,,26279,5,,,1,15,,26275,5,,,1,55,,26283,5,,,1,15,,26289,2,,,1,15,,26285,5,,,1,15,,26284,5,,,1,62,,26287,5,,,1,21,,26288,5,,,1,20,,26290,5,,,1,60,,26291,5,,,1,22,,26294,5,,,1,60,,26297,5,,,1,22,,26292,5,,,1,18,,26296,5,,,1,63,,26295,5,,,1,16,,26293,5,,,1,17,,26232,5,,,1,14,,26228,2,,,1,53,,26298,5,,,1,20,,26299,5,,,1,20,,26234,5,,,1
