902,'Holiday1',812,2,29986,25,,,1,105,2,29988,25,,,1,106,2,29989,25,,,1,105,2,29990,25,,,1,105,2,29991,25,,,1,105,2,29993,25,,,1,104,2,29994,25,,,1,106,2,29995,25,,,1,107,2,29992,25,,,1,146,42,29996,25,,,1,107,2,29987,25,,,1
902,'Saturday',741,2,29997,25,,,1,90,2,30004,25,,,1,91,2,30007,25,,,1,90,2,30005,25,,,1,90,2,30009,25,,,1,50,2,30010,25,,,1,90,2,30011,25,,,1,90,2,30008,25,,,1,90,2,30003,25,,,1,90,2,29998,25,,,1,90,2,30000,25,,,1,50,2,30002,25,,,1,89,2,30006,25,,,1,90,2,29999,25,,,1,90,2,30001,25,,,1
902,'Sunday',812,2,30012,25,,,1,105,2,30014,25,,,1,106,2,30015,25,,,1,105,2,30016,25,,,1,105,2,30017,25,,,1,105,2,30019,25,,,1,104,2,30020,25,,,1,106,2,30021,25,,,1,107,2,30018,25,,,1,146,42,30022,25,,,1,107,2,30013,25,,,1
902,'Weekday',626,3,30023,25,,,1,74,43,30032,25,,,1,34,3,30033,25,,,1,85,3,30031,25,,,1,93,3,30029,25,,,1,38,3,30035,25,,,1,85,3,30040,25,,,1,85,3,30037,25,,,1,85,3,30030,25,,,1,45,3,30025,25,,,1,68,3,30041,25,,,1,35,3,30042,25,,,1,75,3,30043,25,,,1,6,3,30038,25,,,1,73,3,30044,25,,,1,35,3,30045,25,,,1,75,3,30036,25,,,1,35,3,30034,25,,,1,75,3,30039,25,,,1,76,3,30027,25,,,1,40,3,30028,25,,,1,84,3,30046,25,,,1,91,3,30047,25,,,1,86,3,30026,25,,,1,117,3,30024,25,,,1
1903,'Holiday1',800,,32693,1,,,1,100,,32694,1,,,1,100,,32695,1,,,1,100,,32697,1,,,1,100,,32698,1,,,1,100,,32699,1,,,1,100,,32696,1,,,1,100,,32701,1,,,1,100,,32703,1,,,1,100,,32700,1,,,1,100,,32704,1,,,1,100,,32702,1,,,1
1903,'Saturday',830,,32706,1,,,1,100,,32709,1,,,1,100,,32710,1,,,1,100,,32711,1,,,1,100,,32707,1,,,1,100,,32705,1,,,1,100,,32712,1,,,1,100,,32713,1,,,1,100,,32708,1,,,1,100,,32714,1,,,1,100,,32715,1,,,1
1903,'Sunday',800,,32716,1,,,1,100,,32717,1,,,1,100,,32718,1,,,1,100,,32720,1,,,1,100,,32721,1,,,1,100,,32722,1,,,1,100,,32719,1,,,1,100,,32724,1,,,1,100,,32726,1,,,1,100,,32723,1,,,1,100,,32727,1,,,1,100,,32725,1,,,1
1903,'Weekday',500,,32735,1,,,1,54,,32730,1,,,1,76,,32733,1,,,1,76,,32729,1,,,1,44,,32731,1,,,1,79,,32728,1,,,1,101,,32732,1,,,1,100,,32734,1,,,1,100,,32736,1,,,1,100,,32737,1,,,1,100,,32738,1,,,1,100,,32739,1,,,1,77,,32740,1,,,1,40,,32741,1,,,1,73,,32743,1,,,1,80,,32742,1,,,1,40,,32744,1,,,1,80,,32745,1,,,1,80,,32747,1,,,1,40,,32746,1,,,1
1904,'Holiday1',855,,32749,40,4,,1,100,,32748,40,4,,1,103,,32750,40,4,,1,100,,32751,40,4,,1,100,,32752,40,4,,1,99,,32753,40,4,,1,101,,32755,40,4,,1,100,,32756,40,4,,1,100,,32757,40,4,,1,97,,32754,40,4,,1,101,,32758,40,4,,1,101,,32759,40,4,,1
1904,'Saturday',824,,32760,40,4,,1,103,,32762,40,4,,1,100,,32764,40,4,,1,99,,32761,40,4,,1,100,,32765,40,4,,1,100,,32763,40,4,,1,100,,32766,40,4,,1,101,,32767,40,4,,1,100,,32769,40,4,,1,100,,32770,40,4,,1,99,,32771,40,4,,1,98,,32768,40,4,,1
1904,'Sunday',855,,32772,40,4,,1,100,,32773,40,4,,1,103,,32774,40,4,,1,100,,32775,40,4,,1,100,,32776,40,4,,1,99,,32777,40,4,,1,101,,32779,40,4,,1,100,,32780,40,4,,1,100,,32781,40,4,,1,97,,32778,40,4,,1,101,,32782,40,4,,1,101,,32783,40,4,,1
1904,'Weekday',549,,32786,40,4,,1,99,,32785,40,4,,1,79,,32788,40,4,,1,77,,32784,40,4,,1,43,,32787,40,4,,1,79,,32789,40,4,,1,100,,32790,40,4,,1,99,,32792,40,4,,1,100,,32791,40,4,,1,100,,32793,40,4,,1,100,,32794,40,4,,1,106,,32795,40,4,,1,82,,32796,40,4,,1,35,,32797,40,4,,1,80,,32799,40,4,,1,80,,32800,40,4,,1,38,,32798,40,4,,1,80,,32801,40,4,,1,80,,32802,40,4,,1
