502,'Holiday1',726,,28772,24,,,1,32,,28770,24,,,1,72,,28771,24,,,1,77,,28769,24,,,1,34,,28767,24,,,1,72,,28766,24,,,1,30,,28763,24,,,1,73,,28765,24,,,1,23,,28764,24,,,1,67,,28762,24,,,1,32,,28761,24,,,1,71,,28759,24,,,1,38,,28760,24,,,1,68,,28758,24,,,1,33,,28757,24,,,1,63,,28750,24,,,1,37,,28755,24,,,1,70,,28756,24,,,1,27,,28754,24,,,1,83,,28751,24,,,1,22,,28752,24,,,1,71,,28753,24,,,1,24,,28749,24,,,1,77,,28748,24,,,1,84,,28777,24,,,1,49,,28778,24,,,1,89,,28775,24,,,1,89,,28774,24,,,1,90,,28773,24,,,1,89,,28776,24,,,1
502,'Saturday',615,,28779,24,,,1,27,,28787,24,,,1,71,,28800,24,,,1,30,,28780,24,,,1,70,,28783,24,,,1,36,,28781,24,,,1,71,,28788,24,,,1,29,,28792,24,,,1,71,,28784,24,,,1,30,,28785,24,,,1,70,,28786,24,,,1,32,,28791,24,,,1,94,,28790,24,,,1,75,,28789,24,,,1,30,,28795,24,,,1,70,,28793,24,,,1,30,,28794,24,,,1,70,,28796,24,,,1,30,,28798,24,,,1,70,,28797,24,,,1,30,,28799,24,,,1,70,,28803,24,,,1,30,,28801,24,,,1,70,,28802,24,,,1,37,,28808,24,,,1,90,,28807,24,,,1,93,,28806,24,,,1,86,,28804,24,,,1,90,,28805,24,,,1,90,,28812,24,,,1,50,,28811,24,,,1,90,,28809,24,,,1,90,,28810,24,,,1
502,'Sunday',726,,28837,24,,,1,32,,28835,24,,,1,72,,28836,24,,,1,77,,28834,24,,,1,34,,28832,24,,,1,72,,28831,24,,,1,30,,28828,24,,,1,73,,28830,24,,,1,23,,28829,24,,,1,67,,28827,24,,,1,32,,28826,24,,,1,71,,28824,24,,,1,38,,28825,24,,,1,68,,28823,24,,,1,33,,28822,24,,,1,63,,28817,24,,,1,37,,28820,24,,,1,70,,28821,24,,,1,27,,28819,24,,,1,83,,28815,24,,,1,22,,28816,24,,,1,71,,28818,24,,,1,24,,28814,24,,,1,77,,28813,24,,,1,84,,28842,24,,,1,49,,28843,24,,,1,89,,28840,24,,,1,89,,28839,24,,,1,90,,28838,24,,,1,89,,28841,24,,,1
502,'Weekday',505,,28844,24,,,1,20,,28854,24,,,1,20,,28855,24,,,1,61,,28856,24,,,1,21,,28857,24,,,1,23,,28858,24,,,1,60,,28859,24,,,1,21,,28860,25,0,5,1,16,,28863,24,,,1,64,,28861,25,0,5,1,16,,28864,24,,,1,24,,28862,25,0,5,1,53,,28865,24,,,1,29,,28888,25,0,5,1,25,,28887,24,,,1,67,,28885,25,0,5,1,25,,28886,24,,,1,69,,28884,25,0,5,1,23,,28891,24,,,1,72,,28882,25,0,5,1,22,,28890,24,,,1,73,,28883,25,0,5,1,23,,28889,24,,,1,75,,28866,24,,,1,27,,28867,25,0,5,1,14,,28875,24,,,1,66,,28868,25,0,5,1,16,,28876,24,,,1,26,,28869,25,0,5,1,54,,28877,24,,,1,26,,28870,25,0,5,1,13,,28878,24,,,1,67,,28871,25,0,5,1,15,,28879,24,,,1,27,,28872,25,0,5,1,52,,28880,24,,,1,25,,28873,25,0,5,1,13,,28881,24,,,1,67,,28874,25,0,5,1,87,,28852,24,,,1,42,,28851,24,,,1,80,,28849,24,,,1,80,,28853,24,,,1,39,,28847,24,,,1,80,,28848,24,,,1,83,,28850,24,,,1,40,,28846,24,,,1,74,,28845,24,,,1
3503,'Holiday1',831,,35107,38,,,1,85,,35106,38,,,1,86,,35115,38,,,1,47,,35109,38,,,1,85,,35111,38,,,1,85,,35113,38,,,1,85,,35108,38,,,1,45,,35114,38,,,1,85,,35105,38,,,1,85,,35110,38,,,1,85,,35112,38,,,1,45,,35116,38,,,1,85,,35117,38,,,1,85,,35120,38,,,1,85,,35118,38,,,1,45,,35119,38,,,1
3503,'Saturday',848,,35123,38,,,1,86,,35121,38,,,1,85,,35124,38,,,1,85,,35122,38,,,1,46,,35126,38,,,1,85,,35125,38,,,1,85,,35129,38,,,1,85,,35128,38,,,1,45,,35130,38,,,1,85,,35127,38,,,1,85,,35131,38,,,1,85,,35133,38,,,1,45,,35134,38,,,1,84,,35132,38,,,1,85,,35135,38,,,1,85,,35136,38,,,1,45,,35137,38,,,1
3503,'Sunday',831,,35140,38,,,1,85,,35139,38,,,1,86,,35148,38,,,1,47,,35142,38,,,1,85,,35144,38,,,1,85,,35146,38,,,1,85,,35141,38,,,1,45,,35147,38,,,1,85,,35138,38,,,1,85,,35143,38,,,1,85,,35145,38,,,1,45,,35149,38,,,1,85,,35150,38,,,1,85,,35153,38,,,1,85,,35151,38,,,1,45,,35152,38,,,1
3503,'Weekday',607,,35154,38,,,1,38,,35158,38,,,1,75,,35155,38,,,1,36,,35174,38,,,1,75,,35162,38,,,1,75,,35173,38,,,1,33,,35180,38,,,1,75,,35185,38,,,1,35,,35179,38,,,1,75,,35157,38,,,1,80,,35178,38,,,1,31,,35177,38,,,1,76,,35181,38,,,1,33,,35175,38,,,1,75,,35183,38,,,1,35,,35184,38,,,1,75,,35176,38,,,1,77,,35165,38,,,1,36,,35164,38,,,1,75,,35160,38,,,1,35,,35170,38,,,1,74,,35166,38,,,1,74,,35169,38,,,1,33,,35163,38,,,1,74,,35159,38,,,1,34,,35167,38,,,1,75,,35168,38,,,1,34,,35171,38,,,1,74,,35172,38,,,1,35,,35156,38,,,1,75,,35161,38,,,1,75,,35182,38,,,1
50502,'Holiday1',938,,39020,12,,,1,18,,39022,12,,,1,58,,39023,12,,,1,18,,39024,12,,,1,18,,39025,12,,,1,57,,39026,12,,,1,18,,39027,12,,,1,18,,39028,12,,,1,57,,39029,12,,,1,18,,39030,12,,,1,18,,39031,12,,,1,17,,39032,12,,,1,57,,39033,12,,,1,19,,39034,12,,,1,16,,39035,12,,,1,58,,39036,12,,,1,16,,39037,12,,,1,20,,39038,12,,,1,18,,39039,12,,,1,58,,39040,12,,,1,17,,39041,12,,,1,18,,39042,12,,,1,58,,39043,12,,,1,18,,39044,12,,,1,18,,39046,12,,,1,59,,39047,12,,,1,18,,39048,12,,,1,21,,39045,12,,,1,58,,39021,12,,,1
50502,'Saturday',843,,39049,12,,,1,58,,39050,12,,,1,18,,39052,12,,,1,18,,39053,12,,,1,17,,39057,12,,,1,59,,39054,12,,,1,16,,39067,12,,,1,17,,39068,12,,,1,58,,39069,12,,,1,19,,39070,12,,,1,16,,39071,12,,,1,18,,39072,12,,,1,59,,39073,12,,,1,18,,39074,12,,,1,19,,39075,12,,,1,58,,39076,12,,,1,18,,39077,12,,,1,17,,39078,12,,,1,56,,39079,12,,,1,17,,39080,12,,,1,17,,39081,12,,,1,18,,39082,12,,,1,58,,39083,12,,,1,18,,39084,12,,,1,18,,39063,12,,,1,58,,39060,12,,,1,19,,39059,12,,,1,19,,39055,12,,,1,61,,39062,12,,,1,17,,39065,12,,,1,19,,39066,12,,,1,18,,39058,12,,,1,58,,39064,12,,,1,18,,39056,12,,,1,18,,39061,12,,,1,55,,39051,12,,,1
50502,'Sunday',938,,39085,12,,,1,18,,39087,12,,,1,58,,39088,12,,,1,18,,39089,12,,,1,18,,39090,12,,,1,57,,39091,12,,,1,18,,39092,12,,,1,18,,39093,12,,,1,57,,39094,12,,,1,18,,39095,12,,,1,18,,39096,12,,,1,17,,39097,12,,,1,57,,39098,12,,,1,19,,39099,12,,,1,16,,39100,12,,,1,58,,39101,12,,,1,16,,39102,12,,,1,20,,39103,12,,,1,18,,39104,12,,,1,58,,39105,12,,,1,17,,39106,12,,,1,18,,39107,12,,,1,58,,39108,12,,,1,18,,39109,12,,,1,18,,39110,12,,,1,59,,39111,12,,,1,18,,39112,12,,,1,21,,39113,12,,,1,58,,39086,12,,,1
50502,'Weekday',650,,39114,12,,,1,63,,39115,12,,,1,18,,39116,12,,,1,18,,39117,12,,,1,58,,39118,12,,,1,18,,39119,12,,,1,18,,39120,12,,,1,60,,39121,12,,,1,15,,39122,12,,,1,18,,39123,12,,,1,18,,39124,12,,,1,58,,39125,12,,,1,18,,39126,12,,,1,18,,39127,12,,,1,58,,39128,12,,,1,18,,39129,12,,,1,18,,39130,12,,,1,58,,39131,12,,,1,20,,39132,12,,,1,18,,39133,12,,,1,18,,39134,12,,,1,58,,39135,12,,,1,18,,39136,12,,,1,18,,39137,12,,,1,58,,39138,12,,,1,21,,39139,12,,,1,18,,39140,12,,,1,58,,39141,12,,,1,18,,39142,12,,,1,18,,39143,12,,,1,18,,39144,12,,,1,62,,39145,12,,,1,21,,39146,12,,,1,58,,39147,12,,,1,19,,39148,12,,,1,22,,39149,12,,,1,18,,39150,12,,,1,56,,39151,12,,,1,13,,39152,12,,,1,17,,39153,12,,,1,58,,39154,12,,,1,16,,39155,12,,,1,15,,39156,12,,,1,18,,39157,12,,,1,57,,39158,12,,,1,18,,39159,12,,,1,18,,39160,12,,,1
