2302,'Holiday1',809,,33054,58,,,1,29,,33028,58,,,1,65,,33031,58,,,1,25,,33032,58,,,1,29,,33033,58,,,1,68,,33030,58,,,1,28,,33034,58,,,1,68,,33035,58,,,1,30,,33029,58,,,1,64,,33037,58,,,1,30,,33039,58,,,1,67,,33036,58,,,1,25,,33040,58,,,1,69,,33038,58,,,1,31,,33042,58,,,1,66,,33043,58,,,1,28,,33045,58,,,1,69,41,33041,58,,,1,28,,33046,58,,,1,30,,33059,58,,,1,70,,33048,58,,,1,30,,33049,58,,,1,66,,33050,58,,,1,28,,33047,58,,,1,69,,33051,58,,,1,31,,33052,58,,,1,66,,33053,58,,,1,28,,33044,58,,,1,67,,33057,58,,,1,28,,33058,58,,,1,68,,33055,58,,,1,27,,33056,58,,,1
2302,'Saturday',601,,33060,58,,,1,30,,33062,58,,,1,70,,33082,58,,,1,32,,33081,58,,,1,77,,33085,58,,,1,32,,33084,58,,,1,67,,33088,58,,,1,28,,33089,58,,,1,63,41,33086,58,,,1,28,,33087,58,,,1,27,,33090,58,,,1,67,,33093,58,,,1,30,,33094,58,,,1,68,,33091,58,,,1,30,,33092,58,,,1,67,,33083,58,,,1,28,,33072,58,,,1,67,,33075,58,,,1,26,,33076,58,,,1,68,,33077,58,,,1,30,,33074,58,,,1,69,,33073,58,,,1,30,,33079,58,,,1,70,,33080,58,,,1,28,,33078,58,,,1,68,,33064,58,,,1,27,,33065,58,,,1,29,,33061,58,,,1,70,,33071,58,,,1,73,41,33063,58,,,1,30,,33067,58,,,1,72,,33069,58,,,1,29,,33066,58,,,1,69,41,33068,58,,,1,29,,33070,58,,,1,30,,33098,58,,,1,70,,33097,58,,,1,30,,33096,58,,,1,70,,33095,58,,,1
2302,'Sunday',809,,33125,58,,,1,29,,33099,58,,,1,65,,33102,58,,,1,25,,33103,58,,,1,29,,33104,58,,,1,68,,33101,58,,,1,28,,33105,58,,,1,68,,33106,58,,,1,30,,33100,58,,,1,64,,33108,58,,,1,30,,33110,58,,,1,67,,33107,58,,,1,25,,33111,58,,,1,69,,33109,58,,,1,31,,33113,58,,,1,66,,33114,58,,,1,28,,33115,58,,,1,69,41,33112,58,,,1,28,,33116,58,,,1,30,,33130,58,,,1,70,,33119,58,,,1,30,,33120,58,,,1,66,,33121,58,,,1,28,,33117,58,,,1,69,,33122,58,,,1,31,,33123,58,,,1,66,,33124,58,,,1,28,,33118,58,,,1,67,,33128,58,,,1,28,,33129,58,,,1,68,,33126,58,,,1,27,,33127,58,,,1
2302,'Weekday',514,2,33131,58,,,1,16,2,33141,58,,,1,18,2,33142,58,,,1,54,2,33140,58,,,1,16,2,33144,58,,,1,16,2,33146,58,,,1,15,2,33147,58,,,1,55,2,33148,58,,,1,15,2,33145,58,,,1,15,2,33149,58,,,1,15,2,33143,58,,,1,55,2,33150,58,,,1,16,2,33151,58,,,1,20,2,33152,58,,,1,16,2,33153,58,,,1,56,2,33137,58,,,1,19,2,33134,58,,,1,27,2,33136,58,,,1,69,2,33154,58,,,1,31,2,33155,58,,,1,71,2,33156,58,,,1,29,2,33157,58,,,1,70,2,33158,58,,,1,30,2,33159,58,,,1,72,2,33160,58,,,1,70,42,33161,58,,,1,30,2,33139,58,,,1,22,2,33185,58,,,1,59,2,33182,58,,,1,21,2,33184,58,,,1,15,2,33181,58,,,1,55,2,33183,58,,,1,17,2,33180,58,,,1,17,2,33162,58,,,1,15,2,33163,58,,,1,55,2,33164,58,,,1,13,2,33165,58,,,1,15,2,33166,58,,,1,15,2,33167,58,,,1,55,2,33168,58,,,1,15,2,33169,58,,,1,15,2,33170,58,,,1,15,2,33171,58,,,1,55,2,33132,58,,,1,15,2,33138,58,,,1,13,2,33135,58,,,1,15,2,33133,58,,,1,74,2,33172,58,,,1,34,2,33173,58,,,1,73,2,33174,58,,,1,30,2,33175,58,,,1,75,2,33176,58,,,1,74,2,33177,58,,,1,34,2,33178,58,,,1,74,2,33179,58,,,1
3200,'Holiday1',800,,35033,1,,,1,50,,35034,1,,,1,90,,35036,1,,,1,90,,35038,1,,,1,90,,35035,1,,,1,90,,35039,1,,,1,90,,35037,1,,,1,50,,35040,1,,,1,90,,35042,1,,,1,90,,35043,1,,,1,90,,35044,1,,,1,90,,35041,1,,,1,90,,35045,1,,,1,50,,35046,1,,,1,90,,35047,1,,,1,90,,35048,1,,,1
3200,'Saturday',800,,35052,1,,,1,44,,35050,1,,,1,96,,35053,1,,,1,90,,35051,1,,,1,90,,35049,1,,,1,90,,35054,1,,,1,90,,35055,1,,,1,50,,35056,1,,,1,90,,35057,1,,,1,90,,35058,1,,,1,90,,35059,1,,,1,90,,35060,1,,,1,90,,35061,1,,,1,50,,35062,1,,,1,90,,35063,1,,,1
3200,'Sunday',800,,35064,1,,,1,50,,35065,1,,,1,90,,35066,1,,,1,90,,35068,1,,,1,90,,35069,1,,,1,90,,35070,1,,,1,90,,35067,1,,,1,50,,35071,1,,,1,90,,35073,1,,,1,90,,35074,1,,,1,90,,35075,1,,,1,90,,35072,1,,,1,90,,35076,1,,,1,50,,35077,1,,,1,90,,35078,1,,,1,90,,35079,1,,,1
3200,'Weekday',600,,35088,1,,,1,34,,35082,1,,,1,74,,35089,1,,,1,34,,35086,1,,,1,72,,35083,1,,,1,36,,35087,1,,,1,100,,35081,1,,,1,88,,35102,1,,,1,90,,35101,1,,,1,90,,35099,1,,,1,90,,35100,1,,,1,92,,35080,1,,,1,14,,35103,1,,,1,6,,35104,1,,,1,15,,35085,1,,,1,23,,35098,1,,,1,55,,35092,1,,,1,34,,35084,1,,,1,74,,35091,1,,,1,32,,35090,1,,,1,76,,35093,1,,,1,74,,35094,1,,,1,34,,35095,1,,,1,74,,35096,1,,,1,44,,35097,1,,,1
30003,'Weekday',550,,37731,1,,,1,80,,37732,1,,,1,795,,37729,1,,,1,330,,37730,1,,,1
30004,'Weekday',705,,37733,3,4,,1,825,,37734,3,4,,1,370,,37735,3,4,,1,430,,37736,3,4,,1
