102,'Holiday1',555,,13893,,,1,83,,13891,,,1,16,,13917,,,1,60,,13918,,,1,20,,13919,,,1,20,,13920,,,1,60,,13922,,,1,20,,13923,,,1,20,,13924,,,1,60,,13921,,,1,20,,13926,,,1,20,,13927,,,1,60,,13912,,,1,20,,13913,,,1,20,,13900,,,1,60,,13906,,,1,20,,13895,,,1,20,,13905,,,1,60,,13898,,,1,20,,13904,,,1,20,,13911,,,1,60,,13907,,,1,20,,13894,,,1,20,,13910,,,1,60,,13903,,,1,26,,13896,,,1,60,,13899,,,1,20,,13915,,,1,20,,13897,,,1,60,,13914,,,1,20,,13908,,,1,20,,13916,,,1,60,,13909,,,1,20,,13901,,,1,20,,13902,,,1,60,,13925,,,1,20,,13929,,,1,20,,13930,,,1,60,,13928,,,1,20,,13931,,,1,20,,13932,,,1,60,,13933,,,1,20,,13934,,,1,20,,13935,,,1,60,,13936,,,1,20,,13937,,,1,20,,13938,,,1,14,,13939,,,1,60,,13940,,,1,27,,13943,,,1,65,,13944,,,1,26,,13941,,,1,20,,13942,,,1,59,,13945,,,1,15,,13890,,,1,20,,13946,,,1,61,,13892,,,1
102,'Saturday',611,,13947,,,1,20,,13966,,,1,20,,13967,,,1,60,,13968,,,1,20,,13969,,,1,20,,13970,,,1,60,,13971,,,1,20,,13972,,,1,24,,13973,,,1,60,,13974,,,1,20,,13975,,,1,20,,13976,,,1,58,,13977,,,1,20,,13978,,,1,20,,13979,,,1,60,,13980,,,1,21,,13981,,,1,20,,13982,,,1,60,,13983,,,1,20,,13984,,,1,22,,13985,,,1,58,,13986,,,1,20,,13987,,,1,20,,13988,,,1,59,,13989,,,1,19,,13990,,,1,21,,13991,,,1,61,,13992,,,1,19,,13965,,,1,20,,13963,,,1,60,,13962,,,1,20,,13959,,,1,22,,13960,,,1,60,,13957,,,1,20,,13955,,,1,20,,13958,,,1,60,,13956,,,1,19,,13961,,,1,21,,13954,,,1,56,,13964,,,1,30,,13995,,,1,76,,13996,,,1,28,,13997,,,1,69,,13998,,,1,30,,13999,,,1,70,,14000,,,1,32,,14001,,,1,70,,14002,,,1,22,,13994,,,1,69,,13952,,,1,29,,13950,,,1,69,,14003,,,1,30,,13953,,,1,82,,13951,,,1
102,'Sunday',555,,14007,,,1,83,,14005,,,1,16,,14031,,,1,60,,14032,,,1,20,,14033,,,1,20,,14034,,,1,60,,14035,,,1,20,,14036,,,1,20,,14037,,,1,60,,14038,,,1,20,,14040,,,1,20,,14041,,,1,60,,14026,,,1,20,,14027,,,1,20,,14014,,,1,60,,14020,,,1,20,,14009,,,1,20,,14019,,,1,60,,14012,,,1,20,,14018,,,1,20,,14025,,,1,60,,14021,,,1,20,,14008,,,1,20,,14024,,,1,60,,14017,,,1,26,,14010,,,1,60,,14013,,,1,20,,14029,,,1,20,,14011,,,1,60,,14028,,,1,20,,14022,,,1,20,,14030,,,1,60,,14023,,,1,20,,14015,,,1,20,,14016,,,1,60,,14039,,,1,20,,14043,,,1,20,,14044,,,1,60,,14042,,,1,20,,14045,,,1,20,,14046,,,1,60,,14047,,,1,20,,14048,,,1,20,,14049,,,1,60,,14050,,,1,20,,14051,,,1,20,,14052,,,1,14,,14053,,,1,60,,14054,,,1,27,,14057,,,1,65,,14058,,,1,26,,14055,,,1,20,,14056,,,1,59,,14059,,,1,15,,14004,,,1,20,,14060,,,1,61,,14006,,,1
102,'Weekday',418,,14063,,,1,19,,14064,,,1,22,,14061,,,1,61,,14067,,,1,19,,14068,,,1,61,,14066,,,1,19,,14065,,,1,18,,14077,,,1,63,,14071,,,1,23,,14073,,,1,26,,14076,0,7,1,65,,14079,,,1,23,,14080,,,1,21,,14070,,,1,70,,14082,,,1,24,,14083,,,1,65,,14084,,,1,88,,14085,,,1,25,,14086,,,1,82,,14088,,,1,28,,14089,,,1,74,,14090,0,7,1,27,,14087,,,1,82,,14091,,,1,27,,14092,,,1,62,,14109,,,1,23,,14110,,,1,65,,14107,,,1,21,,14111,,,1,24,,14112,,,1,9,,14113,,,1,61,,14114,,,1,38,,14115,,,1,67,,14116,,,1,13,,14117,,,1,18,,14118,,,1,64,,14119,,,1,26,,14120,,,1,62,,14121,,,1,22,,14122,,,1,19,,14123,,,1,62,,14131,,,1,24,,14130,,,1,22,,14129,,,1,79,,14132,,,1,70,,14133,,,1,37,,14134,,,1,69,,14135,,,1,35,,14136,,,1,72,,14137,,,1,32,,14138,,,1
2302,'Holiday1',721,,20087,,,1,30,,20061,,,1,68,,20064,,,1,32,,20065,,,1,68,,20066,,,1,28,,20063,,,1,68,,20067,,,1,28,,20068,,,1,68,,20062,,,1,28,,20070,,,1,68,,20072,,,1,28,,20069,,,1,68,,20073,,,1,28,,20071,,,1,28,,20074,,,1,68,,20075,,,1,28,,20076,,,1,68,,20077,,,1,28,,20078,,,1,68,,20092,,,1,28,,20082,,,1,68,,20083,,,1,28,,20084,,,1,68,,20079,,,1,28,,20081,,,1,68,,20085,,,1,28,,20086,,,1,68,,20080,,,1,28,,20090,,,1,28,,20091,,,1,68,,20088,,,1,28,,20089,,,1
2302,'Saturday',518,,20093,,,1,30,,20095,,,1,70,,20115,,,1,32,,20114,,,1,80,,20118,,,1,71,,20117,,,1,28,,20120,,,1,28,,20121,,,1,68,,20122,,,1,28,,20119,,,1,68,,20123,,,1,28,,20126,,,1,68,,20127,,,1,28,,20124,,,1,68,,20125,,,1,28,,20116,,,1,68,,20105,,,1,28,,20107,,,1,68,,20108,,,1,28,,20109,,,1,68,,20110,,,1,28,,20106,,,1,28,,20112,,,1,70,,20113,,,1,30,,20111,,,1,66,,20097,,,1,26,,20098,,,1,66,,20094,,,1,33,,20104,,,1,70,,20096,,,1,32,,20100,,,1,68,,20102,,,1,30,,20099,,,1,70,,20101,,,1,30,,20103,,,1,70,,20131,,,1,30,,20130,,,1,70,,20129,,,1,30,,20128,,,1
2302,'Sunday',721,,20158,,,1,30,,20132,,,1,68,,20135,,,1,32,,20136,,,1,68,,20137,,,1,28,,20134,,,1,68,,20138,,,1,28,,20139,,,1,68,,20133,,,1,28,,20141,,,1,68,,20143,,,1,28,,20140,,,1,68,,20144,,,1,28,,20142,,,1,28,,20145,,,1,68,,20146,,,1,28,,20147,,,1,68,,20148,,,1,28,,20149,,,1,68,,20163,,,1,28,,20152,,,1,68,,20153,,,1,28,,20154,,,1,68,,20150,,,1,28,,20155,,,1,68,,20156,,,1,28,,20157,,,1,68,,20151,,,1,28,,20161,,,1,28,,20162,,,1,68,,20159,,,1,28,,20160,,,1
2302,'Weekday',441,,20164,,,1,15,,20174,,,1,55,,20175,,,1,15,,20173,,,1,15,,20177,,,1,15,,20179,,,1,55,,20180,,,1,15,,20181,,,1,15,,20178,,,1,15,,20182,,,1,55,,20176,,,1,15,,20183,,,1,15,,20184,,,1,16,,20185,,,1,55,,20186,,,1,17,,20170,,,1,18,,20167,,,1,66,,20169,,,1,29,,20187,,,1,71,,20188,,,1,29,,20189,,,1,70,,20190,,,1,30,,20191,,,1,70,,20192,,,1,30,,20193,,,1,70,,20194,,,1,30,,20172,,,1,69,,20218,,,1,15,,20215,,,1,15,,20217,,,1,16,,20214,,,1,55,,20216,,,1,15,,20213,,,1,20,,20195,,,1,54,,20196,,,1,15,,20197,,,1,15,,20198,,,1,15,,20199,,,1,55,,20200,,,1,15,,20201,,,1,15,,20202,,,1,15,,20203,,,1,55,,20204,,,1,15,,20165,,,1,17,,20171,,,1,13,,20168,,,1,55,,20166,,,1,34,,20205,,,1,74,,20206,,,1,34,,20207,,,1,73,,20208,,,1,34,,20209,,,1,74,,20210,,,1,34,,20211,,,1,74,,20212,,,1
3503,'Holiday1',759,,22176,,,1,85,,22175,,,1,85,,22183,,,1,85,,22178,,,1,45,,22180,,,1,85,,22182,,,1,85,,22177,,,1,85,,22184,,,1,45,,22174,,,1,85,,22179,,,1,85,,22181,,,1,85,,22186,,,1,45,,22187,,,1,85,,22189,,,1,85,,22188,,,1,85,,22185,,,1
3503,'Saturday',814,,22192,,,1,45,,22190,,,1,85,,22193,,,1,85,,22191,,,1,85,,22195,,,1,45,,22194,,,1,85,,22197,,,1,85,,22198,,,1,85,,22199,,,1,45,,22196,,,1,85,,22200,,,1,85,,22202,,,1,85,,22203,,,1,45,,22201,,,1,85,,22204,,,1,85,,22205,,,1,85,,22206,,,1
3503,'Sunday',759,,22209,,,1,85,,22208,,,1,85,,22216,,,1,85,,22211,,,1,45,,22213,,,1,85,,22215,,,1,85,,22210,,,1,85,,22217,,,1,45,,22207,,,1,85,,22212,,,1,85,,22214,,,1,85,,22218,,,1,45,,22219,,,1,85,,22222,,,1,85,,22220,,,1,85,,22221,,,1
3503,'Weekday',529,,22223,,,1,75,,22227,,,1,35,,22224,,,1,75,,22246,,,1,35,,22231,,,1,75,,22242,,,1,35,,22249,,,1,75,,22254,,,1,75,,22248,,,1,35,,22226,,,1,80,,22247,,,1,30,,22245,,,1,75,,22250,,,1,76,,22243,,,1,35,,22252,,,1,75,,22253,,,1,35,,22244,,,1,75,,22234,,,1,75,,22233,,,1,35,,22229,,,1,75,,22239,,,1,35,,22235,,,1,75,,22238,,,1,35,,22232,,,1,75,,22228,,,1,75,,22236,,,1,35,,22237,,,1,74,,22240,,,1,35,,22241,,,1,75,,22225,,,1,35,,22230,,,1,75,,22251,,,1
4103,'Weekday',521,,22355,,,1,95,,22362,,,1,95,,22360,,,1,95,,22363,,,1,95,,22359,,,1,55,,22364,,,1,480,,22357,,,1,95,,22365,,,1,95,,22358,,,1,95,,22366,,,1,100,,22356,,,1,95,,22361,,,1
5003,'Holiday1',732,,22406,,,1,68,,22397,,,1,25,,22396,,,1,14,,22408,0,5,1,16,,22404,,,1,59,,22415,0,5,1,11,,22376,,,1,30,,22403,,,1,54,,22418,0,5,1,17,,22379,,,1,17,,22419,0,5,1,59,,22380,,,1,24,,22381,,,1,14,,22421,0,5,1,19,,22378,,,1,60,,22417,0,5,1,17,,22401,,,1,21,,22382,,,1,53,,22422,0,5,1,18,,22383,,,1,23,,22420,0,5,1,57,,22377,,,1,19,,22399,,,1,13,,22423,0,5,1,17,,22385,,,1,64,,22412,0,5,1,11,,22387,,,1,26,,22384,,,1,52,,22414,0,5,1,18,,22402,,,1,20,,22413,0,5,1,58,,22388,,,1,21,,22386,,,1,13,,22411,0,5,1,17,,22400,,,1,64,,22407,0,5,1,11,,22391,,,1,24,,22392,,,1,54,,22410,0,5,1,17,,22389,,,1,28,,22409,0,5,1,60,,22393,,,1,25,,22416,0,5,1,17,,22390,,,1,67,,22426,0,5,1,12,,22394,,,1,70,,22395,,,1,10,,22424,0,5,1,29,,22398,,,1,14,,22427,0,5,1,69,,22405,,,1,10,,22425,0,5,1
5003,'Saturday',545,,22461,,,1,80,,22457,,,1,80,,22428,,,1,40,,22429,,,1,59,,22462,0,5,1,20,,22430,,,1,24,,22470,0,5,1,56,,22431,,,1,29,,22474,0,5,1,9,,22433,,,1,78,,22475,0,5,1,13,,22434,,,1,25,,22435,,,1,47,,22471,0,5,1,21,,22432,,,1,24,,22473,0,5,1,6,,22459,,,1,71,,22437,,,1,9,,22472,0,5,1,21,,22439,,,1,65,,22476,0,5,1,6,,22436,,,1,30,,22440,,,1,49,,22477,0,5,1,20,,22438,,,1,24,,22478,0,5,1,6,,22442,,,1,70,,22443,,,1,9,,22479,0,5,1,22,,22460,,,1,65,,22465,0,5,1,13,,22444,,,1,23,,22441,,,1,48,,22467,0,5,1,20,,22445,,,1,24,,22466,0,5,1,52,,22446,,,1,24,,22448,,,1,9,,22469,0,5,1,21,,22458,,,1,64,,22468,0,5,1,14,,22451,,,1,22,,22449,,,1,51,,22464,0,5,1,18,,22447,,,1,24,,22463,0,5,1,60,,22450,,,1,20,,22483,0,5,1,22,,22453,,,1,66,,22482,0,5,1,12,,22452,,,1,70,,22454,,,1,9,,22481,0,5,1,31,,22480,0,5,1,9,,22455,,,1,69,,22456,,,1
5003,'Sunday',732,,22514,,,1,68,,22505,,,1,25,,22504,,,1,14,,22516,0,5,1,16,,22512,,,1,59,,22523,0,5,1,11,,22484,,,1,30,,22511,,,1,54,,22526,0,5,1,17,,22487,,,1,17,,22527,0,5,1,59,,22488,,,1,24,,22489,,,1,14,,22529,0,5,1,19,,22486,,,1,60,,22525,0,5,1,17,,22509,,,1,21,,22490,,,1,53,,22530,0,5,1,18,,22491,,,1,23,,22528,0,5,1,57,,22485,,,1,19,,22507,,,1,13,,22531,0,5,1,17,,22493,,,1,64,,22522,0,5,1,11,,22495,,,1,26,,22492,,,1,52,,22521,0,5,1,18,,22510,,,1,20,,22520,0,5,1,58,,22496,,,1,21,,22494,,,1,13,,22519,0,5,1,17,,22508,,,1,64,,22515,0,5,1,11,,22499,,,1,24,,22500,,,1,54,,22518,0,5,1,17,,22497,,,1,28,,22517,0,5,1,60,,22501,,,1,25,,22524,0,5,1,17,,22498,,,1,67,,22534,0,5,1,12,,22502,,,1,70,,22503,,,1,10,,22532,0,5,1,29,,22506,,,1,14,,22535,0,5,1,69,,22513,,,1,10,,22533,0,5,1
5003,'Weekday',555,,22538,,,1,4,,22536,0,5,1,53,,22575,,,1,15,,22576,,,1,2,,22560,0,5,1,15,,22577,,,1,14,,22555,0,5,1,1,,22578,,,1,55,,22579,,,1,14,,22548,0,5,1,1,,22580,,,1,14,,22581,,,1,14,,22582,,,1,1,,22567,0,5,1,55,,22583,,,1,14,,22584,,,1,1,,22558,0,5,1,15,,22585,,,1,14,,22586,,,1,1,,22557,0,5,1,54,,22587,,,1,14,,22588,,,1,2,,22556,0,5,1,13,,22589,,,1,15,,22590,,,1,45,,22563,0,5,1,10,,22591,,,1,15,,22592,,,1,11,,22566,0,5,1,4,,22593,,,1,15,,22594,,,1,56,,22595,,,1,6,,22571,0,5,1,15,,22596,,,1,20,,22597,,,1,5,,22572,0,5,1,56,,22598,,,1,20,,22599,,,1,4,,22564,0,5,1,16,,22600,,,1,54,,22570,0,5,1,6,,22601,,,1,20,,22602,,,1,5,,22565,0,5,1,15,,22603,,,1,56,,22546,0,5,1,7,,22604,,,1,17,,22605,,,1,8,,22569,0,5,1,7,,22606,,,1,55,,22607,,,1,6,,22573,0,5,1,8,,22608,,,1,15,,22609,,,1,6,,22574,0,5,1,9,,22610,,,1,55,,22611,,,1,7,,22553,0,5,1,9,,22612,,,1,16,,22613,,,1,7,,22545,0,5,1,8,,22614,,,1,55,,22615,,,1,7,,22544,0,5,1,8,,22616,,,1,15,,22617,,,1,7,,22561,0,5,1,8,,22618,,,1,55,,22619,,,1,5,,22543,0,5,1,8,,22620,,,1,14,,22621,,,1,7,,22549,0,5,1,8,,22622,,,1,55,,22623,,,1,7,,22562,0,5,1,7,,22624,,,1,15,,22625,,,1,9,,22551,0,5,1,6,,22626,,,1,13,,22627,,,1,50,,22550,0,5,1,4,,22628,,,1,25,,22568,0,5,1,4,,22629,,,1,66,,22559,0,5,1,4,,22630,,,1,26,,22547,0,5,1,4,,22631,,,1,65,,22542,0,5,1,5,,22632,,,1,24,,22554,0,5,1,6,,22633,,,1,64,,22552,0,5,1,7,,22634,,,1,18,,22539,0,5,1,12,,22635,,,1,57,,22540,0,5,1,13,,22636,,,1,34,,22541,,,1
