603,'Holiday1',902,,28893,16,,,1,45,,28892,16,,,1,86,,28895,16,,,1,85,,28896,16,,,1,85,,28897,16,,,1,45,,28898,16,,,1,87,,28899,16,,,1,85,,28894,16,,,1,85,,28900,16,,,1,45,,28901,16,,,1,85,,28902,16,,,1,85,,28903,16,,,1,85,,28904,16,,,1,45,,28905,16,,,1,84,,28906,16,,,1
603,'Saturday',748,,28922,16,,,1,85,,28908,16,,,1,85,,28909,16,,,1,85,,28910,16,,,1,45,,28911,16,,,1,85,,28907,16,,,1,85,,28913,16,,,1,85,,28912,16,,,1,46,,28915,16,,,1,85,,28916,16,,,1,86,,28914,16,,,1,85,,28917,16,,,1,45,,28918,16,,,1,85,,28919,16,,,1,85,,28920,16,,,1,85,,28921,16,,,1
603,'Sunday',902,,28924,16,,,1,45,,28923,16,,,1,86,,28926,16,,,1,85,,28927,16,,,1,85,,28928,16,,,1,45,,28929,16,,,1,87,,28930,16,,,1,85,,28925,16,,,1,85,,28931,16,,,1,45,,28932,16,,,1,85,,28933,16,,,1,85,,28934,16,,,1,85,,28935,16,,,1,45,,28936,16,,,1,84,,28937,16,,,1
603,'Weekday',623,,28938,16,,,1,19,,28940,16,,,1,61,,28944,16,,,1,20,,28945,16,,,1,19,,28941,16,,,1,59,,28946,16,,,1,22,,28943,16,,,1,17,,28948,16,,,1,63,,28942,16,,,1,20,,28947,16,,,1,23,,28939,16,,,1,70,,28962,16,,,1,22,,28960,16,,,1,19,,28953,16,,,1,61,,28956,16,,,1,26,,28958,16,,,1,62,,28954,16,,,1,20,,28951,16,,,1,23,,28957,16,,,1,64,,28949,16,,,1,22,,28955,16,,,1,20,,28952,16,,,1,65,,28961,16,,,1,25,,28950,16,,,1,64,,28959,16,,,1,25,,28964,16,,,1,20,,28965,16,,,1,61,,28963,16,,,1,20,,28966,16,,,1,20,,28967,16,,,1,60,,28968,16,,,1,20,,28969,16,,,1,20,,28970,16,,,1,60,,28972,16,,,1,19,,28973,16,,,1,21,,28974,16,,,1,54,,28971,16,,,1,20,,28975,16,,,1,20,,28979,16,,,1,62,,28976,16,,,1,22,,28977,16,,,1,67,,28978,16,,,1,25,,28980,16,,,1,22,,28981,16,,,1,67,,28982,16,,,1,27,,28983,16,,,1,72,,28984,16,,,1,30,,28985,16,,,1
5301,'Holiday1',823,,36309,1,,,1,31,,36310,1,,,1,70,,36311,1,,,1,30,,36312,1,,,1,70,,36313,1,,,1,30,,36314,1,,,1,70,,36315,1,,,1,30,,36316,1,,,1,72,,36317,1,,,1,28,,36318,1,,,1,72,,36319,1,,,1,28,,36320,1,,,1,74,,36322,1,,,1,26,,36321,1,,,1,74,,36325,1,,,1,26,,36323,1,,,1,74,,36324,1,,,1,26,,36327,1,,,1,74,,36328,1,,,1,26,,36326,1,,,1,74,,36329,1,,,1,26,,36330,1,,,1,74,,36331,1,,,1
5301,'Saturday',554,,36337,1,,,1,70,,36346,1,,,1,30,,36334,1,,,1,70,,36347,1,,,1,30,,36342,1,,,1,70,,36348,1,,,1,30,,36344,1,,,1,70,,36349,1,,,1,30,,36345,1,,,1,70,,36350,1,,,1,30,,36340,1,,,1,70,,36351,1,,,1,30,,36339,1,,,1,70,,36352,1,,,1,30,,36333,1,,,1,70,,36353,1,,,1,30,,36338,1,,,1,70,,36354,1,,,1,30,,36336,1,,,1,70,,36355,1,,,1,30,,36335,1,,,1,70,,36356,1,,,1,30,,36332,1,,,1,70,,36357,1,,,1,30,,36341,1,,,1,70,,36358,1,,,1,30,,36343,1,,,1
5301,'Sunday',823,,36359,1,,,1,31,,36360,1,,,1,70,,36361,1,,,1,30,,36362,1,,,1,70,,36363,1,,,1,30,,36364,1,,,1,70,,36365,1,,,1,30,,36366,1,,,1,72,,36367,1,,,1,28,,36368,1,,,1,72,,36369,1,,,1,28,,36370,1,,,1,74,,36372,1,,,1,26,,36371,1,,,1,74,,36375,1,,,1,26,,36373,1,,,1,74,,36374,1,,,1,26,,36377,1,,,1,74,,36378,1,,,1,26,,36376,1,,,1,74,,36379,1,,,1,26,,36380,1,,,1,74,,36381,1,,,1
5301,'Weekday',519,,36383,1,,,1,16,,36386,1,,,1,65,,36388,1,,,1,30,,36389,1,,,1,23,,36387,1,,,1,69,,36390,1,,,1,21,,36391,1,,,1,65,,36392,1,,,1,23,,36393,1,,,1,26,,36394,1,,,1,71,,36395,1,,,1,27,,36396,1,,,1,75,,36397,1,,,1,25,,36398,1,,,1,76,,36399,1,,,1,24,,36401,1,,,1,70,,36402,1,,,1,27,,36403,1,,,1,73,,36404,1,,,1,31,,36406,1,,,1,71,,36400,1,,,1,31,,36407,1,,,1,64,,36405,1,,,1,20,,36408,1,,,1,70,,36409,1,,,1,25,,36410,1,,,1,65,,36412,1,,,1,25,,36413,1,,,1,25,,36414,1,,,1,64,,36411,1,,,1,25,,36415,1,,,1,68,,36416,1,,,1,21,,36417,1,,,1,75,,36418,1,,,1,29,,36419,1,,,1,68,,36420,1,,,1,29,,36421,1,,,1,69,,36422,1,,,1,32,,36423,1,,,1,68,,36424,1,,,1,30,,36425,1,,,1,27,,36384,1,,,1,69,,36385,1,,,1,74,,36382,1,,,1
5302,'Holiday1',821,,36426,22,4,,1,30,,36427,22,4,,1,71,,36428,22,4,,1,30,,36429,22,4,,1,70,,36430,22,4,,1,30,,36431,22,4,,1,70,,36433,22,4,,1,30,,36432,22,4,,1,72,,36434,22,4,,1,30,,36435,22,4,,1,70,,36437,22,4,,1,30,,36436,22,4,,1,72,,36439,22,4,,1,28,,36438,22,4,,1,72,,36440,22,4,,1,28,,36442,22,4,,1,70,,36443,22,4,,1,30,,36441,22,4,,1,72,,36446,22,4,,1,28,,36444,22,4,,1,72,,36447,22,4,,1,28,,36445,22,4,,1,70,,36448,22,4,,1
5302,'Saturday',546,,36456,22,4,,1,75,,36466,22,4,,1,30,,36454,22,4,,1,70,,36463,22,4,,1,30,,36451,22,4,,1,70,,36467,22,4,,1,30,,36461,22,4,,1,71,,36464,22,4,,1,30,,36462,22,4,,1,70,,36465,22,4,,1,30,,36458,22,4,,1,70,,36468,22,4,,1,30,,36459,22,4,,1,72,,36469,22,4,,1,27,,36455,22,4,,1,73,,36470,22,4,,1,27,,36453,22,4,,1,73,,36471,22,4,,1,27,,36450,22,4,,1,73,,36472,22,4,,1,27,,36457,22,4,,1,73,,36473,22,4,,1,27,,36452,22,4,,1,73,,36474,22,4,,1,27,,36449,22,4,,1,73,,36475,22,4,,1,27,,36460,22,4,,1
5302,'Sunday',821,,36476,22,4,,1,30,,36477,22,4,,1,71,,36478,22,4,,1,30,,36479,22,4,,1,70,,36480,22,4,,1,30,,36481,22,4,,1,70,,36483,22,4,,1,30,,36482,22,4,,1,72,,36484,22,4,,1,30,,36485,22,4,,1,70,,36487,22,4,,1,30,,36486,22,4,,1,72,,36489,22,4,,1,28,,36488,22,4,,1,72,,36490,22,4,,1,28,,36492,22,4,,1,70,,36493,22,4,,1,30,,36491,22,4,,1,72,,36496,22,4,,1,28,,36494,22,4,,1,72,,36497,22,4,,1,28,,36495,22,4,,1,70,,36498,22,4,,1
5302,'Weekday',513,,36499,22,4,,1,20,,36500,22,4,,1,25,,36501,22,4,,1,69,,36502,22,4,,1,22,,36503,22,4,,1,68,,36504,22,4,,1,22,,36505,22,4,,1,67,,36506,22,4,,1,21,,36507,22,4,,1,27,,36508,22,4,,1,70,,36509,22,4,,1,29,,36511,22,4,,1,71,,36512,22,4,,1,29,,36513,22,4,,1,72,,36510,22,4,,1,27,,36514,22,4,,1,70,,36515,22,4,,1,28,,36517,22,4,,1,73,,36519,22,4,,1,31,,36516,22,4,,1,71,,36520,22,4,,1,30,,36518,22,4,,1,64,,36521,22,4,,1,18,,36523,22,4,,1,73,,36524,22,4,,1,25,,36525,22,4,,1,65,,36522,22,4,,1,24,,36526,22,4,,1,25,,36527,22,4,,1,65,,36529,22,4,,1,24,,36530,22,4,,1,69,,36531,22,4,,1,21,,36528,22,4,,1,75,,36532,22,4,,1,27,,36533,22,4,,1,70,,36534,22,4,,1,28,,36535,22,4,,1,30,,36536,22,4,,1,72,,36538,22,4,,1,25,,36539,22,4,,1,72,,36540,22,4,,1,28,,36541,22,4,,1,69,,36537,22,4,,1,33,,36542,22,4,,1
