902,'Holiday1',835,,16795,52,,,1,105,,16797,52,,,1,108,,16798,52,,,1,105,,16799,52,,,1,105,,16800,52,,,1,145,,16801,52,,,1,107,,16802,52,,,1,105,,16803,52,,,1,107,,16804,52,,,1,106,,16805,52,,,1,107,,16796,52,,,1
902,'Saturday',804,,16806,52,,,1,50,,16813,52,,,1,93,,16816,52,,,1,90,,16814,52,,,1,90,,16818,52,,,1,90,,16819,52,,,1,90,,16820,52,,,1,50,,16817,52,,,1,90,,16812,52,,,1,92,,16807,52,,,1,92,,16809,52,,,1,90,,16811,52,,,1,88,,16815,52,,,1,47,,16808,52,,,1,90,,16810,52,,,1
902,'Sunday',835,,16821,52,,,1,105,,16823,52,,,1,108,,16824,52,,,1,105,,16825,52,,,1,105,,16826,52,,,1,145,,16827,52,,,1,107,,16828,52,,,1,105,,16829,52,,,1,107,,16830,52,,,1,106,,16831,52,,,1,107,,16822,52,,,1
902,'Weekday',649,,16832,52,,,1,79,,16841,52,,,1,74,,16842,52,,,1,45,,16840,52,,,1,90,,16838,52,,,1,78,,16844,52,,,1,85,,16849,52,,,1,45,,16846,52,,,1,85,,16839,52,,,1,88,,16835,52,,,1,29,,16850,52,,,1,75,,16851,52,,,1,35,,16852,52,,,1,46,,16847,52,,,1,33,,16853,52,,,1,75,,16854,52,,,1,35,,16845,52,,,1,75,,16843,52,,,1,35,,16848,52,,,1,76,,16836,52,,,1,78,,16837,52,,,1,42,,16855,52,,,1,88,,16856,52,,,1,86,,16834,52,,,1,117,,16833,52,,,1
2503,'Weekday',527,,20139,15,,,1,30,,20138,15,,,1,70,,20142,15,,,1,76,,20148,15,,,1,37,,20147,15,,,1,77,,20145,15,,,1,36,,20144,15,,,1,76,,20146,15,,,1,76,,20149,15,,,1,409,,20140,15,,,1,38,,20141,15,,,1,79,,20150,15,,,1,77,,20151,15,,,1,34,,20152,15,,,1,78,,20153,15,,,1,36,,20154,15,,,1,75,,20155,15,,,1,75,,20156,15,,,1,35,,20143,15,,,1
2902,'Holiday1',715,,20934,39,,,1,35,,20935,39,,,1,78,,20938,39,,,1,76,,20939,39,,,1,35,,20940,39,,,1,75,,20936,39,,,1,36,,20937,39,,,1,75,,20941,39,,,1,75,,20943,39,,,1,35,,20944,39,,,1,75,,20945,39,,,1,35,,20942,39,,,1,76,,20946,39,,,1,35,,20948,39,,,1,75,,20949,39,,,1,76,,20950,39,,,1,35,,20947,39,,,1,75,,20951,39,,,1,35,,20952,39,,,1,75,,20954,39,,,1,75,,20953,39,,,1,33,,20955,39,,,1,75,,20957,39,,,1,32,,20956,39,,,1,75,,20958,39,,,1,34,,20962,39,,,1,90,,20960,39,,,1,90,,20961,39,,,1,90,,20959,39,,,1
2902,'Saturday',646,,20969,39,,,1,65,,20977,39,,,1,26,,20979,39,,,1,66,,20980,39,,,1,25,,20978,39,,,1,26,,20981,39,,,1,66,,20982,39,,,1,25,,20983,39,,,1,66,,20984,39,,,1,31,,20985,39,,,1,65,,20988,39,,,1,26,,20986,39,,,1,25,,20987,39,,,1,65,,20989,39,,,1,25,,20990,39,,,1,65,,20991,39,,,1,25,,20992,39,,,1,65,,20993,39,,,1,25,,20994,39,,,1,25,,20995,39,,,1,65,,20996,39,,,1,25,,20998,39,,,1,66,,20999,39,,,1,25,,21000,39,,,1,25,,20997,39,,,1,65,,20976,39,,,1,25,,20973,39,,,1,64,,20975,39,,,1,23,,20974,39,,,1,67,,20972,39,,,1,28,,20971,39,,,1,83,,20964,39,,,1,35,,20965,39,,,1,72,,20963,39,,,1,29,,20967,39,,,1,79,,20968,39,,,1,90,,20966,39,,,1,90,,20970,39,,,1
2902,'Sunday',715,,21001,39,,,1,35,,21002,39,,,1,78,,21005,39,,,1,76,,21006,39,,,1,35,,21007,39,,,1,75,,21003,39,,,1,36,,21004,39,,,1,75,,21008,39,,,1,75,,21010,39,,,1,35,,21011,39,,,1,75,,21012,39,,,1,35,,21009,39,,,1,76,,21013,39,,,1,35,,21015,39,,,1,75,,21016,39,,,1,76,,21017,39,,,1,35,,21014,39,,,1,75,,21018,39,,,1,35,,21019,39,,,1,75,,21021,39,,,1,75,,21020,39,,,1,33,,21022,39,,,1,75,,21024,39,,,1,32,,21023,39,,,1,75,,21025,39,,,1,34,,21029,39,,,1,90,,21027,39,,,1,90,,21028,39,,,1,90,,21026,39,,,1
2902,'Weekday',615,,21031,39,,,1,32,,21030,48,0,5,1,56,,21066,48,0,5,1,16,,21063,48,0,5,1,17,,21062,48,0,5,1,16,,21059,48,0,5,1,56,,21058,48,0,5,1,16,,21061,48,0,5,1,16,,21060,48,0,5,1,16,,21065,48,0,5,1,55,,21064,48,0,5,1,14,,21068,48,0,5,1,14,,21067,48,0,5,1,18,,21070,48,0,5,1,56,,21069,48,0,5,1,24,,21032,39,,,1,65,,21033,39,,,1,25,,21034,39,,,1,25,,21035,39,,,1,67,,21036,39,,,1,22,,21037,39,,,1,65,,21038,39,,,1,25,,21039,39,,,1,25,,21040,39,,,1,69,,21041,39,,,1,81,,21042,39,,,1,16,,21044,48,0,5,1,7,,21056,26,,,1,7,,21045,48,0,5,1,19,,21071,48,0,5,1,58,,21072,48,0,5,1,18,,21073,48,0,5,1,14,,21057,48,0,5,1,4,,21074,48,0,5,1,58,,21075,48,0,5,1,18,,21076,48,0,5,1,18,,21077,48,0,5,1,58,,21078,48,0,5,1,16,,21079,48,0,5,1,18,,21080,48,0,5,1,16,,21081,48,0,5,1,58,,21082,48,0,5,1,16,,21083,48,0,5,1,17,,21084,48,0,5,1,58,,21085,48,0,5,1,15,,21086,48,0,5,1,17,,21087,48,0,5,1,15,,21043,48,0,5,1,65,,21048,39,,,1,33,,21049,39,,,1,72,,21050,39,,,1,32,,21051,39,,,1,69,,21052,39,,,1,29,,21053,39,,,1,70,,21054,39,,,1,30,,21055,39,,,1,70,,21046,39,,,1,30,,21047,39,,,1
21501,'Weekday',1504,,24482,38,,,1
