101,15090711,1,0
101,22010300,2,0
101,16090501,3,0
101,15090804,4,0
101,15090805,5,0
101,15090806,6,0
101,15090807,7,0
101,16090502,8,0
101,91690,9,0
101,92475,10,0
101,92480,11,0
101,92485,12,0
101,92490,13,0
101,92495,14,0
101,15051807,15,0
101,16170,16,0
101,15620,17,0
101,91100,18,0
101,92470,19,0
101,92465,20,0
101,7455,21,0
101,7460,22,0
101,7470,23,0
101,7480,24,0
101,7490,25,0
101,7500,26,0
101,7510,27,0
101,7520,28,0
101,7530,29,0
101,7535,30,0
101,14510,31,0
101,14520,32,0
101,14530,33,0
101,14540,34,0
101,19030402,35,0
101,14560,36,0
101,13930,37,0
101,13935,38,0
101,13940,39,0
101,7600,40,0
101,7610,41,0
101,7620,42,0
101,7630,43,0
101,7640,44,0
101,7650,45,0
101,45505,46,0
101,7675,47,0
101,7680,48,0
101,50102,49,0
101,7700,50,0
101,7710,51,0
101,50104,52,0
101,7730,53,0
101,7740,54,0
101,7750,55,0
101,50106,56,0
101,23040,57,0
101,7790,58,0
101,7800,59,0
101,200,60,0
101,210,61,0
101,220,62,0
101,230,63,0
101,235,64,0
101,9875,65,0
101,9885,66,0
101,2410,67,0
101,23140,68,0
101,45533,69,0
101,3900,70,0
101,3910,71,0
101,20200,72,0
101,3930,73,0
101,50112,74,0
101,50114,75,0
101,50116,76,0
101,222,77,0
101,50118,78,0
101,20270,79,0
101,50120,80,0
101,7970,81,0
101,7980,82,0
101,7990,83,0
101,7995,84,0
101,8000,85,1
101,20300,86,0
101,20310,87,0
101,50122,88,0
101,44480,89,0
101,44490,90,0
101,44500,91,0
101,44510,92,0
101,44520,93,0
101,44818,94,0
101,44820,95,0
101,47130,96,0
101,47140,97,1
102,47140,1,0
102,47143,2,0
102,47145,3,0
102,50150,4,0
102,17550,5,0
102,17555,6,0
102,16090506,7,0
102,16090507,8,0
102,16090508,9,0
102,50154,10,0
102,50156,11,0
102,21135,12,0
102,21137,13,0
102,50158,14,0
102,21160,15,0
102,8000,16,0
102,8020,17,0
102,8030,18,0
102,8040,19,0
102,8050,20,0
102,50160,21,0
102,8070,22,0
102,50162,23,0
102,50164,24,0
102,21210,25,0
102,3864,26,0
102,3865,27,0
102,2410,28,0
102,23140,29,0
102,45528,30,0
102,2390,31,0
102,9895,32,0
102,9867,33,0
102,20090801,34,0
102,270,35,0
102,280,36,0
102,290,37,0
102,8200,38,0
102,8210,39,0
102,50170,40,0
102,23180,41,0
102,50172,42,0
102,8245,43,0
102,8250,44,0
102,8260,45,0
102,50174,46,0
102,8280,47,0
102,8290,48,0
102,50176,49,0
102,8310,50,0
102,8320,51,0
102,45510,52,0
102,8340,53,0
102,8350,54,0
102,8360,55,0
102,8370,56,0
102,8380,57,0
102,8390,58,0
102,14560,59,0
102,13930,60,0
102,13935,61,0
102,8400,62,0
102,8410,63,0
102,91350,64,0
102,15630,65,0
102,92000,66,0
102,91360,67,0
102,91365,68,0
102,91370,69,0
102,91375,70,0
102,91380,71,0
102,16090503,72,0
102,15090825,73,0
102,49040,74,0
102,49050,75,0
102,15090826,76,0
102,19090339,77,0
102,16090504,78,0
102,19030401,79,0
102,15090711,80,1
102,8430,81,0
102,8440,82,0
102,8450,83,0
102,8460,84,0
102,7455,85,1
203,26792,1,0
203,26790,2,0
203,26800,3,0
203,30111,4,0
203,9060,5,0
203,9065,6,0
203,9070,7,0
203,9080,8,0
203,9090,9,0
203,9100,10,0
203,9110,11,0
203,9120,12,0
203,9130,13,0
203,9140,14,0
203,9150,15,0
203,9160,16,0
203,9170,17,0
203,9180,18,0
203,9190,19,0
203,9195,20,0
203,9210,21,0
203,9220,22,0
203,9235,23,0
203,9230,24,0
203,9250,25,0
203,9265,26,0
203,9270,27,0
203,9277,28,0
203,9280,29,0
203,9300,30,0
203,9310,31,0
203,9320,32,0
203,9330,33,0
203,9350,34,0
203,9360,35,0
203,9380,36,0
203,9390,37,1
204,9390,1,0
204,9415,2,0
204,9420,3,0
204,9430,4,0
204,9440,5,0
204,9450,6,0
204,9460,7,0
204,9475,8,0
204,9480,9,0
204,9490,10,0
204,9500,11,0
204,9510,12,0
204,9520,13,0
204,9530,14,0
204,9540,15,0
204,9550,16,0
204,9560,17,0
204,9580,18,0
204,9590,19,0
204,9600,20,0
204,9610,21,0
204,9620,22,0
204,9630,23,0
204,12840,24,0
204,9640,25,0
204,9650,26,0
204,9660,27,0
204,9670,28,0
204,9680,29,0
204,9700,30,0
204,9715,31,0
204,9720,32,0
204,9730,33,0
204,9740,34,0
204,9750,35,0
204,9760,36,0
204,30117,37,0
204,9780,38,0
204,9785,39,0
204,26810,40,0
204,26815,41,0
204,26807,42,0
204,28012,43,0
204,28014,44,0
204,28016,45,0
204,28005,46,0
204,28007,47,0
204,28010,48,0
204,28020,49,0
204,28030,50,0
204,28040,51,0
204,28050,52,0
204,26792,53,1
303,30107,1,0
303,8550,2,0
303,15033001,3,0
303,8500,4,0
303,13860,5,0
303,13870,6,0
303,13880,7,0
303,13895,8,0
303,13900,9,0
303,13910,10,0
303,13920,11,0
303,13930,12,0
303,13935,13,0
303,13940,14,0
303,13950,15,0
303,13960,16,0
303,13970,17,0
303,13980,18,0
303,13990,19,0
303,13995,20,0
303,14000,21,0
303,14010,22,0
303,14030,23,0
303,14040,24,0
303,14050,25,0
303,14060,26,0
303,14070,27,0
303,14080,28,0
303,14085,29,0
303,14090,30,0
303,14100,31,0
303,14110,32,0
303,13160,33,0
303,13170,34,0
303,12295,35,0
303,12300,36,0
303,12400,37,0
303,12410,38,0
303,12420,39,0
303,9330,40,0
303,9350,41,0
303,9360,42,0
303,9380,43,0
303,42395,44,1
303,19090314,45,1
304,42395,1,0
304,9415,2,0
304,9420,3,0
304,9430,4,0
304,9440,5,0
304,9450,6,0
304,9460,7,0
304,12425,8,0
304,19090314,9,0
304,12560,10,0
304,12570,11,0
304,12580,12,0
304,13470,13,0
304,13480,14,0
304,14370,15,0
304,14380,16,0
304,14390,17,0
304,14396,18,0
304,14400,19,0
304,14410,20,0
304,14420,21,0
304,14430,22,0
304,14440,23,0
304,94105,24,0
304,14450,25,0
304,14470,26,0
304,14480,27,0
304,14490,28,0
304,14500,29,0
304,14510,30,0
304,14520,31,0
304,14530,32,0
304,14540,33,0
304,14550,34,0
304,14560,35,0
304,13930,36,0
304,14580,37,0
304,14590,38,0
304,14600,39,0
304,14610,40,0
304,14620,41,0
304,14630,42,0
304,14635,43,0
304,8510,44,0
304,15033003,45,0
304,30107,46,1
403,30100,1,0
403,8550,2,0
403,15033001,3,0
403,1430,4,0
403,1440,5,0
403,1450,6,0
403,15517,7,0
403,15520,8,0
403,15090838,9,0
403,40982,10,0
403,40980,11,0
403,40985,12,0
403,40970,13,0
403,15650,14,0
403,15660,15,0
403,15670,16,0
403,15680,17,0
403,15690,18,0
403,15695,19,0
403,15700,20,0
403,15710,21,0
403,15720,22,0
403,15730,23,0
403,15735,24,0
403,15740,25,0
403,15750,26,0
403,94000,27,0
403,94005,28,0
403,94010,29,0
403,94015,30,0
403,17050103,31,0
403,40984,32,0
403,15051809,33,0
403,40988,34,0
403,40990,35,0
403,40995,36,0
403,40555,37,0
403,40560,38,0
403,15051806,39,0
403,40570,40,0
403,40580,41,0
403,11405,42,0
403,11410,43,0
403,11420,44,0
403,11430,45,0
403,40930,46,0
403,40330,47,0
403,40360,48,0
403,15780,49,0
403,15790,50,0
403,15800,51,0
403,15810,52,0
403,15820,53,0
403,15840,54,0
403,15845,55,0
403,15850,56,0
403,15860,57,0
403,15870,58,0
403,15875,59,0
403,15880,60,1
403,25090100,61,0
403,24062415,62,0
403,25090101,63,1
404,15880,1,0
404,15895,2,0
404,11460,3,0
404,11470,4,0
404,11480,5,0
404,11485,6,0
404,30000,7,0
404,15090777,8,0
404,40610,9,0
404,40620,10,0
404,40630,11,0
404,40900,12,0
404,40910,13,0
404,15051808,14,0
404,40920,15,0
404,15900,16,0
404,15910,17,0
404,15920,18,0
404,15930,19,0
404,15940,20,0
404,11510,21,0
404,11520,22,0
404,11530,23,0
404,11540,24,0
404,11550,25,0
404,40350,26,0
404,40340,27,0
404,15110205,28,0
404,25090101,29,0
404,25090102,30,0
404,94025,31,0
404,94030,32,0
404,16030,33,0
404,16040,34,0
404,16050,35,0
404,16070,36,0
404,16080,37,0
404,16090,38,0
404,16100,39,0
404,16110,40,0
404,16120,41,0
404,16130,42,0
404,16140,43,0
404,16150,44,0
404,40940,45,0
404,15090839,46,0
404,40950,47,0
404,15090840,48,0
404,40960,49,0
404,16270,50,0
404,15513,51,0
404,540,52,0
404,530,53,0
404,550,54,0
404,560,55,0
404,8510,56,0
404,15033003,57,0
404,30100,58,1
501,14090132,1,0
501,15895,2,0
501,15900,3,0
501,16450,4,0
501,16460,5,0
501,16468,6,0
501,16470,7,0
501,16480,8,0
501,16490,9,0
501,16500,10,0
501,16510,11,0
501,16520,12,0
501,16530,13,0
501,16540,14,0
501,16550,15,0
501,16560,16,0
501,14090135,17,0
501,16565,18,0
501,16600,19,0
501,14090137,20,0
501,16630,21,0
501,16635,22,0
501,14090139,23,0
501,17145,24,0
501,16650,25,0
501,16665,26,0
501,16670,27,0
501,16680,28,0
501,16690,29,0
501,16700,30,0
501,15120,31,0
501,15125,32,0
501,15130,33,0
501,15140,34,0
501,15160,35,0
501,15162,36,0
501,15165,37,0
501,15170,38,0
501,18030505,39,0
501,15190,40,0
501,15210,41,0
501,15220,42,0
501,10130,43,0
501,15240,44,0
501,15250,45,0
501,15260,46,0
501,15270,47,0
501,15280,48,0
501,15290,49,0
501,15300,50,0
501,15310,51,0
501,15320,52,0
501,15330,53,0
501,16710,54,0
501,16715,55,0
501,16720,56,0
501,45280,57,0
501,16740,58,0
501,16750,59,0
501,16755,60,0
501,16760,61,0
501,16770,62,0
501,93950,63,0
501,16780,64,0
501,16785,65,0
501,16790,66,0
501,16800,67,0
501,16810,68,0
501,16820,69,0
501,16830,70,0
501,810,71,0
501,830,72,0
501,24072900,73,0
501,24072901,74,0
501,24072902,75,0
501,16890,76,1
502,16890,1,0
502,14690,2,0
502,14700,3,0
502,14710,4,0
502,14720,5,0
502,14730,6,0
502,14750,7,0
502,14760,8,0
502,14770,9,0
502,14780,10,0
502,14790,11,0
502,14800,12,0
502,10125,13,0
502,14820,14,0
502,14830,15,0
502,14840,16,0
502,14850,17,0
502,18030504,18,0
502,14865,19,0
502,14870,20,0
502,14875,21,0
502,14890,22,0
502,14900,23,0
502,14905,24,0
502,24072903,25,0
502,24072904,26,0
502,24072905,27,0
502,1150,28,0
502,1170,29,0
502,16970,30,0
502,16980,31,0
502,16990,32,0
502,17000,33,0
502,17010,34,0
502,17020,35,0
502,17025,36,0
502,17030,37,0
502,17035,38,0
502,17040,39,0
502,17050,40,0
502,17060,41,0
502,17070,42,0
502,17075,43,0
502,15105,44,0
502,15110,45,0
502,14090129,46,0
502,15115,47,0
502,17090,48,0
502,17100,49,0
502,2110,50,0
502,17120,51,0
502,17125,52,0
502,17130,53,0
502,17135,54,0
502,17150,55,0
502,17155,56,0
502,17160,57,0
502,14090138,58,0
502,17180,59,0
502,16570,60,0
502,14090136,61,0
502,14090134,62,0
502,17220,63,0
502,17230,64,0
502,17240,65,0
502,17250,66,0
502,17260,67,0
502,17270,68,0
502,17280,69,0
502,17290,70,0
502,14090133,71,0
502,17310,72,0
502,17320,73,0
502,17330,74,0
502,15870,75,0
502,15875,76,0
502,14090132,77,1
603,26792,1,0
603,24062416,2,0
603,24062417,3,0
603,15090744,4,0
603,15090741,5,0
603,15090721,6,0
603,15090742,7,0
603,15090722,8,0
603,15090723,9,0
603,18090460,10,0
603,15090724,11,0
603,15090725,12,0
603,15033004,13,0
603,45262,14,0
603,45260,15,0
603,45258,16,0
603,15090726,17,0
603,15090727,18,0
603,15090728,19,0
603,94065,20,0
603,94070,21,0
603,94075,22,0
603,17010203,23,0
603,94080,24,0
603,17030602,25,0
603,16090551,26,0
603,94085,27,0
603,94090,28,0
603,17103013,29,0
603,17103014,30,0
603,17103015,31,0
603,17103016,32,0
603,17103017,33,0
603,44250,34,0
603,44260,35,0
603,44270,36,0
603,44280,37,0
603,44290,38,0
603,17103018,39,0
603,17103019,40,0
603,17103020,41,0
603,17103021,42,0
603,40564,43,0
603,40566,44,0
603,17103022,45,1
604,17103022,1,0
604,30020,2,0
604,30012,3,0
604,45590,4,0
604,45595,5,0
604,17103023,6,0
604,17103024,7,0
604,17103025,8,0
604,17103026,9,0
604,17103027,10,0
604,44320,11,0
604,44330,12,0
604,44340,13,0
604,44350,14,0
604,17103028,15,0
604,17103029,16,0
604,17103030,17,0
604,17103031,18,0
604,17103032,19,0
604,94035,20,0
604,94040,21,0
604,21062800,22,0
604,94045,23,0
604,17010204,24,0
604,94050,25,0
604,94055,26,0
604,94060,27,0
604,14102702,28,0
604,15090712,29,0
604,15090713,30,0
604,45210,31,0
604,45212,32,0
604,45220,33,0
604,535,34,0
604,15090714,35,0
604,40710,36,0
604,15090715,37,0
604,15090716,38,0
604,15090717,39,0
604,15090739,40,0
604,15090718,41,0
604,15090740,42,0
604,15090719,43,0
604,15090720,44,0
604,28040,45,0
604,28050,46,0
604,26792,47,1
703,19567,1,0
703,19400,2,0
703,19410,3,0
703,19940,4,0
703,19420,5,0
703,19440,6,0
703,19450,7,0
703,19455,8,0
703,19470,9,0
703,28060,10,0
703,19490,11,0
703,19500,12,0
703,19510,13,0
703,28070,14,0
703,19530,15,0
703,19540,16,0
703,19550,17,0
703,19560,18,0
703,19565,19,0
703,19570,20,0
703,19378,21,0
703,19575,22,0
703,20,23,0
703,30,24,0
703,19610,25,0
703,19620,26,0
703,19630,27,0
703,19640,28,0
703,19650,29,0
703,19660,30,0
703,19670,31,0
703,19680,32,0
703,19690,33,0
703,19700,34,0
703,19710,35,0
703,19720,36,0
703,19730,37,0
703,19740,38,0
703,19750,39,0
703,19760,40,0
703,19770,41,0
703,19780,42,0
703,19790,43,0
703,19800,44,0
703,19810,45,0
703,19820,46,0
703,19830,47,0
703,19840,48,0
703,19850,49,0
703,19860,50,0
703,19870,51,0
703,19880,52,0
703,19890,53,0
703,19900,54,0
703,11150,55,0
703,11160,56,0
703,12495,57,0
703,11180,58,0
703,9430,59,0
703,9440,60,0
703,9450,61,0
703,9460,62,0
703,12425,63,0
703,12560,64,0
703,12565,65,0
703,12568,66,0
703,18870,67,0
703,18885,68,0
703,42400,69,1
703,19928,70,1
704,42400,1,0
704,18920,2,0
704,18930,3,0
704,18940,4,0
704,18950,5,0
704,18960,6,0
704,18970,7,0
704,13240,8,0
704,13250,9,0
704,13260,10,0
704,11160,11,0
704,19930,12,0
704,11180,13,0
704,12470,14,0
704,19060,15,0
704,19070,16,0
704,19080,17,0
704,19090,18,0
704,19100,19,0
704,19110,20,0
704,19120,21,0
704,19130,22,0
704,19140,23,0
704,19150,24,0
704,19160,25,0
704,19170,26,0
704,19180,27,0
704,19190,28,0
704,19200,29,0
704,19210,30,0
704,19220,31,0
704,19230,32,0
704,19240,33,0
704,19250,34,0
704,19260,35,0
704,19270,36,0
704,19280,37,0
704,19290,38,0
704,19300,39,0
704,19310,40,0
704,19320,41,0
704,19330,42,0
704,19340,43,0
704,19350,44,0
704,19360,45,0
704,19370,46,0
704,19372,47,0
704,19375,48,0
704,25090103,49,0
704,19390,50,0
704,19567,51,1
801,18090402,1,0
801,22620,2,0
801,22640,3,0
801,22650,4,0
801,22660,5,0
801,22670,6,0
801,22680,7,0
801,22690,8,0
801,22700,9,0
801,22710,10,0
801,22720,11,0
801,22730,12,0
801,22740,13,0
801,22760,14,0
801,22770,15,0
801,22780,16,0
801,22790,17,0
801,22800,18,0
801,16103104,19,0
801,22810,20,0
801,22820,21,0
801,22830,22,0
801,22840,23,0
801,22850,24,0
801,22860,25,0
801,22875,26,0
801,22880,27,0
801,22890,28,0
801,22900,29,0
801,22910,30,0
801,22920,31,0
801,22930,32,0
801,22940,33,0
801,22950,34,0
801,22960,35,0
801,22970,36,0
801,22980,37,0
801,22990,38,0
801,23000,39,0
801,23010,40,0
801,23020,41,0
801,23030,42,0
801,23040,43,0
801,50108,44,0
801,23058,45,0
801,50110,46,0
801,23070,47,0
801,45585,48,1
802,45585,1,0
802,23140,2,0
802,23150,3,0
802,50168,4,0
802,50170,5,0
802,23180,6,0
802,23190,7,0
802,23200,8,0
802,23210,9,0
802,23220,10,0
802,23230,11,0
802,23235,12,0
802,23250,13,0
802,23260,14,0
802,23265,15,0
802,23270,16,0
802,23290,17,0
802,23300,18,0
802,23310,19,0
802,23320,20,0
802,23330,21,0
802,23340,22,0
802,23350,23,0
802,23360,24,0
802,23370,25,0
802,23390,26,0
802,23400,27,0
802,23410,28,0
802,16103101,29,0
802,23430,30,0
802,23440,31,0
802,23450,32,0
802,23460,33,0
802,23480,34,0
802,23490,35,0
802,23500,36,0
802,23510,37,0
802,23520,38,0
802,23530,39,0
802,23540,40,0
802,23550,41,0
802,23560,42,0
802,23570,43,0
802,23580,44,0
802,23590,45,0
802,23600,46,0
802,23610,47,0
802,18090402,48,1
901,11440,1,0
901,15895,2,0
901,15900,3,0
901,16450,4,0
901,16460,5,0
901,16468,6,0
901,13630,7,0
901,1345,8,0
901,13650,9,0
901,13660,10,0
901,25920,11,0
901,13680,12,0
901,12750,13,0
901,12760,14,0
901,12770,15,0
901,12780,16,0
901,13730,17,0
901,13740,18,0
901,24830,19,0
901,24840,20,0
901,24850,21,0
901,24855,22,0
901,24860,23,0
901,24870,24,0
901,24880,25,0
901,24890,26,0
901,24900,27,0
901,24910,28,0
901,24920,29,0
901,24930,30,0
901,24940,31,0
901,5540,32,0
901,5550,33,0
901,5560,34,0
901,24980,35,0
901,24990,36,0
901,23900,37,0
901,23910,38,0
901,45565,39,0
901,18290,40,0
901,18300,41,0
901,18310,42,0
901,23840,43,0
901,25030,44,0
901,2240,45,0
901,25050,46,0
901,25060,47,0
901,25080,48,0
901,25090,49,0
901,25095,50,0
901,25375,51,0
901,25120,52,0
901,25130,53,0
901,25140,54,0
901,25150,55,0
901,15090729,56,0
901,15090730,57,0
901,15090743,58,0
901,15090731,59,0
901,25760,60,0
901,25770,61,1
902,25770,1,0
902,15090732,2,0
902,15090733,3,0
902,15090734,4,0
902,15090735,5,0
902,15090736,6,0
902,15090737,7,0
902,15090738,8,0
902,25340,9,0
902,25350,10,0
902,20355,11,0
902,25370,12,0
902,25380,13,0
902,25390,14,0
902,25400,15,0
902,25410,16,0
902,25420,17,0
902,1770,18,0
902,25440,19,0
902,25450,20,0
902,23880,21,0
902,23890,22,0
902,23900,23,0
902,23910,24,0
902,45560,25,0
902,18290,26,0
902,25480,27,0
902,25490,28,0
902,25500,29,0
902,5300,30,0
902,5310,31,0
902,25530,32,0
902,25535,33,0
902,25540,34,0
902,25550,35,0
902,25560,36,0
902,25570,37,0
902,25580,38,0
902,25590,39,0
902,25600,40,0
902,25610,41,0
902,25620,42,0
902,25640,43,0
902,25650,44,0
902,12920,45,0
902,12930,46,0
902,12940,47,0
902,12080,48,0
902,12090,49,0
902,12970,50,0
902,12980,51,0
902,12990,52,0
902,13000,53,0
902,13010,54,0
902,13020,55,0
902,13030,56,0
902,17310,57,0
902,17320,58,0
902,17330,59,0
902,15870,60,0
902,15875,61,0
902,11440,62,1
1003,20,1,0
1003,30,2,0
1003,51100,3,0
1003,60,4,0
1003,70,5,0
1003,80,6,0
1003,90,7,0
1003,100,8,0
1003,110,9,0
1003,120,10,0
1003,130,11,0
1003,140,12,0
1003,150,13,0
1003,160,14,0
1003,170,15,0
1003,180,16,0
1003,190,17,0
1003,200,18,0
1003,210,19,0
1003,220,20,0
1003,230,21,0
1003,235,22,0
1003,9875,23,0
1003,9885,24,0
1003,2410,25,0
1003,23140,26,0
1003,45580,27,1
1004,45570,1,0
1004,9895,2,0
1004,9867,3,0
1004,20090801,4,0
1004,270,5,0
1004,280,6,0
1004,300,7,0
1004,308,8,0
1004,310,9,0
1004,320,10,0
1004,330,11,0
1004,340,12,0
1004,350,13,0
1004,360,14,0
1004,370,15,0
1004,365,16,0
1004,371,17,0
1004,372,18,0
1004,373,19,0
1004,410,20,0
1004,420,21,0
1004,16050904,22,0
1004,16050905,23,0
1004,16050906,24,0
1004,16050907,25,0
1004,430,26,0
1004,440,27,0
1004,20,28,1
1101,44406,1,0
1101,477,2,0
1101,18043001,3,0
1101,18030503,4,0
1101,469,5,0
1101,461,6,0
1101,15033006,7,0
1101,470,8,0
1101,15033005,9,0
1101,510,10,0
1101,15110204,11,0
1101,520,12,0
1101,535,13,0
1101,540,14,0
1101,530,15,0
1101,550,16,0
1101,560,17,0
1101,15033002,18,0
1101,8510,19,0
1101,15033003,20,0
1101,30108,21,0
1101,610,22,0
1101,620,23,0
1101,51100,24,0
1101,15021601,25,0
1101,51102,26,0
1101,51104,27,0
1101,670,28,0
1101,680,29,0
1101,51106,30,0
1101,700,31,0
1101,22080109,32,0
1101,22080103,33,0
1101,730,34,0
1101,740,35,0
1101,51110,36,0
1101,760,37,0
1101,51112,38,0
1101,780,39,0
1101,790,40,0
1101,800,41,0
1101,810,42,0
1101,830,43,0
1101,840,44,0
1101,850,45,0
1101,900,46,0
1101,910,47,0
1101,920,48,0
1101,930,49,0
1101,941,50,0
1101,942,51,0
1101,943,52,0
1101,944,53,0
1101,946,54,0
1101,945,55,0
1101,980,56,0
1101,17820,57,0
1101,17830,58,0
1101,17840,59,0
1101,17855,60,0
1101,17860,61,0
1101,17870,62,0
1101,17853,63,0
1101,15090803,64,1
1102,15090803,1,0
1102,17868,2,0
1102,17869,3,0
1102,17400,4,0
1102,17430,5,0
1102,1090,6,0
1102,1100,7,0
1102,1110,8,0
1102,1115,9,0
1102,1120,10,0
1102,1130,11,0
1102,1140,12,0
1102,1150,13,0
1102,51115,14,0
1102,1180,15,0
1102,51113,16,0
1102,51111,17,0
1102,1230,18,0
1102,1235,19,0
1102,22080102,20,0
1102,22080108,21,0
1102,1260,22,0
1102,51107,23,0
1102,1280,24,0
1102,51105,25,0
1102,51103,26,0
1102,1315,27,0
1102,1320,28,0
1102,51101,29,0
1102,1340,30,0
1102,1350,31,0
1102,30108,32,1
1102,30102,33,0
1102,8550,34,0
1102,15033001,35,0
1102,1430,36,0
1102,1440,37,0
1102,15033004,38,0
1102,1460,39,0
1102,1465,40,0
1102,1470,41,0
1102,1490,42,0
1102,1500,43,0
1102,1508,44,0
1102,15033007,45,0
1102,466,46,0
1102,18043001,47,0
1102,18030503,48,0
1102,468,49,0
1102,475,50,0
1102,44406,51,1
1203,45555,1,0
1203,1640,2,0
1203,1650,3,0
1203,1660,4,0
1203,1670,5,0
1203,1680,6,0
1203,9890,7,0
1203,9900,8,0
1203,9910,9,0
1203,1720,10,0
1203,1730,11,0
1203,1740,12,0
1203,1750,13,0
1203,1760,14,0
1203,1770,15,0
1203,1780,16,0
1203,1790,17,0
1203,1800,18,0
1203,1810,19,0
1203,1815,20,0
1203,24260,21,0
1203,1840,22,0
1203,1850,23,0
1203,1860,24,0
1203,1870,25,0
1203,1880,26,0
1203,3140,27,0
1203,1890,28,0
1203,17120,29,0
1203,17125,30,0
1203,18425,31,0
1203,18043008,32,0
1203,10858,33,0
1203,18430,34,0
1203,18440,35,0
1203,10520,36,0
1203,10530,37,0
1203,10540,38,0
1203,44870,39,0
1203,44880,40,0
1203,10952,41,0
1203,10938,42,0
1203,10934,43,0
1203,10929,44,0
1203,10925,45,0
1203,10918,46,0
1203,45110,47,0
1203,45120,48,0
1203,4095,49,0
1203,4100,50,1
1204,4100,1,0
1204,44945,2,0
1204,10915,3,0
1204,10924,4,0
1204,10930,5,0
1204,10931,6,0
1204,10940,7,0
1204,10950,8,0
1204,44890,9,0
1204,44900,10,0
1204,10820,11,0
1204,10830,12,0
1204,10840,13,0
1204,10845,14,0
1204,10855,15,0
1204,18043008,16,0
1204,10857,17,0
1204,16665,18,0
1204,2125,19,0
1204,2130,20,0
1204,2140,21,0
1204,2150,22,0
1204,2160,23,0
1204,2165,24,0
1204,2170,25,0
1204,2180,26,0
1204,2190,27,0
1204,24430,28,0
1204,2210,29,0
1204,2220,30,0
1204,2230,31,0
1204,2240,32,0
1204,2250,33,0
1204,2260,34,0
1204,2270,35,0
1204,2280,36,0
1204,2290,37,0
1204,10310,38,0
1204,10320,39,0
1204,10330,40,0
1204,10340,41,0
1204,2350,42,0
1204,2360,43,0
1204,2370,44,0
1204,45555,45,1
1303,22080104,1,0
1303,2430,2,0
1303,2450,3,0
1303,2460,4,0
1303,2470,5,0
1303,2475,6,0
1303,2490,7,0
1303,2500,8,0
1303,2510,9,0
1303,2650,10,0
1303,2660,11,0
1303,2670,12,0
1303,2680,13,0
1303,2690,14,0
1303,2700,15,0
1303,2710,16,0
1303,2720,17,0
1303,230,18,0
1303,235,19,0
1303,9875,20,0
1303,9885,21,0
1303,23140,22,0
1303,45580,23,1
1304,45580,1,0
1304,2390,2,0
1304,9895,3,0
1304,9867,4,0
1304,2540,5,0
1304,2550,6,0
1304,2560,7,0
1304,2570,8,0
1304,2580,9,0
1304,2590,10,0
1304,2600,11,0
1304,2610,12,0
1304,2620,13,0
1304,2630,14,0
1304,2640,15,0
1304,2740,16,0
1304,2750,17,0
1304,2760,18,0
1304,22080104,19,1
1403,2816,1,0
1403,2820,2,0
1403,2830,3,0
1403,2840,4,0
1403,2850,5,0
1403,2855,6,0
1403,2870,7,0
1403,2880,8,0
1403,2890,9,0
1403,2900,10,0
1403,2910,11,0
1403,2920,12,0
1403,2930,13,0
1403,2940,14,0
1403,2950,15,0
1403,2960,16,0
1403,2980,17,0
1403,2995,18,0
1403,3000,19,0
1403,3010,20,0
1403,3020,21,0
1403,3030,22,0
1403,3040,23,0
1403,3050,24,0
1403,3055,25,0
1403,3070,26,0
1403,3075,27,0
1403,3080,28,0
1403,3475,29,0
1403,3100,30,0
1403,3110,31,0
1403,3120,32,0
1403,3130,33,0
1403,3140,34,0
1403,1890,35,0
1403,1910,36,0
1403,1920,37,0
1403,1930,38,0
1403,1935,39,0
1403,1940,40,0
1403,1945,41,0
1403,11980,42,0
1403,11982,43,0
1403,11986,44,0
1403,19090337,45,0
1403,44080,46,0
1403,44090,47,0
1403,21062802,48,0
1403,18090452,49,0
1403,18090453,50,0
1403,18090454,51,0
1403,44910,52,0
1403,44920,53,0
1403,44930,54,0
1403,44950,55,0
1403,44960,56,0
1403,46000,57,0
1403,46010,58,1
1404,46010,1,0
1404,46020,2,0
1404,44995,3,0
1404,3355,4,0
1404,3360,5,0
1404,3370,6,0
1404,3380,7,0
1404,2120,8,0
1404,2125,9,0
1404,2130,10,0
1404,2140,11,0
1404,3430,12,0
1404,3440,13,0
1404,3450,14,0
1404,3460,15,0
1404,3470,16,0
1404,21200,17,0
1404,3480,18,0
1404,3500,19,0
1404,3510,20,0
1404,3520,21,0
1404,3530,22,0
1404,3540,23,0
1404,3550,24,0
1404,3560,25,0
1404,3570,26,0
1404,3580,27,0
1404,3590,28,0
1404,3600,29,0
1404,3620,30,0
1404,3630,31,0
1404,3640,32,0
1404,3650,33,0
1404,3660,34,0
1404,3670,35,0
1404,3680,36,0
1404,3690,37,0
1404,3700,38,0
1404,3710,39,0
1404,3720,40,0
1404,3730,41,0
1404,3740,42,0
1404,2817,43,1
1503,42311,1,0
1503,42320,2,0
1503,42330,3,0
1503,42335,4,0
1503,42340,5,0
1503,42280,6,0
1503,42275,7,0
1503,42260,8,0
1503,22080107,9,0
1503,2430,10,0
1503,2450,11,0
1503,2460,12,0
1503,3810,13,0
1503,3820,14,0
1503,3830,15,0
1503,3840,16,0
1503,3850,17,0
1503,3864,18,0
1503,3865,19,0
1503,2410,20,0
1503,23140,21,0
1503,45550,22,0
1503,3900,23,0
1503,3910,24,0
1503,20200,25,0
1503,3930,26,0
1503,3940,27,0
1503,3950,28,0
1503,3960,29,0
1503,3980,30,0
1503,3990,31,0
1503,4000,32,0
1503,18370,33,0
1503,18380,34,0
1503,4030,35,0
1503,4040,36,0
1503,4050,37,0
1503,4060,38,0
1503,4070,39,0
1503,4080,40,0
1503,4090,41,0
1503,4720,42,0
1503,44061,43,0
1503,44065,44,0
1503,4095,45,0
1503,4100,46,0
1503,15051802,47,0
1503,55560,48,0
1503,55565,49,0
1503,16050903,50,1
1503,4105,51,1
1504,16050903,1,0
1504,21110100,2,0
1504,55575,3,0
1504,4105,4,0
1504,4106,5,0
1504,4107,6,0
1504,44002,7,0
1504,44005,8,0
1504,44010,9,0
1504,46050,10,0
1504,44047,11,0
1504,44050,12,0
1504,44060,13,0
1504,4180,14,0
1504,4190,15,0
1504,4200,16,0
1504,4225,17,0
1504,4220,18,0
1504,16645,19,0
1504,4240,20,0
1504,4250,21,0
1504,4260,22,0
1504,4270,23,0
1504,4275,24,0
1504,4280,25,0
1504,4290,26,0
1504,21210,27,0
1504,3864,28,0
1504,3865,29,0
1504,2410,30,0
1504,23140,31,0
1504,45545,32,0
1504,3900,33,0
1504,3910,34,0
1504,4400,35,0
1504,4410,36,0
1504,4420,37,0
1504,4430,38,0
1504,4440,39,0
1504,2750,40,0
1504,2760,41,0
1504,22080106,42,0
1504,42250,43,0
1504,42255,44,0
1504,42270,45,0
1504,42290,46,0
1504,42300,47,0
1504,42311,48,1
1504,22080107,49,1
1603,22080104,1,0
1603,2430,2,0
1603,2450,3,0
1603,2460,4,0
1603,4780,5,0
1603,4790,6,0
1603,4800,7,0
1603,4810,8,0
1603,4820,9,0
1603,4830,10,0
1603,4840,11,0
1603,4850,12,0
1603,4860,13,0
1603,4870,14,0
1603,10280,15,0
1603,10290,16,0
1603,10300,17,0
1603,10310,18,0
1603,10320,19,0
1603,10330,20,0
1603,10340,21,0
1603,10350,22,0
1603,10360,23,0
1603,9885,24,0
1603,45570,25,1
1604,45570,1,0
1604,9895,2,0
1604,9880,3,0
1604,9890,4,0
1604,9900,5,0
1604,9910,6,0
1604,9920,7,0
1604,9930,8,0
1604,9940,9,0
1604,9950,10,0
1604,5080,11,0
1604,5090,12,0
1604,5100,13,0
1604,5110,14,0
1604,5120,15,0
1604,5130,16,0
1604,5140,17,0
1604,5160,18,0
1604,5170,19,0
1604,2750,20,0
1604,2760,21,0
1604,22080104,22,1
1703,45565,1,0
1703,5260,2,0
1703,5270,3,0
1703,5280,4,0
1703,5290,5,0
1703,5300,6,0
1703,5310,7,0
1703,5320,8,0
1703,5330,9,0
1703,5340,10,0
1703,5350,11,0
1703,5360,12,0
1703,5370,13,0
1703,5380,14,0
1703,5390,15,0
1703,5400,16,0
1703,5410,17,0
1703,16570,18,0
1703,14090136,19,1
1704,14090136,1,0
1704,11825,2,0
1704,5450,3,0
1704,5460,4,0
1704,5470,5,0
1704,5480,6,0
1704,5490,7,0
1704,5500,8,0
1704,5510,9,0
1704,5520,10,0
1704,5530,11,0
1704,5540,12,0
1704,5550,13,0
1704,5560,14,0
1704,5570,15,0
1704,5580,16,0
1704,5590,17,0
1704,23910,18,0
1704,45565,19,1
1803,5880,1,0
1803,5890,2,0
1803,5900,3,0
1803,5910,4,0
1803,5920,5,0
1803,5930,6,0
1803,5940,7,0
1803,5943,8,0
1803,5950,9,0
1803,5955,10,0
1803,5960,11,0
1803,5970,12,0
1803,5980,13,0
1803,5990,14,0
1803,6000,15,0
1803,6010,16,0
1803,6020,17,0
1803,2710,18,0
1803,2720,19,0
1803,230,20,0
1803,235,21,0
1803,9875,22,0
1803,9885,23,0
1803,2410,24,0
1803,23140,25,0
1803,45538,26,0
1803,2390,27,0
1803,9895,28,0
1803,9867,29,0
1803,20090801,30,0
1803,6080,31,0
1803,6090,32,0
1803,6100,33,0
1803,6110,34,0
1803,6120,35,0
1803,6130,36,0
1803,6140,37,0
1803,6150,38,0
1803,6160,39,0
1803,6175,40,0
1803,6170,41,0
1803,6180,42,0
1803,6185,43,0
1803,6190,44,0
1803,6200,45,0
1803,6210,46,0
1803,6220,47,0
1803,6230,48,0
1803,6240,49,0
1803,6250,50,0
1803,6255,51,0
1803,6253,52,0
1803,6258,53,0
1803,17090503,54,0
1803,15090504,55,0
1803,23090401,56,0
1803,23090402,57,0
1803,23090403,58,0
1803,23090404,59,1
1804,23090404,1,0
1804,23090403,2,0
1804,23090405,3,0
1804,23090406,4,0
1804,17090508,5,0
1804,17090509,6,0
1804,15090750,7,0
1804,90100,8,0
1804,16050901,9,0
1804,45186,10,0
1804,45190,11,0
1804,6330,12,0
1804,6340,13,0
1804,6350,14,0
1804,6360,15,0
1804,6370,16,0
1804,6380,17,0
1804,6390,18,0
1804,6400,19,0
1804,6410,20,0
1804,6420,21,0
1804,18680,22,0
1804,18690,23,0
1804,18700,24,0
1804,18710,25,0
1804,18720,26,0
1804,18730,27,0
1804,18740,28,0
1804,230,29,0
1804,235,30,0
1804,9875,31,0
1804,9885,32,0
1804,2410,33,0
1804,23140,34,0
1804,45543,35,0
1804,2390,36,0
1804,9895,37,0
1804,9867,38,0
1804,2540,39,0
1804,2550,40,0
1804,6550,41,0
1804,6560,42,0
1804,6570,43,0
1804,6575,44,0
1804,6576,45,0
1804,6580,46,0
1804,6590,47,0
1804,6600,48,0
1804,6610,49,0
1804,6620,50,0
1804,6630,51,0
1804,6640,52,0
1804,6650,53,0
1804,6670,54,0
1804,5660,55,0
1804,5670,56,0
1804,5680,57,0
1804,5690,58,0
1804,5700,59,0
1804,5710,60,0
1804,5720,61,0
1804,5725,62,0
1804,5735,63,0
1804,5740,64,0
1804,5750,65,0
1804,5770,66,0
1804,5780,67,0
1804,5790,68,0
1804,5800,69,0
1804,5810,70,0
1804,5820,71,0
1804,5825,72,0
1804,5840,73,0
1804,5850,74,0
1804,5860,75,0
1804,5870,76,0
1804,5880,77,1
1903,45560,1,0
1903,18290,2,0
1903,18300,3,0
1903,6740,4,0
1903,6750,5,0
1903,6770,6,0
1903,6780,7,0
1903,6790,8,0
1903,3960,9,0
1903,3970,10,0
1903,6820,11,0
1903,6830,12,0
1903,6840,13,0
1903,6850,14,0
1903,6860,15,0
1903,6870,16,0
1903,6880,17,0
1903,6890,18,0
1903,6900,19,0
1903,10730,20,0
1903,10740,21,0
1903,6930,22,0
1903,6940,23,0
1903,6950,24,0
1903,15090745,25,0
1903,15090746,26,0
1903,44000,27,0
1903,45290,28,0
1903,45150,29,0
1903,45160,30,0
1903,18043002,31,0
1903,18043003,32,0
1903,23090400,33,1
1904,23090400,1,0
1904,6260,2,0
1904,6262,3,0
1904,4108,4,0
1904,44002,5,0
1904,44005,6,0
1904,44033,7,0
1904,44040,8,0
1904,44045,9,0
1904,4140,10,0
1904,6310,11,0
1904,7120,12,0
1904,7130,13,0
1904,7140,14,0
1904,10595,15,0
1904,18540,16,0
1904,18550,17,0
1904,18560,18,0
1904,18570,19,0
1904,18580,20,0
1904,18590,21,0
1904,18600,22,0
1904,18610,23,0
1904,7240,24,0
1904,18630,25,0
1904,18640,26,0
1904,7270,27,0
1904,7280,28,0
1904,4270,29,0
1904,4275,30,0
1904,4280,31,0
1904,23880,32,0
1904,7320,33,0
1904,7330,34,0
1904,7340,35,0
1904,7360,36,0
1904,7370,37,0
1904,23900,38,0
1904,23910,39,0
1904,45560,40,1
2001,45580,1,0
2001,3900,2,0
2001,3910,3,0
2001,9890,4,0
2001,9900,5,0
2001,9910,6,0
2001,9920,7,0
2001,9930,8,0
2001,9940,9,0
2001,9950,10,0
2001,9960,11,0
2001,9970,12,0
2001,9980,13,0
2001,9990,14,0
2001,10000,15,0
2001,10010,16,0
2001,10020,17,0
2001,10030,18,0
2001,10040,19,0
2001,10050,20,0
2001,10060,21,0
2001,10065,22,0
2001,10070,23,0
2001,10080,24,0
2001,10100,25,0
2001,10110,26,0
2001,10120,27,0
2001,15240,28,0
2001,15250,29,0
2001,14090109,30,0
2001,14090110,31,0
2001,14090111,32,0
2001,14090112,33,0
2001,14090113,34,1
2002,14090113,1,0
2002,14790,2,0
2002,10120,3,0
2002,10135,4,0
2002,10140,5,0
2002,10150,6,0
2002,10160,7,0
2002,10170,8,0
2002,10180,9,0
2002,10190,10,0
2002,10200,11,0
2002,10210,12,0
2002,10230,13,0
2002,10240,14,0
2002,10250,15,0
2002,10265,16,0
2002,10260,17,0
2002,10270,18,0
2002,10280,19,0
2002,10290,20,0
2002,10300,21,0
2002,10310,22,0
2002,10320,23,0
2002,10330,24,0
2002,10340,25,0
2002,3864,26,0
2002,3865,27,0
2002,45570,28,1
2301,30015,1,0
2301,30020,2,0
2301,30025,3,0
2301,40563,4,0
2301,19090332,5,0
2301,15090757,6,0
2301,15090758,7,0
2301,15090759,8,0
2301,18090458,9,0
2301,15110202,10,0
2301,40625,11,0
2301,40627,12,0
2301,40260,13,0
2301,40270,14,0
2301,40280,15,0
2301,40290,16,0
2301,40300,17,0
2301,11630,18,0
2301,11640,19,0
2301,11650,20,0
2301,11660,21,0
2301,11670,22,0
2301,9330,23,0
2301,9350,24,0
2301,9360,25,0
2301,9380,26,0
2301,14090119,27,0
2301,9415,28,0
2301,11750,29,0
2301,11760,30,0
2301,11770,31,0
2301,11780,32,0
2301,40860,33,0
2301,40870,34,0
2301,17030601,35,0
2301,15051801,36,0
2301,40875,37,0
2301,11830,38,0
2301,16580,39,0
2301,11840,40,0
2301,11850,41,0
2301,11860,42,0
2301,11870,43,0
2301,11875,44,0
2301,11880,45,0
2301,11890,46,0
2301,7110,47,0
2301,40880,48,0
2301,11910,49,0
2301,11920,50,0
2301,16062708,51,0
2301,11940,52,0
2301,11950,53,0
2301,11960,54,0
2301,11970,55,0
2301,11975,56,0
2301,40070,57,0
2301,40080,58,0
2301,40090,59,0
2301,40094,60,0
2301,40100,61,0
2301,40105,62,0
2301,15090846,63,0
2301,14090130,64,0
2301,14090131,65,0
2301,16715,66,0
2301,16720,67,0
2301,45280,68,0
2301,44195,69,0
2301,44200,70,0
2301,47000,71,0
2301,47010,72,0
2301,47020,73,0
2301,47030,74,0
2301,47040,75,0
2301,47051,76,0
2301,47060,77,0
2301,17605,78,0
2301,47070,79,0
2301,47080,80,0
2301,47090,81,0
2301,47100,82,0
2301,47110,83,0
2301,47120,84,0
2301,47140,85,0
2301,47143,86,0
2301,47145,87,0
2301,21062801,88,1
2302,21062801,1,0
2302,17550,2,0
2302,17555,3,0
2302,17560,4,0
2302,44818,5,0
2302,44820,6,0
2302,17675,7,0
2302,17680,8,0
2302,17690,9,0
2302,47150,10,0
2302,47160,11,0
2302,47170,12,0
2302,47180,13,0
2302,47190,14,0
2302,47200,15,0
2302,47210,16,0
2302,47220,17,0
2302,44170,18,0
2302,44180,19,0
2302,44190,20,0
2302,40030,21,0
2302,40040,22,0
2302,40050,23,0
2302,17075,24,0
2302,15105,25,0
2302,15110,26,0
2302,15090847,27,0
2302,15090848,28,0
2302,15090849,29,0
2302,15090850,30,0
2302,40120,31,0
2302,40130,32,0
2302,40140,33,0
2302,40150,34,0
2302,40160,35,0
2302,40170,36,0
2302,41180,37,0
2302,40180,38,0
2302,40190,39,0
2302,40195,40,0
2302,40200,41,0
2302,16062709,42,0
2302,10960,43,0
2302,10970,44,0
2302,10975,45,0
2302,10980,46,0
2302,10990,47,0
2302,11000,48,0
2302,11010,49,0
2302,11790,50,0
2302,6990,51,0
2302,11810,52,0
2302,11815,53,0
2302,11825,54,0
2302,11060,55,0
2302,44755,56,0
2302,15010501,57,0
2302,44775,58,0
2302,44770,59,0
2302,44765,60,0
2302,11100,61,0
2302,11110,62,0
2302,11120,63,0
2302,11130,64,0
2302,11140,65,0
2302,11150,66,0
2302,11160,67,0
2302,11170,68,0
2302,11180,69,0
2302,9430,70,0
2302,9440,71,0
2302,9450,72,0
2302,9460,73,0
2302,9470,74,0
2302,11240,75,0
2302,11250,76,0
2302,11260,77,0
2302,42170,78,0
2302,40210,79,0
2302,40220,80,0
2302,40230,81,0
2302,40240,82,0
2302,42045,83,0
2302,40250,84,0
2302,40253,85,0
2302,40255,86,0
2302,40257,87,0
2302,18090423,88,0
2302,18090459,89,0
2302,16090525,90,0
2302,15090773,91,0
2302,15090774,92,0
2302,15090775,93,0
2302,15090776,94,0
2302,40564,95,0
2302,40566,96,0
2302,30015,97,1
2403,16103104,1,0
2403,8310,2,0
2403,8320,3,0
2403,9155,4,0
2403,9170,5,0
2403,9180,6,0
2403,9190,7,0
2403,9195,8,0
2403,12040,9,0
2403,12050,10,0
2403,12060,11,0
2403,12070,12,0
2403,12080,13,0
2403,12090,14,0
2403,12100,15,0
2403,12110,16,0
2403,12120,17,0
2403,12130,18,0
2403,12140,19,0
2403,12150,20,0
2403,12160,21,0
2403,12170,22,0
2403,12180,23,0
2403,12190,24,0
2403,12200,25,0
2403,12210,26,0
2403,12220,27,0
2403,12230,28,0
2403,12240,29,0
2403,12250,30,0
2403,12260,31,0
2403,12270,32,0
2403,12280,33,0
2403,12290,34,0
2403,90610,35,0
2403,90620,36,0
2403,90630,37,0
2403,90645,38,0
2403,14190,39,0
2403,14200,40,0
2403,14210,41,0
2403,14220,42,0
2403,14230,43,0
2403,14235,44,0
2403,14240,45,1
2404,14240,1,0
2404,14270,2,0
2404,14280,3,0
2404,14158,4,0
2404,14160,5,0
2404,14170,6,0
2404,90641,7,0
2404,20030200,8,0
2404,90621,9,0
2404,20030201,10,0
2404,12590,11,0
2404,12600,12,0
2404,12610,13,0
2404,12615,14,0
2404,12630,15,0
2404,40890,16,0
2404,12640,17,0
2404,12650,18,0
2404,12660,19,0
2404,12675,20,0
2404,12678,21,0
2404,12690,22,0
2404,12710,23,0
2404,12715,24,0
2404,12720,25,0
2404,12730,26,0
2404,12740,27,0
2404,12750,28,0
2404,12760,29,0
2404,12770,30,0
2404,12780,31,0
2404,12790,32,0
2404,12795,33,0
2404,12800,34,0
2404,12810,35,0
2404,9610,36,0
2404,9620,37,0
2404,9630,38,0
2404,12840,39,0
2404,9640,40,0
2404,9650,41,0
2404,8340,42,0
2404,7675,43,0
2404,7680,44,0
2404,50102,45,0
2404,16103104,46,1
2503,16103101,1,0
2503,8310,2,0
2503,8320,3,0
2503,9155,4,0
2503,9170,5,0
2503,9180,6,0
2503,9190,7,0
2503,12920,8,0
2503,12930,9,0
2503,12940,10,0
2503,12080,11,0
2503,12090,12,0
2503,12970,13,0
2503,12980,14,0
2503,12990,15,0
2503,13000,16,0
2503,13010,17,0
2503,13020,18,0
2503,13030,19,0
2503,13033,20,0
2503,13040,21,0
2503,11350,22,0
2503,11351,23,0
2503,11360,24,0
2503,11365,25,0
2503,13070,26,0
2503,13080,27,0
2503,13090,28,0
2503,13100,29,0
2503,13110,30,0
2503,13120,31,0
2503,13130,32,0
2503,23090407,33,0
2503,23090408,34,0
2503,23090409,35,0
2503,23090410,36,0
2503,23090411,37,0
2503,25042801,38,0
2503,25042802,39,0
2503,25042803,40,0
2503,25042804,41,0
2503,25042805,42,0
2503,25042806,43,0
2503,25042807,44,0
2503,25042808,45,0
2503,25042809,46,0
2503,25042810,47,0
2503,23090413,48,1
2504,23090413,1,0
2504,23090414,2,0
2504,23090415,3,0
2504,23090416,4,0
2504,23090417,5,0
2504,16090514,6,0
2504,40370,7,0
2504,40380,8,0
2504,40390,9,0
2504,40395,10,0
2504,40400,11,0
2504,11290,12,0
2504,11300,13,0
2504,11305,14,0
2504,11310,15,0
2504,11320,16,0
2504,11330,17,0
2504,13610,18,0
2504,13620,19,0
2504,13630,20,0
2504,1345,21,0
2504,13650,22,0
2504,13660,23,0
2504,25920,24,0
2504,13680,25,0
2504,12750,26,0
2504,12760,27,0
2504,12770,28,0
2504,12780,29,0
2504,13730,30,0
2504,13740,31,0
2504,9610,32,0
2504,9620,33,0
2504,9630,34,0
2504,12840,35,0
2504,9640,36,0
2504,9650,37,0
2504,8340,38,0
2504,7675,39,0
2504,7680,40,0
2504,50102,41,0
2504,16103101,42,1
2603,14090120,1,0
2603,30020,2,0
2603,30012,3,0
2603,45590,4,0
2603,45595,5,0
2603,15090756,6,0
2603,15090757,7,0
2603,15090758,8,0
2603,15090759,9,0
2603,16090519,10,0
2603,16090520,11,0
2603,18090406,12,0
2603,19090300,13,0
2603,24042902,14,0
2603,21090601,15,0
2603,19090302,16,0
2603,19090303,17,0
2603,22080604,18,0
2603,24062413,19,0
2603,24062414,20,0
2603,24062415,21,0
2603,18090413,22,0
2603,18090414,23,0
2603,18090415,24,1
2604,18090415,1,0
2604,23090418,2,0
2604,23090419,3,0
2604,24062411,4,0
2604,24062412,5,0
2604,19090304,6,0
2604,19090305,7,0
2604,21090600,8,0
2604,20090803,9,0
2604,19090306,10,0
2604,18090421,11,0
2604,18090422,12,0
2604,16090523,13,0
2604,16090524,14,0
2604,18090401,15,0
2604,16090525,16,0
2604,15090773,17,0
2604,15090774,18,0
2604,15090775,19,0
2604,15090776,20,0
2604,40564,21,0
2604,40566,22,0
2604,14090120,23,1
2703,19090309,1,0
2703,30020,2,0
2703,30025,3,0
2703,30030,4,0
2703,30035,5,0
2703,15090777,6,0
2703,40610,7,0
2703,18090423,8,0
2703,14090125,9,0
2703,14090126,10,0
2703,15090760,11,0
2703,15090761,12,0
2703,15090762,13,0
2703,15090763,14,0
2703,15090764,15,0
2703,19090307,16,0
2703,19090308,17,0
2703,17010205,18,0
2703,18090412,19,0
2703,22080604,20,0
2703,17030607,21,0
2703,18090430,22,1
2704,18090430,1,0
2704,18090431,2,0
2704,15090767,3,0
2704,15090768,4,0
2704,15090769,5,0
2704,15090770,6,0
2704,15090771,7,0
2704,40555,8,0
2704,40560,9,0
2704,15051806,10,0
2704,40561,11,0
2704,40562,12,0
2704,40563,13,0
2704,15090776,14,0
2704,40564,15,0
2704,40566,16,0
2704,19090309,17,1
2801,19090309,1,0
2801,30020,2,0
2801,30025,3,0
2801,30030,4,0
2801,30035,5,0
2801,15090777,6,0
2801,40610,7,0
2801,40620,8,0
2801,40630,9,0
2801,40900,10,0
2801,40910,11,0
2801,15051808,12,0
2801,40920,13,0
2801,15110205,14,0
2801,19090312,15,0
2801,19090313,16,0
2801,13140,17,0
2801,13150,18,0
2801,18090429,19,0
2801,18090424,20,0
2801,18090425,21,0
2801,18090426,22,0
2801,18090427,23,0
2801,19090310,24,0
2801,19090311,25,0
2801,23090420,26,0
2801,23090421,27,0
2801,23090422,28,0
2801,23090423,29,0
2801,23090424,30,0
2801,16090512,31,0
2801,21062804,32,0
2801,13160,33,0
2801,13170,34,0
2801,12295,35,0
2801,12300,36,0
2801,12400,37,0
2801,12410,38,0
2801,12420,39,0
2801,9330,40,0
2801,9350,41,0
2801,9360,42,0
2801,9380,43,0
2801,42395,44,1
2802,42395,1,0
2802,9415,2,0
2802,9420,3,0
2802,9430,4,0
2802,9440,5,0
2802,9450,6,0
2802,9460,7,0
2802,12425,8,0
2802,12560,9,0
2802,12565,10,0
2802,12570,11,0
2802,12580,12,0
2802,13470,13,0
2802,23103001,14,0
2802,16090513,15,0
2802,19090315,16,0
2802,94010,17,0
2802,94015,18,0
2802,17050103,19,0
2802,40984,20,0
2802,23090425,21,0
2802,23090426,22,0
2802,23090427,23,0
2802,23090428,24,0
2802,23090429,25,0
2802,23103002,26,0
2802,19090317,27,0
2802,19090318,28,0
2802,19090319,29,0
2802,19090320,30,0
2802,17030606,31,0
2802,15051809,32,0
2802,40988,33,0
2802,40990,34,0
2802,40995,35,0
2802,40555,36,0
2802,40560,37,0
2802,15051806,38,0
2802,40561,39,0
2802,40562,40,0
2802,40563,41,0
2802,15090776,42,0
2802,40564,43,0
2802,40566,44,0
2802,19090309,45,1
2901,25840,1,0
2901,44310,2,0
2901,44315,3,0
2901,44320,4,0
2901,44330,5,0
2901,44340,6,0
2901,44355,7,0
2901,44360,8,0
2901,25890,9,0
2901,25900,10,0
2901,25910,11,0
2901,25920,12,0
2901,13680,13,0
2901,25950,14,0
2901,25960,15,0
2901,25980,16,0
2901,25990,17,0
2901,26000,18,0
2901,26010,19,0
2901,26020,20,0
2901,26030,21,0
2901,26040,22,0
2901,26050,23,0
2901,26060,24,0
2901,26070,25,0
2901,26075,26,0
2901,26080,27,0
2901,26090,28,0
2901,26100,29,0
2901,26110,30,0
2901,26120,31,0
2901,7270,32,0
2901,7280,33,0
2901,26150,34,0
2901,26155,35,0
2901,26160,36,0
2901,26170,37,0
2901,26180,38,0
2901,26190,39,0
2901,26200,40,0
2901,25130,41,0
2901,25140,42,0
2901,25150,43,0
2901,25160,44,0
2901,25170,45,0
2901,25175,46,0
2901,25180,47,0
2901,25700,48,0
2901,25710,49,0
2901,25720,50,0
2901,24042903,51,0
2901,93950,52,0
2901,50156,53,1
2901,16780,54,0
2901,18090432,55,0
2901,18090433,56,0
2901,18090434,57,0
2901,18090435,58,0
2901,18090436,59,0
2901,51114,60,0
2901,14090107,61,0
2901,14090108,62,1
2902,14090108,1,0
2902,1150,2,0
2902,1170,3,0
2902,18090438,4,0
2902,18090439,5,0
2902,18090440,6,0
2902,18090441,7,0
2902,18090442,8,0
2902,18090443,9,0
2902,50156,10,0
2902,21135,11,0
2902,25740,12,0
2902,25750,13,0
2902,25760,14,0
2902,25770,15,0
2902,20090800,16,0
2902,25320,17,0
2902,25330,18,0
2902,25340,19,0
2902,25350,20,0
2902,25360,21,0
2902,26450,22,0
2902,26460,23,0
2902,26470,24,0
2902,26480,25,0
2902,26490,26,0
2902,26500,27,0
2902,6820,28,0
2902,18670,29,0
2902,18660,30,0
2902,26540,31,0
2902,26550,32,0
2902,26552,33,0
2902,26570,34,0
2902,26580,35,0
2902,26590,36,0
2902,26600,37,0
2902,26605,38,0
2902,26610,39,0
2902,26620,40,0
2902,26630,41,0
2902,23635,42,0
2902,26650,43,0
2902,26655,44,0
2902,26660,45,0
2902,12970,46,0
2902,12980,47,0
2902,12990,48,0
2902,13000,49,0
2902,26700,50,0
2902,26710,51,0
2902,26720,52,0
2902,26735,53,0
2902,26730,54,0
2902,44240,55,0
2902,44243,56,0
2902,44260,57,0
2902,44270,58,0
2902,44280,59,0
2902,44290,60,0
2902,44300,61,0
2902,44303,62,0
2902,25840,63,1
3003,2817,1,0
3003,14690,2,0
3003,14700,3,0
3003,14710,4,0
3003,14720,5,0
3003,14730,6,0
3003,14750,7,0
3003,14760,8,0
3003,14770,9,0
3003,14780,10,0
3003,14790,11,0
3003,14800,12,0
3003,10125,13,0
3003,14820,14,0
3003,14830,15,0
3003,14840,16,0
3003,14850,17,0
3003,18030504,18,0
3003,14865,19,0
3003,14870,20,0
3003,14875,21,0
3003,14890,22,0
3003,14900,23,0
3003,14905,24,0
3003,14906,25,0
3003,14910,26,0
3003,14915,27,0
3003,14920,28,0
3003,14930,29,0
3003,14940,30,0
3003,14950,31,0
3003,14960,32,0
3003,14970,33,0
3003,14980,34,0
3003,14102701,35,0
3003,14989,36,0
3003,14990,37,0
3003,17090511,38,1
3004,17090511,1,0
3004,14980,2,0
3004,44210,3,0
3004,41955,4,0
3004,42000,5,0
3004,42010,6,0
3004,42050,7,0
3004,42055,8,0
3004,42060,9,0
3004,42070,10,0
3004,16021501,11,0
3004,42080,12,0
3004,42085,13,0
3004,42090,14,0
3004,42100,15,0
3004,42095,16,0
3004,41120,17,0
3004,15120,18,0
3004,15125,19,0
3004,15130,20,0
3004,15140,21,0
3004,15160,22,0
3004,15162,23,0
3004,15165,24,0
3004,15170,25,0
3004,18030505,26,0
3004,15190,27,0
3004,15210,28,0
3004,15220,29,0
3004,10130,30,0
3004,15240,31,0
3004,15250,32,0
3004,15260,33,0
3004,15270,34,0
3004,15280,35,0
3004,15290,36,0
3004,15300,37,0
3004,15310,38,0
3004,15320,39,0
3004,15330,40,0
3004,2816,41,1
3103,17750,1,0
3103,50152,2,0
3103,21100,3,0
3103,23050101,4,0
3103,44523,5,0
3103,44525,6,0
3103,44530,7,0
3103,44535,8,0
3103,44540,9,0
3103,44545,10,0
3103,44550,11,0
3103,44455,12,0
3103,23090431,13,0
3103,24042907,14,0
3103,23090432,15,0
3103,23090433,16,1
3103,44560,17,0
3103,44570,18,0
3103,21090602,19,0
3103,44580,20,0
3103,44590,21,0
3103,44592,22,0
3103,15090843,23,0
3103,15090844,24,1
3104,23090433,1,0
3104,17103008,2,0
3104,17103009,3,0
3104,17103010,4,0
3104,15090843,5,0
3104,15090844,6,0
3104,15085,7,0
3104,15090,8,0
3104,93800,9,0
3104,44410,10,0
3104,44420,11,0
3104,23090435,12,0
3104,93805,13,0
3104,44435,14,0
3104,44440,15,0
3104,44445,16,0
3104,44450,17,0
3104,44460,18,0
3104,44470,19,0
3104,44475,20,0
3104,44480,21,0
3104,44490,22,0
3104,44500,23,0
3104,44510,24,0
3104,44520,25,0
3104,17745,26,0
3104,17740,27,0
3104,17750,28,1
3200,11060,1,0
3200,11840,2,0
3200,11850,3,0
3200,11860,4,0
3200,11870,5,0
3200,6235,6,0
3200,6240,7,0
3200,6250,8,0
3200,6255,9,0
3200,6253,10,0
3200,44020,11,0
3200,44030,12,0
3200,44010,13,0
3200,45170,14,0
3200,45175,15,0
3200,45180,16,0
3200,45185,17,0
3200,45090,18,0
3200,45080,19,0
3200,45070,20,0
3200,44080,21,0
3200,44090,22,0
3200,21062803,23,0
3200,44110,24,0
3200,44120,25,0
3200,44130,26,0
3200,40780,27,0
3200,40770,28,0
3200,40750,29,0
3200,2070,30,0
3200,10400,31,0
3200,10420,32,0
3200,10440,33,0
3200,10450,34,0
3200,10460,35,0
3200,10470,36,0
3200,10480,37,0
3200,10490,38,0
3200,10500,39,0
3200,10510,40,0
3200,42160,41,0
3200,42150,42,0
3200,4050,43,0
3200,4060,44,0
3200,10580,45,0
3200,10590,46,0
3200,10593,47,0
3200,16090516,48,0
3200,10595,49,0
3200,18540,50,0
3200,10600,51,0
3200,10610,52,0
3200,10620,53,0
3200,10630,54,0
3200,10640,55,0
3200,10650,56,0
3200,11830,57,1
3301,11830,1,0
3301,16580,2,0
3301,10680,3,0
3301,10690,4,0
3301,10700,5,0
3301,10705,6,0
3301,10710,7,0
3301,10730,8,0
3301,10740,9,0
3301,16090515,10,0
3301,10750,11,0
3301,10760,12,0
3301,10770,13,0
3301,10780,14,0
3301,4200,15,0
3301,42110,16,0
3301,42120,17,0
3301,42130,18,0
3301,10850,19,0
3301,10860,20,0
3301,10870,21,0
3301,10875,22,0
3301,10885,23,0
3301,2005,24,0
3301,2010,25,0
3301,2020,26,0
3301,2030,27,0
3301,2040,28,0
3301,2050,29,0
3301,2060,30,0
3301,40740,31,0
3301,40760,32,0
3301,40790,33,0
3301,40800,34,0
3301,45020,35,0
3301,45030,36,0
3301,45035,37,0
3301,45040,38,0
3301,45050,39,0
3301,45060,40,0
3301,44910,41,0
3301,44920,42,0
3301,44930,43,0
3301,45110,44,0
3301,45120,45,0
3301,45130,46,0
3301,20030202,47,0
3301,45140,48,0
3301,45150,49,0
3301,45186,50,0
3301,45190,51,0
3301,11010,52,0
3301,11790,53,0
3301,6990,54,0
3301,11810,55,0
3301,11815,56,0
3301,11060,57,1
3503,47140,1,0
3503,47143,2,0
3503,47145,3,0
3503,50150,4,0
3503,17550,5,0
3503,17555,6,0
3503,17560,7,0
3503,44818,8,0
3503,44820,9,0
3503,17675,10,0
3503,17680,11,0
3503,17690,12,0
3503,17700,13,0
3503,47500,14,0
3503,47510,15,0
3503,47520,16,0
3503,47530,17,0
3503,93845,18,0
3503,93850,19,0
3503,93855,20,0
3503,93860,21,0
3503,93865,22,0
3503,93870,23,0
3503,93875,24,0
3503,93880,25,0
3503,93885,26,0
3503,93890,27,0
3503,15033008,28,0
3503,15051804,29,0
3503,19102800,30,0
3503,44570,31,0
3503,21090602,32,0
3503,44580,33,0
3503,15105,34,0
3503,15110,35,0
3503,14090129,36,0
3503,15115,37,0
3503,17090,38,0
3503,17100,39,0
3503,2110,40,0
3503,17120,41,0
3503,17125,42,0
3503,18425,43,0
3503,18043008,44,0
3503,10857,45,0
3503,16650,46,0
3503,16665,47,0
3503,16670,48,1
3504,16670,1,0
3504,16680,2,0
3504,16690,3,0
3504,16700,4,0
3504,16710,5,0
3504,16715,6,0
3504,16720,7,0
3504,93800,8,0
3504,44410,9,0
3504,44420,10,0
3504,44430,11,0
3504,15051810,12,0
3504,15062901,13,0
3504,15110203,14,0
3504,23090437,15,0
3504,15051805,16,0
3504,27040,17,0
3504,27045,18,0
3504,47553,19,0
3504,93810,20,0
3504,93815,21,0
3504,93820,22,0
3504,93825,23,0
3504,93830,24,0
3504,93835,25,0
3504,93840,26,0
3504,47538,27,0
3504,47537,28,0
3504,47536,29,0
3504,47535,30,0
3504,47110,31,0
3504,47120,32,0
3504,47140,33,1
3603,44480,1,0
3603,48000,2,0
3603,48010,3,0
3603,48020,4,0
3603,48030,5,0
3603,48040,6,0
3603,17590,7,0
3603,17600,8,0
3603,14090104,9,0
3603,14090105,10,0
3603,15090887,11,0
3603,15090888,12,0
3603,15090889,13,0
3603,15090890,14,0
3603,15090702,15,0
3603,15090703,16,0
3603,15090704,17,0
3603,15090705,18,0
3603,15090706,19,0
3603,15090707,20,0
3603,15090708,21,0
3603,15090709,22,0
3603,15090710,23,0
3603,93885,24,0
3603,93890,25,0
3603,15033008,26,0
3603,23030600,27,0
3603,23030601,28,0
3603,23030602,29,0
3603,23030603,30,0
3603,23030604,31,0
3603,23030605,32,0
3603,23030606,33,0
3603,23030607,34,0
3603,19090338,35,0
3603,23030608,36,1
3604,23030608,1,0
3604,20110200,2,0
3604,22080600,3,0
3604,22080601,4,0
3604,22080602,5,0
3604,23090437,6,0
3604,15051805,7,0
3604,27040,8,0
3604,27045,9,0
3604,27050,10,0
3604,27205,11,0
3604,27206,12,0
3604,27207,13,0
3604,15090881,14,0
3604,15090882,15,0
3604,15090883,16,0
3604,15090884,17,0
3604,15090885,18,0
3604,15090886,19,0
3604,15090888,20,0
3604,15090889,21,0
3604,15090890,22,0
3604,15090891,23,0
3604,15090892,24,0
3604,15090893,25,0
3604,15090894,26,0
3604,15090895,27,0
3604,15090896,28,0
3604,15090897,29,0
3604,15090898,30,0
3604,15090899,31,0
3604,15090700,32,0
3604,15090701,33,0
3604,44480,34,1
4103,50150,1,0
4103,17550,2,0
4103,17555,3,0
4103,24062403,4,0
4103,24042908,5,0
4103,24062404,6,0
4103,24042909,7,0
4103,24042910,8,0
4103,24042911,9,0
4103,24062405,10,0
4103,24042912,11,0
4103,24042913,12,0
4103,24042914,13,0
4103,24062406,14,0
4103,24042915,15,0
4103,24042916,16,0
4103,24062400,17,0
4103,24042917,18,0
4103,24042918,19,0
4103,24042919,20,0
4103,24042920,21,0
4103,24042921,22,0
4103,24042922,23,0
4103,24042923,24,0
4103,24042924,25,1
4104,24042924,1,0
4104,24042925,2,0
4104,24042926,3,0
4104,24042927,4,0
4104,24062402,5,0
4104,24042928,6,0
4104,24042929,7,0
4104,24042930,8,0
4104,24042931,9,0
4104,24042932,10,0
4104,24042933,11,0
4104,24062401,12,0
4104,24042934,13,0
4104,24042935,14,0
4104,24062407,15,0
4104,24042936,16,0
4104,24042937,17,0
4104,24042938,18,0
4104,24062408,19,0
4104,24042939,20,0
4104,24042940,21,0
4104,24042941,22,0
4104,24062409,23,0
4104,24042942,24,0
4104,47140,25,0
4104,47145,26,0
4104,50150,27,1
5003,15090801,1,0
5003,17863,2,0
5003,17864,3,0
5003,17865,4,0
5003,17866,5,0
5003,24042904,6,0
5003,24042905,7,0
5003,24042906,8,0
5003,17400,9,0
5003,17430,10,0
5003,17435,11,0
5003,17440,12,0
5003,17460,13,0
5003,17470,14,0
5003,17480,15,0
5003,17490,16,0
5003,17500,17,0
5003,17520,18,0
5003,22042500,19,0
5003,17525,20,0
5003,17530,21,0
5003,17540,22,0
5003,17545,23,0
5003,17550,24,0
5003,17555,25,0
5003,17560,26,0
5003,17563,27,0
5003,17565,28,0
5003,17568,29,0
5003,17623,30,0
5003,17625,31,0
5003,27000,32,0
5003,27010,33,0
5003,27012,34,0
5003,27013,35,0
5003,27020,36,0
5003,2735,37,1
5003,15033008,38,0
5003,23030600,39,0
5003,23030601,40,0
5003,23030602,41,0
5003,24010800,42,0
5003,24010801,43,0
5003,24010802,44,0
5003,22103106,45,0
5003,22103107,46,0
5003,16090527,47,1
5004,16090527,1,0
5004,20110200,2,0
5004,22080600,3,0
5004,22080601,4,0
5004,22080602,5,0
5004,2735,6,0
5004,15051804,7,0
5004,23050102,8,0
5004,23090430,9,0
5004,15051805,10,0
5004,27040,11,0
5004,27045,12,0
5004,47553,13,0
5004,93810,14,0
5004,93815,15,0
5004,93820,16,0
5004,93825,17,0
5004,14090101,18,0
5004,14090102,19,0
5004,14090103,20,0
5004,17627,21,0
5004,27080,22,0
5004,27200,23,0
5004,17620,24,0
5004,17628,25,0
5004,17629,26,0
5004,17630,27,0
5004,44220,28,0
5004,44237,29,0
5004,17745,30,0
5004,17740,31,0
5004,17750,32,0
5004,17753,33,0
5004,17755,34,0
5004,17760,35,0
5004,17770,36,0
5004,940,37,0
5004,950,38,0
5004,960,39,0
5004,970,40,0
5004,980,41,0
5004,17820,42,0
5004,17821,43,0
5004,17822,44,0
5004,17823,45,0
5004,17824,46,0
5004,17825,47,0
5004,17826,48,0
5004,17830,49,0
5004,17840,50,0
5004,17855,51,0
5004,17860,52,0
5004,17870,53,0
5004,17853,54,0
5004,15090801,55,1
5101,460,1,0
5101,15033006,2,0
5101,470,3,0
5101,15033005,4,0
5101,510,5,0
5101,15110204,6,0
5101,520,7,0
5101,535,8,0
5101,540,9,0
5101,530,10,0
5101,550,11,0
5101,560,12,0
5101,15033002,13,0
5101,8510,14,0
5101,15033003,15,0
5101,30102,16,1
5102,30102,1,0
5102,8550,2,0
5102,15033001,3,0
5102,1430,4,0
5102,1440,5,0
5102,15033004,6,0
5102,1460,7,0
5102,1465,8,0
5102,1470,9,0
5102,42205,10,0
5102,42210,11,0
5102,18043006,12,0
5102,42220,13,0
5102,42230,14,0
5102,44370,15,0
5102,44385,16,0
5102,44390,17,0
5102,44393,18,0
5102,44395,19,0
5102,44400,20,0
5102,44405,21,0
5102,1530,22,0
5102,1540,23,0
5102,1550,24,0
5102,1560,25,0
5102,16090517,26,0
5102,1570,27,0
5102,1575,28,0
5102,460,29,1
5203,30112,1,0
5203,8581,2,0
5203,8582,3,0
5203,8590,4,0
5203,8600,5,0
5203,8610,6,0
5203,8620,7,0
5203,8630,8,0
5203,8640,9,0
5203,8650,10,0
5203,8660,11,0
5203,8670,12,0
5203,8680,13,0
5203,8690,14,0
5203,8700,15,0
5203,8710,16,0
5203,8720,17,0
5203,8730,18,0
5203,8740,19,0
5203,45520,20,1
5204,45520,1,0
5204,8770,2,0
5204,8780,3,0
5204,8790,4,0
5204,8800,5,0
5204,8805,6,0
5204,8810,7,0
5204,8820,8,0
5204,8830,9,0
5204,8840,10,0
5204,8850,11,0
5204,8860,12,0
5204,8870,13,0
5204,8880,14,0
5204,8890,15,0
5204,8900,16,0
5204,8910,17,0
5204,8920,18,0
5204,8930,19,0
5204,8932,20,0
5204,9760,21,0
5204,30112,22,1
5301,45258,1,0
5301,15513,2,0
5301,15515,3,0
5301,15090860,4,0
5301,16050902,5,0
5301,40715,6,0
5301,18135,7,0
5301,18150,8,0
5301,18170,9,0
5301,18180,10,0
5301,18190,11,0
5301,8500,12,0
5301,8510,13,0
5301,15033003,14,0
5301,30101,15,1
5302,30101,1,0
5302,8550,2,0
5302,9000,3,0
5302,9020,4,0
5302,18205,5,0
5302,40720,6,0
5302,40725,7,0
5302,18060,8,0
5302,18070,9,0
5302,18080,10,0
5302,18100,11,0
5302,18110,12,0
5302,18120,13,0
5302,18130,14,0
5302,40660,15,0
5302,40670,16,0
5302,40680,17,0
5302,40690,18,0
5302,40700,19,0
5302,45262,20,0
5302,45260,21,0
5302,45258,22,1
5400,30113,1,0
5400,17960,2,0
5400,17970,3,0
5400,17980,4,0
5400,17990,5,0
5400,18000,6,0
5400,18010,7,0
5400,18020,8,0
5400,14090114,9,0
5400,14090115,10,0
5400,14090116,11,0
5400,14090117,12,0
5400,14090118,13,0
5400,18030,14,0
5400,17030608,15,0
5400,17030610,16,0
5400,17030614,17,0
5400,51000,18,0
5400,51020,19,0
5400,18053,20,0
5400,18055,21,0
5400,8500,22,0
5400,8510,23,0
5400,15033003,24,0
5503,13930,1,0
5503,15090872,2,0
5503,91350,3,0
5503,23090436,4,0
5503,15090839,5,0
5503,16090552,6,0
5503,16090553,7,0
5503,16090554,8,0
5503,16090555,9,0
5503,16090556,10,0
5503,16090557,11,0
5503,16090559,12,0
5503,16090560,13,0
5503,16090561,14,0
5503,16090562,15,0
5503,16090563,16,0
5503,16090564,17,0
5503,16090565,18,0
5503,16090566,19,0
5503,16090567,20,0
5503,16090568,21,0
5503,16090569,22,0
5503,16090570,23,0
5503,16090571,24,0
5503,16090572,25,0
5503,16090573,26,0
5503,16430,27,1
5504,16430,1,0
5504,17103025,2,0
5504,17103026,3,0
5504,17103027,4,0
5504,18043009,5,0
5504,19010701,6,0
5504,16090537,7,0
5504,16090538,8,0
5504,16090539,9,0
5504,16090540,10,0
5504,16090541,11,0
5504,16090542,12,0
5504,16090543,13,0
5504,16090544,14,0
5504,16090545,15,0
5504,16090546,16,0
5504,16090547,17,0
5504,16090549,18,0
5504,16090550,19,0
5504,94075,20,0
5504,17010203,21,0
5504,94080,22,0
5504,17030602,23,0
5504,16090551,24,0
5504,15051807,25,0
5504,15620,26,0
5504,91100,27,0
5504,92470,28,0
5504,13930,29,1
5601,30101,1,0
5601,8550,2,0
5601,9000,3,0
5601,9020,4,0
5601,18205,5,0
5601,18090449,6,0
5601,18090450,7,0
5601,18171,8,0
5601,18175,9,0
5601,18090451,10,0
5601,16090531,11,0
5601,16090532,12,0
5601,91050,13,0
5601,91010,14,0
5601,91000,15,0
5601,15010502,16,0
5601,18031,17,0
5601,18021,18,0
5601,9790,19,0
5601,15090856,20,0
5601,15090857,21,0
5601,15090858,22,0
5601,15090859,23,0
5601,9810,24,0
5601,9820,25,0
5601,9830,26,0
5601,9840,27,0
5601,26800,28,0
5703,30106,1,0
5703,8550,2,0
5703,15370,3,0
5703,15380,4,0
5703,15390,5,0
5703,15400,6,0
5703,15410,7,0
5703,15420,8,0
5703,15430,9,0
5703,15440,10,0
5703,15450,11,0
5703,15460,12,0
5703,15470,13,0
5703,15480,14,0
5703,15500,15,0
5703,15510,16,0
5703,45200,17,0
5703,15090862,18,0
5703,15090726,19,0
5703,15090727,20,0
5703,15090728,21,0
5703,15090863,22,0
5703,15540,23,0
5703,15550,24,0
5703,15090864,25,0
5703,15090865,26,0
5703,15090866,27,0
5703,15090867,28,0
5703,15090868,29,0
5703,15090869,30,0
5703,15090870,31,0
5703,15090871,32,0
5703,92470,33,0
5703,92465,34,0
5703,14560,35,0
5703,13930,36,0
5703,15090872,37,0
5703,91350,38,0
5703,8430,39,0
5703,8440,40,0
5703,8450,41,0
5703,8460,42,0
5703,7455,43,1
5704,7455,1,0
5704,7460,2,0
5704,7470,3,0
5704,7480,4,0
5704,7490,5,0
5704,7500,6,0
5704,7510,7,0
5704,7520,8,0
5704,7530,9,0
5704,7535,10,0
5704,14510,11,0
5704,14520,12,0
5704,14530,13,0
5704,14540,14,0
5704,14550,15,0
5704,8400,16,0
5704,8410,17,0
5704,15090873,18,0
5704,15090874,19,0
5704,15090875,20,0
5704,15090876,21,0
5704,15090877,22,0
5704,15090878,23,0
5704,15090879,24,0
5704,15090880,25,0
5704,16250,26,0
5704,94115,27,0
5704,15090712,28,0
5704,15090713,29,0
5704,45270,30,0
5704,16280,31,0
5704,16290,32,0
5704,16310,33,0
5704,16320,34,0
5704,16330,35,0
5704,16340,36,0
5704,16350,37,0
5704,16360,38,0
5704,16370,39,0
5704,16380,40,0
5704,8940,41,0
5704,8950,42,0
5704,8960,43,0
5704,15033003,44,0
5704,30106,45,1
5803,93035,1,0
5803,15051803,2,0
5803,93040,3,0
5803,93045,4,0
5803,93050,5,0
5803,93055,6,0
5803,93060,7,0
5803,93000,8,0
5803,93005,9,0
5803,18010802,10,0
5803,18010803,11,0
5803,18010804,12,0
5803,18010805,13,0
5803,18010806,14,0
5803,18010807,15,0
5803,24102800,16,0
5803,18010808,17,0
5803,18010809,18,0
5803,24102801,19,0
5803,24102802,20,0
5803,25090104,21,0
5803,24102803,22,0
5803,25010600,23,1
5804,25010600,1,0
5804,24102805,2,0
5804,24102806,3,0
5804,24102807,4,0
5804,18010811,5,0
5804,18010812,6,0
5804,18010813,7,0
5804,18010814,8,0
5804,18010815,9,0
5804,18010816,10,0
5804,18010817,11,0
5804,93505,12,0
5804,93510,13,0
5804,93515,14,0
5804,93520,15,0
5804,1500,16,0
5804,1508,17,0
5804,93530,18,0
5804,93535,19,0
5804,93540,20,0
5804,93545,21,0
5804,93550,22,0
5804,93555,23,0
5804,93560,24,0
5804,93020,25,0
5804,93025,26,0
5804,93030,27,0
5804,93035,28,1
6003,93035,1,0
6003,15090814,2,0
6003,15090815,3,0
6003,44405,4,0
6003,15090816,5,0
6003,15090817,6,0
6003,15090818,7,0
6003,15090819,8,0
6003,15090820,9,0
6003,15090821,10,0
6003,15090822,11,0
6003,15090823,12,0
6003,15090824,13,0
6003,16090502,14,0
6003,91385,15,0
6003,91650,16,0
6003,91655,17,0
6003,91660,18,0
6003,15010503,19,0
6003,92300,20,0
6003,49070,21,0
6003,49080,22,0
6003,49090,23,0
6003,49100,24,0
6003,44250,25,0
6003,44260,26,0
6003,44270,27,0
6003,44280,28,0
6003,44290,29,0
6003,44300,30,0
6003,44303,31,0
6003,16430,32,1
6004,16430,1,0
6004,44310,2,0
6004,44315,3,0
6004,44320,4,0
6004,44330,5,0
6004,44340,6,0
6004,44350,7,0
6004,44245,8,0
6004,49000,9,0
6004,94100,10,0
6004,49010,11,0
6004,49020,12,0
6004,49030,13,0
6004,91670,14,0
6004,91675,15,0
6004,91680,16,0
6004,16090505,17,0
6004,15090808,18,0
6004,15090809,19,0
6004,15090810,20,0
6004,16103103,21,0
6004,15110201,22,0
6004,15090811,23,0
6004,23010900,24,0
6004,1510,25,0
6004,1520,26,0
6004,93545,27,0
6004,93550,28,0
6004,93555,29,0
6004,93560,30,0
6004,93020,31,0
6004,93025,32,0
6004,93030,33,0
6004,93035,34,1
8103,19090314,1,0
8103,12560,2,0
8103,12565,3,0
8103,12568,4,0
8103,18870,5,0
8103,18885,6,0
8103,42400,7,0
8103,18920,8,0
8103,18930,9,0
8103,24062410,10,0
8103,19090321,11,0
8103,19090322,12,0
8103,19090323,13,0
8103,19090324,14,0
8103,19090325,15,0
8103,19090326,16,0
8103,19090327,17,1
8104,19090327,1,0
8104,19090328,2,0
8104,19090329,3,0
8104,19090330,4,0
8104,19090331,5,0
8104,16090577,6,0
8104,14240,7,0
8104,14270,8,0
8104,14280,9,0
8104,12410,10,0
8104,12420,11,0
8104,19090314,12,1
10403,30100,1,0
10403,8550,2,0
10403,15033001,3,0
10403,1450,4,0
10403,15090838,5,0
10403,40980,6,0
10403,40970,7,0
10403,15670,8,0
10403,15680,9,0
10403,15695,10,0
10403,15730,11,0
10403,40240,12,1
10404,16050,1,0
10404,16070,2,0
10404,16100,3,0
10404,16120,4,0
10404,16130,5,0
10404,40940,6,0
10404,40950,7,0
10404,40960,8,0
10404,540,9,0
10404,8510,10,0
10404,15033003,11,0
10404,30100,12,1
11503,10101,1,0
11503,43011,2,0
11503,43013,3,0
11503,43015,4,0
11503,43017,5,0
11503,43019,6,0
11503,43021,7,0
11503,43023,8,0
11503,43025,9,0
11503,2900,10,0
11503,2925,11,0
11503,42295,12,0
11503,22080105,13,0
11503,22080101,14,1
11503,16050908,15,0
11503,45575,16,1
11504,45575,1,0
11504,16050909,2,0
11504,22080100,3,0
11504,22080106,4,0
11504,42290,5,0
11504,3680,6,0
11504,42980,7,0
11504,43300,8,1
11504,43303,9,1
11504,43305,10,1
11504,43307,11,1
11504,43309,12,0
11504,10101,13,1
19903,16090581,1,0
19903,30113,2,1
19904,30113,1,0
19904,16090581,2,1
20000,17960,1,0
20000,17970,2,0
20000,17980,3,0
20000,17990,4,0
20000,18000,5,0
20000,18010,6,0
20000,18020,7,0
20000,18030,8,0
20000,18040,9,0
20000,18050,10,0
20000,18055,11,0
20000,8510,12,0
20000,15033003,13,0
20000,30112,14,0
20000,610,15,0
20000,620,16,0
20000,51100,17,0
20000,440,18,0
20000,20,19,1
20001,20,1,0
20001,1340,2,0
20001,1350,3,0
20001,9770,4,0
20001,17960,5,0
20001,17970,6,0
20001,17980,7,0
20001,17990,8,0
20001,18000,9,0
20001,18010,10,0
20001,18020,11,0
20001,18030,12,0
20001,18040,13,0
20001,18050,14,0
20001,18055,15,0
20001,8510,16,0
20001,15033003,17,0
20001,30112,18,1
20100,42395,1,0
20100,9415,2,0
20100,13383,3,0
20100,13385,4,0
20100,13400,5,0
20100,13410,6,0
20100,13675,7,0
20100,90420,8,0
20100,90425,9,0
20100,4500,10,1
20101,4500,1,0
20101,90415,2,0
20101,90410,3,0
20101,13676,4,0
20101,13230,5,0
20101,13240,6,0
20101,13250,7,0
20101,13260,8,0
20101,11160,9,0
20101,12485,10,1
20200,11170,1,0
20200,11180,2,0
20200,9430,3,0
20200,9440,4,0
20200,9450,5,0
20200,16090574,6,0
20200,90500,7,0
20200,90600,8,0
20200,14150,9,0
20200,14151,10,0
20200,42400,11,0
20200,18920,12,0
20200,18930,13,0
20200,18940,14,0
20200,18960,15,0
20200,91600,16,0
20200,90695,17,0
20200,16090575,18,0
20200,91611,19,0
20200,4500,20,1
20201,4500,1,0
20201,91610,2,0
20201,16090576,3,0
20201,90690,4,0
20201,90700,5,0
20201,18970,6,0
20201,13250,7,0
20201,13260,8,0
20201,11170,9,1
20301,4500,1,0
20301,18940,2,0
20301,18950,3,0
20301,18960,4,0
20301,18970,5,0
20301,13240,6,0
20301,13250,7,0
20301,11160,8,0
20301,11170,9,1
20401,4500,1,0
20401,16090577,2,0
20401,14240,3,0
20401,14270,4,0
20401,14280,5,0
20401,14158,6,0
20401,14160,7,0
20401,90800,8,0
20401,90652,9,0
20401,16090578,10,0
20401,90650,11,0
20401,16090579,12,0
20401,16090580,13,0
20401,9360,14,0
20401,11730,15,1
20500,45555,1,0
20500,3900,2,0
20500,3910,3,0
20500,20200,4,0
20500,3930,5,0
20500,50112,6,0
20500,50114,7,0
20500,3475,8,0
20500,3100,9,0
20500,25080,10,1
20501,25080,1,0
20501,8070,2,0
20501,50162,3,0
20501,21210,4,0
20501,3864,5,0
20501,3865,6,0
20501,45555,7,1
20600,17960,1,0
20600,17970,2,0
20600,17980,3,0
20600,17990,4,0
20600,18000,5,0
20600,18010,6,0
20600,18020,7,0
20600,18030,8,0
20600,18040,9,0
20600,18050,10,0
20600,18045,11,0
20600,18110,12,0
20600,18120,13,0
20600,18130,14,0
20600,18135,15,0
20600,18150,16,0
20600,18170,17,0
20600,18180,18,0
20600,90900,19,0
20600,15470,20,0
20600,15480,21,0
20600,15500,22,0
20600,15510,23,0
20600,45200,24,0
20600,15520,25,0
20600,15540,26,1
20601,16250,1,0
20601,16270,2,0
20601,16280,3,0
20601,16290,4,0
20601,16310,5,0
20601,16320,6,0
20601,16330,7,0
20601,90950,8,0
20601,18171,9,0
20601,18175,10,0
20601,18090451,11,0
20601,16090531,12,0
20601,16090532,13,0
20601,91050,14,0
20601,91010,15,0
20601,91000,16,0
20601,15010502,17,0
20601,18031,18,0
20601,18021,19,0
20601,9790,20,0
20601,9800,21,0
20601,9820,22,0
20601,9830,23,1
20700,45565,1,0
20700,3900,2,0
20700,3910,3,0
20700,20200,4,0
20700,3930,5,0
20700,3940,6,0
20700,3950,7,0
20700,3960,8,0
20700,3980,9,0
20700,3990,10,0
20700,4000,11,0
20700,18370,12,0
20700,18380,13,0
20700,4030,14,0
20700,4040,15,0
20700,4050,16,0
20700,4060,17,0
20700,4070,18,0
20700,4080,19,0
20700,4090,20,0
20700,4720,21,0
20700,44061,22,0
20700,44065,23,0
20700,4095,24,0
20700,4100,25,0
20700,15051802,26,0
20700,55560,27,0
20700,4500,28,1
20701,4500,1,0
20701,55575,2,0
20701,46050,3,0
20701,44047,4,0
20701,44050,5,0
20701,44060,6,0
20701,4180,7,0
20701,4190,8,0
20701,4200,9,0
20701,4225,10,0
20701,4220,11,0
20701,16645,12,0
20701,4240,13,0
20701,4250,14,0
20701,4260,15,0
20701,4270,16,0
20701,4280,17,0
20701,4290,18,0
20701,21210,19,0
20701,3864,20,0
20701,3865,21,0
20701,45565,22,1
20800,45560,1,0
20800,9895,2,0
20800,9867,3,0
20800,20090801,4,0
20800,6080,5,0
20800,6090,6,0
20800,6100,7,0
20800,6110,8,0
20800,6120,9,0
20800,6130,10,0
20800,6140,11,0
20800,6150,12,0
20800,6160,13,0
20800,6175,14,0
20800,6170,15,0
20800,6180,16,0
20800,6185,17,0
20800,6190,18,0
20800,6200,19,0
20800,6210,20,0
20800,6220,21,0
20800,6230,22,0
20800,6240,23,0
20800,6250,24,0
20800,6255,25,0
20800,6253,26,0
20800,6258,27,0
20800,4500,28,1
20801,4500,1,0
20801,90100,2,0
20801,16050901,3,0
20801,45186,4,0
20801,45190,5,0
20801,6330,6,0
20801,6340,7,0
20801,6350,8,0
20801,6360,9,0
20801,6370,10,0
20801,6380,11,0
20801,6390,12,0
20801,6400,13,0
20801,6410,14,0
20801,6420,15,0
20801,18680,16,0
20801,18690,17,0
20801,18700,18,0
20801,18710,19,0
20801,18720,20,0
20801,18730,21,0
20801,18740,22,0
20801,230,23,0
20801,235,24,0
20801,9875,25,0
20801,9885,26,0
20801,45560,27,1
20900,15540,1,0
20900,15550,2,0
20900,15090864,3,0
20900,15090865,4,0
20900,15090866,5,0
20900,15090867,6,0
20900,15090868,7,0
20900,15090869,8,0
20900,15090870,9,0
20900,15090871,10,0
20900,8430,11,0
20900,8440,12,0
20900,8450,13,0
20900,8460,14,0
20900,7455,15,0
20900,7460,16,0
20900,7470,17,0
20900,7480,18,0
20900,7490,19,0
20900,7500,20,0
20900,7510,21,0
20900,7530,22,0
20900,7535,23,0
20900,14510,24,0
20900,14520,25,0
20900,14530,26,0
20900,14540,27,0
20900,8400,28,1
20901,15090871,1,0
20901,8430,2,0
20901,8440,3,0
20901,8450,4,0
20901,8460,5,0
20901,7455,6,0
20901,7460,7,0
20901,7470,8,0
20901,7480,9,0
20901,7490,10,0
20901,7500,11,0
20901,7510,12,0
20901,7530,13,0
20901,7535,14,0
20901,14510,15,0
20901,14520,16,0
20901,14530,17,0
20901,14540,18,0
20901,8400,19,0
20901,8410,20,0
20901,15090873,21,0
20901,15090874,22,0
20901,15090875,23,0
20901,15090876,24,0
20901,15090877,25,0
20901,15090878,26,0
20901,15090879,27,0
20901,15090880,28,0
20901,16250,29,1
21100,26490,1,0
21100,1870,2,0
21100,1880,3,0
21100,1890,4,0
21100,18010821,5,0
21100,18010822,6,0
21100,18010823,7,0
21100,16690,8,0
21100,16700,9,0
21100,15120,10,0
21100,15125,11,0
21100,40037,12,0
21100,16715,13,0
21100,16720,14,0
21100,45280,15,1
21101,15105,1,0
21101,15110,2,0
21101,40035,3,0
21101,40036,4,0
21101,17090,5,0
21101,17100,6,0
21101,18010818,7,0
21101,18010819,8,0
21101,18010820,9,0
21101,2140,10,0
21101,2150,11,0
21101,2160,12,0
21101,2165,13,0
21101,2170,14,0
21101,2180,15,0
21101,2190,16,0
21101,24430,17,0
21101,26490,18,1
21200,44245,1,0
21200,44355,2,0
21200,44360,3,0
21200,25890,4,0
21200,25900,5,0
21200,25910,6,0
21200,13010,7,0
21200,13020,8,0
21200,13030,9,0
21200,17310,10,0
21200,17320,11,0
21200,15910,12,0
21200,15920,13,0
21200,15930,14,0
21200,15940,15,0
21200,11510,16,0
21200,11520,17,0
21200,11530,18,1
21201,15800,1,0
21201,15810,2,0
21201,15820,3,0
21201,15840,4,0
21201,15845,5,0
21201,15850,6,0
21201,15860,7,0
21201,16450,8,0
21201,16460,9,0
21201,16468,10,0
21201,13630,11,0
21201,1345,12,0
21201,13650,13,0
21201,13660,14,0
21201,26700,15,0
21201,26710,16,0
21201,26720,17,0
21201,26735,18,0
21201,26730,19,0
21201,44240,20,0
21201,44243,21,0
21201,44245,22,1
21300,40250,1,0
21300,11540,2,0
21300,11550,3,0
21300,11583,4,0
21300,11590,5,0
21300,40510,6,0
21300,40490,7,0
21300,40470,8,0
21300,40460,9,0
21300,40440,10,0
21300,40420,11,0
21300,12290,12,0
21300,90610,13,0
21300,90620,14,0
21300,90630,15,0
21300,90801,16,0
21300,90800,17,0
21300,90652,18,0
21300,90660,19,0
21300,90670,20,1
21301,12580,1,0
21301,14135,2,0
21301,14140,3,0
21301,14150,4,0
21301,14170,5,0
21301,90641,6,0
21301,20030200,7,0
21301,90621,8,0
21301,20030201,9,0
21301,90601,10,0
21301,12590,11,0
21301,12600,12,0
21301,40410,13,0
21301,40450,14,0
21301,40480,15,0
21301,40520,16,0
21301,16030,17,0
21301,16040,18,0
21301,16050,19,0
21301,40240,20,0
21301,40250,21,1
21400,16710,1,0
21400,16715,2,0
21400,16720,3,0
21400,45280,4,0
21400,44195,5,0
21400,44200,6,0
21400,44140,7,0
21400,44150,8,0
21400,47021,9,0
21400,47030,10,0
21400,47040,11,0
21400,47051,12,0
21400,47060,13,0
21400,17605,14,0
21400,47070,15,0
21400,47080,16,0
21400,47090,17,0
21400,47100,18,0
21400,47500,19,0
21400,47510,20,0
21400,47520,21,0
21400,47530,22,0
21400,93845,23,0
21400,93850,24,0
21400,93855,25,0
21400,93860,26,0
21400,93865,27,0
21400,93870,28,0
21400,93875,29,0
21400,27050,30,0
21400,27205,31,0
21400,27206,32,0
21400,27207,33,0
21400,17627,34,0
21400,27080,35,0
21400,27010,36,0
21400,27012,37,0
21400,27013,38,0
21400,27020,39,1
21401,27080,1,0
21401,27010,2,0
21401,27012,3,0
21401,27013,4,0
21401,27020,5,0
21401,27040,6,0
21401,27045,7,0
21401,47553,8,0
21401,93810,9,0
21401,93815,10,0
21401,93820,11,0
21401,93825,12,0
21401,93830,13,0
21401,93835,14,0
21401,93840,15,0
21401,47538,16,0
21401,47537,17,0
21401,47536,18,0
21401,47535,19,0
21401,47150,20,0
21401,47160,21,0
21401,47170,22,0
21401,47180,23,0
21401,47190,24,0
21401,47200,25,0
21401,47210,26,0
21401,47220,27,0
21401,44170,28,0
21401,44180,29,0
21401,44151,30,0
21401,40030,31,0
21401,40040,32,0
21401,40050,33,0
21401,17075,34,0
21401,15105,35,0
21401,15110,36,0
21401,14090129,37,0
21401,15115,38,1
21500,25840,1,0
21500,15895,2,0
21500,15900,3,0
21500,16450,4,0
21500,16460,5,0
21500,16468,6,0
21500,13630,7,0
21500,1345,8,0
21500,13650,9,0
21500,13660,10,0
21500,13680,11,0
21500,12750,12,0
21500,12760,13,0
21500,12770,14,0
21500,12780,15,0
21500,13730,16,0
21500,13740,17,0
21500,24830,18,0
21500,24840,19,0
21500,24850,20,0
21500,24855,21,0
21500,24860,22,0
21500,24870,23,0
21500,24880,24,0
21500,24890,25,0
21500,24900,26,0
21500,24910,27,0
21500,24920,28,0
21500,24930,29,0
21500,24940,30,0
21500,5540,31,0
21500,5550,32,0
21500,5560,33,0
21500,24980,34,0
21500,24990,35,0
21500,18300,36,0
21500,18310,37,0
21500,23840,38,0
21500,25030,39,0
21500,2240,40,0
21500,25050,41,0
21500,25060,42,0
21500,25080,43,1
21501,25080,1,0
21501,50160,2,0
21501,8070,3,0
21501,50162,4,0
21501,1740,5,0
21501,1750,6,0
21501,1760,7,0
21501,25440,8,0
21501,25450,9,0
21501,23880,10,0
21501,23890,11,0
21501,25480,12,0
21501,25490,13,0
21501,25500,14,0
21501,5300,15,0
21501,5310,16,0
21501,5320,17,0
21501,25530,18,0
21501,25535,19,0
21501,25540,20,0
21501,25550,21,0
21501,25560,22,0
21501,25570,23,0
21501,25580,24,0
21501,25590,25,0
21501,25600,26,0
21501,25610,27,0
21501,25620,28,0
21501,25640,29,0
21501,25650,30,0
21501,12920,31,0
21501,12930,32,0
21501,12940,33,0
21501,12080,34,0
21501,12090,35,0
21501,12970,36,0
21501,12980,37,0
21501,12990,38,0
21501,13000,39,0
21501,13010,40,0
21501,13020,41,0
21501,13030,42,0
21501,17310,43,0
21501,17320,44,0
21501,17330,45,0
21501,15870,46,0
21501,15875,47,0
21501,25840,48,1
21600,16150,1,0
21600,8430,2,0
21600,8440,3,0
21600,15670,4,0
21600,25900,5,0
21600,25910,6,0
21600,13010,7,0
21600,13020,8,0
21600,13030,9,0
21600,13033,10,0
21600,16470,11,0
21600,16480,12,0
21600,12710,13,0
21600,12715,14,0
21600,12720,15,0
21600,12730,16,0
21600,25950,17,0
21600,25960,18,0
21600,25980,19,0
21600,25990,20,0
21600,9580,21,0
21600,9590,22,0
21600,9600,23,0
21600,9610,24,0
21600,9620,25,0
21600,9630,26,0
21600,12840,27,0
21600,9640,28,0
21600,9650,29,1
21601,9160,1,0
21601,9170,2,0
21601,9180,3,0
21601,9190,4,0
21601,9195,5,0
21601,9210,6,0
21601,9220,7,0
21601,9235,8,0
21601,9230,9,0
21601,26630,10,0
21601,23635,11,0
21601,26650,12,0
21601,26655,13,0
21601,26660,14,0
21601,12110,15,0
21601,12120,16,0
21601,12130,17,0
21601,12140,18,0
21601,12150,19,0
21601,12160,20,0
21601,17290,21,0
21601,14090133,22,0
21601,13630,23,0
21601,1345,24,0
21601,13650,25,0
21601,13660,26,0
21601,26700,27,0
21601,26710,28,0
21601,26720,29,0
21601,16130,30,0
21601,16140,31,0
21601,16150,32,1
21701,25080,1,0
21701,8070,2,0
21701,3475,3,0
21701,25415,4,0
21701,25420,5,0
21701,1770,6,0
21701,25440,7,0
21701,25450,8,0
21701,23880,9,0
21701,23890,10,0
21701,23900,11,0
21701,23910,12,0
21701,45555,13,1
21800,12360,1,0
21800,9380,2,0
21800,11730,3,1
21801,11730,1,0
21801,12330,2,0
21801,12370,3,1
30003,11060,1,0
30003,24072906,2,0
30003,24072907,3,1
30004,24072907,1,0
30004,6330,2,0
30004,11060,3,1
30103,44850,1,0
30103,44860,2,0
30103,4630,3,0
30103,51104,4,0
30103,670,5,0
30103,680,6,0
30103,51106,7,0
30103,700,8,0
30103,22080105,9,1
50101,50100,1,0
50101,50102,2,0
50101,50104,3,0
50101,50106,4,0
50101,50108,5,0
50101,50110,6,0
50101,50198,7,0
50101,50112,8,0
50101,50114,9,0
50101,50116,10,0
50101,50118,11,0
50101,50120,12,0
50101,50122,13,0
50101,50124,14,0
50101,50126,15,0
50101,50128,16,0
50101,18102902,17,0
50101,20370,18,0
50101,20390,19,0
50101,20400,20,0
50101,20420,21,0
50101,20430,22,0
50101,20450,23,0
50101,20460,24,0
50101,20480,25,0
50101,20500,26,0
50101,20930,27,0
50101,18010824,28,0
50101,18090455,29,1
50102,18090455,1,0
50102,18010827,2,0
50102,20510,3,0
50102,20940,4,0
50102,20960,5,0
50102,20980,6,0
50102,20985,7,0
50102,21010,8,0
50102,21020,9,0
50102,21040,10,0
50102,21060,11,0
50102,21070,12,0
50102,18102903,13,0
50102,50150,14,0
50102,50152,15,0
50102,50154,16,0
50102,50156,17,0
50102,50158,18,0
50102,50160,19,0
50102,50162,20,0
50102,50164,21,0
50102,50166,22,0
50102,50193,23,0
50102,50168,24,0
50102,50170,25,0
50102,50172,26,0
50102,50174,27,0
50102,50176,28,0
50102,50100,29,1
50203,28180,1,0
50203,28075,2,0
50203,28080,3,0
50203,28085,4,0
50203,28090,5,0
50203,28060,6,0
50203,28070,7,0
50203,26790,8,0
50203,26800,9,0
50203,30110,10,0
50203,9090,11,0
50203,9140,12,0
50203,9160,13,0
50203,9195,14,0
50203,9230,15,0
50203,9280,16,0
50203,12425,17,0
50203,12430,18,1
50204,12430,1,0
50204,9475,2,0
50204,9530,3,0
50204,9580,4,0
50204,9610,5,0
50204,9650,6,0
50204,9670,7,0
50204,9720,8,0
50204,30117,9,0
50204,9780,10,0
50204,9785,11,0
50204,26815,12,0
50204,28110,13,0
50204,28120,14,0
50204,28130,15,0
50204,28140,16,0
50204,28150,17,0
50204,28190,18,1
50501,14090132,1,0
50501,15900,2,0
50501,16460,3,0
50501,16480,4,0
50501,16510,5,0
50501,16540,6,0
50501,16560,7,0
50501,14090135,8,0
50501,14090137,9,0
50501,14090139,10,0
50501,17145,11,0
50501,16670,12,0
50501,16700,13,0
50501,15130,14,0
50501,15160,15,0
50501,18030505,16,0
50501,10130,17,0
50501,15240,18,0
50501,18090403,19,0
50501,18090404,20,0
50501,18090457,21,1
50501,42980,22,0
50501,22103101,23,0
50501,22103102,24,1
50502,22103102,1,0
50502,22103103,2,0
50502,43013,3,0
50502,22103104,4,0
50502,18090457,5,0
50502,18090405,6,0
50502,14750,7,0
50502,14790,8,0
50502,10125,9,0
50502,18030504,10,0
50502,14890,11,0
50502,14905,12,0
50502,17090,13,0
50502,17120,14,0
50502,17135,15,0
50502,17150,16,0
50502,14090138,17,0
50502,14090135,18,1
50502,14090136,19,0
50502,14090134,20,0
50502,17230,21,0
50502,17270,22,0
50502,14090133,23,0
50502,17320,24,0
50502,15870,25,0
50502,14090132,26,1
51101,44406,1,0
51101,477,2,0
51101,469,3,0
51101,461,4,0
51101,18090456,5,0
51101,15033006,6,0
51101,470,7,0
51101,15033005,8,0
51101,540,9,0
51101,15033002,10,0
51101,15033003,11,0
51101,30109,12,0
51101,51100,13,0
51101,51102,14,0
51101,51104,15,0
51101,51106,16,0
51101,22080109,17,0
51101,51110,18,0
51101,51112,19,0
51101,51114,20,0
51101,51116,21,0
51101,18030502,22,0
51101,17870,23,0
51101,15090802,24,1
51102,15090802,1,0
51102,17400,2,0
51102,1090,3,0
51102,51117,4,0
51102,51115,5,0
51102,51113,6,0
51102,51111,7,0
51102,22080108,8,0
51102,51107,9,0
51102,51105,10,0
51102,51103,11,0
51102,51101,12,0
51102,30102,13,0
51102,8550,14,0
51102,15033002,15,1
51102,15033001,16,0
51102,15033004,17,0
51102,1500,18,0
51102,1508,19,0
51102,15033007,20,0
51102,466,21,0
51102,468,22,0
51102,475,23,0
51102,44406,24,1
56101,15090711,1,0
56101,16090501,2,0
56101,15090804,3,0
56101,16090502,4,0
56101,92485,5,0
56101,92495,6,0
56101,16170,7,0
56101,92465,8,0
56101,7620,9,0
56101,45510,10,1
56102,45510,1,0
56102,8370,2,0
56102,8400,3,0
56102,92000,4,0
56102,91360,5,0
56102,91370,6,0
56102,16090503,7,0
56102,15090826,8,0
56102,16090504,9,0
56102,15090711,10,1
