604,'Holiday1',801,,28987,2,,,1,45,,28988,2,,,1,85,,28990,2,,,1,85,,28986,2,,,1,85,,28992,2,,,1,45,,28993,2,,,1,85,,28991,2,,,1,85,,28994,2,,,1,85,,28989,2,,,1,45,,28995,2,,,1,85,,28996,2,,,1,85,,28997,2,,,1,85,,28998,2,,,1,45,,28999,2,,,1,85,,29000,2,,,1
604,'Saturday',646,,29018,2,,,1,85,,29003,2,,,1,85,,29001,2,,,1,85,,29004,2,,,1,45,,29002,2,,,1,85,,29005,2,,,1,85,,29008,2,,,1,85,,29010,2,,,1,45,,29006,2,,,1,85,,29007,2,,,1,85,,29011,2,,,1,84,,29015,2,,,1,45,,29016,2,,,1,85,,29013,2,,,1,85,,29012,2,,,1,86,,29009,2,,,1,45,,29014,2,,,1,85,,29017,2,,,1
604,'Sunday',801,,29020,2,,,1,45,,29021,2,,,1,85,,29022,2,,,1,85,,29019,2,,,1,85,,29024,2,,,1,45,,29026,2,,,1,85,,29023,2,,,1,85,,29027,2,,,1,85,,29025,2,,,1,45,,29028,2,,,1,85,,29029,2,,,1,85,,29030,2,,,1,85,,29031,2,,,1,45,,29032,2,,,1,85,,29033,2,,,1
604,'Weekday',514,,29034,2,,,1,20,,29038,2,,,1,20,,29046,2,,,1,60,,29041,2,,,1,20,,29047,2,,,1,17,,29040,2,,,1,62,,29045,2,,,1,18,,29039,2,,,1,23,,29043,2,,,1,60,,29044,2,,,1,18,,29037,2,,,1,22,,29064,2,,,1,57,,29035,2,,,1,22,,29059,2,,,1,19,,29051,2,,,1,61,,29057,2,,,1,26,,29056,2,,,1,62,,29050,2,,,1,20,,29058,2,,,1,21,,29052,2,,,1,65,,29053,2,,,1,22,,29055,2,,,1,20,,29054,2,,,1,63,,29060,2,,,1,23,,29062,2,,,1,22,,29049,2,,,1,63,,29048,2,,,1,22,,29042,2,,,1,58,,29036,2,,,1,20,,29066,2,,,1,20,,29067,2,,,1,61,,29068,2,,,1,19,,29069,2,,,1,20,,29070,2,,,1,60,,29071,2,,,1,20,,29072,2,,,1,22,,29073,2,,,1,58,,29075,2,,,1,20,,29077,2,,,1,22,,29078,2,,,1,67,,29074,2,,,1,21,,29079,2,,,1,25,,29076,2,,,1,65,,29080,2,,,1,23,,29081,2,,,1,67,,29082,2,,,1,27,,29083,2,,,1,73,,29061,2,,,1,27,,29065,2,,,1,68,,29063,2,,,1,30,,29084,2,,,1
2301,'Holiday1',721,,32894,2,,,1,25,,32867,2,,,1,70,,32869,2,,,1,25,,32866,2,,,1,70,,32870,2,,,1,26,,32868,2,,,1,68,,32872,2,,,1,28,,32873,2,,,1,68,,32875,2,,,1,28,,32871,2,,,1,28,,32876,2,,,1,68,,32878,2,,,1,28,,32879,2,,,1,68,,32880,2,,,1,28,,32877,2,,,1,68,,32881,2,,,1,29,,32882,2,,,1,70,,32883,2,,,1,30,,32874,2,,,1,66,,32885,2,,,1,29,,32886,2,,,1,68,,32888,2,,,1,30,,32884,2,,,1,70,,32890,2,,,1,30,,32887,2,,,1,67,,32892,2,,,1,30,,32889,2,,,1,73,,32891,2,,,1,28,,32895,2,,,1,68,,32893,2,,,1,28,,32897,2,,,1,68,,32896,2,,,1
2301,'Saturday',627,,32900,2,,,1,30,,32898,2,,,1,68,,32908,2,,,1,28,,32912,2,,,1,62,,32913,2,,,1,28,,32910,2,,,1,68,,32909,2,,,1,28,,32911,2,,,1,68,,32914,2,,,1,28,,32915,2,,,1,68,,32916,2,,,1,28,,32917,2,,,1,28,,32919,2,,,1,68,,32920,2,,,1,28,,32921,2,,,1,68,,32918,2,,,1,28,,32922,2,,,1,68,,32924,2,,,1,28,,32925,2,,,1,68,,32926,2,,,1,28,,32923,2,,,1,68,,32927,2,,,1,28,,32928,2,,,1,71,,32929,2,,,1,34,,32930,2,,,1,82,,32902,2,,,1,75,,32899,2,,,1,30,,32903,2,,,1,71,,32901,2,,,1,31,,32905,2,,,1,71,,32907,2,,,1,27,,32904,2,,,1,70,,32906,2,,,1,30,,32931,2,,,1,70,,32933,2,,,1,30,,32932,2,,,1,70,,32934,2,,,1,30,,32935,2,,,1
2301,'Sunday',721,,32964,2,,,1,25,,32937,2,,,1,70,,32939,2,,,1,25,,32936,2,,,1,70,,32940,2,,,1,26,,32938,2,,,1,68,,32942,2,,,1,28,,32943,2,,,1,68,,32944,2,,,1,28,,32941,2,,,1,28,,32945,2,,,1,68,,32948,2,,,1,28,,32949,2,,,1,68,,32950,2,,,1,28,,32946,2,,,1,68,,32951,2,,,1,29,,32952,2,,,1,70,,32953,2,,,1,30,,32947,2,,,1,66,,32955,2,,,1,29,,32956,2,,,1,68,,32958,2,,,1,30,,32954,2,,,1,70,,32960,2,,,1,30,,32957,2,,,1,67,,32962,2,,,1,30,,32959,2,,,1,73,,32961,2,,,1,28,,32965,2,,,1,68,,32963,2,,,1,28,,32967,2,,,1,68,,32966,2,,,1
2301,'Weekday',411,,32968,2,,,1,15,,32969,2,,,1,15,,32970,2,,,1,15,,32971,2,,,1,55,,32972,2,,,1,15,,32973,2,,,1,15,,32974,2,,,1,14,,32975,2,,,1,56,,32976,2,,,1,15,,32977,2,,,1,15,,32978,2,,,1,15,,32980,2,,,1,55,,32981,2,,,1,15,,32982,2,,,1,15,,32979,2,,,1,15,,32984,2,,,1,55,,32985,2,,,1,15,,32986,2,,,1,15,,32983,2,,,1,15,,32987,2,,,1,64,,32988,2,,,1,32,,32989,2,,,1,69,,32990,2,,,1,25,,32991,2,,,1,68,,32992,2,,,1,34,,32993,2,,,1,69,,32994,2,,,1,30,,32995,2,,,1,66,,32996,2,,,1,26,,33027,2,,,1,20,,32997,2,,,1,57,,33026,2,,,1,14,,33023,2,,,1,16,,33025,2,,,1,55,,33024,2,,,1,15,,32999,2,,,1,15,,32998,2,,,1,15,,33000,2,,,1,55,,33002,2,,,1,15,,33004,2,,,1,15,,33005,2,,,1,15,,33006,2,,,1,55,,33003,2,,,1,15,,33007,2,,,1,15,,33001,2,,,1,15,,33008,2,,,1,55,,33009,2,,,1,15,,33011,2,,,1,15,,33012,2,,,1,15,,33010,2,,,1,60,,33013,2,,,1,37,,33015,2,,,1,71,,33016,2,,,1,34,,33017,2,,,1,74,,33018,2,,,1,34,,33019,2,,,1,75,,33014,2,,,1,75,,33020,2,,,1,33,,33021,2,,,1,74,,33022,2,,,1
2603,'Holiday1',657,,33372,2,,,1,94,,33374,2,,,1,100,,33373,2,,,1,100,,33376,2,,,1,100,,33377,2,,,1,100,,33378,2,,,1,100,,33379,2,,,1,100,,33381,2,,,1,100,,33375,2,,,1,100,,33382,2,,,1,100,,33380,2,,,1,100,,33383,2,,,1,100,,33384,2,,,1,100,,33385,2,,,1,100,,33386,2,,,1
2603,'Saturday',658,,33387,2,,,1,63,,33390,2,,,1,30,,33391,2,,,1,70,,33388,2,,,1,30,,33389,2,,,1,70,,33392,2,,,1,30,,33393,2,,,1,70,,33395,2,,,1,30,,33396,2,,,1,70,,33397,2,,,1,30,,33394,2,,,1,70,,33399,2,,,1,30,,33402,2,,,1,70,,33398,2,,,1,30,,33403,2,,,1,70,,33401,2,,,1,30,,33400,2,,,1,70,,33404,2,,,1,30,,33405,2,,,1,70,,33406,2,,,1,30,,33407,2,,,1,70,,33408,2,,,1,30,,33409,2,,,1,70,,33411,2,,,1,30,,33412,2,,,1,70,,33413,2,,,1,30,,33410,2,,,1,70,,33414,2,,,1,30,,33415,2,,,1,70,,33416,2,,,1,30,,33417,2,,,1
2603,'Sunday',657,,33418,2,,,1,94,,33420,2,,,1,100,,33419,2,,,1,100,,33421,2,,,1,100,,33422,2,,,1,100,,33423,2,,,1,100,,33425,2,,,1,100,,33427,2,,,1,100,,33424,2,,,1,100,,33428,2,,,1,100,,33426,2,,,1,100,,33429,2,,,1,100,,33430,2,,,1,100,,33431,2,,,1,100,,33432,2,,,1
2603,'Weekday',423,,33433,2,,,1,22,,33434,2,,,1,62,,33435,2,,,1,18,,33436,2,,,1,19,,33437,2,,,1,69,,33438,2,,,1,22,,33439,2,,,1,20,,33440,2,,,1,57,,33441,2,,,1,27,,33442,2,,,1,62,,33443,2,,,1,24,,33444,2,,,1,22,,33445,2,,,1,62,,33446,2,,,1,22,,33447,2,,,1,22,,33448,2,,,1,62,,33449,2,,,1,22,,33450,2,,,1,22,,33451,2,,,1,62,,33452,2,,,1,22,,33453,2,,,1,62,,33455,2,,,1,22,,33457,2,,,1,22,,33458,2,,,1,62,,33454,2,,,1,22,,33459,2,,,1,22,,33456,2,,,1,62,,33460,2,,,1,22,,33461,2,,,1,62,,33462,2,,,1,22,,33463,2,,,1,22,,33464,2,,,1,62,,33465,2,,,1,25,,33466,2,,,1,19,,33467,2,,,1,62,,33468,2,,,1,27,,33469,2,,,1,18,,33470,2,,,1,61,,33471,2,,,1,22,,33472,2,,,1,68,,33473,2,,,1,18,,33474,2,,,1,20,,33475,2,,,1,62,,33476,2,,,1,22,,33477,2,,,1,22,,33478,2,,,1,62,,33479,2,,,1,22,,33480,2,,,1,22,,33481,2,,,1,62,,33482,2,,,1,22,,33483,2,,,1,62,,33484,2,,,1,22,,33485,2,,,1,21,,33486,2,,,1,62,,33487,2,,,1,22,,33488,2,,,1
2703,'Saturday',751,,33602,2,,,1,75,,33604,2,,,1,75,,33605,2,,,1,35,,33603,2,,,1,75,,33606,2,,,1,35,,33607,2,,,1,75,,33608,2,,,1,35,,33609,2,,,1,75,,33611,2,,,1,75,,33612,2,,,1,35,,33614,2,,,1,75,,33610,2,,,1,35,,33615,2,,,1,75,,33613,2,,,1,75,,33618,2,,,1,35,,33619,2,,,1,75,,33616,2,,,1,35,,33617,2,,,1
2703,'Weekday',541,,33620,2,,,1,73,,33621,2,,,1,33,,33624,2,,,1,75,,33625,2,,,1,36,,33622,2,,,1,76,,33623,2,,,1,75,,33626,2,,,1,34,,33627,2,,,1,72,,33628,2,,,1,32,,33629,2,,,1,73,,33630,2,,,1,33,,33631,2,,,1,73,,33632,2,,,1,33,,33633,2,,,1,75,,33635,2,,,1,74,,33634,2,,,1,35,,33637,2,,,1,76,,33638,2,,,1,36,,33636,2,,,1,76,,33639,2,,,1,75,,33640,2,,,1,37,,33641,2,,,1,75,,33642,2,,,1,36,,33643,2,,,1,75,,33644,2,,,1,74,,33645,2,,,1
2801,'Holiday1',606,,33702,2,0,5,1,25,,33693,2,,,1,25,,33691,2,0,5,1,65,,33698,2,,,1,25,,33696,2,0,5,1,65,,33690,2,,,1,25,,33699,2,0,5,1,65,,33695,2,,,1,25,,33692,2,0,5,1,25,,33700,2,,,1,65,,33694,2,0,5,1,25,,33697,2,,,1,65,,33703,2,0,5,1,25,,33701,2,,,1,25,,33704,2,0,5,1,65,,33705,2,,,1,25,,33706,2,0,5,1,65,,33707,2,,,1,25,,33708,2,0,5,1,65,,33709,2,,,1,25,,33710,2,0,5,1,25,,33712,2,,,1,65,,33711,2,0,5,1,25,,33713,2,,,1,65,,33714,2,0,5,1,25,,33717,2,,,1,25,,33715,2,0,5,1,65,,33716,2,,,1,25,,33719,2,0,5,1,65,,33718,2,,,1,25,,33720,2,0,5,1,65,,33721,2,,,1
2801,'Saturday',606,,33723,2,0,5,1,25,,33738,2,,,1,25,,33724,2,0,5,1,65,,33741,2,,,1,25,,33722,2,0,5,1,65,,33742,2,,,1,25,,33725,2,0,5,1,65,,33743,2,,,1,25,,33726,2,0,5,1,25,,33740,2,,,1,65,,33727,2,0,5,1,25,,33744,2,,,1,65,,33728,2,0,5,1,25,,33745,2,,,1,25,,33729,2,0,5,1,65,,33746,2,,,1,25,,33730,2,0,5,1,65,,33747,2,,,1,25,,33731,2,0,5,1,65,,33748,2,,,1,25,,33732,2,0,5,1,25,,33749,2,,,1,65,,33733,2,0,5,1,25,,33750,2,,,1,65,,33734,2,0,5,1,25,,33751,2,,,1,25,,33735,2,0,5,1,65,,33752,2,,,1,25,,33736,2,0,5,1,65,,33753,2,,,1,25,,33737,2,0,5,1,65,,33739,2,,,1
2801,'Sunday',606,,33766,2,0,5,1,25,,33757,2,,,1,25,,33755,2,0,5,1,65,,33762,2,,,1,25,,33760,2,0,5,1,65,,33754,2,,,1,25,,33763,2,0,5,1,65,,33759,2,,,1,25,,33756,2,0,5,1,25,,33764,2,,,1,65,,33758,2,0,5,1,25,,33761,2,,,1,65,,33767,2,0,5,1,25,,33765,2,,,1,25,,33768,2,0,5,1,65,,33769,2,,,1,25,,33770,2,0,5,1,65,,33771,2,,,1,25,,33772,2,0,5,1,65,,33773,2,,,1,25,,33774,2,0,5,1,25,,33776,2,,,1,65,,33775,2,0,5,1,25,,33777,2,,,1,65,,33778,2,0,5,1,25,,33780,2,,,1,25,,33779,2,0,5,1,65,,33781,2,,,1,25,,33783,2,0,5,1,65,,33782,2,,,1,25,,33784,2,0,5,1,65,,33785,2,,,1
2801,'Weekday',431,,33828,2,,,1,75,,33827,2,,,1,44,,33826,2,,,1,59,,33786,2,0,5,1,20,,33808,2,,,1,22,,33789,2,0,5,1,59,,33809,2,,,1,20,,33790,2,0,5,1,18,,33810,2,,,1,59,,33791,2,0,5,1,20,,33811,2,,,1,19,,33792,2,0,5,1,61,,33812,2,,,1,21,,33793,2,0,5,1,21,,33815,2,,,1,58,,33794,2,0,5,1,24,,33816,2,,,1,20,,33795,2,0,5,1,60,,33817,2,,,1,20,,33796,2,0,5,1,20,,33813,2,,,1,60,,33797,2,0,5,1,20,,33814,2,,,1,20,,33800,2,0,5,1,60,,33818,2,,,1,20,,33801,2,0,5,1,20,,33819,2,,,1,60,,33802,2,0,5,1,21,,33820,2,,,1,19,,33798,2,0,5,1,60,,33821,2,,,1,21,,33799,2,0,5,1,21,,33822,2,,,1,58,,33803,2,0,5,1,21,,33823,2,,,1,19,,33804,2,0,5,1,60,,33824,2,,,1,21,,33805,2,0,5,1,19,,33788,2,,,1,63,,33806,2,0,5,1,19,,33787,2,,,1,20,,33807,2,0,5,1,60,,33825,2,,,1
