2403,'Holiday1',841,,33187,45,4,,1,85,,33186,45,4,,1,85,,33188,45,4,,1,45,,33189,45,4,,1,85,,33191,45,4,,1,85,,33192,45,4,,1,85,,33194,45,4,,1,45,,33190,45,4,,1,85,,33196,45,4,,1,85,,33193,45,4,,1,85,,33197,45,4,,1,45,,33195,45,4,,1,85,,33198,45,4,,1,85,,33199,45,4,,1,85,,33200,45,4,,1
2403,'Saturday',841,,33208,45,4,,1,85,,33209,45,4,,1,85,,33210,45,4,,1,45,,33207,45,4,,1,85,,33211,45,4,,1,85,,33212,45,4,,1,85,,33213,45,4,,1,45,,33214,45,4,,1,85,,33215,45,4,,1,85,,33201,45,4,,1,85,,33204,45,4,,1,45,,33202,45,4,,1,85,,33206,45,4,,1,85,,33203,45,4,,1,85,,33205,45,4,,1
2403,'Sunday',841,,33216,45,4,,1,85,,33217,45,4,,1,85,,33218,45,4,,1,45,,33219,45,4,,1,85,,33221,45,4,,1,85,,33222,45,4,,1,85,,33224,45,4,,1,45,,33220,45,4,,1,85,,33226,45,4,,1,85,,33223,45,4,,1,85,,33227,45,4,,1,45,,33225,45,4,,1,85,,33228,45,4,,1,85,,33229,45,4,,1,85,,33230,45,4,,1
2403,'Weekday',503,,33235,45,4,,1,26,,33233,45,4,,1,30,,33231,45,4,,1,74,,33237,45,4,,1,77,,33253,45,4,,1,36,,33247,45,4,,1,76,,33248,45,4,,1,35,,33246,45,4,,1,74,,33244,45,4,,1,76,,33245,45,4,,1,41,,33232,45,4,,1,75,,33234,45,4,,1,36,,33250,45,4,,1,76,,33251,45,4,,1,77,,33249,45,4,,1,38,,33252,45,4,,1,70,,33236,45,4,,1,34,,33240,45,4,,1,76,,33241,45,4,,1,77,,33255,45,4,,1,38,,33257,45,4,,1,76,,33258,45,4,,1,36,,33259,45,4,,1,76,,33256,45,4,,1,76,,33260,45,4,,1,34,,33254,45,4,,1,73,,33238,45,4,,1,35,,33239,45,4,,1,73,,33242,45,4,,1,85,,33243,45,4,,1
2404,'Holiday1',800,,33262,1,,,1,45,,33261,1,,,1,85,,33263,1,,,1,85,,33264,1,,,1,85,,33265,1,,,1,45,,33267,1,,,1,85,,33268,1,,,1,85,,33266,1,,,1,85,,33271,1,,,1,45,,33272,1,,,1,85,,33269,1,,,1,85,,33270,1,,,1,85,,33274,1,,,1,45,,33275,1,,,1,85,,33273,1,,,1
2404,'Saturday',800,,33276,1,,,1,45,,33277,1,,,1,85,,33282,1,,,1,85,,33278,1,,,1,85,,33279,1,,,1,45,,33280,1,,,1,85,,33283,1,,,1,85,,33284,1,,,1,85,,33285,1,,,1,45,,33286,1,,,1,85,,33281,1,,,1,85,,33287,1,,,1,85,,33288,1,,,1,45,,33289,1,,,1,85,,33290,1,,,1
2404,'Sunday',800,,33292,1,,,1,45,,33291,1,,,1,85,,33293,1,,,1,85,,33294,1,,,1,85,,33295,1,,,1,45,,33297,1,,,1,85,,33298,1,,,1,85,,33296,1,,,1,85,,33301,1,,,1,45,,33302,1,,,1,85,,33299,1,,,1,85,,33300,1,,,1,85,,33304,1,,,1,45,,33305,1,,,1,85,,33303,1,,,1
2404,'Weekday',515,,33308,1,,,1,17,,33307,1,,,1,73,,33311,1,,,1,36,,33320,1,,,1,76,,33321,1,,,1,36,,33322,1,,,1,76,,33318,1,,,1,76,,33319,1,,,1,35,,33327,1,,,1,77,,33306,1,,,1,35,,33309,1,,,1,76,,33325,1,,,1,74,,33323,1,,,1,37,,33324,1,,,1,77,,33326,1,,,1,37,,33310,1,,,1,72,,33313,1,,,1,76,,33328,1,,,1,36,,33329,1,,,1,76,,33330,1,,,1,36,,33331,1,,,1,76,,33332,1,,,1,76,,33333,1,,,1,36,,33334,1,,,1,78,,33315,1,,,1,32,,33312,1,,,1,72,,33314,1,,,1,36,,33317,1,,,1,75,,33316,1,,,1
8104,'Holiday1',626,,37282,7,,,1,85,,37283,7,,,1,45,,37284,7,,,1,87,,37286,7,,,1,85,,37287,7,,,1,85,,37288,7,,,1,45,,37285,7,,,1,85,,37289,7,,,1,85,,37290,7,,,1,85,,37291,7,,,1,45,,37292,7,,,1,85,,37293,7,,,1,83,,37294,7,,,1,85,,37295,7,,,1,45,,37296,7,,,1,85,,37297,7,,,1,85,,37298,7,,,1,85,,37299,7,,,1
8104,'Saturday',626,,37300,7,,,1,85,,37301,7,,,1,45,,37302,7,,,1,87,,37303,7,,,1,85,,37304,7,,,1,85,,37305,7,,,1,45,,37306,7,,,1,85,,37307,7,,,1,85,,37308,7,,,1,85,,37309,7,,,1,45,,37310,7,,,1,85,,37312,7,,,1,83,,37314,7,,,1,85,,37315,7,,,1,45,,37311,7,,,1,85,,37316,7,,,1,85,,37313,7,,,1,85,,37317,7,,,1
8104,'Sunday',626,,37318,7,,,1,85,,37319,7,,,1,45,,37320,7,,,1,87,,37322,7,,,1,85,,37323,7,,,1,85,,37324,7,,,1,45,,37321,7,,,1,85,,37325,7,,,1,85,,37326,7,,,1,85,,37327,7,,,1,45,,37328,7,,,1,85,,37329,7,,,1,83,,37330,7,,,1,85,,37331,7,,,1,45,,37332,7,,,1,85,,37333,7,,,1,85,,37334,7,,,1,85,,37335,7,,,1
8104,'Weekday',627,,37339,7,,,1,85,,37338,7,,,1,45,,37337,7,,,1,87,,37336,7,,,1,85,,37346,7,,,1,85,,37347,7,,,1,45,,37348,7,,,1,85,,37349,7,,,1,85,,37350,7,,,1,85,,37351,7,,,1,45,,37352,7,,,1,85,,37353,7,,,1,83,,37342,7,,,1,85,,37343,7,,,1,45,,37344,7,,,1,85,,37345,7,,,1,85,,37341,7,,,1,85,,37340,7,,,1,45,,37354,7,,,1,85,,37355,7,,,1
