902,'Holiday1',834,,16795,51,,,1,105,,16797,51,,,1,108,,16798,51,,,1,105,,16799,51,,,1,105,,16800,51,,,1,145,,16801,51,,,1,107,,16802,51,,,1,105,,16803,51,,,1,107,,16804,51,,,1,106,,16805,51,,,1,107,,16796,51,,,1
902,'Saturday',803,,16806,51,,,1,50,,16813,51,,,1,93,,16816,51,,,1,90,,16814,51,,,1,90,,16818,51,,,1,90,,16819,51,,,1,90,,16820,51,,,1,50,,16817,51,,,1,90,,16812,51,,,1,92,,16807,51,,,1,92,,16809,51,,,1,90,,16811,51,,,1,88,,16815,51,,,1,47,,16808,51,,,1,90,,16810,51,,,1
902,'Sunday',834,,16821,51,,,1,105,,16823,51,,,1,108,,16824,51,,,1,105,,16825,51,,,1,105,,16826,51,,,1,145,,16827,51,,,1,107,,16828,51,,,1,105,,16829,51,,,1,107,,16830,51,,,1,106,,16831,51,,,1,107,,16822,51,,,1
902,'Weekday',648,,16832,51,,,1,79,,16841,51,,,1,74,,16842,51,,,1,45,,16840,51,,,1,90,,16838,51,,,1,78,,16844,51,,,1,45,,16849,51,,,1,85,,16846,51,,,1,85,,16839,51,,,1,88,,16835,51,,,1,29,,16850,51,,,1,75,,16851,51,,,1,35,,16852,51,,,1,46,,16847,51,,,1,33,,16853,51,,,1,75,,16854,51,,,1,35,,16845,51,,,1,75,,16843,51,,,1,35,,16848,51,,,1,76,,16836,51,,,1,78,,16837,51,,,1,42,,16855,51,,,1,88,,16856,51,,,1,86,,16834,51,,,1,117,,16833,51,,,1
2503,'Weekday',527,,20139,14,,,1,30,,20138,14,,,1,70,,20142,14,,,1,76,,20148,14,,,1,37,,20147,14,,,1,77,,20145,14,,,1,36,,20144,14,,,1,76,,20146,14,,,1,76,,20149,14,,,1,408,,20140,14,,,1,38,,20141,14,,,1,79,,20150,14,,,1,77,,20151,14,,,1,34,,20152,14,,,1,78,,20153,14,,,1,36,,20154,14,,,1,75,,20155,14,,,1,75,,20156,14,,,1,35,,20143,14,,,1
2902,'Holiday1',714,,20934,38,,,1,35,,20935,38,,,1,78,,20938,38,,,1,76,,20939,38,,,1,35,,20940,38,,,1,75,,20936,38,,,1,36,,20937,38,,,1,75,,20941,38,,,1,35,,20943,38,,,1,75,,20944,38,,,1,75,,20945,38,,,1,35,,20942,38,,,1,76,,20946,38,,,1,35,,20948,38,,,1,75,,20949,38,,,1,76,,20950,38,,,1,35,,20947,38,,,1,75,,20951,38,,,1,35,,20952,38,,,1,75,,20954,38,,,1,75,,20953,38,,,1,33,,20955,38,,,1,75,,20957,38,,,1,32,,20956,38,,,1,75,,20958,38,,,1,34,,20962,38,,,1,90,,20960,38,,,1,90,,20961,38,,,1,90,,20959,38,,,1
2902,'Saturday',646,,20969,38,,,1,65,,20977,38,,,1,26,,20979,38,,,1,65,,20980,38,,,1,25,,20978,38,,,1,26,,20981,38,,,1,66,,20982,38,,,1,25,,20983,38,,,1,66,,20984,38,,,1,31,,20985,38,,,1,65,,20988,38,,,1,26,,20986,38,,,1,25,,20987,38,,,1,65,,20989,38,,,1,25,,20990,38,,,1,65,,20991,38,,,1,25,,20992,38,,,1,65,,20993,38,,,1,25,,20994,38,,,1,25,,20995,38,,,1,65,,20996,38,,,1,25,,20998,38,,,1,66,,20999,38,,,1,25,,21000,38,,,1,25,,20997,38,,,1,65,,20976,38,,,1,25,,20973,38,,,1,64,,20975,38,,,1,23,,20974,38,,,1,67,,20972,38,,,1,28,,20971,38,,,1,83,,20964,38,,,1,35,,20965,38,,,1,72,,20963,38,,,1,29,,20967,38,,,1,79,,20968,38,,,1,90,,20966,38,,,1,90,,20970,38,,,1
2902,'Sunday',714,,21001,38,,,1,35,,21002,38,,,1,78,,21005,38,,,1,76,,21006,38,,,1,35,,21007,38,,,1,75,,21003,38,,,1,36,,21004,38,,,1,75,,21008,38,,,1,35,,21010,38,,,1,75,,21011,38,,,1,75,,21012,38,,,1,35,,21009,38,,,1,76,,21013,38,,,1,35,,21015,38,,,1,75,,21016,38,,,1,76,,21017,38,,,1,35,,21014,38,,,1,75,,21018,38,,,1,35,,21019,38,,,1,75,,21021,38,,,1,75,,21020,38,,,1,33,,21022,38,,,1,75,,21024,38,,,1,32,,21023,38,,,1,75,,21025,38,,,1,34,,21029,38,,,1,90,,21027,38,,,1,90,,21028,38,,,1,90,,21026,38,,,1
2902,'Weekday',614,,21031,38,,,1,32,,21030,47,0,5,1,56,,21066,47,0,5,1,16,,21063,47,0,5,1,17,,21062,47,0,5,1,16,,21059,47,0,5,1,56,,21058,47,0,5,1,16,,21061,47,0,5,1,16,,21060,47,0,5,1,16,,21065,47,0,5,1,55,,21064,47,0,5,1,14,,21068,47,0,5,1,14,,21067,47,0,5,1,18,,21070,47,0,5,1,56,,21069,47,0,5,1,24,,21032,38,,,1,65,,21033,38,,,1,25,,21034,38,,,1,25,,21035,38,,,1,67,,21036,38,,,1,22,,21037,38,,,1,65,,21038,38,,,1,25,,21039,38,,,1,25,,21040,38,,,1,69,,21041,38,,,1,81,,21042,38,,,1,16,,21044,47,0,5,1,7,,21056,25,,,1,7,,21045,47,0,5,1,19,,21071,47,0,5,1,58,,21072,47,0,5,1,18,,21073,47,0,5,1,14,,21057,47,0,5,1,4,,21074,47,0,5,1,58,,21075,47,0,5,1,18,,21076,47,0,5,1,18,,21077,47,0,5,1,58,,21078,47,0,5,1,16,,21079,47,0,5,1,18,,21080,47,0,5,1,16,,21081,47,0,5,1,58,,21082,47,0,5,1,16,,21083,47,0,5,1,17,,21084,47,0,5,1,18,,21085,47,0,5,1,55,,21086,47,0,5,1,17,,21087,47,0,5,1,15,,21043,47,0,5,1,65,,21048,38,,,1,33,,21049,38,,,1,72,,21050,38,,,1,32,,21051,38,,,1,69,,21052,38,,,1,29,,21053,38,,,1,70,,21054,38,,,1,30,,21055,38,,,1,70,,21046,38,,,1,30,,21047,38,,,1
21501,'Weekday',1503,,24482,37,,,1
