901,'Holiday1',804,,16732,15,,,1,104,,16739,15,,,1,107,,16740,15,,,1,105,,16741,15,,,1,105,,16742,15,,,1,105,,16738,15,,,1,106,,16734,15,,,1,105,,16735,15,,,1,107,,16736,15,,,1,107,,16733,15,,,1,146,,16737,15,,,1
901,'Saturday',715,,16743,15,,,1,90,,16744,15,,,1,50,,16745,15,,,1,90,,16746,15,,,1,90,,16747,15,,,1,90,,16748,15,,,1,90,,16749,15,,,1,90,,16750,15,,,1,50,,16751,15,,,1,90,,16752,15,,,1,91,,16753,15,,,1,91,,16754,15,,,1,90,,16755,15,,,1,89,,16756,15,,,1,49,,16757,15,,,1
901,'Sunday',804,,16758,15,,,1,104,,16765,15,,,1,107,,16766,15,,,1,105,,16767,15,,,1,105,,16768,15,,,1,105,,16764,15,,,1,106,,16760,15,,,1,105,,16761,15,,,1,107,,16762,15,,,1,107,,16759,15,,,1,146,,16763,15,,,1
901,'Weekday',516,,16769,15,,,1,34,,16772,15,,,1,74,,16773,15,,,1,34,,16774,15,,,1,63,,16771,15,,,1,79,,16775,15,,,1,36,,16786,15,,,1,85,,16787,15,,,1,88,,16788,15,,,1,42,,16789,15,,,1,87,,16790,15,,,1,86,,16791,15,,,1,83,,16776,15,,,1,43,,16785,15,,,1,72,,16782,15,,,1,35,,16778,15,,,1,78,,16783,15,,,1,75,,16780,15,,,1,35,,16777,15,,,1,75,,16779,15,,,1,37,,16784,15,,,1,74,,16781,15,,,1,75,,16792,15,,,1,39,,16794,15,,,1,81,,16793,15,,,1,85,,16770,15,,,1
2404,'Holiday1',825,,20065,30,,,1,85,,20064,30,,,1,45,,20066,30,,,1,85,,20067,30,,,1,85,,20068,30,,,1,85,,20070,30,,,1,45,,20071,30,,,1,85,,20069,30,,,1,85,,20074,30,,,1,85,,20075,30,,,1,45,,20072,30,,,1,85,,20073,30,,,1,85,,20077,30,,,1,85,,20078,30,,,1,45,,20076,30,,,1
2404,'Saturday',825,,20079,30,,,1,85,,20080,30,,,1,45,,20085,30,,,1,85,,20081,30,,,1,85,,20082,30,,,1,85,,20083,30,,,1,45,,20086,30,,,1,85,,20087,30,,,1,85,,20088,30,,,1,85,,20089,30,,,1,45,,20084,30,,,1,85,,20090,30,,,1,85,,20091,30,,,1,85,,20092,30,,,1,45,,20093,30,,,1
2404,'Sunday',825,,20095,30,,,1,85,,20094,30,,,1,45,,20096,30,,,1,85,,20097,30,,,1,85,,20098,30,,,1,85,,20100,30,,,1,45,,20101,30,,,1,85,,20099,30,,,1,85,,20104,30,,,1,85,,20105,30,,,1,45,,20102,30,,,1,85,,20103,30,,,1,85,,20107,30,,,1,85,,20108,30,,,1,45,,20106,30,,,1
2404,'Weekday',537,,20111,30,,,1,17,,20110,30,,,1,74,,20114,30,,,1,77,,20123,30,,,1,36,,20124,30,,,1,75,,20125,30,,,1,36,,20121,30,,,1,76,,20122,30,,,1,75,,20130,30,,,1,37,,20109,30,,,1,74,,20112,30,,,1,35,,20128,30,,,1,77,,20126,30,,,1,77,,20127,30,,,1,37,,20129,30,,,1,77,,20113,30,,,1,33,,20116,30,,,1,76,,20131,30,,,1,76,,20132,30,,,1,34,,20133,30,,,1,76,,20134,30,,,1,36,,20135,30,,,1,75,,20136,30,,,1,35,,20137,30,,,1,78,,20118,30,,,1,72,,20115,30,,,1,32,,20117,30,,,1,76,,20120,30,,,1,35,,20119,30,,,1
2504,'Weekday',620,,20157,28,,,1,30,,20159,28,,,1,77,,20165,28,,,1,77,,20164,28,,,1,38,,20163,28,,,1,73,,20162,28,,,1,35,,20166,28,,,1,76,,20167,28,,,1,483,,20158,28,,,1,36,,20168,28,,,1,76,,20169,28,,,1,37,,20170,28,,,1,76,,20171,28,,,1,77,,20172,28,,,1,36,,20173,28,,,1,75,,20174,28,,,1,36,,20161,28,,,1,74,,20160,28,,,1
21500,'Weekday',738,,24481,14,,,1
