101,'Weekday',1304,,26870,22,0,7,1,112,,26885,17,0,5 7,1,88,,26874,22,0,7,1
102,'Weekday',853,,27110,56,0,7,1,104,,27112,45,0,5 7,1,91,,27128,45,0,5 7,1,378,,27124,56,0,7,1
300,'Holiday1',714,,27491,12,0,5 7,1,91,,27495,12,0,5 7,1,46,,27497,12,0,5 7,1,90,,27498,12,0,5 7,1,89,,27499,12,0,5 7,1,90,,27500,12,0,5 7,1,89,,27501,12,0,5 7,1,50,,27502,12,0,5 7,1,90,,27503,12,0,5 7,1,90,,27504,12,0,5 7,1,86,,27505,12,0,5 7,1,90,,27507,12,0,5 7,1,90,,27508,12,0,5 7,1,50,,27509,12,0,5 7,1,90,,27506,12,0,5 7,1,89,,27510,12,0,5 7,1
300,'Saturday',729,,27533,12,0,5 7,1,91,,27560,12,0,5 7,1,90,,27561,12,0,5 7,1,90,41,27562,12,0,5 7,1,46,,27563,12,0,5 7,1,91,,27564,12,0,5 7,1,89,,27566,12,0,5 7,1,90,,27567,12,0,5 7,1,90,,27568,12,0,5 7,1,50,,27565,12,0,5 7,1,91,,27569,12,0,5 7,1,90,,27570,12,0,5 7,1,90,,27571,12,0,5 7,1,90,,27572,12,0,5 7,1,90,,27573,12,0,5 7,1
300,'Sunday',714,,27578,12,0,5 7,1,91,,27582,12,0,5 7,1,46,,27584,12,0,5 7,1,90,,27585,12,0,5 7,1,89,,27586,12,0,5 7,1,90,,27587,12,0,5 7,1,89,,27588,12,0,5 7,1,50,,27589,12,0,5 7,1,90,,27590,12,0,5 7,1,90,,27591,12,0,5 7,1,86,,27592,12,0,5 7,1,90,,27594,12,0,5 7,1,90,,27595,12,0,5 7,1,50,,27596,12,0,5 7,1,90,,27593,12,0,5 7,1,89,,27597,12,0,5 7,1
300,'Weekday',727,,27628,12,0,5 7,1,26,,27640,12,0,5 7,1,55,,27637,12,0,5 7,1,29,,27639,12,0,5 7,1,67,,27638,12,0,5 7,1,14,,27629,12,0,5 7,1,31,,27630,12,0,5 7,1,72,,27631,12,0,5 7,1,33,,27680,12,0,5 7,1,71,,27679,12,0,5 7,1,93,,27686,12,0,5 7,1,31,,27681,12,0,5 7,1,70,,27671,12,0,5 7,1,28,,27670,12,0,5 7,1,70,,27668,12,0,5 7,1,28,,27669,12,0,5 7,1,73,,27677,12,0,5 7,1,39,,27676,12,0,5 7,1,69,,27650,12,0,5 7,1,31,,27651,12,0,5 7,1,70,,27652,12,0,5 7,1,32,,27653,12,0,5 7,1,69,,27655,12,0,5 7,1,83,,27656,12,0,5 7,1,30,,27654,12,0,5 7,1,74,,27657,12,0,5 7,1,85,41,27659,12,0,5 7,1
301,'Holiday1',736,,27714,28,0,5 7,1,96,,27691,28,0,5 7,1,96,,27700,28,0,5 7,1,90,,27695,28,0,5 7,1,90,,27701,28,0,5 7,1,50,,27705,28,0,5 7,1,89,,27697,28,0,5 7,1,85,,27698,28,0,5 7,1,90,,27707,28,0,5 7,1,90,,27702,28,0,5 7,1,91,,27696,28,0,5 7,1,50,,27692,28,0,5 7,1,89,,27708,28,0,5 7,1,90,,27709,28,0,5 7,1,90,,27712,28,0,5 7,1,90,,27703,28,0,5 7,1
301,'Saturday',829,,27731,28,0,5 7,1,90,,27757,28,0,5 7,1,90,,27758,28,0,5 7,1,49,,27759,28,0,5 7,1,90,,27760,28,0,5 7,1,92,,27762,28,0,5 7,1,90,,27763,28,0,5 7,1,91,,27761,28,0,5 7,1,90,,27764,28,0,5 7,1,90,,27765,28,0,5 7,1,50,,27766,28,0,5 7,1,88,,27767,28,0,5 7,1,89,,27768,28,0,5 7,1,90,,27769,28,0,5 7,1
301,'Sunday',736,,27799,28,0,5 7,1,96,,27776,28,0,5 7,1,96,,27785,28,0,5 7,1,90,,27780,28,0,5 7,1,90,,27788,28,0,5 7,1,50,,27790,28,0,5 7,1,89,,27782,28,0,5 7,1,85,,27783,28,0,5 7,1,90,,27792,28,0,5 7,1,90,,27786,28,0,5 7,1,91,,27781,28,0,5 7,1,50,,27777,28,0,5 7,1,89,,27793,28,0,5 7,1,90,,27794,28,0,5 7,1,90,,27797,28,0,5 7,1,90,,27787,28,0,5 7,1
301,'Weekday',754,,27825,28,0,5 7,1,54,,27828,28,0,5 7,1,27,,27829,28,0,5 7,1,72,,27833,28,0,5 7,1,35,,27830,28,0,5 7,1,71,,27834,28,0,5 7,1,30,,27878,28,0,5 7,1,72,,27883,28,0,5 7,1,34,,27877,28,0,5 7,1,70,,27879,28,0,5 7,1,30,,27875,28,0,5 7,1,67,,27881,28,0,5 7,1,29,,27837,28,0,5 7,1,69,,27868,28,0,5 7,1,29,,27867,28,0,5 7,1,71,,27866,28,0,5 7,1,29,,27871,28,0,5 7,1,72,,27840,28,0,5 7,1,28,,27841,28,0,5 7,1,70,,27838,28,0,5 7,1,30,,27839,28,0,5 7,1,85,,27842,28,0,5 7,1,30,,27843,28,0,5 7,1,69,,27844,28,0,5 7,1,30,,27845,28,0,5 7,1,70,,27846,28,0,5 7,1,99,,27859,28,0,5 7,1
5703,'Holiday1',915,,36752,36,,,1,30,,36753,36,,,1,70,,36755,36,,,1,30,,36754,36,,,1,70,,36757,36,,,1,30,,36756,36,,,1,70,,36759,36,,,1,30,,36758,36,,,1,74,,36761,36,,,1,26,,36760,36,,,1,72,,36762,36,,,1,28,,36763,36,,,1,73,,36764,36,,,1,27,,36766,36,,,1,73,,36767,36,,,1,28,,36765,36,,,1,73,,36770,36,,,1,27,,36769,36,,,1,73,,36771,36,,,1,26,,36768,36,,,1,73,,36772,36,,,1
5703,'Saturday',544,,36780,36,,,1,70,,36788,36,,,1,30,,36779,36,,,1,70,,36789,36,,,1,30,,36773,36,,,1,70,,36787,36,,,1,30,,36785,36,,,1,71,,36790,36,,,1,29,,36786,36,,,1,71,,36792,36,,,1,29,,36781,36,,,1,71,,36794,36,,,1,29,,36782,36,,,1,71,,36795,36,,,1,29,,36783,36,,,1,71,,36791,36,,,1,29,,36778,36,,,1,70,,36796,36,,,1,30,,36774,36,,,1,71,,36797,36,,,1,29,,36777,36,,,1,71,,36798,36,,,1,29,,36776,36,,,1,72,,36799,36,,,1,28,,36775,36,,,1,72,,36793,36,,,1,28,,36784,36,,,1,71,,36800,36,,,1
5703,'Sunday',915,,36801,36,,,1,30,,36802,36,,,1,70,,36804,36,,,1,30,,36803,36,,,1,70,,36806,36,,,1,30,,36805,36,,,1,70,,36808,36,,,1,30,,36807,36,,,1,74,,36810,36,,,1,26,,36809,36,,,1,72,,36811,36,,,1,28,,36812,36,,,1,73,,36813,36,,,1,27,,36815,36,,,1,73,,36816,36,,,1,28,,36814,36,,,1,73,,36819,36,,,1,27,,36817,36,,,1,73,,36820,36,,,1,26,,36818,36,,,1,73,,36821,36,,,1
5703,'Weekday',521,,36823,36,,,1,30,,36825,36,,,1,62,,36822,36,,,1,25,,36826,36,,,1,66,,36824,36,,,1,26,,36828,36,,,1,23,,36829,36,,,1,68,,36831,36,,,1,23,,36832,36,,,1,74,,36827,36,,,1,26,,36830,36,,,1,64,,36833,36,,,1,30,,36834,36,,,1,65,,36835,36,,,1,26,,36836,36,,,1,74,,36837,36,,,1,30,,36838,36,,,1,70,,36839,36,,,1,30,,36842,36,,,1,71,,36840,36,,,1,33,,36843,36,,,1,66,,36844,36,,,1,25,,36841,36,,,1,18,,36845,36,,,1,75,,36846,36,,,1,19,,36847,36,,,1,66,,36848,36,,,1,25,,36850,36,,,1,18,,36851,36,,,1,67,,36852,36,,,1,26,,36849,36,,,1,71,,36854,36,,,1,29,,36855,36,,,1,66,,36856,36,,,1,29,,36853,36,,,1,70,,36857,36,,,1,30,,36858,36,,,1,70,,36860,36,,,1,28,,36861,36,,,1,71,,36862,36,,,1,22,,36859,36,,,1,74,,36863,36,,,1,17,,36864,36,,,1,22,,36865,36,,,1
