101,'Weekday',1302,,26870,21,0,7,1,111,,26885,16,0,5 7,1,89,,26874,21,0,7,1
102,'Weekday',849,,27110,55,0,7,1,104,,27112,44,0,5 7,1,91,,27128,44,0,5 7,1,378,,27124,55,0,7,1
301,'Holiday1',733,,27714,27,0,5 7,1,70,,27690,27,,,1,26,,27691,27,0,5 7,1,30,,27715,27,,,1,66,,27700,27,0,5 7,1,25,,27717,27,,,1,65,,27695,27,0,5 7,1,25,,27718,27,,,1,65,,27701,27,0,5 7,1,25,,27719,27,,,1,25,,27705,27,0,5 7,1,65,,27716,27,,,1,25,,27697,27,0,5 7,1,65,,27720,27,,,1,20,,27698,27,0,5 7,1,70,,27721,27,,,1,20,,27707,27,0,5 7,1,26,,27722,27,,,1,64,,27702,27,0,5 7,1,26,,27723,27,,,1,65,,27696,27,0,5 7,1,25,,27693,27,,,1,25,,27692,27,0,5 7,1,64,,27704,27,,,1,25,,27708,27,0,5 7,1,63,,27694,27,,,1,27,,27709,27,0,5 7,1,23,,27706,27,,,1,67,,27712,27,0,5 7,1,25,,27699,27,,,1,65,,27703,27,0,5 7,1,24,,27725,27,,,1,25,,27726,27,,,1,64,,27727,27,,,1,25,,27724,27,,,1,64,,27728,27,,,1,24,,27729,27,,,1,65,,27730,27,,,1,24,,27713,27,,,1,25,,27710,27,,,1,65,,27711,27,,,1
301,'Saturday',625,,27732,27,,,1,25,,27734,27,,,1,65,,27735,27,,,1,25,,27736,27,,,1,65,,27737,27,,,1,21,,27731,27,0,5 7,1,25,,27738,27,,,1,65,,27757,27,0,5 7,1,25,,27739,27,,,1,65,,27758,27,0,5 7,1,24,,27740,27,,,1,25,,27759,27,0,5 7,1,65,,27741,27,,,1,25,,27760,27,0,5 7,1,65,,27742,27,,,1,27,,27762,27,0,5 7,1,65,,27743,27,,,1,25,,27763,27,0,5 7,1,25,,27745,27,,,1,66,,27761,27,0,5 7,1,25,,27747,27,,,1,65,,27764,27,0,5 7,1,25,,27749,27,,,1,25,,27765,27,0,5 7,1,65,,27744,27,,,1,25,,27766,27,0,5 7,1,64,,27750,27,,,1,24,,27767,27,0,5 7,1,65,,27746,27,,,1,24,,27768,27,0,5 7,1,25,,27748,27,,,1,65,,27769,27,0,5 7,1,25,,27752,27,,,1,65,,27770,27,,,1,24,,27753,27,,,1,23,,27771,27,,,1,60,,27751,27,,,1,19,,27772,27,,,1,24,,27754,27,,,1,61,,27773,27,,,1,25,,27755,27,,,1,65,,27774,27,,,1,25,,27756,27,,,1,25,,27733,27,,,1
301,'Sunday',733,,27799,27,0,5 7,1,70,,27775,27,,,1,26,,27776,27,0,5 7,1,30,,27800,27,,,1,66,,27785,27,0,5 7,1,25,,27802,27,,,1,65,,27780,27,0,5 7,1,25,,27803,27,,,1,65,,27788,27,0,5 7,1,25,,27804,27,,,1,25,,27790,27,0,5 7,1,65,,27801,27,,,1,25,,27782,27,0,5 7,1,65,,27805,27,,,1,20,,27783,27,0,5 7,1,70,,27806,27,,,1,20,,27792,27,0,5 7,1,26,,27807,27,,,1,64,,27786,27,0,5 7,1,26,,27808,27,,,1,65,,27781,27,0,5 7,1,25,,27778,27,,,1,25,,27777,27,0,5 7,1,64,,27789,27,,,1,25,,27793,27,0,5 7,1,63,,27779,27,,,1,27,,27794,27,0,5 7,1,23,,27791,27,,,1,67,,27797,27,0,5 7,1,25,,27784,27,,,1,65,,27787,27,0,5 7,1,24,,27810,27,,,1,25,,27811,27,,,1,64,,27812,27,,,1,25,,27809,27,,,1,64,,27813,27,,,1,24,,27814,27,,,1,65,,27815,27,,,1,24,,27798,27,,,1,25,,27795,27,,,1,65,,27796,27,,,1
301,'Weekday',433,,27885,27,,,1,15,,27887,27,,,1,55,,27865,27,,,1,15,,27817,27,,,1,15,,27818,27,,,1,15,,27816,27,,,1,55,,27886,27,,,1,15,,27819,27,,,1,15,,27820,27,,,1,15,,27822,27,,,1,54,,27823,27,,,1,15,,27821,27,,,1,19,,27824,27,,,1,15,,27825,27,0,5 7,1,54,,27828,27,0,5 7,1,15,,27831,27,,,1,12,,27829,27,0,5 7,1,16,,27826,27,,,1,56,,27833,27,0,5 7,1,12,,27832,27,,,1,23,,27830,27,0,5 7,1,16,,27827,27,,,1,55,,27834,27,0,5 7,1,15,,27882,27,,,1,15,,27878,27,0,5 7,1,19,,27876,27,,,1,53,,27883,27,0,5 7,1,18,,27873,27,,,1,16,,27877,27,0,5 7,1,55,,27874,27,,,1,15,,27879,27,0,5 7,1,16,,27872,27,,,1,14,,27875,27,0,5 7,1,13,,27884,27,,,1,54,,27881,27,0,5 7,1,18,,27880,27,,,1,11,,27837,27,0,5 7,1,15,,27869,27,,,1,54,,27868,27,0,5 7,1,14,,27835,27,,,1,15,,27867,27,0,5 7,1,15,,27870,27,,,1,56,,27866,27,0,5 7,1,15,,27836,27,,,1,14,,27871,27,0,5 7,1,16,,27847,27,,,1,56,,27840,27,0,5 7,1,14,,27848,27,,,1,14,,27841,27,0,5 7,1,15,,27849,27,,,1,55,,27838,27,0,5 7,1,15,,27851,27,,,1,15,,27839,27,0,5 7,1,15,,27852,27,,,1,55,,27853,27,,,1,15,,27842,27,0,5 7,1,15,,27850,27,,,1,15,,27843,27,0,5 7,1,55,,27854,27,,,1,15,,27844,27,0,5 7,1,15,,27856,27,,,1,15,,27845,27,0,5 7,1,53,,27857,27,,,1,17,,27846,27,0,5 7,1,30,,27858,27,,,1,69,,27859,27,0,5 7,1,29,,27855,27,,,1,68,,27862,27,,,1,30,,27863,27,,,1,70,,27861,27,,,1,30,,27860,27,,,1,70,,27864,27,,,1
5703,'Holiday1',911,,36752,35,,,1,30,,36753,35,,,1,70,,36755,35,,,1,30,,36754,35,,,1,70,,36757,35,,,1,30,,36756,35,,,1,70,,36759,35,,,1,30,,36758,35,,,1,74,,36761,35,,,1,26,,36760,35,,,1,72,,36762,35,,,1,28,,36763,35,,,1,73,,36764,35,,,1,27,,36766,35,,,1,73,,36767,35,,,1,28,,36765,35,,,1,73,,36770,35,,,1,27,,36769,35,,,1,73,,36771,35,,,1,26,,36768,35,,,1,73,,36772,35,,,1
5703,'Saturday',540,,36780,35,,,1,70,,36788,35,,,1,30,,36779,35,,,1,70,,36789,35,,,1,30,,36773,35,,,1,70,,36787,35,,,1,30,,36785,35,,,1,71,,36790,35,,,1,29,,36786,35,,,1,71,,36792,35,,,1,29,,36781,35,,,1,71,,36794,35,,,1,29,,36782,35,,,1,71,,36795,35,,,1,29,,36783,35,,,1,71,,36791,35,,,1,29,,36778,35,,,1,70,,36796,35,,,1,30,,36774,35,,,1,71,,36797,35,,,1,29,,36777,35,,,1,71,,36798,35,,,1,29,,36776,35,,,1,72,,36799,35,,,1,28,,36775,35,,,1,72,,36793,35,,,1,28,,36784,35,,,1,71,,36800,35,,,1
5703,'Sunday',911,,36801,35,,,1,30,,36802,35,,,1,70,,36804,35,,,1,30,,36803,35,,,1,70,,36806,35,,,1,30,,36805,35,,,1,70,,36808,35,,,1,30,,36807,35,,,1,74,,36810,35,,,1,26,,36809,35,,,1,72,,36811,35,,,1,28,,36812,35,,,1,73,,36813,35,,,1,27,,36815,35,,,1,73,,36816,35,,,1,28,,36814,35,,,1,73,,36819,35,,,1,27,,36817,35,,,1,73,,36820,35,,,1,26,,36818,35,,,1,73,,36821,35,,,1
5703,'Weekday',518,,36823,35,,,1,30,,36825,35,,,1,62,,36822,35,,,1,25,,36826,35,,,1,66,,36824,35,,,1,26,,36828,35,,,1,23,,36829,35,,,1,68,,36831,35,,,1,23,,36832,35,,,1,74,,36827,35,,,1,26,,36830,35,,,1,64,,36833,35,,,1,30,,36834,35,,,1,65,,36835,35,,,1,26,,36836,35,,,1,74,,36837,35,,,1,30,,36838,35,,,1,70,,36839,35,,,1,30,,36842,35,,,1,71,,36840,35,,,1,33,,36843,35,,,1,66,,36844,35,,,1,25,,36841,35,,,1,18,,36845,35,,,1,75,,36846,35,,,1,19,,36847,35,,,1,66,,36848,35,,,1,25,,36850,35,,,1,18,,36851,35,,,1,67,,36852,35,,,1,26,,36849,35,,,1,71,,36854,35,,,1,29,,36855,35,,,1,66,,36856,35,,,1,29,,36853,35,,,1,70,,36857,35,,,1,30,,36858,35,,,1,70,,36860,35,,,1,28,,36861,35,,,1,71,,36862,35,,,1,22,,36859,35,,,1,34,,36863,35,,,1,57,,36864,35,,,1,22,,36865,35,,,1
