'251222-MULTI-Holiday1-02',1503,71900,4,'',1,3400,4,'',1,8000,4,'',1,7000,4,'',1,3000,4,'',1,7000,4,'',1,3000,4,'',1,7000,4,'',1,3000,4,'',1,7000,4,'',1,3000,4,'',1,7000,4,'',1,3000,4,'',1,7000,4,'',1,3000,4,'',1,7000,4,'',1,3000,4,'',1,7000,4,'',1,3000,4,'',1,7000,4,'',1,3000,4,'',1,7000,4,'',1,3000,4,'',1,7000,4,'',1,3000,4,'',1,7000,4,'',1,3000,4,'',1,7000,4,'',1,3000,4,'',1,7000,4,'',1,3000,4,'',1,7000,4,'',1,3000,4,'',1,7000,4,'',1
'251222-MULTI-Holiday1-02',1504,65300,,'',1,7000,,'',1,3100,,'',1,6900,,'',1,3000,,'',1,7000,,'',1,3000,,'',1,7000,,'',1,3000,,'',1,7000,,'',1,3000,,'',1,7000,,'',1,3000,,'',1,7000,,'',1,3000,,'',1,7000,,'',1,3000,,'',1,7000,,'',1,3000,,'',1,7000,,'',1,3000,,'',1,7000,,'',1,3000,,'',1,7000,,'',1,3000,,'',1,7000,,'',1,3000,,'',1,7000,,'',1,3000,,'',1,7000,,'',1,3000,,'',1,7000,,'',1,3000,,'',1,7000,,'',1,3000,0,'Terminal',1,7000,0,'Terminal',1
'251222-MULTI-Holiday2-02',1503,55300,4,'',1,8000,4,'',1,2200,4,'',1,6200,4,'',1,2200,4,'',1,6200,4,'',1,2200,4,'',1,2200,4,'',1,6200,4,'',1,2200,4,'',1,2200,4,'',1,6200,4,'',1,2200,4,'',1,2200,4,'',1,6200,4,'',1,2200,4,'',1,6200,4,'',1,2200,4,'',1,2200,4,'',1,6200,4,'',1,2200,4,'',1,2200,4,'',1,6200,4,'',1,2200,4,'',1,2200,4,'',1,6200,4,'',1,2200,4,'',1,6200,4,'',1,2200,4,'',1,2200,4,'',1,6200,4,'',1,2200,4,'',1,2200,4,'',1,6200,4,'',1,2200,4,'',1,6200,4,'',1,2200,4,'',1,2200,4,'',1,6200,4,'',1,2200,4,'',1,2200,4,'',1,6200,4,'',1,2200,4,'',1,2200,4,'',1,6200,4,'',1,2200,4,'',1,6200,4,'',1,2200,4,'',1,2200,4,'',1,6200,4,'',1,2200,4,'',1,2500,4,'',1
'251222-MULTI-Holiday2-02',1504,55900,,'',1,6200,,'',1,2200,,'',1,6200,,'',1,2200,,'',1,2200,,'',1,6200,,'',1,2200,,'',1,2200,,'',1,6200,,'',1,2200,,'',1,6200,,'',1,2200,,'',1,2200,,'',1,6200,,'',1,2200,,'',1,2200,,'',1,6200,,'',1,2200,,'',1,2200,,'',1,6200,,'',1,2200,,'',1,6200,,'',1,2200,,'',1,2200,,'',1,6200,,'',1,2200,,'',1,2200,,'',1,6200,,'',1,2200,,'',1,2200,,'',1,6200,,'',1,2200,,'',1,6200,,'',1,2200,,'',1,2200,,'',1,6200,,'',1,2200,,'',1,2200,,'',1,6200,,'',1,2200,,'',1,6200,,'',1,2200,,'',1,2200,,'',1,6200,,'',1,2200,,'',1,2200,,'',1,6200,,'',1,2200,,'',1,2200,,'',1,6600,,'',1,2100,0,'Terminal',1
'251222-MULTI-Saturday-01',1503,55300,4,'',1,8000,4,'',1,2200,4,'',1,6200,4,'',1,2200,4,'',1,6200,4,'',1,2200,4,'',1,2200,4,'',1,6200,4,'',1,2200,4,'',1,2200,4,'',1,6200,4,'',1,2200,4,'',1,2200,4,'',1,6200,4,'',1,2200,4,'',1,6200,4,'',1,2200,4,'',1,2200,4,'',1,6200,4,'',1,2200,4,'',1,2200,4,'',1,6200,4,'',1,2200,4,'',1,2200,4,'',1,6200,4,'',1,2200,4,'',1,6200,4,'',1,2200,4,'',1,2200,4,'',1,6200,4,'',1,2200,4,'',1,2200,4,'',1,6200,4,'',1,2200,4,'',1,6200,4,'',1,2200,4,'',1,2200,4,'',1,6200,4,'',1,2200,4,'',1,2200,4,'',1,6200,4,'',1,2200,4,'',1,2200,4,'',1,6200,4,'',1,2200,4,'',1,6200,4,'',1,2200,4,'',1,2200,4,'',1,6200,4,'',1,2200,4,'',1,2500,4,'',1
'251222-MULTI-Saturday-01',1504,55900,,'',1,6200,,'',1,2200,,'',1,6200,,'',1,2200,,'',1,2200,,'',1,6200,,'',1,2200,,'',1,2200,,'',1,6200,,'',1,2200,,'',1,6200,,'',1,2200,,'',1,2200,,'',1,6200,,'',1,2200,,'',1,2200,,'',1,6200,,'',1,2200,,'',1,2200,,'',1,6200,,'',1,2200,,'',1,6200,,'',1,2200,,'',1,2200,,'',1,6200,,'',1,2200,,'',1,2200,,'',1,6200,,'',1,2200,,'',1,2200,,'',1,6200,,'',1,2200,,'',1,6200,,'',1,2200,,'',1,2200,,'',1,6200,,'',1,2200,,'',1,2200,,'',1,6200,,'',1,2200,,'',1,6200,,'',1,2200,,'',1,2200,,'',1,6200,,'',1,2200,,'',1,2200,,'',1,6200,,'',1,2200,,'',1,2200,,'',1,6600,,'',1,2100,0,'Terminal',1
'251222-MULTI-Sunday-01',1503,71900,4,'',1,3400,4,'',1,8000,4,'',1,7000,4,'',1,3000,4,'',1,7000,4,'',1,3000,4,'',1,7000,4,'',1,3000,4,'',1,7000,4,'',1,3000,4,'',1,7000,4,'',1,3000,4,'',1,7000,4,'',1,3000,4,'',1,7000,4,'',1,3000,4,'',1,7000,4,'',1,3000,4,'',1,7000,4,'',1,3000,4,'',1,7000,4,'',1,3000,4,'',1,7000,4,'',1,3000,4,'',1,7000,4,'',1,3000,4,'',1,7000,4,'',1,3000,4,'',1,7000,4,'',1,3000,4,'',1,7000,4,'',1,3000,4,'',1,7000,4,'',1
'251222-MULTI-Sunday-01',1504,65300,,'',1,7000,,'',1,3100,,'',1,6900,,'',1,3000,,'',1,7000,,'',1,3000,,'',1,7000,,'',1,3000,,'',1,7000,,'',1,3000,,'',1,7000,,'',1,3000,,'',1,7000,,'',1,3000,,'',1,7000,,'',1,3000,,'',1,7000,,'',1,3000,,'',1,7000,,'',1,3000,,'',1,7000,,'',1,3000,,'',1,7000,,'',1,3000,,'',1,7000,,'',1,3000,,'',1,7000,,'',1,3000,,'',1,7000,,'',1,3000,,'',1,7000,,'',1,3000,,'',1,7000,,'',1,3000,0,'Terminal',1,7000,0,'Terminal',1
'251222-MULTI-Weekday-01',1503,44600,4,'',1,6600,4,'',1,3500,4,'',1,6000,4,'',1,2900,4,'',1,7000,4,'',1,1300,4,'',1,2000,4,'',1,6500,4,'',1,1400,4,'',1,1700,4,'',1,6700,4,'',1,1600,4,'',1,2000,4,'',1,2000,4,'',1,7100,4,'',1,7600,4,'',1,3200,4,'',1,2000,4,'',1,6900,4,'',1,3200,4,'',1,7500,4,'',1,2300,4,'',1,6900,4,'',1,7500,4,'',1,3000,4,'',1,7000,4,'',1,2900,4,'',1,2800,4,'',1,4800,4,'',1,3100,4,'',1,1700,4,'',1,4800,4,'',1,2700,4,'',1,2200,4,'',1,5200,4,'',1,2500,4,'',1,2200,4,'',1,600,4,'',1,6800,4,'',1,3000,4,'',1,6200,4,'',1,2200,4,'',1,7500,4,'',1,3300,4,'',1,6600,4,'',1,2400,4,'',1,7000,4,'',1,2800,4,'',1,6900,4,'',1,9900,4,'',1
'251222-MULTI-Weekday-01',1504,45100,,'',1,6900,,'',1,1800,,'',1,1500,,'',1,6300,,'',1,1500,,'',1,1200,,'',1,7100,,'',1,1200,,'',1,2400,,'',1,6100,,'',1,3100,,'',1,6500,,'',1,1800,,'',1,8300,,'',1,2900,,'',1,7200,,'',1,3600,,'',1,5900,,'',1,3000,,'',1,7100,,'',1,3500,,'',1,6300,,'',1,3000,,'',1,2600,,'',1,4900,,'',1,2900,,'',1,2200,,'',1,4800,,'',1,2700,,'',1,2500,,'',1,5200,,'',1,2800,,'',1,6100,,'',1,900,,'',1,2500,,'',1,1800,0,'Terminal',1,5800,,'',1,1800,,'',1,2400,,'',1,4900,0,'Terminal',1,2700,,'',1,7200,,'',1,2800,,'',1,2200,,'',1,7000,,'',1,2900,,'',1,7100,,'',1,3000,,'',1,7000,,'',1,3000,,'',1,7000,,'',1,8500,0,'Terminal',1
'251229-MULTI-Holiday1-02',1503,71900,4,'',1,3400,4,'',1,8000,4,'',1,7000,4,'',1,3000,4,'',1,7000,4,'',1,3000,4,'',1,7000,4,'',1,3000,4,'',1,7000,4,'',1,3000,4,'',1,7000,4,'',1,3000,4,'',1,7000,4,'',1,3000,4,'',1,7000,4,'',1,3000,4,'',1,7000,4,'',1,3000,4,'',1,7000,4,'',1,3000,4,'',1,7000,4,'',1,3000,4,'',1,7000,4,'',1,3000,4,'',1,7000,4,'',1,3000,4,'',1,7000,4,'',1,3000,4,'',1,7000,4,'',1,3000,4,'',1,7000,4,'',1,3000,4,'',1,7000,4,'',1
'251229-MULTI-Holiday1-02',1504,65300,,'',1,7000,,'',1,3100,,'',1,6900,,'',1,3000,,'',1,7000,,'',1,3000,,'',1,7000,,'',1,3000,,'',1,7000,,'',1,3000,,'',1,7000,,'',1,3000,,'',1,7000,,'',1,3000,,'',1,7000,,'',1,3000,,'',1,7000,,'',1,3000,,'',1,7000,,'',1,3000,,'',1,7000,,'',1,3000,,'',1,7000,,'',1,3000,,'',1,7000,,'',1,3000,,'',1,7000,,'',1,3000,,'',1,7000,,'',1,3000,,'',1,7000,,'',1,3000,,'',1,7000,,'',1,3000,0,'Terminal',1,7000,0,'Terminal',1
'251229-MULTI-Holiday3-04',1503,44600,4,'',1,6600,4,'',1,3500,4,'',1,6000,4,'',1,2900,4,'',1,7000,4,'',1,1300,4,'',1,2000,4,'',1,6500,4,'',1,1400,4,'',1,1700,4,'',1,6700,4,'',1,1600,4,'',1,2000,4,'',1,2000,4,'',1,7100,4,'',1,7600,4,'',1,3200,4,'',1,2000,4,'',1,6900,4,'',1,3200,4,'',1,7500,4,'',1,2300,4,'',1,6900,4,'',1,7500,4,'',1,3000,4,'',1,7000,4,'',1,2900,4,'',1,2800,4,'',1,4800,4,'',1,3100,4,'',1,1700,4,'',1,4800,4,'',1,2700,4,'',1,2200,4,'',1,5200,4,'',1,2500,4,'',1,2200,4,'',1,600,4,'',1,6800,4,'',1,3000,4,'',1,6200,4,'',1,2200,4,'',1,7500,4,'',1,3300,4,'',1,6600,4,'',1,2400,4,'',1,7000,4,'',1,2800,4,'',1,6900,4,'',1,9900,4,'',1
'251229-MULTI-Holiday3-04',1504,45100,,'',1,6900,,'',1,1800,,'',1,1500,,'',1,6300,,'',1,1500,,'',1,1200,,'',1,7100,,'',1,1200,,'',1,2400,,'',1,6100,,'',1,3100,,'',1,6500,,'',1,1800,,'',1,8300,,'',1,2900,,'',1,7200,,'',1,3600,,'',1,5900,,'',1,3000,,'',1,7100,,'',1,3500,,'',1,6300,,'',1,3000,,'',1,2600,,'',1,4900,,'',1,2900,,'',1,2200,,'',1,4800,,'',1,2700,,'',1,2500,,'',1,5200,,'',1,2800,,'',1,6100,,'',1,900,,'',1,2500,,'',1,1800,0,'Terminal',1,5800,,'',1,1800,,'',1,2400,,'',1,4900,0,'Terminal',1,2700,,'',1,7200,,'',1,2800,,'',1,2200,,'',1,7000,,'',1,2900,,'',1,7100,,'',1,3000,,'',1,7000,,'',1,3000,,'',1,7000,,'',1,8500,0,'Terminal',1
'251229-MULTI-Saturday-01',1503,55300,4,'',1,8000,4,'',1,2200,4,'',1,6200,4,'',1,2200,4,'',1,6200,4,'',1,2200,4,'',1,2200,4,'',1,6200,4,'',1,2200,4,'',1,2200,4,'',1,6200,4,'',1,2200,4,'',1,2200,4,'',1,6200,4,'',1,2200,4,'',1,6200,4,'',1,2200,4,'',1,2200,4,'',1,6200,4,'',1,2200,4,'',1,2200,4,'',1,6200,4,'',1,2200,4,'',1,2200,4,'',1,6200,4,'',1,2200,4,'',1,6200,4,'',1,2200,4,'',1,2200,4,'',1,6200,4,'',1,2200,4,'',1,2200,4,'',1,6200,4,'',1,2200,4,'',1,6200,4,'',1,2200,4,'',1,2200,4,'',1,6200,4,'',1,2200,4,'',1,2200,4,'',1,6200,4,'',1,2200,4,'',1,2200,4,'',1,6200,4,'',1,2200,4,'',1,6200,4,'',1,2200,4,'',1,2200,4,'',1,6200,4,'',1,2200,4,'',1,2500,4,'',1
'251229-MULTI-Saturday-01',1504,55900,,'',1,6200,,'',1,2200,,'',1,6200,,'',1,2200,,'',1,2200,,'',1,6200,,'',1,2200,,'',1,2200,,'',1,6200,,'',1,2200,,'',1,6200,,'',1,2200,,'',1,2200,,'',1,6200,,'',1,2200,,'',1,2200,,'',1,6200,,'',1,2200,,'',1,2200,,'',1,6200,,'',1,2200,,'',1,6200,,'',1,2200,,'',1,2200,,'',1,6200,,'',1,2200,,'',1,2200,,'',1,6200,,'',1,2200,,'',1,2200,,'',1,6200,,'',1,2200,,'',1,6200,,'',1,2200,,'',1,2200,,'',1,6200,,'',1,2200,,'',1,2200,,'',1,6200,,'',1,2200,,'',1,6200,,'',1,2200,,'',1,2200,,'',1,6200,,'',1,2200,,'',1,2200,,'',1,6200,,'',1,2200,,'',1,2200,,'',1,6600,,'',1,2100,0,'Terminal',1
'251229-MULTI-Sunday-01',1503,71900,4,'',1,3400,4,'',1,8000,4,'',1,7000,4,'',1,3000,4,'',1,7000,4,'',1,3000,4,'',1,7000,4,'',1,3000,4,'',1,7000,4,'',1,3000,4,'',1,7000,4,'',1,3000,4,'',1,7000,4,'',1,3000,4,'',1,7000,4,'',1,3000,4,'',1,7000,4,'',1,3000,4,'',1,7000,4,'',1,3000,4,'',1,7000,4,'',1,3000,4,'',1,7000,4,'',1,3000,4,'',1,7000,4,'',1,3000,4,'',1,7000,4,'',1,3000,4,'',1,7000,4,'',1,3000,4,'',1,7000,4,'',1,3000,4,'',1,7000,4,'',1
'251229-MULTI-Sunday-01',1504,65300,,'',1,7000,,'',1,3100,,'',1,6900,,'',1,3000,,'',1,7000,,'',1,3000,,'',1,7000,,'',1,3000,,'',1,7000,,'',1,3000,,'',1,7000,,'',1,3000,,'',1,7000,,'',1,3000,,'',1,7000,,'',1,3000,,'',1,7000,,'',1,3000,,'',1,7000,,'',1,3000,,'',1,7000,,'',1,3000,,'',1,7000,,'',1,3000,,'',1,7000,,'',1,3000,,'',1,7000,,'',1,3000,,'',1,7000,,'',1,3000,,'',1,7000,,'',1,3000,,'',1,7000,,'',1,3000,0,'Terminal',1,7000,0,'Terminal',1
'251229-MULTI-Weekday-01',1503,44600,4,'',1,6600,4,'',1,3500,4,'',1,6000,4,'',1,2900,4,'',1,7000,4,'',1,1300,4,'',1,2000,4,'',1,6500,4,'',1,1400,4,'',1,1700,4,'',1,6700,4,'',1,1600,4,'',1,2000,4,'',1,2000,4,'',1,7100,4,'',1,7600,4,'',1,3200,4,'',1,2000,4,'',1,6900,4,'',1,3200,4,'',1,7500,4,'',1,2300,4,'',1,6900,4,'',1,7500,4,'',1,3000,4,'',1,7000,4,'',1,2900,4,'',1,2800,4,'',1,4800,4,'',1,3100,4,'',1,1700,4,'',1,4800,4,'',1,2700,4,'',1,2200,4,'',1,5200,4,'',1,2500,4,'',1,2200,4,'',1,600,4,'',1,6800,4,'',1,3000,4,'',1,6200,4,'',1,2200,4,'',1,7500,4,'',1,3300,4,'',1,6600,4,'',1,2400,4,'',1,7000,4,'',1,2800,4,'',1,6900,4,'',1,9900,4,'',1
'251229-MULTI-Weekday-01',1504,45100,,'',1,6900,,'',1,1800,,'',1,1500,,'',1,6300,,'',1,1500,,'',1,1200,,'',1,7100,,'',1,1200,,'',1,2400,,'',1,6100,,'',1,3100,,'',1,6500,,'',1,1800,,'',1,8300,,'',1,2900,,'',1,7200,,'',1,3600,,'',1,5900,,'',1,3000,,'',1,7100,,'',1,3500,,'',1,6300,,'',1,3000,,'',1,2600,,'',1,4900,,'',1,2900,,'',1,2200,,'',1,4800,,'',1,2700,,'',1,2500,,'',1,5200,,'',1,2800,,'',1,6100,,'',1,900,,'',1,2500,,'',1,1800,0,'Terminal',1,5800,,'',1,1800,,'',1,2400,,'',1,4900,0,'Terminal',1,2700,,'',1,7200,,'',1,2800,,'',1,2200,,'',1,7000,,'',1,2900,,'',1,7100,,'',1,3000,,'',1,7000,,'',1,3000,,'',1,7000,,'',1,8500,0,'Terminal',1
