204,'Holiday1',718,,27333,26,,,1,33,,27336,26,,,1,73,,27338,26,,,1,33,,27335,26,,,1,74,,27339,26,,,1,73,,27337,26,,,1,33,,27340,26,,,1,73,,27341,26,,,1,33,,27342,26,,,1,74,,27343,26,,,1,33,,27345,26,,,1,73,,27346,26,,,1,33,,27347,26,,,1,73,,27344,26,,,1,73,,27349,26,,,1,33,,27350,26,,,1,73,,27351,26,,,1,33,,27348,26,,,1,73,,27363,26,,,1,33,,27359,26,,,1,72,,27362,26,,,1,33,,27358,26,,,1,72,,27361,26,,,1,33,,27360,26,,,1,72,,27356,26,,,1,72,,27355,26,,,1,33,,27357,26,,,1,73,,27352,26,,,1,32,,27354,26,,,1,73,,27353,26,,,1,33,,27334,26,,,1
204,'Saturday',625,,27364,26,,,1,27,,27402,26,,,1,75,,27399,26,,,1,29,,27398,26,,,1,72,,27401,26,,,1,30,,27400,26,,,1,71,,27397,26,,,1,30,,27396,26,,,1,70,,27392,26,,,1,30,,27395,26,,,1,71,,27394,26,,,1,70,,27403,26,,,1,31,,27393,26,,,1,70,,27391,26,,,1,31,,27387,26,,,1,70,,27386,26,,,1,30,,27390,26,,,1,70,,27389,26,,,1,30,,27388,26,,,1,70,,27385,26,,,1,30,,27384,26,,,1,71,,27380,26,,,1,29,,27383,26,,,1,70,,27378,26,,,1,28,,27382,26,,,1,70,,27381,26,,,1,28,,27379,26,,,1,30,,27377,26,,,1,68,,27375,26,,,1,30,,27374,26,,,1,70,,27373,26,,,1,30,,27376,26,,,1,69,,27369,26,,,1,30,,27370,26,,,1,70,,27372,26,,,1,30,,27371,26,,,1,70,,27367,26,,,1,30,,27368,26,,,1
204,'Sunday',718,,27404,26,,,1,33,,27407,26,,,1,73,,27409,26,,,1,33,,27406,26,,,1,74,,27410,26,,,1,73,,27408,26,,,1,33,,27411,26,,,1,73,,27412,26,,,1,33,,27413,26,,,1,74,,27414,26,,,1,33,,27416,26,,,1,73,,27417,26,,,1,33,,27418,26,,,1,73,,27415,26,,,1,73,,27420,26,,,1,33,,27421,26,,,1,73,,27422,26,,,1,33,,27419,26,,,1,73,,27434,26,,,1,33,,27430,26,,,1,72,,27433,26,,,1,33,,27429,26,,,1,72,,27432,26,,,1,33,,27431,26,,,1,72,,27427,26,,,1,72,,27426,26,,,1,33,,27428,26,,,1,73,,27423,26,,,1,32,,27425,26,,,1,73,,27424,26,,,1,33,,27405,26,,,1
204,'Weekday',456,,27489,26,,,1,62,,27488,26,,,1,22,,27487,26,,,1,16,,27485,26,,,1,70,,27484,26,,,1,22,,27483,26,,,1,59,,27479,26,,,1,22,,27490,26,,,1,19,,27482,26,,,1,66,,27477,26,,,1,28,,27481,26,,,1,60,,27486,26,,,1,21,,27480,26,,,1,22,,27475,26,,,1,62,,27478,26,,,1,25,,27476,26,,,1,21,,27474,26,,,1,60,,27473,26,,,1,18,,27472,26,,,1,27,,27471,26,,,1,64,,27467,26,,,1,22,,27470,26,,,1,56,,27469,26,,,1,16,,27468,26,,,1,29,,27466,26,,,1,67,,27465,26,,,1,20,,27464,26,,,1,15,,27463,26,,,1,59,,27462,26,,,1,28,,27461,26,,,1,24,,27457,26,,,1,64,,27456,26,,,1,17,,27460,26,,,1,64,,27459,26,,,1,27,,27458,26,,,1,25,,27455,26,,,1,63,,27451,26,,,1,21,,27454,26,,,1,64,,27453,26,,,1,25,,27452,26,,,1,26,,27450,26,,,1,60,,27449,26,,,1,20,,27448,26,,,1,22,,27447,26,,,1,58,,27446,26,,,1,19,,27442,26,,,1,23,,27445,26,,,1,60,,27444,26,,,1,22,,27443,26,,,1,74,,27441,26,,,1,31,,27440,26,,,1,70,,27439,26,,,1,28,,27438,26,,,1
2404,'Holiday1',832,,33262,41,,,1,85,,33261,41,,,1,85,,33263,41,,,1,45,,33264,41,,,1,85,,33265,41,,,1,85,,33267,41,,,1,85,,33268,41,,,1,45,,33266,41,,,1,85,,33271,41,,,1,85,,33272,41,,,1,85,,33269,41,,,1,45,,33270,41,,,1,85,,33274,41,,,1,85,,33275,41,,,1,85,,33273,41,,,1
2404,'Saturday',832,,33276,41,,,1,85,,33277,41,,,1,85,,33282,41,,,1,45,,33278,41,,,1,85,,33279,41,,,1,85,,33280,41,,,1,85,,33283,41,,,1,45,,33284,41,,,1,85,,33285,41,,,1,85,,33286,41,,,1,85,,33281,41,,,1,45,,33287,41,,,1,85,,33288,41,,,1,85,,33289,41,,,1,85,,33290,41,,,1
2404,'Sunday',832,,33292,41,,,1,85,,33291,41,,,1,85,,33293,41,,,1,45,,33294,41,,,1,85,,33295,41,,,1,85,,33297,41,,,1,85,,33298,41,,,1,45,,33296,41,,,1,85,,33301,41,,,1,85,,33302,41,,,1,85,,33299,41,,,1,45,,33300,41,,,1,85,,33304,41,,,1,85,,33305,41,,,1,85,,33303,41,,,1
2404,'Weekday',543,,33308,41,,,1,57,,33307,41,,,1,34,,33311,41,,,1,77,,33320,41,,,1,36,,33321,41,,,1,75,,33322,41,,,1,36,,33318,41,,,1,76,,33319,41,,,1,75,,33327,41,,,1,37,,33306,41,,,1,74,,33309,41,,,1,35,,33325,41,,,1,77,,33323,41,,,1,77,,33324,41,,,1,37,,33326,41,,,1,77,,33310,41,,,1,33,,33313,41,,,1,77,,33328,41,,,1,76,,33329,41,,,1,34,,33330,41,,,1,75,,33331,41,,,1,36,,33332,41,,,1,75,,33333,41,,,1,75,,33334,41,,,1,38,,33315,41,,,1,72,,33312,41,,,1,32,,33314,41,,,1,76,,33317,41,,,1,35,,33316,41,,,1
2504,'Weekday',626,,33354,37,,,1,30,,33356,37,,,1,77,,33362,37,,,1,77,,33361,37,,,1,38,,33359,37,,,1,73,,33360,37,,,1,35,,33363,37,,,1,76,,33364,37,,,1,483,,33355,37,,,1,36,,33365,37,,,1,76,,33366,37,,,1,77,,33367,37,,,1,36,,33368,37,,,1,77,,33369,37,,,1,36,,33370,37,,,1,74,,33371,37,,,1,76,,33358,37,,,1,34,,33357,37,,,1
50204,'Holiday1',749,,38641,5,,,1,60,,38599,5,,,1,20,,38598,5,,,1,20,,38594,5,,,1,60,,38595,5,,,1,20,,38596,5,,,1,19,,38597,6,,,1,61,,38600,6,,,1,19,,38601,6,,,1,22,,38587,6,,,1,60,,38585,6,,,1,15,,38608,6,,,1,15,,38604,6,,,1,15,,38609,6,,,1,57,,38610,6,,,1,17,,38612,6,,,1,17,,38607,6,,,1,55,,38611,6,,,1,15,,38613,6,,,1,15,,38603,6,,,1,15,,38606,6,,,1,13,,38602,6,,,1,53,,38605,6,,,1,12,,38636,6,,,1,12,,38637,6,,,1,12,,38635,6,,,1,52,,38634,6,,,1,12,,38633,6,,,1,12,,38639,6,,,1,12,,38632,6,,,1,12,,38631,6,,,1,52,,38628,6,,,1,12,,38627,6,,,1,12,,38638,6,,,1,12,,38630,6,,,1,12,,38629,6,,,1,52,,38626,6,,,1,12,,38625,6,,,1,12,,38624,6,,,1,12,,38620,6,,,1,12,,38623,6,,,1,52,,38622,6,,,1,11,,38621,6,,,1,12,,38617,6,,,1,12,,38616,6,,,1,12,,38619,6,,,1,12,,38618,6,,,1,53,,38615,6,,,1,14,,38586,6,,,1,12,,38642,6,,,1,13,,38589,6,,,1,54,,38614,6,,,1,14,,38588,6,,,1,17,,38590,6,,,1,21,,38592,6,,,1,60,,38593,6,,,1,20,,38591,6,,,1,20,,38640,6,,,1
50204,'Saturday',653,,38689,5,,,1,52,,38669,5,,,1,12,,38666,5,,,1,12,,38654,5,,,1,12,,38655,5,,,1,12,,38648,5,,,1,52,,38645,5,,,1,12,,38643,5,,,1,12,,38722,5,,,1,12,,38719,5,,,1,14,,38718,6,,,1,52,,38720,6,,,1,13,,38716,6,,,1,12,,38712,6,,,1,12,,38705,6,,,1,12,,38704,6,,,1,53,,38717,6,,,1,12,,38703,6,,,1,12,,38706,6,,,1,12,,38711,6,,,1,12,,38709,6,,,1,52,,38708,6,,,1,12,,38715,6,,,1,12,,38714,6,,,1,12,,38707,6,,,1,12,,38710,6,,,1,53,,38721,6,,,1,13,,38713,6,,,1,12,,38652,6,,,1,14,,38644,6,,,1,51,,38723,6,,,1,10,,38681,6,,,1,13,,38670,6,,,1,10,,38701,6,,,1,9,,38668,6,,,1,11,,38658,6,,,1,50,,38702,6,,,1,10,,38661,6,,,1,11,,38650,6,,,1,10,,38651,6,,,1,8,,38653,6,,,1,10,,38646,6,,,1,50,,38680,6,,,1,13,,38649,6,,,1,10,,38667,6,,,1,10,,38647,6,,,1,10,,38673,6,,,1,10,,38657,6,,,1,50,,38656,6,,,1,10,,38659,6,,,1,10,,38700,6,,,1,10,,38660,6,,,1,10,,38665,6,,,1,10,,38664,6,,,1,49,,38663,6,,,1,11,,38687,6,,,1,12,,38662,6,,,1,12,,38671,6,,,1,10,,38677,6,,,1,52,,38678,6,,,1,11,,38676,6,,,1,13,,38674,6,,,1,15,,38675,6,,,1,15,,38672,6,,,1,55,,38679,6,,,1,15,,38688,6,,,1,15,,38682,6,,,1,15,,38686,6,,,1,55,,38684,6,,,1,16,,38685,6,,,1,14,,38683,6,,,1,15,,38691,6,,,1,55,,38692,6,,,1,15,,38693,6,,,1,15,,38694,6,,,1,15,,38696,6,,,1,55,,38695,6,,,1,15,,38690,6,,,1,15,,38699,6,,,1,15,,38697,6,,,1,54,,38698,6,,,1
50204,'Sunday',749,,38780,5,,,1,60,,38738,5,,,1,20,,38737,5,,,1,20,,38733,5,,,1,60,,38734,5,,,1,20,,38735,5,,,1,19,,38736,6,,,1,61,,38739,6,,,1,19,,38740,6,,,1,22,,38725,6,,,1,60,,38724,6,,,1,15,,38746,6,,,1,15,,38743,6,,,1,15,,38747,6,,,1,57,,38748,6,,,1,17,,38751,6,,,1,17,,38749,6,,,1,55,,38750,6,,,1,15,,38752,6,,,1,15,,38742,6,,,1,15,,38745,6,,,1,13,,38741,6,,,1,53,,38744,6,,,1,12,,38778,6,,,1,12,,38775,6,,,1,12,,38774,6,,,1,52,,38773,6,,,1,12,,38772,6,,,1,12,,38777,6,,,1,12,,38771,6,,,1,12,,38770,6,,,1,52,,38767,6,,,1,12,,38766,6,,,1,12,,38776,6,,,1,12,,38769,6,,,1,12,,38768,6,,,1,52,,38765,6,,,1,12,,38764,6,,,1,12,,38763,6,,,1,12,,38759,6,,,1,12,,38762,6,,,1,52,,38761,6,,,1,11,,38760,6,,,1,12,,38756,6,,,1,12,,38755,6,,,1,12,,38758,6,,,1,12,,38757,6,,,1,53,,38754,6,,,1,14,,38727,6,,,1,12,,38781,6,,,1,13,,38728,6,,,1,54,,38753,6,,,1,14,,38726,6,,,1,17,,38729,6,,,1,21,,38730,6,,,1,60,,38731,6,,,1,20,,38732,6,,,1,20,,38779,6,,,1
50204,'Weekday',502,,38870,5,,,1,12,,38853,5,,,1,10,,38849,5,,,1,10,,38847,5,,,1,10,,38842,5,,,1,10,,38844,5,,,1,51,,38846,5,,,1,9,,38845,5,,,1,11,,38843,5,,,1,10,,38848,6,,,1,10,,38862,6,,,1,10,,38872,6,,,1,50,,38871,6,,,1,11,,38859,6,,,1,10,,38851,6,,,1,10,,38850,6,,,1,10,,38837,6,,,1,10,,38834,6,,,1,52,,38830,6,,,1,10,,38824,6,,,1,10,,38826,6,,,1,10,,38820,6,,,1,10,,38821,6,,,1,10,,38863,6,,,1,50,,38817,6,,,1,13,,38875,6,,,1,13,,38858,6,,,1,16,,38838,6,,,1,54,,38815,6,,,1,14,,38831,6,,,1,15,,38825,6,,,1,17,,38816,6,,,1,53,,38814,6,,,1,18,,38865,6,,,1,15,,38874,6,,,1,14,,38857,6,,,1,56,,38839,6,,,1,16,,38810,6,,,1,14,,38833,6,,,1,15,,38823,6,,,1,55,,38818,6,,,1,12,,38811,6,,,1,18,,38866,6,,,1,15,,38876,6,,,1,53,,38856,6,,,1,11,,38808,6,,,1,9,,38809,6,,,1,9,,38806,6,,,1,11,,38840,6,,,1,11,,38805,6,,,1,49,,38804,6,,,1,10,,38835,6,,,1,10,,38827,6,,,1,10,,38819,6,,,1,10,,38812,6,,,1,10,,38800,6,,,1,52,,38867,6,,,1,9,,38877,6,,,1,9,,38795,6,,,1,10,,38860,6,,,1,12,,38797,6,,,1,10,,38796,6,,,1,50,,38798,6,,,1,10,,38792,6,,,1,10,,38841,6,,,1,9,,38807,6,,,1,9,,38789,6,,,1,10,,38836,6,,,1,52,,38828,6,,,1,10,,38813,6,,,1,8,,38790,6,,,1,11,,38868,6,,,1,10,,38878,6,,,1,11,,38787,6,,,1,51,,38854,6,,,1,13,,38786,6,,,1,13,,38794,6,,,1,12,,38803,6,,,1,59,,38832,6,,,1,15,,38822,6,,,1,15,,38788,6,,,1,15,,38864,6,,,1,55,,38784,6,,,1,14,,38855,6,,,1,15,,38783,6,,,1,15,,38793,6,,,1,55,,38802,6,,,1,15,,38829,6,,,1,15,,38791,6,,,1,15,,38869,6,,,1,55,,38785,6,,,1,14,,38861,6,,,1,15,,38782,6,,,1,13,,38799,6,,,1,55,,38801,6,,,1
