2901,'Holiday1',550,,21027,,,1,75,,21026,,,1,75,,21013,,,1,35,,21018,,,1,75,,21019,,,1,35,,21015,,,1,75,,21016,,,1,35,,21020,,,1,75,,21017,,,1,75,,21021,,,1,35,,21014,,,1,75,,21006,,,1,35,,21012,,,1,75,,21008,,,1,75,,21011,,,1,35,,21010,,,1,75,,21009,,,1,35,,21007,,,1,75,,21005,,,1,35,,21004,,,1,75,,21002,,,1,75,,21003,,,1,35,,21022,,,1,75,,21023,,,1,35,,21025,,,1,75,,21024,,,1,90,,21029,,,1,90,,21028,,,1,50,,21030,,,1,90,,21031,,,1
2901,'Saturday',525,,21041,,,1,25,,21032,,,1,65,,21042,,,1,25,,21043,,,1,65,,21044,,,1,25,,21045,,,1,25,,21046,,,1,65,,21047,,,1,25,,21048,,,1,65,,21049,,,1,25,,21050,,,1,65,,21051,,,1,25,,21052,,,1,25,,21053,,,1,65,,21055,,,1,25,,21056,,,1,65,,21057,,,1,25,,21054,,,1,25,,21058,,,1,65,,21060,,,1,25,,21062,,,1,65,,21063,,,1,25,,21064,,,1,65,,21061,,,1,25,,21065,,,1,25,,21059,,,1,65,,21066,,,1,25,,21067,,,1,65,,21068,,,1,25,,21069,,,1,25,,21070,,,1,65,,21071,,,1,32,,21034,,,1,73,,21033,,,1,75,,21035,,,1,29,,21037,,,1,81,,21036,,,1,93,,21038,,,1,47,,21039,,,1,90,,21040,,,1
2901,'Sunday',550,,21097,,,1,75,,21096,,,1,75,,21083,,,1,35,,21088,,,1,75,,21089,,,1,35,,21085,,,1,75,,21086,,,1,35,,21090,,,1,75,,21087,,,1,75,,21091,,,1,35,,21084,,,1,75,,21076,,,1,35,,21082,,,1,75,,21078,,,1,75,,21081,,,1,35,,21080,,,1,75,,21079,,,1,35,,21077,,,1,75,,21075,,,1,35,,21074,,,1,75,,21072,,,1,75,,21073,,,1,35,,21092,,,1,75,,21093,,,1,35,,21095,,,1,75,,21094,,,1,90,,21099,,,1,90,,21098,,,1,50,,21100,,,1,90,,21101,,,1
2901,'Weekday',500,,21103,0,5,1,16,,21102,0,5,1,16,,21105,0,5,1,11,,21132,0,5,1,5,,21134,0,5,1,56,,21136,0,5,1,16,,21137,0,5,1,16,,21147,0,5,1,16,,21146,0,5,1,56,,21142,0,5,1,16,,21141,0,5,1,6,,21133,0,5,1,10,,21140,0,5,1,16,,21139,0,5,1,56,,21143,0,5,1,16,,21145,0,5,1,16,,21144,0,5,1,59,,21138,0,5,1,25,,21104,,,1,26,,21106,,,1,64,,21107,,,1,25,,21108,,,1,65,,21109,,,1,25,,21110,,,1,25,,21111,,,1,65,,21112,,,1,25,,21113,,,1,65,,21114,,,1,25,,21115,,,1,62,,21116,0,5,1,15,,21117,0,5,1,18,,21148,0,5,1,18,,21149,0,5,1,58,,21150,0,5,1,18,,21151,0,5,1,18,,21152,0,5,1,58,,21153,0,5,1,18,,21154,0,5,1,18,,21155,0,5,1,18,,21156,0,5,1,58,,21157,0,5,1,18,,21158,0,5,1,18,,21159,0,5,1,58,,21160,0,5,1,18,,21161,0,5,1,18,,21162,0,5,1,58,,21163,0,5,1,18,,21135,0,5,1,13,,21118,0,5,1,15,,21119,0,5,1,55,,21120,0,5,1,23,,21121,,,1,30,,21122,,,1,75,,21123,,,1,70,,21124,,,1,32,,21125,,,1,70,,21126,,,1,30,,21127,,,1,70,,21128,,,1,30,,21129,,,1,70,,21130,,,1
2902,'Holiday1',725,,21164,4,,1,75,,21165,4,,1,38,,21168,4,,1,76,,21169,4,,1,35,,21170,4,,1,75,,21166,4,,1,76,,21167,4,,1,35,,21172,4,,1,75,,21174,4,,1,35,,21171,4,,1,75,,21175,4,,1,35,,21173,4,,1,77,,21176,4,,1,75,,21178,4,,1,35,,21179,4,,1,76,,21180,4,,1,35,,21177,4,,1,75,,21181,4,,1,75,,21182,4,,1,35,,21183,4,,1,75,,21184,4,,1,33,,21185,4,,1,75,,21187,4,,1,32,,21186,4,,1,74,,21188,4,,1,74,,21192,4,,1,50,,21190,4,,1,90,,21191,4,,1,90,,21189,4,,1
2902,'Saturday',655,,21199,4,,1,65,,21207,4,,1,26,,21209,4,,1,67,,21210,4,,1,25,,21208,4,,1,66,,21211,4,,1,26,,21212,4,,1,25,,21213,4,,1,66,,21214,4,,1,31,,21215,4,,1,64,,21218,4,,1,26,,21216,4,,1,65,,21217,4,,1,25,,21219,4,,1,25,,21220,4,,1,65,,21221,4,,1,25,,21222,4,,1,67,,21223,4,,1,25,,21224,4,,1,65,,21225,4,,1,25,,21226,4,,1,25,,21228,4,,1,67,,21229,4,,1,25,,21230,4,,1,65,,21227,4,,1,25,,21206,4,,1,65,,21203,4,,1,24,,21205,4,,1,23,,21204,4,,1,67,,21202,4,,1,28,,21201,4,,1,82,,21194,4,,1,75,,21195,4,,1,32,,21193,4,,1,69,,21197,4,,1,39,,21198,4,,1,90,,21196,4,,1,90,,21200,4,,1
2902,'Sunday',725,,21231,4,,1,75,,21232,4,,1,38,,21235,4,,1,76,,21236,4,,1,35,,21237,4,,1,75,,21233,4,,1,76,,21234,4,,1,35,,21238,4,,1,75,,21240,4,,1,35,,21241,4,,1,75,,21242,4,,1,35,,21239,4,,1,77,,21243,4,,1,75,,21245,4,,1,35,,21246,4,,1,76,,21247,4,,1,35,,21244,4,,1,75,,21248,4,,1,75,,21249,4,,1,35,,21250,4,,1,75,,21251,4,,1,33,,21252,4,,1,75,,21254,4,,1,32,,21253,4,,1,74,,21255,4,,1,74,,21259,4,,1,50,,21257,4,,1,90,,21258,4,,1,90,,21256,4,,1
2902,'Weekday',628,,21261,4,,1,72,,21260,4,,1,16,,21296,4,,1,16,,21293,4,,1,17,,21292,4,,1,56,,21289,4,,1,16,,21288,4,,1,16,,21291,4,,1,16,,21290,4,,1,55,,21295,4,,1,15,,21294,4,,1,14,,21298,4,,1,14,,21297,4,,1,58,,21300,4,,1,16,,21299,4,,1,24,,21262,4,,1,65,,21263,4,,1,25,,21264,4,,1,66,,21265,4,,1,28,,21266,4,,1,22,,21267,4,,1,65,,21268,4,,1,25,,21269,4,,1,65,,21270,4,,1,29,,21271,4,,1,78,,21272,4,,1,20,,21274,4,,1,3,,21286,4,,1,11,,21275,4,,1,59,,21301,4,,1,18,,21302,4,,1,18,,21303,4,,1,54,,21287,4,,1,4,,21304,4,,1,18,,21305,4,,1,18,,21306,4,,1,18,,21307,4,,1,56,,21308,4,,1,16,,21309,4,,1,18,,21310,4,,1,56,,21311,4,,1,18,,21312,4,,1,16,,21313,4,,1,17,,21314,4,,1,57,,21315,4,,1,15,,21316,4,,1,17,,21317,4,,1,15,,21273,4,,1,65,,21278,4,,1,33,,21279,4,,1,72,,21280,4,,1,72,,21281,4,,1,28,,21282,4,,1,29,,21283,4,,1,70,,21284,4,,1,30,,21285,4,,1,70,,21276,4,,1,30,,21277,4,,1
21500,'Weekday',721,,24881,,,1
21501,'Weekday',1514,,24882,4,,1
