1303,'Saturday',820,,30803,1,,,1,100,,30804,1,,,1,100,,30805,1,,,1,100,,30806,1,,,1,100,,30809,1,,,1,100,,30810,1,,,1,100,,30811,1,,,1,100,,30808,1,,,1,100,,30812,1,,,1,100,,30813,1,,,1,100,,30807,1,,,1,100,,30802,1,,,1
1303,'Weekday',449,,30816,1,,,1,82,,30817,1,,,1,80,,30818,1,,,1,45,,30814,1,,,1,87,,30815,1,,,1,85,,30819,1,,,1,90,,30820,1,,,1,82,,30821,1,,,1,43,,30822,1,,,1,87,,30823,1,,,1,85,,30824,1,,,1,42,,30825,1,,,1,84,,30826,1,,,1,84,,30828,1,,,1,92,,30829,1,,,1,83,,30830,1,,,1,49,,30827,1,,,1,83,,30831,1,,,1,86,,30832,1,,,1,41,,30833,1,,,1
1304,'Saturday',814,,30834,19,4,,1,100,,30836,19,4,,1,100,,30835,19,4,,1,100,,30837,19,4,,1,101,,30838,19,4,,1,100,,30840,19,4,,1,100,,30841,19,4,,1,100,,30842,19,4,,1,100,,30839,19,4,,1,100,,30843,19,4,,1,100,,30844,19,4,,1,100,,30845,19,4,,1
1304,'Weekday',526,,30846,19,4,,1,83,,30848,19,4,,1,45,,30849,19,4,,1,87,,30850,19,4,,1,86,,30847,19,4,,1,83,,30851,19,4,,1,43,,30852,19,4,,1,86,,30853,19,4,,1,85,,30854,19,4,,1,85,,30855,19,4,,1,44,,30856,19,4,,1,84,,30857,19,4,,1,85,,30859,19,4,,1,89,,30860,19,4,,1,89,,30861,19,4,,1,43,,30858,19,4,,1,88,,30862,19,4,,1,84,,30863,19,4,,1,42,,30864,19,4,,1,80,,30865,19,4,,1
1603,'Holiday1',835,,31867,1,,,1,80,,31868,1,,,1,40,,31863,1,,,1,80,,31865,1,,,1,80,,31869,1,,,1,40,,31864,1,,,1,80,,31866,1,,,1,80,,31870,1,,,1,40,,31872,1,,,1,80,,31871,1,,,1,82,,31873,1,,,1,38,,31874,1,,,1,80,,31875,1,,,1,80,,31876,1,,,1,40,,31878,1,,,1,80,,31877,1,,,1,80,,31880,1,,,1,40,,31879,1,,,1,80,,31881,1,,,1,80,,31882,1,,,1,40,,31883,1,,,1,80,,31884,1,,,1
1603,'Saturday',620,,31886,1,,,1,80,,31887,1,,,1,40,,31885,1,,,1,80,,31888,1,,,1,80,,31890,1,,,1,40,,31889,1,,,1,80,,31891,1,,,1,80,,31892,1,,,1,40,,31893,1,,,1,80,,31894,1,,,1,80,,31895,1,,,1,40,,31896,1,,,1,80,,31897,1,,,1,80,,31898,1,,,1,40,,31899,1,,,1,80,,31900,1,,,1,80,,31902,1,,,1,40,,31903,1,,,1,80,,31901,1,,,1,80,,31904,1,,,1,40,,31905,1,,,1,80,,31906,1,,,1,80,,31908,1,,,1,40,,31907,1,,,1,80,,31909,1,,,1,80,,31910,1,,,1,40,,31912,1,,,1,80,,31911,1,,,1
1603,'Sunday',835,,31917,1,,,1,80,,31918,1,,,1,40,,31913,1,,,1,80,,31915,1,,,1,80,,31919,1,,,1,40,,31914,1,,,1,80,,31916,1,,,1,80,,31920,1,,,1,40,,31922,1,,,1,80,,31921,1,,,1,82,,31923,1,,,1,38,,31924,1,,,1,80,,31925,1,,,1,80,,31926,1,,,1,40,,31927,1,,,1,80,,31928,1,,,1,80,,31930,1,,,1,40,,31929,1,,,1,80,,31931,1,,,1,80,,31932,1,,,1,40,,31933,1,,,1,80,,31934,1,,,1
1603,'Weekday',545,,31935,1,,,1,84,,31939,1,,,1,72,,31940,1,,,1,30,,31941,1,,,1,77,,31938,1,,,1,34,,31942,1,,,1,74,,31943,1,,,1,31,,31936,1,,,1,73,,31937,1,,,1,86,,31960,1,,,1,45,,31961,1,,,1,87,,31962,1,,,1,86,,31963,1,,,1,87,,31964,1,,,1,47,,31965,1,,,1,63,,31946,1,,,1,27,,31944,1,,,1,72,,31947,1,,,1,35,,31948,1,,,1,71,,31949,1,,,1,30,,31950,1,,,1,71,,31951,1,,,1,27,,31952,1,,,1,66,,31953,1,,,1,30,,31954,1,,,1,85,,31955,1,,,1,83,,31956,1,,,1,87,,31957,1,,,1,45,,31958,1,,,1,85,,31959,1,,,1,85,,31945,1,,,1
1604,'Holiday1',831,,31970,22,4,,1,81,,31974,22,4,,1,40,,31966,22,4,,1,80,,31968,22,4,,1,80,,31973,22,4,,1,40,,31967,22,4,,1,80,,31969,22,4,,1,80,,31971,22,4,,1,40,,31972,22,4,,1,80,,31976,22,4,,1,82,,31975,22,4,,1,38,,31978,22,4,,1,80,,31977,22,4,,1,80,,31979,22,4,,1,40,,31982,22,4,,1,79,,31981,22,4,,1,81,,31980,22,4,,1,40,,31984,22,4,,1,80,,31983,22,4,,1,80,,31985,22,4,,1,40,,31986,22,4,,1,80,,31987,22,4,,1,80,,31988,22,4,,1
1604,'Saturday',616,,31989,22,4,,1,40,,31990,22,4,,1,80,,31991,22,4,,1,80,,31992,22,4,,1,40,,31993,22,4,,1,80,,31994,22,4,,1,81,,31995,22,4,,1,40,,31996,22,4,,1,80,,31997,22,4,,1,80,,31998,22,4,,1,40,,32000,22,4,,1,80,,31999,22,4,,1,80,,32002,22,4,,1,40,,32001,22,4,,1,80,,32003,22,4,,1,80,,32004,22,4,,1,40,,32006,22,4,,1,80,,32005,22,4,,1,80,,32007,22,4,,1,40,,32008,22,4,,1,80,,32009,22,4,,1,80,,32011,22,4,,1,40,,32013,22,4,,1,80,,32010,22,4,,1,80,,32012,22,4,,1,40,,32014,22,4,,1,80,,32015,22,4,,1,79,,32016,22,4,,1
1604,'Sunday',831,,32021,22,4,,1,81,,32025,22,4,,1,40,,32017,22,4,,1,80,,32019,22,4,,1,80,,32024,22,4,,1,40,,32018,22,4,,1,80,,32020,22,4,,1,80,,32022,22,4,,1,40,,32023,22,4,,1,80,,32027,22,4,,1,82,,32026,22,4,,1,38,,32029,22,4,,1,80,,32028,22,4,,1,80,,32030,22,4,,1,40,,32033,22,4,,1,79,,32032,22,4,,1,81,,32031,22,4,,1,40,,32035,22,4,,1,80,,32034,22,4,,1,80,,32036,22,4,,1,40,,32037,22,4,,1,80,,32038,22,4,,1,80,,32039,22,4,,1
1604,'Weekday',543,,32040,22,4,,1,79,,32041,22,4,,1,29,,32042,22,4,,1,63,,32043,22,4,,1,89,,32044,22,4,,1,35,,32045,22,4,,1,74,,32046,22,4,,1,31,,32047,22,4,,1,73,,32048,22,4,,1,87,,32065,22,4,,1,45,,32066,22,4,,1,87,,32067,22,4,,1,86,,32068,22,4,,1,88,,32069,22,4,,1,47,,32070,22,4,,1,63,,32049,22,4,,1,27,,32050,22,4,,1,72,,32051,22,4,,1,30,,32052,22,4,,1,69,,32053,22,4,,1,30,,32054,22,4,,1,69,,32055,22,4,,1,30,,32056,22,4,,1,70,,32057,22,4,,1,28,,32058,22,4,,1,89,,32059,22,4,,1,82,,32060,22,4,,1,87,,32061,22,4,,1,45,,32062,22,4,,1,85,,32063,22,4,,1,85,,32064,22,4,,1
