204,'Holiday1',717,,14142,24,,,1,33,,14144,24,,,1,73,,14146,24,,,1,33,,14147,24,,,1,74,,14148,24,,,1,73,,14145,24,,,1,33,,14149,24,,,1,73,,14150,24,,,1,33,,14151,24,,,1,74,,14152,24,,,1,33,,14154,24,,,1,73,,14155,24,,,1,33,,14156,24,,,1,73,,14153,24,,,1,73,,14158,24,,,1,33,,14159,24,,,1,73,,14160,24,,,1,33,,14157,24,,,1,73,,14172,24,,,1,33,,14168,24,,,1,72,,14171,24,,,1,33,,14167,24,,,1,72,,14170,24,,,1,33,,14169,24,,,1,72,,14165,24,,,1,72,,14164,24,,,1,33,,14166,24,,,1,73,,14161,24,,,1,32,,14163,24,,,1,73,,14162,24,,,1,33,,14143,24,,,1
204,'Saturday',624,,14173,24,,,1,27,,14211,24,,,1,75,,14208,24,,,1,29,,14207,24,,,1,72,,14210,24,,,1,30,,14209,24,,,1,71,,14206,24,,,1,30,,14205,24,,,1,70,,14201,24,,,1,30,,14204,24,,,1,71,,14203,24,,,1,30,,14212,24,,,1,71,,14202,24,,,1,70,,14200,24,,,1,31,,14196,24,,,1,70,,14195,24,,,1,30,,14199,24,,,1,70,,14198,24,,,1,30,,14197,24,,,1,70,,14194,24,,,1,30,,14193,24,,,1,71,,14189,24,,,1,29,,14192,24,,,1,70,,14187,24,,,1,28,,14191,24,,,1,30,,14190,24,,,1,68,,14188,24,,,1,30,,14186,24,,,1,68,,14183,24,,,1,30,,14182,24,,,1,70,,14185,24,,,1,30,,14184,24,,,1,69,,14178,24,,,1,30,,14179,24,,,1,70,,14181,24,,,1,30,,14180,24,,,1,70,,14176,24,,,1,30,,14177,24,,,1
204,'Sunday',717,,14213,24,,,1,33,,14215,24,,,1,73,,14217,24,,,1,33,,14218,24,,,1,74,,14219,24,,,1,73,,14216,24,,,1,33,,14220,24,,,1,73,,14221,24,,,1,33,,14222,24,,,1,74,,14223,24,,,1,33,,14225,24,,,1,73,,14226,24,,,1,33,,14227,24,,,1,73,,14224,24,,,1,73,,14229,24,,,1,33,,14230,24,,,1,73,,14231,24,,,1,33,,14228,24,,,1,73,,14243,24,,,1,33,,14239,24,,,1,72,,14242,24,,,1,33,,14238,24,,,1,72,,14241,24,,,1,33,,14240,24,,,1,72,,14236,24,,,1,72,,14235,24,,,1,33,,14237,24,,,1,73,,14232,24,,,1,32,,14234,24,,,1,73,,14233,24,,,1,33,,14214,24,,,1
204,'Weekday',455,,14298,24,,,1,62,,14297,24,,,1,22,,14296,24,,,1,16,,14294,24,,,1,70,,14293,24,,,1,22,,14292,24,,,1,59,,14288,24,,,1,22,,14299,24,,,1,19,,14291,24,,,1,66,,14286,24,,,1,28,,14290,24,,,1,60,,14295,24,,,1,21,,14289,24,,,1,22,,14284,24,,,1,62,,14287,24,,,1,25,,14285,24,,,1,21,,14283,24,,,1,60,,14282,24,,,1,18,,14281,24,,,1,27,,14280,24,,,1,64,,14276,24,,,1,22,,14279,24,,,1,16,,14278,24,,,1,56,,14277,24,,,1,29,,14275,24,,,1,67,,14274,24,,,1,20,,14273,24,,,1,15,,14272,24,,,1,59,,14271,24,,,1,28,,14270,24,,,1,24,,14269,24,,,1,64,,14265,24,,,1,17,,14268,24,,,1,64,,14267,24,,,1,27,,14266,24,,,1,25,,14264,24,,,1,63,,14260,24,,,1,21,,14263,24,,,1,64,,14262,24,,,1,25,,14261,24,,,1,26,,14259,24,,,1,60,,14258,24,,,1,20,,14257,24,,,1,22,,14256,24,,,1,58,,14255,24,,,1,19,,14251,24,,,1,23,,14254,24,,,1,60,,14253,24,,,1,22,,14252,24,,,1,74,,14250,24,,,1,31,,14249,24,,,1,70,,14248,24,,,1,28,,14247,24,,,1
2404,'Holiday1',831,,20065,39,,,1,85,,20064,39,,,1,85,,20066,39,,,1,45,,20067,39,,,1,85,,20068,39,,,1,85,,20070,39,,,1,85,,20071,39,,,1,45,,20069,39,,,1,85,,20074,39,,,1,85,,20075,39,,,1,85,,20072,39,,,1,45,,20073,39,,,1,85,,20077,39,,,1,85,,20078,39,,,1,85,,20076,39,,,1
2404,'Saturday',831,,20079,39,,,1,85,,20080,39,,,1,85,,20085,39,,,1,45,,20081,39,,,1,85,,20082,39,,,1,85,,20083,39,,,1,85,,20086,39,,,1,45,,20087,39,,,1,85,,20088,39,,,1,85,,20089,39,,,1,85,,20084,39,,,1,45,,20090,39,,,1,85,,20091,39,,,1,85,,20092,39,,,1,85,,20093,39,,,1
2404,'Sunday',831,,20095,39,,,1,85,,20094,39,,,1,85,,20096,39,,,1,45,,20097,39,,,1,85,,20098,39,,,1,85,,20100,39,,,1,85,,20101,39,,,1,45,,20099,39,,,1,85,,20104,39,,,1,85,,20105,39,,,1,85,,20102,39,,,1,45,,20103,39,,,1,85,,20107,39,,,1,85,,20108,39,,,1,85,,20106,39,,,1
2404,'Weekday',542,,20111,39,,,1,17,,20110,39,,,1,74,,20114,39,,,1,77,,20123,39,,,1,36,,20124,39,,,1,75,,20125,39,,,1,36,,20121,39,,,1,76,,20122,39,,,1,75,,20130,39,,,1,37,,20109,39,,,1,74,,20112,39,,,1,35,,20128,39,,,1,77,,20126,39,,,1,77,,20127,39,,,1,37,,20129,39,,,1,77,,20113,39,,,1,33,,20116,39,,,1,77,,20131,39,,,1,76,,20132,39,,,1,34,,20133,39,,,1,75,,20134,39,,,1,36,,20135,39,,,1,75,,20136,39,,,1,75,,20137,39,,,1,38,,20118,39,,,1,72,,20115,39,,,1,32,,20117,39,,,1,76,,20120,39,,,1,35,,20119,39,,,1
2504,'Weekday',625,,20157,35,,,1,30,,20159,35,,,1,77,,20165,35,,,1,77,,20164,35,,,1,38,,20163,35,,,1,73,,20162,35,,,1,35,,20166,35,,,1,76,,20167,35,,,1,483,,20158,35,,,1,36,,20168,35,,,1,76,,20169,35,,,1,77,,20170,35,,,1,36,,20171,35,,,1,77,,20172,35,,,1,36,,20173,35,,,1,74,,20174,35,,,1,76,,20161,35,,,1,34,,20160,35,,,1
21600,'Weekday',1547,,24483,27,,,1
