502,'Holiday1',724,,28772,21,,,1,32,,28770,21,,,1,72,,28771,21,,,1,77,,28769,21,,,1,34,,28767,21,,,1,72,,28766,21,,,1,30,,28763,21,,,1,73,,28765,21,,,1,23,,28764,21,,,1,67,,28762,21,,,1,32,,28761,21,,,1,71,,28759,21,,,1,38,,28760,21,,,1,68,,28758,21,,,1,33,,28757,21,,,1,63,,28750,21,,,1,37,,28755,21,,,1,70,,28756,21,,,1,27,,28754,21,,,1,83,,28751,21,,,1,22,,28752,21,,,1,71,,28753,21,,,1,24,,28749,21,,,1,77,,28748,21,,,1,84,,28777,21,,,1,49,,28778,21,,,1,89,,28775,21,,,1,89,,28774,21,,,1,90,,28773,21,,,1,89,,28776,21,,,1
502,'Saturday',613,,28779,21,,,1,27,,28787,21,,,1,71,,28800,21,,,1,30,,28780,21,,,1,70,,28783,21,,,1,36,,28781,21,,,1,71,,28788,21,,,1,29,,28792,21,,,1,71,,28784,21,,,1,30,,28785,21,,,1,70,,28786,21,,,1,32,,28791,21,,,1,94,,28790,21,,,1,75,,28789,21,,,1,30,,28795,21,,,1,70,,28793,21,,,1,30,,28794,21,,,1,70,,28796,21,,,1,30,,28798,21,,,1,70,,28797,21,,,1,30,,28799,21,,,1,70,,28803,21,,,1,30,,28801,21,,,1,70,,28802,21,,,1,37,,28808,21,,,1,90,,28807,21,,,1,93,,28806,21,,,1,86,,28804,21,,,1,90,,28805,21,,,1,90,,28812,21,,,1,50,,28811,21,,,1,90,,28809,21,,,1,90,,28810,21,,,1
502,'Sunday',724,,28837,21,,,1,32,,28835,21,,,1,72,,28836,21,,,1,77,,28834,21,,,1,34,,28832,21,,,1,72,,28831,21,,,1,30,,28828,21,,,1,73,,28830,21,,,1,23,,28829,21,,,1,67,,28827,21,,,1,32,,28826,21,,,1,71,,28824,21,,,1,38,,28825,21,,,1,68,,28823,21,,,1,33,,28822,21,,,1,63,,28817,21,,,1,37,,28820,21,,,1,70,,28821,21,,,1,27,,28819,21,,,1,83,,28815,21,,,1,22,,28816,21,,,1,71,,28818,21,,,1,24,,28814,21,,,1,77,,28813,21,,,1,84,,28842,21,,,1,49,,28843,21,,,1,89,,28840,21,,,1,89,,28839,21,,,1,90,,28838,21,,,1,89,,28841,21,,,1
502,'Weekday',503,,28844,21,,,1,20,,28854,21,,,1,20,,28855,21,,,1,61,,28856,21,,,1,21,,28857,21,,,1,23,,28858,21,,,1,60,,28859,21,,,1,37,,28863,21,,,1,80,,28864,21,,,1,77,,28865,21,,,1,54,,28887,21,,,1,92,,28886,21,,,1,92,,28891,21,,,1,94,,28890,21,,,1,96,,28889,21,,,1,75,,28866,21,,,1,41,,28875,21,,,1,81,,28876,21,,,1,80,,28877,21,,,1,39,,28878,21,,,1,82,,28879,21,,,1,79,,28880,21,,,1,38,,28881,21,,,1,155,,28852,21,,,1,42,,28851,21,,,1,80,,28849,21,,,1,80,,28853,21,,,1,39,,28847,21,,,1,80,,28848,21,,,1,83,,28850,21,,,1,40,,28846,21,,,1,74,,28845,21,,,1
2302,'Holiday1',744,,33054,29,,,1,69,,33028,29,,,1,25,,33031,29,,,1,65,,33032,29,,,1,29,,33033,29,,,1,68,,33030,29,,,1,28,,33034,29,,,1,27,,33035,29,,,1,70,,33029,29,,,1,25,,33037,29,,,1,69,,33039,29,,,1,27,,33036,29,,,1,65,,33040,29,,,1,29,,33038,29,,,1,71,,33042,29,,,1,26,,33043,29,,,1,68,,33045,29,,,1,29,,33041,29,,,1,68,,33046,29,,,1,30,,33059,29,,,1,70,,33048,29,,,1,30,,33049,29,,,1,26,,33050,29,,,1,68,,33047,29,,,1,30,,33051,29,,,1,71,,33052,29,,,1,28,,33053,29,,,1,68,,33044,29,,,1,28,,33057,29,,,1,68,,33058,29,,,1,28,,33055,29,,,1,67,,33056,29,,,1
2302,'Saturday',537,,33060,29,,,1,70,,33062,29,,,1,30,,33082,29,,,1,72,,33081,29,,,1,38,,33085,29,,,1,72,,33084,29,,,1,25,,33088,29,,,1,67,,33089,29,,,1,23,,33086,29,,,1,68,,33087,29,,,1,27,,33090,29,,,1,28,,33093,29,,,1,70,,33094,29,,,1,27,,33091,29,,,1,69,,33092,29,,,1,28,,33083,29,,,1,68,,33072,29,,,1,28,,33075,29,,,1,67,,33076,29,,,1,27,,33077,29,,,1,68,,33074,29,,,1,29,,33073,29,,,1,69,,33079,29,,,1,30,,33080,29,,,1,69,,33078,29,,,1,28,,33064,29,,,1,68,,33065,29,,,1,29,,33061,29,,,1,72,,33071,29,,,1,33,,33063,29,,,1,72,,33067,29,,,1,32,,33069,29,,,1,69,,33066,29,,,1,29,,33068,29,,,1,69,,33070,29,,,1,30,,33098,29,,,1,70,,33097,29,,,1,30,,33096,29,,,1,70,,33095,29,,,1
2302,'Sunday',744,,33125,29,,,1,69,,33099,29,,,1,25,,33102,29,,,1,65,,33103,29,,,1,29,,33104,29,,,1,68,,33101,29,,,1,28,,33105,29,,,1,27,,33106,29,,,1,70,,33100,29,,,1,25,,33108,29,,,1,69,,33110,29,,,1,27,,33107,29,,,1,65,,33111,29,,,1,29,,33109,29,,,1,71,,33113,29,,,1,26,,33114,29,,,1,68,,33115,29,,,1,29,,33112,29,,,1,68,,33116,29,,,1,30,,33130,29,,,1,70,,33119,29,,,1,30,,33120,29,,,1,26,,33121,29,,,1,68,,33117,29,,,1,30,,33122,29,,,1,71,,33123,29,,,1,28,,33124,29,,,1,68,,33118,29,,,1,28,,33128,29,,,1,68,,33129,29,,,1,28,,33126,29,,,1,67,,33127,29,,,1
2302,'Weekday',452,,33131,29,,,1,55,,33141,29,,,1,18,,33142,29,,,1,14,,33140,29,,,1,15,,33144,29,,,1,56,,33146,29,,,1,15,,33147,29,,,1,15,,33148,29,,,1,15,,33145,29,,,1,55,,33149,29,,,1,15,,33143,29,,,1,15,,33150,29,,,1,15,,33151,29,,,1,60,,33152,29,,,1,16,,33153,29,,,1,17,,33137,29,,,1,58,,33134,29,,,1,27,,33136,29,,,1,69,,33154,29,,,1,31,,33155,29,,,1,71,,33156,29,,,1,29,,33157,29,,,1,70,,33158,29,,,1,30,,33159,29,,,1,72,,33160,29,,,1,30,,33161,29,,,1,69,,33139,29,,,1,22,,33185,29,,,1,19,,33182,29,,,1,59,,33184,29,,,1,15,,33181,29,,,1,15,,33183,29,,,1,17,,33180,29,,,1,57,,33162,29,,,1,15,,33163,29,,,1,15,,33164,29,,,1,15,,33165,29,,,1,55,,33166,29,,,1,15,,33167,29,,,1,15,,33168,29,,,1,15,,33169,29,,,1,55,,33170,29,,,1,15,,33171,29,,,1,15,,33132,29,,,1,17,,33138,29,,,1,53,,33135,29,,,1,15,,33133,29,,,1,34,,33172,29,,,1,74,,33173,29,,,1,72,,33174,29,,,1,30,,33175,29,,,1,77,,33176,29,,,1,34,,33177,29,,,1,74,,33178,29,,,1,34,,33179,29,,,1
3503,'Holiday1',829,,35107,35,,,1,85,,35106,35,,,1,86,,35115,35,,,1,47,,35109,35,,,1,85,,35111,35,,,1,85,,35113,35,,,1,85,,35108,35,,,1,45,,35114,35,,,1,85,,35105,35,,,1,85,,35110,35,,,1,85,,35112,35,,,1,45,,35116,35,,,1,85,,35117,35,,,1,85,,35120,35,,,1,85,,35118,35,,,1,45,,35119,35,,,1
3503,'Saturday',846,,35123,35,,,1,86,,35121,35,,,1,85,,35124,35,,,1,85,,35122,35,,,1,46,,35126,35,,,1,85,,35125,35,,,1,85,,35129,35,,,1,85,,35128,35,,,1,45,,35130,35,,,1,85,,35127,35,,,1,85,,35131,35,,,1,85,,35133,35,,,1,45,,35134,35,,,1,84,,35132,35,,,1,85,,35135,35,,,1,85,,35136,35,,,1,45,,35137,35,,,1
3503,'Sunday',829,,35140,35,,,1,85,,35139,35,,,1,86,,35148,35,,,1,47,,35142,35,,,1,85,,35144,35,,,1,85,,35146,35,,,1,85,,35141,35,,,1,45,,35147,35,,,1,85,,35138,35,,,1,85,,35143,35,,,1,85,,35145,35,,,1,45,,35149,35,,,1,85,,35150,35,,,1,85,,35153,35,,,1,85,,35151,35,,,1,45,,35152,35,,,1
3503,'Weekday',605,,35154,35,,,1,37,,35158,35,,,1,76,,35155,35,,,1,36,,35174,35,,,1,75,,35162,35,,,1,75,,35173,35,,,1,33,,35180,35,,,1,75,,35185,35,,,1,35,,35179,35,,,1,75,,35157,35,,,1,80,,35178,35,,,1,31,,35177,35,,,1,75,,35181,35,,,1,33,,35175,35,,,1,75,,35183,35,,,1,35,,35184,35,,,1,75,,35176,35,,,1,77,,35165,35,,,1,36,,35164,35,,,1,75,,35160,35,,,1,35,,35170,35,,,1,74,,35166,35,,,1,34,,35169,35,,,1,73,,35163,35,,,1,75,,35159,35,,,1,34,,35167,35,,,1,75,,35168,35,,,1,34,,35171,35,,,1,74,,35172,35,,,1,35,,35156,35,,,1,75,,35161,35,,,1,75,,35182,35,,,1
