1101,'Holiday1',515,,30110,4,,,1,40,,30108,4,,,1,80,,30107,4,,,1,80,,30104,4,,,1,40,,30111,4,,,1,80,,30113,4,,,1,80,,30116,4,,,1,40,,30117,4,,,1,80,,30120,4,,,1,80,,30119,4,,,1,40,,30124,4,,,1,80,,30125,4,,,1,80,,30127,4,,,1,40,,30128,4,,,1,80,,30130,4,,,1,82,,30133,4,,,1,42,,30137,4,,,1,82,,30138,4,,,1,82,,30142,4,,,1,80,,30140,4,,,1,41,,30139,4,,,1,86,,30144,4,,,1,86,,30145,4,,,1,84,,30153,4,,,1,45,,30150,4,,,1,89,,30149,4,,,1,86,,30156,4,,,1,80,,30157,4,,,1
1101,'Saturday',433,,30158,4,,,1,81,,30161,4,,,1,40,,30162,4,,,1,81,,30160,4,,,1,80,,30159,4,,,1,40,,30163,4,,,1,82,,30170,4,,,1,88,,30172,4,,,1,79,,30174,4,,,1,42,,30175,4,,,1,82,,30173,4,,,1,82,,30177,4,,,1,41,,30178,4,,,1,82,,30176,4,,,1,81,,30179,4,,,1,86,,30193,4,,,1,44,,30194,4,,,1,87,,30196,4,,,1,83,,30197,4,,,1,44,,30195,4,,,1,85,,30198,4,,,1,87,,30202,4,,,1,84,,30203,4,,,1,87,,30204,4,,,1,54,,30206,4,,,1,94,,30209,4,,,1,105,,30210,4,,,1
1101,'Sunday',515,,30217,4,,,1,40,,30214,4,,,1,80,,30213,4,,,1,80,,30211,4,,,1,40,,30218,4,,,1,80,,30220,4,,,1,80,,30223,4,,,1,40,,30224,4,,,1,80,,30227,4,,,1,80,,30226,4,,,1,40,,30230,4,,,1,80,,30232,4,,,1,80,,30234,4,,,1,40,,30235,4,,,1,80,,30237,4,,,1,82,,30240,4,,,1,42,,30244,4,,,1,82,,30245,4,,,1,82,,30249,4,,,1,80,,30247,4,,,1,41,,30246,4,,,1,86,,30251,4,,,1,86,,30252,4,,,1,84,,30260,4,,,1,45,,30257,4,,,1,89,,30256,4,,,1,86,,30263,4,,,1,80,,30264,4,,,1
1101,'Weekday',420,,30335,4,,,1,33,,30336,4,,,1,73,,30334,4,,,1,30,,30332,4,,,1,68,,30341,4,,,1,28,,30338,4,,,1,68,,30337,4,,,1,14,,30347,4,,,1,14,,30318,4,,,1,68,,30316,4,,,1,31,,30317,4,,,1,66,,30330,4,,,1,34,,30321,4,,,1,73,,30322,4,,,1,32,,30307,4,,,1,79,,30309,4,,,1,82,,30295,4,,,1,30,,30296,4,,,1,15,,30294,6,0,9 10,1,59,,30324,4,,,1,33,,30327,4,,,1,67,,30289,4,,,1,30,,30290,4,,,1,71,,30345,4,,,1,33,,30304,6,0,9 11,1,63,,30348,6,0,9 11,1,27,,30305,4,,,1,66,,30280,4,,,1,29,,30325,4,,,1,71,,30278,4,,,1,25,,30299,4,,,1,24,,30310,4,,,1,68,,30308,4,,,1,30,,30271,4,,,1,75,,30269,4,,,1,74,,30274,4,,,1,23,,30285,6,0,9 11,1,21,,30283,4,,,1,77,,30272,4,,,1,92,,30276,4,,,1,32,,30266,3,0,9 10,1,59,,30282,4,,,1,16,,30265,3,0,9 10,1,17,,30268,4,,,1,75,,30293,4,,,1
5101,'Holiday1',800,,35825,1,,,1,40,,35826,1,,,1,80,,35827,1,,,1,80,,35828,1,,,1,40,,35829,1,,,1,80,,35830,1,,,1,80,,35831,1,,,1,40,,35832,1,,,1,80,,35833,1,,,1,80,,35834,1,,,1,40,,35835,1,,,1,80,,35836,1,,,1,80,,35837,1,,,1,40,,35839,1,,,1,80,,35840,1,,,1,80,,35841,1,,,1,40,,35838,1,,,1,80,,35842,1,,,1,80,,35843,1,,,1,40,,35844,1,,,1,80,,35845,1,,,1,39,,35824,1,,,1
5101,'Saturday',635,,35846,1,,,1,80,,35848,1,,,1,40,,35849,1,,,1,80,,35850,1,,,1,80,,35851,1,,,1,40,,35852,1,,,1,80,,35853,1,,,1,80,,35854,1,,,1,40,,35855,1,,,1,80,,35856,1,,,1,80,,35857,1,,,1,40,,35858,1,,,1,80,,35859,1,,,1,80,,35860,1,,,1,40,,35861,1,,,1,80,,35862,1,,,1,80,,35863,1,,,1,40,,35864,1,,,1,80,,35865,1,,,1,80,,35866,1,,,1,40,,35867,1,,,1,80,,35868,1,,,1,80,,35869,1,,,1,35,,35847,1,,,1
5101,'Sunday',800,,35871,1,,,1,40,,35872,1,,,1,80,,35873,1,,,1,80,,35874,1,,,1,40,,35875,1,,,1,80,,35876,1,,,1,80,,35877,1,,,1,40,,35878,1,,,1,80,,35879,1,,,1,80,,35880,1,,,1,40,,35881,1,,,1,80,,35882,1,,,1,80,,35883,1,,,1,40,,35884,1,,,1,80,,35885,1,,,1,80,,35886,1,,,1,40,,35887,1,,,1,80,,35888,1,,,1,80,,35889,1,,,1,40,,35890,1,,,1,80,,35891,1,,,1,39,,35870,1,,,1
5101,'Weekday',447,,35892,1,,,1,80,,35894,1,,,1,80,,35895,1,,,1,40,,35896,1,,,1,80,,35897,1,,,1,80,,35898,1,,,1,40,,35899,1,,,1,80,,35900,1,,,1,80,,35901,1,,,1,40,,35902,1,,,1,80,,35903,1,,,1,80,,35904,1,,,1,40,,35905,1,,,1,80,,35906,1,,,1,80,,35907,1,,,1,40,,35908,1,,,1,80,,35909,1,,,1,80,,35910,1,,,1,40,,35911,1,,,1,80,,35912,1,,,1,80,,35913,1,,,1,40,,35914,1,,,1,80,,35915,1,,,1,80,,35916,1,,,1,40,,35917,1,,,1,80,,35918,1,,,1,80,,35919,1,,,1,40,,35920,1,,,1,80,,35921,1,,,1,80,,35922,1,,,1,38,,35893,1,,,1
5102,'Holiday1',832,,35923,12,4,,1,80,,35927,12,4,,1,40,,35928,12,4,,1,80,,35929,12,4,,1,80,,35930,12,4,,1,40,,35931,12,4,,1,80,,35932,12,4,,1,80,,35933,12,4,,1,40,,35934,12,4,,1,80,,35935,12,4,,1,80,,35936,12,4,,1,40,,35937,12,4,,1,80,,35938,12,4,,1,80,,35939,12,4,,1,40,,35940,12,4,,1,80,,35941,12,4,,1,80,,35942,12,4,,1,40,,35943,12,4,,1,80,,35925,12,4,,1,80,,35926,12,4,,1,44,,35924,12,4,,1
5102,'Saturday',630,,35944,12,4,,1,80,,35946,12,4,,1,40,,35947,12,4,,1,80,,35948,12,4,,1,80,,35949,12,4,,1,40,,35950,12,4,,1,80,,35951,12,4,,1,80,,35952,12,4,,1,40,,35953,12,4,,1,80,,35954,12,4,,1,80,,35955,12,4,,1,40,,35956,12,4,,1,80,,35957,12,4,,1,80,,35958,12,4,,1,40,,35959,12,4,,1,80,,35960,12,4,,1,80,,35961,12,4,,1,40,,35962,12,4,,1,80,,35963,12,4,,1,80,,35964,12,4,,1,40,,35965,12,4,,1,80,,35966,12,4,,1,80,,35967,12,4,,1,37,,35945,12,4,,1
5102,'Sunday',832,,35968,12,4,,1,80,,35972,12,4,,1,40,,35973,12,4,,1,80,,35974,12,4,,1,80,,35975,12,4,,1,40,,35976,12,4,,1,80,,35977,12,4,,1,80,,35978,12,4,,1,40,,35979,12,4,,1,80,,35980,12,4,,1,80,,35981,12,4,,1,40,,35982,12,4,,1,80,,35983,12,4,,1,80,,35984,12,4,,1,40,,35985,12,4,,1,80,,35986,12,4,,1,80,,35987,12,4,,1,40,,35988,12,4,,1,80,,35970,12,4,,1,80,,35971,12,4,,1,44,,35969,12,4,,1
5102,'Weekday',445,,35989,12,4,,1,80,,35991,12,4,,1,80,,35992,12,4,,1,40,,35993,12,4,,1,80,,35994,12,4,,1,80,,35995,12,4,,1,40,,35996,12,4,,1,80,,35997,12,4,,1,80,,35998,12,4,,1,40,,35999,12,4,,1,80,,36000,12,4,,1,80,,36001,12,4,,1,40,,36002,12,4,,1,80,,36003,12,4,,1,80,,36004,12,4,,1,40,,36005,12,4,,1,80,,36006,12,4,,1,80,,36007,12,4,,1,40,,36008,12,4,,1,80,,36009,12,4,,1,80,,36010,12,4,,1,40,,36011,12,4,,1,80,,36012,12,4,,1,80,,36013,12,4,,1,40,,36014,12,4,,1,80,,36015,12,4,,1,80,,36016,12,4,,1,40,,36017,12,4,,1,80,,36018,12,4,,1,80,,36019,12,4,,1,37,,35990,12,4,,1
51101,'Holiday1',553,,39212,4,,,1,63,,39215,4,,,1,29,,39213,4,,,1,63,,39181,4,,,1,10,,39216,4,,,1,10,,39214,4,,,1,20,,39184,4,,,1,75,,39182,4,,,1,85,,39185,4,,,1,40,,39186,4,,,1,80,,39183,4,,,1,80,,39188,4,,,1,40,,39189,4,,,1,80,,39190,4,,,1,82,,39187,4,,,1,93,,39191,4,,,1,30,,39192,4,,,1,81,,39193,4,,,1,39,,39194,4,,,1,80,,39195,4,,,1,80,,39196,4,,,1,89,,39197,4,,,1,31,,39199,4,,,1,76,,39200,4,,,1,41,,39201,4,,,1,78,,39198,4,,,1,80,,39202,4,,,1,40,,39203,4,,,1
51101,'Saturday',506,,39217,4,,,1,36,,39225,4,,,1,11,,39221,4,,,1,59,,39219,4,,,1,30,,39229,4,,,1,66,,39223,4,0,13,1,12,,39241,4,0,13,1,3,,39227,4,,,1,15,,39306,4,,,1,70,,39228,4,,,1,45,,39224,4,,,1,85,,39233,4,,,1,86,,39237,4,,,1,90,,39243,4,,,1,90,,39242,4,,,1,50,,39249,4,,,1,90,,39248,4,,,1,90,,39255,4,,,1,90,,39262,4,,,1,90,,39268,4,,,1,90,,39274,4,,,1,38,,39275,4,0,13,1,8,,39280,4,0,13,1,2,,39278,4,,,1,60,,39281,4,0,13,1,11,,39295,4,0,13,1,21,,39284,4,,,1,77,,39307,4,,,1,13,,39289,4,,,1
51101,'Sunday',553,,39359,4,,,1,63,,39362,4,,,1,29,,39360,4,,,1,63,,39328,4,,,1,10,,39363,4,,,1,10,,39361,4,,,1,20,,39331,4,,,1,75,,39329,4,,,1,85,,39332,4,,,1,40,,39333,4,,,1,80,,39330,4,,,1,80,,39335,4,,,1,40,,39336,4,,,1,80,,39337,4,,,1,82,,39334,4,,,1,93,,39338,4,,,1,30,,39339,4,,,1,81,,39340,4,,,1,39,,39341,4,,,1,80,,39342,4,,,1,80,,39343,4,,,1,89,,39344,4,,,1,31,,39346,4,,,1,76,,39347,4,,,1,41,,39348,4,,,1,78,,39345,4,,,1,80,,39349,4,,,1,40,,39350,4,,,1
51101,'Weekday',541,,39370,4,,,1,14,,39373,4,,,1,52,,39376,4,,,1,8,,39453,4,,,1,7,,39384,4,,,1,15,,39382,4,,,1,13,,39368,4,,,1,60,,39371,4,,,1,11,,39369,4,,,1,17,,39374,4,,,1,13,,39372,4,,,1,52,,39375,4,,,1,17,,39379,4,,,1,18,,39386,4,,,1,15,,39389,4,,,1,60,,39378,4,,,1,26,,39439,4,,,1,66,,39438,4,,,1,24,,39440,4,,,1,24,,39441,4,,,1,64,,39442,4,,,1,22,,39443,4,,,1,66,,39444,4,,,1,24,,39445,4,,,1,23,,39446,4,,,1,63,,39447,4,,,1,24,,39448,4,,,1,63,,39392,4,,,1,19,,39401,4,,,1,16,,39399,4,,,1,16,,39397,4,,,1,56,,39402,4,,,1,18,,39419,4,,,1,15,,39404,4,,,1,16,,39413,4,,,1,52,,39403,4,,,1,12,,39410,4,,,1,15,,39406,4,,,1,17,,39405,4,,,1,50,,39411,4,,,1,16,,39409,4,,,1,16,,39407,4,,,1,67,,39408,4,,,1,11,,39414,4,,,1,15,,39420,4,,,1,13,,39418,4,,,1,12,,39415,4,,,1,57,,39421,4,,,1,22,,39416,4,,,1,12,,39423,4,,,1,14,,39422,4,,,1,61,,39425,4,,,1,19,,39426,4,,,1,20,,39428,4,,,1,60,,39430,4,,,1,22,,39432,4,,,1,59,,39435,4,,,1,22,,39431,4,,,1,18,,39434,4,,,1,61,,39433,4,,,1,16,,39429,4,,,1,17,,39388,4,,,1,67,,39436,4,,,1,20,,39437,4,,,1,20,,39390,4,,,1
