902,'Holiday1',833,,16795,50,,,1,105,,16797,50,,,1,108,,16798,50,,,1,105,,16799,50,,,1,105,,16800,50,,,1,145,,16801,50,,,1,107,,16802,50,,,1,105,,16803,50,,,1,107,,16804,50,,,1,106,,16805,50,,,1,107,,16796,50,,,1
902,'Saturday',802,,16806,50,,,1,50,,16813,50,,,1,93,,16816,50,,,1,90,,16814,50,,,1,90,,16818,50,,,1,90,,16819,50,,,1,90,,16820,50,,,1,50,,16817,50,,,1,90,,16812,50,,,1,92,,16807,50,,,1,92,,16809,50,,,1,90,,16811,50,,,1,88,,16815,50,,,1,47,,16808,50,,,1,90,,16810,50,,,1
902,'Sunday',833,,16821,50,,,1,105,,16823,50,,,1,108,,16824,50,,,1,105,,16825,50,,,1,105,,16826,50,,,1,145,,16827,50,,,1,107,,16828,50,,,1,105,,16829,50,,,1,107,,16830,50,,,1,106,,16831,50,,,1,107,,16822,50,,,1
902,'Weekday',647,,16832,50,,,1,79,,16841,50,,,1,74,,16842,50,,,1,45,,16840,50,,,1,90,,16838,50,,,1,78,,16844,50,,,1,45,,16849,50,,,1,85,,16846,50,,,1,85,,16839,50,,,1,88,,16835,50,,,1,29,,16850,50,,,1,75,,16851,50,,,1,35,,16852,50,,,1,46,,16847,50,,,1,33,,16853,50,,,1,75,,16854,50,,,1,35,,16845,50,,,1,75,,16843,50,,,1,35,,16848,50,,,1,76,,16836,50,,,1,78,,16837,50,,,1,42,,16855,50,,,1,88,,16856,50,,,1,86,,16834,50,,,1,117,,16833,50,,,1
2503,'Weekday',526,,20139,13,,,1,30,,20138,13,,,1,70,,20142,13,,,1,76,,20148,13,,,1,37,,20147,13,,,1,77,,20145,13,,,1,36,,20144,13,,,1,76,,20146,13,,,1,76,,20149,13,,,1,408,,20140,13,,,1,38,,20141,13,,,1,79,,20150,13,,,1,77,,20151,13,,,1,34,,20152,13,,,1,78,,20153,13,,,1,36,,20154,13,,,1,75,,20155,13,,,1,75,,20156,13,,,1,35,,20143,13,,,1
2902,'Holiday1',713,,20934,37,,,1,35,,20935,37,,,1,78,,20938,37,,,1,76,,20939,37,,,1,35,,20940,37,,,1,75,,20936,37,,,1,36,,20937,37,,,1,75,,20941,37,,,1,35,,20943,37,,,1,75,,20944,37,,,1,75,,20945,37,,,1,35,,20942,37,,,1,76,,20946,37,,,1,35,,20948,37,,,1,75,,20949,37,,,1,76,,20950,37,,,1,35,,20947,37,,,1,75,,20951,37,,,1,35,,20952,37,,,1,75,,20954,37,,,1,75,,20953,37,,,1,33,,20955,37,,,1,75,,20957,37,,,1,32,,20956,37,,,1,75,,20958,37,,,1,34,,20962,37,,,1,90,,20960,37,,,1,90,,20961,37,,,1,90,,20959,37,,,1
2902,'Saturday',645,,20969,37,,,1,65,,20977,37,,,1,26,,20979,37,,,1,65,,20980,37,,,1,25,,20978,37,,,1,26,,20981,37,,,1,66,,20982,37,,,1,25,,20983,37,,,1,66,,20984,37,,,1,31,,20985,37,,,1,65,,20988,37,,,1,26,,20986,37,,,1,25,,20987,37,,,1,65,,20989,37,,,1,25,,20990,37,,,1,65,,20991,37,,,1,25,,20992,37,,,1,65,,20993,37,,,1,25,,20994,37,,,1,25,,20995,37,,,1,65,,20996,37,,,1,25,,20998,37,,,1,66,,20999,37,,,1,25,,21000,37,,,1,25,,20997,37,,,1,65,,20976,37,,,1,25,,20973,37,,,1,64,,20975,37,,,1,23,,20974,37,,,1,67,,20972,37,,,1,28,,20971,37,,,1,83,,20964,37,,,1,35,,20965,37,,,1,72,,20963,37,,,1,29,,20967,37,,,1,79,,20968,37,,,1,90,,20966,37,,,1,90,,20970,37,,,1
2902,'Sunday',713,,21001,37,,,1,35,,21002,37,,,1,78,,21005,37,,,1,76,,21006,37,,,1,35,,21007,37,,,1,75,,21003,37,,,1,36,,21004,37,,,1,75,,21008,37,,,1,35,,21010,37,,,1,75,,21011,37,,,1,75,,21012,37,,,1,35,,21009,37,,,1,76,,21013,37,,,1,35,,21015,37,,,1,75,,21016,37,,,1,76,,21017,37,,,1,35,,21014,37,,,1,75,,21018,37,,,1,35,,21019,37,,,1,75,,21021,37,,,1,75,,21020,37,,,1,33,,21022,37,,,1,75,,21024,37,,,1,32,,21023,37,,,1,75,,21025,37,,,1,34,,21029,37,,,1,90,,21027,37,,,1,90,,21028,37,,,1,90,,21026,37,,,1
2902,'Weekday',613,,21031,37,,,1,32,,21030,46,0,5,1,56,,21066,46,0,5,1,16,,21063,46,0,5,1,17,,21062,46,0,5,1,16,,21059,46,0,5,1,56,,21058,46,0,5,1,16,,21061,46,0,5,1,16,,21060,46,0,5,1,16,,21065,46,0,5,1,55,,21064,46,0,5,1,14,,21068,46,0,5,1,14,,21067,46,0,5,1,18,,21070,46,0,5,1,56,,21069,46,0,5,1,24,,21032,37,,,1,65,,21033,37,,,1,25,,21034,37,,,1,25,,21035,37,,,1,67,,21036,37,,,1,22,,21037,37,,,1,65,,21038,37,,,1,25,,21039,37,,,1,25,,21040,37,,,1,69,,21041,37,,,1,81,,21042,37,,,1,16,,21044,46,0,5,1,7,,21056,24,,,1,7,,21045,46,0,5,1,19,,21071,46,0,5,1,58,,21072,46,0,5,1,18,,21073,46,0,5,1,14,,21057,46,0,5,1,4,,21074,46,0,5,1,58,,21075,46,0,5,1,18,,21076,46,0,5,1,18,,21077,46,0,5,1,18,,21078,46,0,5,1,56,,21079,46,0,5,1,18,,21080,46,0,5,1,16,,21081,46,0,5,1,58,,21082,46,0,5,1,16,,21083,46,0,5,1,17,,21084,46,0,5,1,18,,21085,46,0,5,1,55,,21086,46,0,5,1,17,,21087,46,0,5,1,15,,21043,46,0,5,1,65,,21048,37,,,1,33,,21049,37,,,1,72,,21050,37,,,1,32,,21051,37,,,1,69,,21052,37,,,1,29,,21053,37,,,1,70,,21054,37,,,1,30,,21055,37,,,1,70,,21046,37,,,1,30,,21047,37,,,1
21501,'Weekday',1502,,24482,36,,,1
