502,'Holiday1',649,,15753,,,1,155,,15763,,,1,30,,15758,,,1,70,,15754,,,1,30,,15748,,,1,81,,15764,,,1,33,,15756,,,1,70,,15750,,,1,25,,15749,,,1,69,,15761,,,1,27,,15757,,,1,70,,15751,,,1,33,,15752,,,1,73,,15755,,,1,32,,15765,,,1,74,,15760,,,1,35,,15759,,,1,70,,15762,,,1,30,,15766,,,1,70,,15767,,,1,30,,15768,,,1,70,,15769,,,1,29,,15771,,,1,70,,15770,,,1,30,,15772,,,1,68,,15774,,,1,29,,15773,,,1,67,,15775,,,1,30,,15776,,,1,68,,15777,,,1,29,,15778,,,1,70,,15780,,,1,23,,15782,,,1,69,,15783,,,1,29,,15779,,,1,69,,15781,,,1
502,'Saturday',551,,15784,,,1,93,,15785,,,1,67,,15786,,,1,31,,15823,,,1,70,,15787,,,1,31,,15788,,,1,76,,15789,,,1,31,,15790,,,1,70,,15791,,,1,30,,15792,,,1,74,,15793,,,1,31,,15812,,,1,72,,15813,,,1,95,,15811,,,1,35,,15815,,,1,70,,15817,,,1,31,,15814,,,1,70,,15818,,,1,30,,15816,,,1,70,,15820,,,1,31,,15821,,,1,72,,15822,,,1,70,,15819,,,1,29,,15808,,,1,70,,15810,,,1,28,,15807,,,1,28,,15809,,,1,64,,15806,,,1,25,,15794,,,1,66,,15795,,,1,27,,15796,,,1,72,,15797,,,1,26,,15798,,,1,73,,15799,,,1,29,,15800,,,1,70,,15801,,,1,29,,15803,,,1,70,,15802,,,1,30,,15805,,,1,70,,15804,,,1
502,'Sunday',649,,15829,,,1,155,,15841,,,1,30,,15834,,,1,70,,15830,,,1,30,,15824,,,1,81,,15839,,,1,33,,15832,,,1,70,,15826,,,1,25,,15825,,,1,69,,15837,,,1,27,,15833,,,1,70,,15827,,,1,33,,15828,,,1,73,,15831,,,1,32,,15840,,,1,74,,15836,,,1,35,,15835,,,1,70,,15838,,,1,30,,15842,,,1,70,,15843,,,1,30,,15844,,,1,70,,15845,,,1,29,,15847,,,1,70,,15846,,,1,30,,15848,,,1,68,,15850,,,1,29,,15849,,,1,67,,15851,,,1,30,,15852,,,1,68,,15853,,,1,29,,15854,,,1,70,,15856,,,1,23,,15857,,,1,69,,15858,,,1,29,,15855,,,1,69,,15859,,,1
502,'Weekday',535,,15864,,,1,24,,15862,,,1,60,,15863,,,1,18,,15861,,,1,15,,15860,,,1,54,,15868,,,1,16,,15867,,,1,14,,15866,,,1,15,,15865,,,1,58,,15870,0,5,1,5,,15873,,,1,24,,15871,0,5,1,11,,15874,,,1,57,,15872,0,5,1,11,,15875,,,1,16,,15869,0,5,1,10,,15876,,,1,69,,15877,0,5,1,17,,15879,,,1,23,,15885,0,5,1,57,,15878,,,1,24,,15887,0,5,1,16,,15880,,,1,64,,15889,0,5,1,16,,15881,,,1,25,,15886,0,5,1,57,,15882,,,1,25,,15890,0,5,1,17,,15883,,,1,64,,15888,0,5,1,17,,15884,,,1,23,,15892,0,5,1,55,,15893,,,1,16,,15904,0,5,1,12,,15894,,,1,16,,15905,0,5,1,51,,15891,,,1,16,,15906,0,5,1,9,,15895,,,1,18,,15907,0,5,1,9,,15896,,,1,58,,15908,0,5,1,11,,15897,,,1,15,,15909,0,5,1,11,,15899,,,1,56,,15910,0,5,1,8,,15900,,,1,15,,15911,0,5,1,10,,15901,,,1,15,,15912,0,5,1,48,,15898,,,1,16,,15913,0,5,1,8,,15902,,,1,16,,15914,0,5,1,8,,15903,,,1,63,,15915,0,5,1,8,,15919,,,1,18,,15920,,,1,60,,15925,,,1,27,,15929,,,1,77,,15917,,,1,35,,15923,,,1,63,,15927,,,1,6,,15921,,,1,19,,15922,,,1,5,,15924,,,1,69,,15931,,,1,14,,15916,,,1,25,,15928,,,1,69,,15930,,,1,25,,15926,,,1,71,,15918,,,1
902,'Holiday1',839,,17026,,,1,105,,17028,,,1,108,,17029,,,1,105,,17030,,,1,145,,17031,,,1,105,,17033,,,1,108,,17034,,,1,105,,17035,,,1,107,,17032,,,1,106,,17036,,,1,107,,17027,,,1
902,'Saturday',807,,17037,,,1,50,,17044,,,1,94,,17047,,,1,90,,17045,,,1,90,,17049,,,1,90,,17050,,,1,90,,17051,,,1,90,,17048,,,1,50,,17043,,,1,92,,17038,,,1,92,,17040,,,1,90,,17042,,,1,88,,17046,,,1,87,,17039,,,1,50,,17041,,,1
902,'Sunday',839,,17052,,,1,105,,17054,,,1,108,,17055,,,1,105,,17056,,,1,145,,17057,,,1,105,,17058,,,1,108,,17059,,,1,105,,17060,,,1,107,,17061,,,1,106,,17062,,,1,107,,17053,,,1
902,'Weekday',652,,17063,,,1,79,,17072,,,1,75,,17073,,,1,45,,17071,,,1,90,,17069,,,1,78,,17075,,,1,85,,17080,,,1,45,,17077,,,1,85,,17070,,,1,88,,17066,,,1,29,,17081,,,1,75,,17082,,,1,75,,17083,,,1,6,,17078,,,1,33,,17084,,,1,75,,17085,,,1,35,,17076,,,1,75,,17074,,,1,75,,17079,,,1,36,,17067,,,1,78,,17068,,,1,42,,17086,,,1,87,,17087,,,1,86,,17065,,,1,117,,17064,,,1
21200,'Weekday',1432,,24875,,,1
21501,'Weekday',1507,,24882,,,1
