'250901-MULTI-Holiday1-01',303,74000,4,'',1,6400,4,'',1,2500,4,'',1,2900,4,'',1,7000,4,'',1,2200,4,'',1,7000,4,'',1,2100,4,'',1,7000,4,'',1,2200,4,'',1,7000,4,'',1,2200,4,'',1,2900,4,'',1,6300,4,'',1,3000,4,'',1,6200,4,'',1,3000,4,'',1,6200,4,'',1,3100,4,'',1,2300,4,'',1,7300,4,'',1,2200,4,'',1,7000,4,'',1,2200,4,'',1,7000,4,'',1,2100,4,'',1,7000,4,'',1,2100,4,'',1,2600,4,'',1,6200,4,'',1,2400,4,'',1,6600,4,'',1,2500,4,'',1,2600,4,'',1,6600,4,'',1,2600,4,'',1,6500,4,'',1,2600,4,'',1,6500,4,'',1,2600,4,'',1
'250901-MULTI-Holiday1-01',304,73000,,'',1,2600,0,'A FCCC',1,6600,,'',1,2500,0,'A FCCC',1,6700,,'',1,2500,0,'A FCCC',1,6700,,'',1,2500,0,'A FCCC',1,2700,,'',1,6500,0,'A FCCC',1,2700,,'',1,6500,0,'A FCCC',1,2700,,'',1,6500,0,'A FCCC',1,2700,,'',1,2500,0,'A FCCC',1,6700,,'',1,2500,0,'A FCCC',1,6700,,'',1,2500,0,'A FCCC',1,6700,,'',1,2500,0,'A FCCC',1,6700,,'',1,2500,0,'A FCCC',1,2700,,'',1,6500,0,'A FCCC',1,2400,,'',1,6600,,'',1,2600,,'',1,6600,,'',1,2600,,'',1,2600,,'',1,6600,,'',1,2600,,'',1,6600,,'',1,2600,,'',1,6600,,'',1,2600,,'',1,2600,,'',1
'250901-MULTI-Holiday2-01',2801,63700,4,'',1,6500,4,'',1,2500,4,'',1,2500,4,'',1,6500,4,'',1,2500,4,'',1,6500,4,'',1,2500,4,'',1,2500,4,'',1,6500,4,'',1,2500,4,'',1,6500,4,'',1,2500,4,'',1,6500,4,'',1,2500,4,'',1,2500,4,'',1,6500,4,'',1,2500,4,'',1,6500,4,'',1,2500,4,'',1,2500,4,'',1,6500,4,'',1,2500,4,'',1,6500,4,'',1,2500,4,'',1,6500,4,'',1,2500,4,'',1,2500,4,'',1,6500,4,'',1,2500,4,'',1,6500,4,'',1,2500,4,'',1
'250901-MULTI-Holiday2-01',2802,53000,0,'A',1,2500,,'',1,6500,0,'A',1,2500,,'',1,6500,0,'A',1,2500,,'',1,6500,0,'A',1,2500,,'',1,2500,0,'A',1,6500,,'',1,2500,0,'A',1,6500,,'',1,2500,0,'A',1,2500,,'',1,6500,0,'A',1,2500,,'',1,6500,0,'A',1,2500,,'',1,6500,0,'A',1,2500,,'',1,2500,0,'A',1,6500,,'',1,2500,0,'A',1,6500,,'',1,2500,0,'A',1,2500,,'',1,6500,0,'A',1,2500,,'',1,6500,0,'A',1,2500,,'',1,6500,0,'A',1,2500,,'',1,2500,0,'A',1
'250901-MULTI-Saturday-01',2801,63700,4,'',1,6500,4,'',1,2500,4,'',1,2500,4,'',1,6500,4,'',1,2500,4,'',1,6500,4,'',1,2500,4,'',1,2500,4,'',1,6500,4,'',1,2500,4,'',1,6500,4,'',1,2500,4,'',1,6500,4,'',1,2500,4,'',1,2500,4,'',1,6500,4,'',1,2500,4,'',1,6500,4,'',1,2500,4,'',1,2500,4,'',1,6500,4,'',1,2500,4,'',1,6500,4,'',1,2500,4,'',1,6500,4,'',1,2500,4,'',1,2500,4,'',1,6500,4,'',1,2500,4,'',1,6500,4,'',1,2500,4,'',1
'250901-MULTI-Saturday-01',2802,53000,0,'A',1,2500,,'',1,6500,0,'A',1,2500,,'',1,6500,0,'A',1,2500,,'',1,6500,0,'A',1,2500,,'',1,2500,0,'A',1,6500,,'',1,2500,0,'A',1,6500,,'',1,2500,0,'A',1,2500,,'',1,6500,0,'A',1,2500,,'',1,6500,0,'A',1,2500,,'',1,6500,0,'A',1,2500,,'',1,2500,0,'A',1,6500,,'',1,2500,0,'A',1,6500,,'',1,2500,0,'A',1,2500,,'',1,6500,0,'A',1,2500,,'',1,6500,0,'A',1,2500,,'',1,6500,0,'A',1,2500,,'',1,2500,0,'A',1
'250901-MULTI-Sunday-01',2801,63700,4,'',1,6500,4,'',1,2500,4,'',1,2500,4,'',1,6500,4,'',1,2500,4,'',1,6500,4,'',1,2500,4,'',1,2500,4,'',1,6500,4,'',1,2500,4,'',1,6500,4,'',1,2500,4,'',1,6500,4,'',1,2500,4,'',1,2500,4,'',1,6500,4,'',1,2500,4,'',1,6500,4,'',1,2500,4,'',1,2500,4,'',1,6500,4,'',1,2500,4,'',1,6500,4,'',1,2500,4,'',1,6500,4,'',1,2500,4,'',1,2500,4,'',1,6500,4,'',1,2500,4,'',1,6500,4,'',1,2500,4,'',1
'250901-MULTI-Sunday-01',2802,53000,0,'A',1,2500,,'',1,6500,0,'A',1,2500,,'',1,6500,0,'A',1,2500,,'',1,6500,0,'A',1,2500,,'',1,2500,0,'A',1,6500,,'',1,2500,0,'A',1,6500,,'',1,2500,0,'A',1,2500,,'',1,6500,0,'A',1,2500,,'',1,6500,0,'A',1,2500,,'',1,6500,0,'A',1,2500,,'',1,2500,0,'A',1,6500,,'',1,2500,0,'A',1,6500,,'',1,2500,0,'A',1,2500,,'',1,6500,0,'A',1,2500,,'',1,6500,0,'A',1,2500,,'',1,6500,0,'A',1,2500,,'',1,2500,0,'A',1
'250901-MULTI-Weekday-01',2801,64200,4,'',1,6000,4,'',1,2000,4,'',1,2000,4,'',1,6000,4,'',1,2000,4,'',1,2000,4,'',1,6000,4,'',1,2000,4,'',1,2000,4,'',1,6000,4,'',1,2000,4,'',1,2000,4,'',1,6000,4,'',1,2000,4,'',1,2000,4,'',1,6000,4,'',1,2000,4,'',1,2000,4,'',1,6000,4,'',1,2000,4,'',1,2000,4,'',1,6000,4,'',1,2000,4,'',1,2000,4,'',1,6000,4,'',1,2000,4,'',1,2000,4,'',1,6000,4,'',1,2000,4,'',1,2000,4,'',1,6000,4,'',1,2000,4,'',1,2000,4,'',1,6000,4,'',1,2000,4,'',1,2000,4,'',1,6000,4,'',1,2000,4,'',1,2000,4,'',1
'250901-MULTI-Weekday-01',2802,52700,0,'A',1,2500,,'',1,6000,0,'A',1,2000,,'',1,2000,0,'A',1,6000,,'',1,2000,0,'A',1,2000,,'',1,6000,0,'A',1,2000,,'',1,2000,0,'A',1,6000,,'',1,2000,0,'A',1,2000,,'',1,6000,0,'A',1,2000,,'',1,2000,0,'A',1,6000,,'',1,2000,0,'A',1,2000,,'',1,6000,0,'A',1,2000,,'',1,2000,0,'A',1,6000,,'',1,2000,0,'A',1,2000,,'',1,6000,0,'A',1,2000,,'',1,2000,0,'A',1,6000,,'',1,2000,0,'A',1,2000,,'',1,6000,0,'A',1,2000,,'',1,2000,0,'A',1,6000,,'',1,2000,0,'A',1,2000,,'',1,6000,0,'A',1,2000,,'',1
'250901-MULTI-Weekday-01',20100,72500,,'',1
