2301,'Holiday1',721,,32894,3,,,1,25,,32867,3,,,1,71,,32869,3,,,1,25,,32866,3,,,1,69,,32870,3,,,1,26,,32868,3,,,1,69,,32872,3,,,1,28,,32873,3,,,1,68,,32875,3,,,1,28,,32871,3,,,1,28,,32876,3,,,1,68,,32878,3,,,1,28,,32879,3,,,1,68,,32880,3,,,1,28,,32877,3,,,1,68,,32881,3,,,1,29,,32882,3,,,1,70,,32883,3,,,1,30,,32874,3,,,1,66,,32885,3,,,1,29,,32886,3,,,1,68,,32888,3,,,1,30,,32884,3,,,1,69,,32890,3,,,1,30,,32887,3,,,1,67,,32892,3,,,1,30,,32889,3,,,1,73,,32891,3,,,1,28,,32895,3,,,1,68,,32893,3,,,1,28,,32897,3,,,1,68,,32896,3,,,1
2301,'Saturday',627,,32900,3,,,1,30,,32898,3,,,1,68,,32908,3,,,1,28,,32912,3,,,1,63,,32913,3,,,1,28,,32910,3,,,1,68,,32909,3,,,1,28,,32911,3,,,1,68,,32914,3,,,1,28,,32915,3,,,1,68,,32916,3,,,1,28,,32917,3,,,1,68,,32919,3,,,1,28,,32920,3,,,1,28,,32921,3,,,1,68,,32918,3,,,1,28,,32922,3,,,1,68,,32924,3,,,1,28,,32925,3,,,1,68,,32926,3,,,1,28,,32923,3,,,1,67,,32927,3,,,1,28,,32928,3,,,1,71,,32929,3,,,1,34,,32930,3,,,1,82,,32902,3,,,1,75,,32899,3,,,1,30,,32903,3,,,1,71,,32901,3,,,1,31,,32905,3,,,1,71,,32907,3,,,1,27,,32904,3,,,1,70,,32906,3,,,1,30,,32931,3,,,1,70,,32933,3,,,1,30,,32932,3,,,1,70,,32934,3,,,1,30,,32935,3,,,1
2301,'Sunday',721,,32964,3,,,1,25,,32937,3,,,1,71,,32939,3,,,1,25,,32936,3,,,1,69,,32940,3,,,1,26,,32938,3,,,1,69,,32942,3,,,1,28,,32943,3,,,1,68,,32944,3,,,1,28,,32941,3,,,1,28,,32945,3,,,1,68,,32948,3,,,1,28,,32949,3,,,1,68,,32950,3,,,1,28,,32946,3,,,1,68,,32951,3,,,1,29,,32952,3,,,1,70,,32953,3,,,1,30,,32947,3,,,1,66,,32955,3,,,1,29,,32956,3,,,1,68,,32958,3,,,1,30,,32954,3,,,1,69,,32960,3,,,1,30,,32957,3,,,1,67,,32962,3,,,1,30,,32959,3,,,1,73,,32961,3,,,1,28,,32965,3,,,1,68,,32963,3,,,1,28,,32967,3,,,1,68,,32966,3,,,1
2301,'Weekday',411,,32968,3,,,1,15,,32969,3,,,1,15,,32970,3,,,1,15,,32971,3,,,1,56,,32972,3,,,1,15,,32973,3,,,1,15,,32974,3,,,1,14,,32975,3,,,1,56,,32976,3,,,1,15,,32977,3,,,1,15,,32978,3,,,1,15,,32980,3,,,1,55,,32981,3,,,1,15,,32982,3,,,1,15,,32979,3,,,1,15,,32984,3,,,1,55,,32985,3,,,1,15,,32986,3,,,1,15,,32983,3,,,1,15,,32987,3,,,1,64,,32988,3,,,1,32,,32989,3,,,1,69,,32990,3,,,1,25,,32991,3,,,1,68,,32992,3,,,1,34,,32993,3,,,1,69,,32994,3,,,1,30,,32995,3,,,1,66,,32996,3,,,1,26,,33027,3,,,1,60,,32997,3,,,1,17,,33026,3,,,1,14,,33023,3,,,1,16,,33025,3,,,1,55,,33024,3,,,1,15,,32999,3,,,1,15,,32998,3,,,1,15,,33000,3,,,1,55,,33002,3,,,1,15,,33004,3,,,1,15,,33005,3,,,1,15,,33006,3,,,1,55,,33003,3,,,1,15,,33007,3,,,1,15,,33001,3,,,1,15,,33008,3,,,1,55,,33009,3,,,1,15,,33011,3,,,1,15,,33012,3,,,1,15,,33010,3,,,1,60,,33013,3,,,1,37,,33015,3,,,1,70,,33016,3,,,1,34,,33017,3,,,1,74,,33018,3,,,1,34,,33019,3,,,1,75,,33014,3,,,1,75,,33020,3,,,1,33,,33021,3,,,1,74,,33022,3,,,1
2703,'Saturday',751,,33602,3,,,1,75,,33604,3,,,1,75,,33605,3,,,1,35,,33603,3,,,1,75,,33606,3,,,1,35,,33607,3,,,1,75,,33608,3,,,1,35,,33609,3,,,1,75,,33611,3,,,1,75,,33612,3,,,1,35,,33614,3,,,1,75,,33610,3,,,1,35,,33615,3,,,1,75,,33613,3,,,1,75,,33618,3,,,1,35,,33619,3,,,1,75,,33616,3,,,1,35,,33617,3,,,1
2703,'Weekday',541,,33620,3,,,1,73,,33621,3,,,1,33,,33624,3,,,1,75,,33625,3,,,1,36,,33622,3,,,1,76,,33623,3,,,1,75,,33626,3,,,1,34,,33627,3,,,1,72,,33628,3,,,1,32,,33629,3,,,1,73,,33630,3,,,1,33,,33631,3,,,1,73,,33632,3,,,1,33,,33633,3,,,1,75,,33635,3,,,1,74,,33634,3,,,1,35,,33637,3,,,1,76,,33638,3,,,1,36,,33636,3,,,1,76,,33639,3,,,1,75,,33640,3,,,1,37,,33641,3,,,1,75,,33642,3,,,1,36,,33643,3,,,1,75,,33644,3,,,1,74,,33645,3,,,1
2801,'Holiday1',606,,33702,3,0,5,1,25,,33693,3,,,1,25,,33691,3,0,5,1,65,,33698,3,,,1,25,,33696,3,0,5,1,65,,33690,3,,,1,25,,33699,3,0,5,1,65,,33695,3,,,1,25,,33692,3,0,5,1,25,,33700,3,,,1,65,,33694,3,0,5,1,25,,33697,3,,,1,65,,33703,3,0,5,1,25,,33701,3,,,1,25,,33704,3,0,5,1,65,,33705,3,,,1,25,,33706,3,0,5,1,65,,33707,3,,,1,25,,33708,3,0,5,1,65,,33709,3,,,1,25,,33710,3,0,5,1,25,,33712,3,,,1,65,,33711,3,0,5,1,25,,33713,3,,,1,65,,33714,3,0,5,1,25,,33717,3,,,1,25,,33715,3,0,5,1,65,,33716,3,,,1,25,,33719,3,0,5,1,65,,33718,3,,,1,25,,33720,3,0,5,1,65,,33721,3,,,1
2801,'Saturday',606,,33723,3,0,5,1,25,,33738,3,,,1,25,,33724,3,0,5,1,65,,33741,3,,,1,25,,33722,3,0,5,1,65,,33742,3,,,1,25,,33725,3,0,5,1,65,,33743,3,,,1,25,,33726,3,0,5,1,25,,33740,3,,,1,65,,33727,3,0,5,1,25,,33744,3,,,1,65,,33728,3,0,5,1,25,,33745,3,,,1,25,,33729,3,0,5,1,65,,33746,3,,,1,25,,33730,3,0,5,1,65,,33747,3,,,1,25,,33731,3,0,5,1,65,,33748,3,,,1,25,,33732,3,0,5,1,25,,33749,3,,,1,65,,33733,3,0,5,1,25,,33750,3,,,1,65,,33734,3,0,5,1,25,,33751,3,,,1,25,,33735,3,0,5,1,65,,33752,3,,,1,25,,33736,3,0,5,1,65,,33753,3,,,1,25,,33737,3,0,5,1,65,,33739,3,,,1
2801,'Sunday',606,,33766,3,0,5,1,25,,33757,3,,,1,25,,33755,3,0,5,1,65,,33762,3,,,1,25,,33760,3,0,5,1,65,,33754,3,,,1,25,,33763,3,0,5,1,65,,33759,3,,,1,25,,33756,3,0,5,1,25,,33764,3,,,1,65,,33758,3,0,5,1,25,,33761,3,,,1,65,,33767,3,0,5,1,25,,33765,3,,,1,25,,33768,3,0,5,1,65,,33769,3,,,1,25,,33770,3,0,5,1,65,,33771,3,,,1,25,,33772,3,0,5,1,65,,33773,3,,,1,25,,33774,3,0,5,1,25,,33776,3,,,1,65,,33775,3,0,5,1,25,,33777,3,,,1,65,,33778,3,0,5,1,25,,33780,3,,,1,25,,33779,3,0,5,1,65,,33781,3,,,1,25,,33783,3,0,5,1,65,,33782,3,,,1,25,,33784,3,0,5,1,65,,33785,3,,,1
2801,'Weekday',431,,33828,3,,,1,75,,33827,3,,,1,44,,33826,3,,,1,59,,33786,3,0,5,1,20,,33808,3,,,1,22,,33789,3,0,5,1,59,,33809,3,,,1,20,,33790,3,0,5,1,18,,33810,3,,,1,59,,33791,3,0,5,1,20,,33811,3,,,1,19,,33792,3,0,5,1,61,,33812,3,,,1,21,,33793,3,0,5,1,21,,33815,3,,,1,58,,33794,3,0,5,1,24,,33816,3,,,1,20,,33795,3,0,5,1,60,,33817,3,,,1,20,,33796,3,0,5,1,20,,33813,3,,,1,60,,33797,3,0,5,1,20,,33814,3,,,1,20,,33800,3,0,5,1,60,,33818,3,,,1,20,,33801,3,0,5,1,20,,33819,3,,,1,60,,33802,3,0,5,1,21,,33820,3,,,1,19,,33798,3,0,5,1,60,,33821,3,,,1,21,,33799,3,0,5,1,21,,33822,3,,,1,58,,33803,3,0,5,1,21,,33823,3,,,1,19,,33804,3,0,5,1,60,,33824,3,,,1,21,,33805,3,0,5,1,19,,33788,3,,,1,63,,33806,3,0,5,1,19,,33787,3,,,1,20,,33807,3,0,5,1,60,,33825,3,,,1
