603,'Holiday1',914,,15702,37,,,1,45,,15701,37,,,1,86,,15704,37,,,1,85,,15705,37,,,1,85,,15706,37,,,1,85,,15707,37,,,1,48,,15708,37,,,1,85,,15703,37,,,1,85,,15709,37,,,1,85,,15710,37,,,1,45,,15711,37,,,1,85,,15712,37,,,1,85,,15713,37,,,1,85,,15714,37,,,1,44,,15715,37,,,1
603,'Saturday',801,,15731,37,,,1,45,,15716,37,,,1,85,,15717,37,,,1,84,,15719,37,,,1,85,,15720,37,,,1,45,,15718,37,,,1,86,,15722,37,,,1,85,,15721,37,,,1,86,,15724,37,,,1,46,,15725,37,,,1,86,,15723,37,,,1,85,,15726,37,,,1,85,,15727,37,,,1,45,,15728,37,,,1,85,,15729,37,,,1,85,,15730,37,,,1
603,'Sunday',914,,15733,37,,,1,45,,15732,37,,,1,86,,15735,37,,,1,85,,15736,37,,,1,85,,15737,37,,,1,85,,15738,37,,,1,48,,15739,37,,,1,85,,15734,37,,,1,85,,15740,37,,,1,85,,15741,37,,,1,45,,15742,37,,,1,85,,15743,37,,,1,85,,15744,37,,,1,85,,15745,37,,,1,44,,15746,37,,,1
603,'Weekday',636,,15747,37,,,1,19,,15749,37,,,1,61,,15753,37,,,1,20,,15754,37,,,1,19,,15750,37,,,1,61,,15755,37,,,1,22,,15752,37,,,1,17,,15757,37,,,1,61,,15751,37,,,1,20,,15756,37,,,1,23,,15748,37,,,1,70,,15771,37,,,1,22,,15769,37,,,1,59,,15762,37,,,1,21,,15765,37,,,1,26,,15767,37,,,1,62,,15763,37,,,1,20,,15759,37,,,1,63,,15766,37,,,1,24,,15758,37,,,1,22,,15764,37,,,1,60,,15760,37,,,1,25,,15770,37,,,1,25,,15761,37,,,1,67,,15768,37,,,1,25,,15773,37,,,1,60,,15774,37,,,1,21,,15772,37,,,1,20,,15775,37,,,1,60,,15776,37,,,1,20,,15777,37,,,1,20,,15778,37,,,1,60,,15779,37,,,1,20,,15780,37,,,1,19,,15781,37,,,1,60,,15782,37,,,1,14,,15783,37,,,1,20,,15784,37,,,1,60,,15788,37,,,1,21,,15785,37,,,1,22,,15786,37,,,1,66,,15787,37,,,1,25,,15789,37,,,1,62,,15790,37,,,1,27,,15791,37,,,1,27,,15792,37,,,1,72,,15793,37,,,1,30,,15794,37,,,1
2902,'Holiday1',722,,20934,50,,,1,35,,20935,50,,,1,78,,20938,50,,,1,76,,20939,50,,,1,35,,20940,50,,,1,75,,20936,50,,,1,36,,20937,50,,,1,75,,20941,50,,,1,75,,20943,50,,,1,35,,20944,50,,,1,75,,20945,50,,,1,35,,20942,50,,,1,77,,20946,50,,,1,75,,20948,50,,,1,35,,20949,50,,,1,76,,20950,50,,,1,35,,20947,50,,,1,75,,20951,50,,,1,75,,20952,50,,,1,35,,20954,50,,,1,75,,20953,50,,,1,33,,20955,50,,,1,75,,20957,50,,,1,32,,20956,50,,,1,74,,20958,50,,,1,34,,20962,50,,,1,90,,20960,50,,,1,90,,20961,50,,,1,90,,20959,50,,,1
2902,'Saturday',653,,20969,50,,,1,65,,20977,50,,,1,26,,20979,50,,,1,66,,20980,50,,,1,25,,20978,50,,,1,66,,20981,50,,,1,26,,20982,50,,,1,25,,20983,50,,,1,66,,20984,50,,,1,31,,20985,50,,,1,65,,20988,50,,,1,26,,20986,50,,,1,65,,20987,50,,,1,25,,20989,50,,,1,25,,20990,50,,,1,65,,20991,50,,,1,25,,20992,50,,,1,66,,20993,50,,,1,25,,20994,50,,,1,65,,20995,50,,,1,25,,20996,50,,,1,25,,20998,50,,,1,67,,20999,50,,,1,25,,21000,50,,,1,65,,20997,50,,,1,25,,20976,50,,,1,25,,20973,50,,,1,64,,20975,50,,,1,23,,20974,50,,,1,67,,20972,50,,,1,28,,20971,50,,,1,82,,20964,50,,,1,35,,20965,50,,,1,72,,20963,50,,,1,29,,20967,50,,,1,79,,20968,50,,,1,90,,20966,50,,,1,90,,20970,50,,,1
2902,'Sunday',722,,21001,50,,,1,35,,21002,50,,,1,78,,21005,50,,,1,76,,21006,50,,,1,35,,21007,50,,,1,75,,21003,50,,,1,36,,21004,50,,,1,75,,21008,50,,,1,75,,21010,50,,,1,35,,21011,50,,,1,75,,21012,50,,,1,35,,21009,50,,,1,77,,21013,50,,,1,75,,21015,50,,,1,35,,21016,50,,,1,76,,21017,50,,,1,35,,21014,50,,,1,75,,21018,50,,,1,75,,21019,50,,,1,35,,21021,50,,,1,75,,21020,50,,,1,33,,21022,50,,,1,75,,21024,50,,,1,32,,21023,50,,,1,74,,21025,50,,,1,34,,21029,50,,,1,90,,21027,50,,,1,90,,21028,50,,,1,90,,21026,50,,,1
2902,'Weekday',625,,21031,50,,,1,32,,21030,59,0,5,1,56,,21066,59,0,5,1,16,,21063,59,0,5,1,17,,21062,59,0,5,1,56,,21059,59,0,5,1,16,,21058,59,0,5,1,16,,21061,59,0,5,1,16,,21060,59,0,5,1,55,,21065,59,0,5,1,15,,21064,59,0,5,1,14,,21068,59,0,5,1,14,,21067,59,0,5,1,58,,21070,59,0,5,1,16,,21069,59,0,5,1,24,,21032,50,,,1,65,,21033,50,,,1,25,,21034,50,,,1,66,,21035,50,,,1,27,,21036,50,,,1,22,,21037,50,,,1,65,,21038,50,,,1,25,,21039,50,,,1,65,,21040,50,,,1,29,,21041,50,,,1,79,,21042,50,,,1,19,,21044,59,0,5,1,4,,21056,37,,,1,10,,21045,59,0,5,1,59,,21071,59,0,5,1,18,,21072,59,0,5,1,18,,21073,59,0,5,1,14,,21057,59,0,5,1,44,,21074,59,0,5,1,18,,21075,59,0,5,1,18,,21076,59,0,5,1,18,,21077,59,0,5,1,57,,21078,59,0,5,1,16,,21079,59,0,5,1,18,,21080,59,0,5,1,56,,21081,59,0,5,1,18,,21082,59,0,5,1,16,,21083,59,0,5,1,17,,21084,59,0,5,1,57,,21085,59,0,5,1,15,,21086,59,0,5,1,17,,21087,59,0,5,1,15,,21043,59,0,5,1,65,,21048,50,,,1,33,,21049,50,,,1,72,,21050,50,,,1,32,,21051,50,,,1,68,,21052,50,,,1,29,,21053,50,,,1,70,,21054,50,,,1,30,,21055,50,,,1,70,,21046,50,,,1,30,,21047,50,,,1
6003,'Holiday1',844,,23762,28,,,1,104,,23761,28,,,1,105,,23763,28,,,1,105,,23760,28,,,1,145,,23765,28,,,1,105,,23766,28,,,1,106,,23767,28,,,1,105,,23764,28,,,1,105,,23768,28,,,1,104,,23769,28,,,1,106,,23770,28,,,1,104,,23759,28,,,1
6003,'Saturday',759,,23793,28,,,1,70,,23771,28,,,1,76,,23785,28,,,1,33,,23786,28,,,1,75,,23787,28,,,1,35,,23788,28,,,1,75,,23789,28,,,1,35,,23790,28,,,1,75,,23791,28,,,1,75,,23792,28,,,1,35,,23776,28,,,1,75,,23773,28,,,1,35,,23777,28,,,1,75,,23774,28,,,1,75,,23772,28,,,1,35,,23775,28,,,1,75,,23778,28,,,1,35,,23779,28,,,1,75,,23782,28,,,1,35,,23784,28,,,1,75,,23781,28,,,1,75,,23780,28,,,1,35,,23783,28,,,1
6003,'Sunday',844,,23797,28,,,1,104,,23796,28,,,1,105,,23798,28,,,1,105,,23795,28,,,1,145,,23800,28,,,1,105,,23801,28,,,1,106,,23802,28,,,1,105,,23799,28,,,1,105,,23803,28,,,1,104,,23804,28,,,1,106,,23805,28,,,1,104,,23794,28,,,1
6003,'Weekday',520,,23806,22,,,1,26,,23807,28,,,1,61,,23808,28,,,1,27,,23809,28,,,1,25,,23810,28,,,1,67,,23811,28,,,1,31,,23812,28,,,1,67,,23813,28,,,1,26,,23814,28,,,1,66,,23815,28,,,1,26,,23816,28,,,1,66,,23817,28,,,1,26,,23818,28,,,1,66,,23820,28,,,1,29,,23821,28,,,1,29,,23822,28,,,1,66,,23819,28,,,1,26,,23823,28,,,1,66,,23824,28,,,1,26,,23825,28,,,1,69,,23826,28,,,1,27,,23827,28,,,1,69,,23828,28,,,1,31,,23829,28,,,1,64,,23830,28,,,1,23,,23832,28,,,1,27,,23834,28,,,1,64,,23835,28,,,1,26,,23831,28,,,1,67,,23836,28,,,1,27,,23833,28,,,1,68,,23837,28,,,1,28,,23838,28,,,1,85,,23839,28,,,1,40,,23840,28,,,1,80,,23841,28,,,1,80,,23842,28,,,1,40,,23843,28,,,1,80,,23844,28,,,1,80,,23845,28,,,1,40,,23846,28,,,1
