502,'Holiday1',651,,28768,13,,,1,149,,28772,48,,,1,32,,28770,48,,,1,72,,28771,48,,,1,37,,28769,48,,,1,76,,28767,48,,,1,33,,28766,48,,,1,70,,28763,48,,,1,34,,28765,48,,,1,63,,28764,48,,,1,27,,28762,48,,,1,72,,28761,48,,,1,34,,28759,48,,,1,78,,28760,48,,,1,29,,28758,48,,,1,73,,28757,48,,,1,23,,28750,48,,,1,77,,28755,48,,,1,70,,28756,48,,,1,27,,28754,48,,,1,83,,28751,48,,,1,22,,28752,48,,,1,71,,28753,48,,,1,24,,28749,48,,,1,76,,28748,48,,,1,41,,28777,48,,,1,87,,28778,48,,,1,88,,28775,48,,,1,89,,28774,48,,,1,50,,28773,48,,,1,88,,28776,48,,,1
502,'Saturday',552,,28782,13,,,1,93,,28779,48,,,1,68,,28787,48,,,1,31,,28800,48,,,1,70,,28780,48,,,1,31,,28783,48,,,1,76,,28781,48,,,1,31,,28788,48,,,1,70,,28792,48,,,1,30,,28784,48,,,1,74,,28785,48,,,1,31,,28786,48,,,1,72,,28791,48,,,1,95,,28790,48,,,1,35,,28789,48,,,1,70,,28795,48,,,1,71,,28793,48,,,1,30,,28794,48,,,1,70,,28796,48,,,1,30,,28798,48,,,1,71,,28797,48,,,1,32,,28799,48,,,1,70,,28803,48,,,1,29,,28801,48,,,1,70,,28802,48,,,1,35,,28808,48,,,1,89,,28807,48,,,1,92,,28806,48,,,1,85,,28804,48,,,1,48,,28805,48,,,1,87,,28812,48,,,1,89,,28811,48,,,1,90,,28809,48,,,1,90,,28810,48,,,1
502,'Sunday',651,,28833,13,,,1,149,,28837,48,,,1,32,,28835,48,,,1,72,,28836,48,,,1,37,,28834,48,,,1,76,,28832,48,,,1,33,,28831,48,,,1,70,,28828,48,,,1,34,,28830,48,,,1,63,,28829,48,,,1,27,,28827,48,,,1,72,,28826,48,,,1,34,,28824,48,,,1,78,,28825,48,,,1,29,,28823,48,,,1,73,,28822,48,,,1,23,,28817,48,,,1,77,,28820,48,,,1,70,,28821,48,,,1,27,,28819,48,,,1,83,,28815,48,,,1,22,,28816,48,,,1,71,,28818,48,,,1,24,,28814,48,,,1,76,,28813,48,,,1,41,,28842,48,,,1,87,,28843,48,,,1,88,,28840,48,,,1,89,,28839,48,,,1,50,,28838,48,,,1,88,,28841,48,,,1
502,'Weekday',538,,28844,48,,,1,20,,28854,48,,,1,63,,28855,48,,,1,24,,28856,48,,,1,61,,28857,48,,,1,23,,28858,48,,,1,20,,28859,48,,,1,58,,28860,49,0,5,1,19,,28863,48,,,1,21,,28861,49,0,5,1,58,,28864,48,,,1,20,,28862,49,0,5,1,16,,28865,48,,,1,66,,28888,49,0,5,1,28,,28887,48,,,1,24,,28885,49,0,5,1,71,,28886,48,,,1,25,,28884,49,0,5,1,67,,28891,48,,,1,29,,28882,49,0,5,1,66,,28890,48,,,1,31,,28883,49,0,5,1,68,,28889,48,,,1,36,,28866,48,,,1,63,,28867,49,0,5,1,18,,28875,48,,,1,22,,28868,49,0,5,1,60,,28876,48,,,1,22,,28869,49,0,5,1,18,,28877,48,,,1,62,,28870,49,0,5,1,18,,28878,48,,,1,21,,28871,49,0,5,1,62,,28879,48,,,1,20,,28872,49,0,5,1,15,,28880,48,,,1,61,,28873,49,0,5,1,15,,28881,48,,,1,24,,28874,49,0,5,1,86,,28852,48,,,1,81,,28851,48,,,1,39,,28849,48,,,1,77,,28853,48,,,1,79,,28847,48,,,1,40,,28848,48,,,1,80,,28850,48,,,1,80,,28846,48,,,1,34,,28845,48,,,1
902,'Holiday1',841,,29986,58,,,1,105,,29988,58,,,1,108,,29989,58,,,1,105,,29990,58,,,1,145,,29991,58,,,1,105,,29993,58,,,1,108,,29994,58,,,1,105,,29995,58,,,1,107,,29992,58,,,1,106,,29996,58,,,1,107,,29987,58,,,1
902,'Saturday',809,,29997,58,,,1,50,,30004,58,,,1,94,,30007,58,,,1,90,,30005,58,,,1,90,,30009,58,,,1,90,,30010,58,,,1,90,,30011,58,,,1,90,,30008,58,,,1,50,,30003,58,,,1,92,,29998,58,,,1,92,,30000,58,,,1,90,,30002,58,,,1,88,,30006,58,,,1,87,,29999,58,,,1,50,,30001,58,,,1
902,'Sunday',841,,30012,58,,,1,105,,30014,58,,,1,108,,30015,58,,,1,105,,30016,58,,,1,145,,30017,58,,,1,105,,30019,58,,,1,108,,30020,58,,,1,105,,30021,58,,,1,107,,30018,58,,,1,106,,30022,58,,,1,107,,30013,58,,,1
902,'Weekday',654,,30023,58,,,1,79,,30032,58,,,1,75,,30033,58,,,1,45,,30031,58,,,1,90,,30029,58,,,1,78,,30035,58,,,1,85,,30040,58,,,1,45,,30037,58,,,1,85,,30030,58,,,1,88,,30025,58,,,1,29,,30041,58,,,1,75,,30042,58,,,1,75,,30043,58,,,1,6,,30038,58,,,1,33,,30044,58,,,1,75,,30045,58,,,1,35,,30036,58,,,1,75,,30034,58,,,1,75,,30039,58,,,1,36,,30027,58,,,1,78,,30028,58,,,1,42,,30046,58,,,1,87,,30047,58,,,1,86,,30026,58,,,1,117,,30024,58,,,1
50502,'Holiday1',1007,,39020,22,,,1,18,,39022,22,,,1,18,,39023,22,,,1,58,,39024,22,,,1,18,,39025,22,,,1,18,,39026,22,,,1,18,,39027,22,,,1,58,,39028,22,,,1,18,,39029,22,,,1,18,,39030,22,,,1,58,,39031,22,,,1,18,,39032,22,,,1,18,,39033,22,,,1,59,,39034,22,,,1,19,,39035,22,,,1,18,,39036,22,,,1,16,,39037,22,,,1,58,,39038,22,,,1,18,,39039,22,,,1,18,,39040,22,,,1,58,,39041,22,,,1,18,,39042,22,,,1,18,,39043,22,,,1,58,,39044,22,,,1,18,,39046,22,,,1,18,,39047,22,,,1,18,,39048,22,,,1,61,,39045,22,,,1,18,,39021,22,,,1
50502,'Saturday',915,,39049,22,,,1,18,,39050,22,,,1,18,,39052,22,,,1,58,,39053,22,,,1,19,,39057,22,,,1,20,,39054,22,,,1,57,,39067,22,,,1,17,,39068,22,,,1,18,,39069,22,,,1,19,,39070,22,,,1,58,,39071,22,,,1,18,,39072,22,,,1,19,,39073,22,,,1,59,,39074,22,,,1,18,,39075,22,,,1,18,,39076,22,,,1,57,,39077,22,,,1,18,,39078,22,,,1,18,,39079,22,,,1,17,,39080,22,,,1,58,,39081,22,,,1,18,,39082,22,,,1,18,,39083,22,,,1,58,,39084,22,,,1,18,,39063,22,,,1,18,,39060,22,,,1,58,,39059,22,,,1,18,,39055,22,,,1,19,,39062,22,,,1,17,,39065,22,,,1,58,,39066,22,,,1,18,,39058,22,,,1,18,,39064,22,,,1,58,,39056,22,,,1,18,,39061,22,,,1,15,,39051,22,,,1
50502,'Sunday',1007,,39085,22,,,1,18,,39087,22,,,1,18,,39088,22,,,1,58,,39089,22,,,1,18,,39090,22,,,1,18,,39091,22,,,1,18,,39092,22,,,1,58,,39093,22,,,1,18,,39094,22,,,1,18,,39095,22,,,1,58,,39096,22,,,1,18,,39097,22,,,1,18,,39098,22,,,1,59,,39099,22,,,1,19,,39100,22,,,1,18,,39101,22,,,1,16,,39102,22,,,1,58,,39103,22,,,1,18,,39104,22,,,1,18,,39105,22,,,1,58,,39106,22,,,1,18,,39107,22,,,1,18,,39108,22,,,1,58,,39109,22,,,1,18,,39110,22,,,1,18,,39111,22,,,1,18,,39112,22,,,1,61,,39113,22,,,1,18,,39086,22,,,1
50502,'Weekday',724,,39114,22,,,1,24,,39115,22,,,1,57,,39116,22,,,1,18,,39117,22,,,1,18,,39118,22,,,1,18,,39119,22,,,1,58,,39120,22,,,1,17,,39121,22,,,1,15,,39122,22,,,1,58,,39123,22,,,1,18,,39124,22,,,1,18,,39125,22,,,1,58,,39126,22,,,1,18,,39127,22,,,1,18,,39128,22,,,1,18,,39129,22,,,1,58,,39130,22,,,1,19,,39131,22,,,1,20,,39132,22,,,1,60,,39133,22,,,1,19,,39134,22,,,1,18,,39135,22,,,1,59,,39136,22,,,1,21,,39137,22,,,1,20,,39138,22,,,1,61,,39139,22,,,1,18,,39140,22,,,1,18,,39141,22,,,1,59,,39142,22,,,1,19,,39143,22,,,1,18,,39144,22,,,1,62,,39145,22,,,1,19,,39146,22,,,1,18,,39147,22,,,1,59,,39148,22,,,1,20,,39149,22,,,1,18,,39150,22,,,1,16,,39151,22,,,1,53,,39152,22,,,1,16,,39153,22,,,1,17,,39154,22,,,1,16,,39155,22,,,1,54,,39156,22,,,1,17,,39157,22,,,1,16,,39158,22,,,1,58,,39159,22,,,1,18,,39160,22,,,1
