'240902-MULTI-Holiday1-01',801,75000,,'',1,8500,,'',1,8500,,'',1,8500,,'',1,4500,,'',1,8500,,'',1,8500,,'',1,8500,,'',1,4500,,'',1,8500,,'',1,8500,,'',1,8500,,'',1,4500,,'',1,8500,,'',1,8500,,'',1,8500,,'',1,4500,,'',1,8500,,'',1,8500,,'',1,8500,,'',1
'240902-MULTI-Holiday1-01',802,82800,4,'',1,8600,4,'',1,8600,4,'',1,4500,4,'',1,8500,4,'',1,8700,4,'',1,8500,4,'',1,4500,4,'',1,8500,4,'',1,8600,4,'',1,8600,4,'',1,4500,4,'',1,8500,4,'',1,8600,4,'',1,8400,4,'',1,4400,4,'',1,8500,4,'',1,8300,4,'',1,8500,4,'',1,4400,4,'',1
'240902-MULTI-Holiday2-01',801,75000,,'',1,8500,,'',1,8500,,'',1,8500,,'',1,4500,,'',1,8500,,'',1,8500,,'',1,8500,,'',1,4500,,'',1,8500,,'',1,8500,,'',1,8500,,'',1,4500,,'',1,8500,,'',1,8500,,'',1,8500,,'',1,4500,,'',1,8500,,'',1,8500,,'',1,8500,,'',1
'240902-MULTI-Holiday2-01',802,82800,4,'',1,8600,4,'',1,8600,4,'',1,4500,4,'',1,8500,4,'',1,8700,4,'',1,8500,4,'',1,4500,4,'',1,8500,4,'',1,8600,4,'',1,8600,4,'',1,4500,4,'',1,8500,4,'',1,8600,4,'',1,8400,4,'',1,4400,4,'',1,8500,4,'',1,8300,4,'',1,8500,4,'',1,4400,4,'',1
'240902-MULTI-Saturday-01',801,55000,,'',1,9000,,'',1,9000,,'',1,9000,,'',1,9000,,'',1,9000,,'',1,4500,,'',1,8500,,'',1,7500,,'',1,3500,,'',1,7500,,'',1,3500,,'',1,7500,,'',1,7500,,'',1,3500,,'',1,7500,,'',1,3500,,'',1,7500,,'',1,3500,,'',1,7500,,'',1,7500,,'',1,3000,,'',1,7200,,'',1,4300,,'',1,9000,,'',1,9000,,'',1,9000,,'',1,9000,,'',1
'240902-MULTI-Saturday-01',802,62800,4,'',1,9100,4,'',1,9100,4,'',1,9100,4,'',1,5100,4,'',1,8900,4,'',1,8500,4,'',1,8900,4,'',1,8600,4,'',1,3500,4,'',1,7600,4,'',1,3600,4,'',1,7500,4,'',1,3500,4,'',1,7500,4,'',1,7500,4,'',1,3500,4,'',1,7300,4,'',1,3500,4,'',1,7500,4,'',1,7500,4,'',1,3800,4,'',1,9000,4,'',1,9000,4,'',1,9000,4,'',1,4900,4,'',1,9000,4,'',1
'240902-MULTI-Sunday-01',801,75000,,'',1,8500,,'',1,8500,,'',1,8500,,'',1,4500,,'',1,8500,,'',1,8500,,'',1,8500,,'',1,4500,,'',1,8500,,'',1,8500,,'',1,8500,,'',1,4500,,'',1,8500,,'',1,8500,,'',1,8500,,'',1,4500,,'',1,8500,,'',1,8500,,'',1,8500,,'',1
'240902-MULTI-Sunday-01',802,82800,4,'',1,8600,4,'',1,8600,4,'',1,4500,4,'',1,8500,4,'',1,8700,4,'',1,8500,4,'',1,4500,4,'',1,8500,4,'',1,8600,4,'',1,8600,4,'',1,4500,4,'',1,8500,4,'',1,8600,4,'',1,8400,4,'',1,4400,4,'',1,8500,4,'',1,8300,4,'',1,8500,4,'',1,4400,4,'',1
'240902-MULTI-Weekday-01',801,53000,,'',1,7500,,'',1,3500,,'',1,7500,,'',1,3500,,'',1,7500,,'',1,7500,,'',1,3500,,'',1,7500,,'',1,3500,,'',1,7500,,'',1,3500,,'',1,7500,,'',1,7500,,'',1,3500,,'',1,7700,,'',1,3700,,'',1,7700,,'',1,7700,,'',1,4100,,'',1,7700,,'',1,3300,,'',1,7700,,'',1,9000,,'',1,9000,,'',1,9000,,'',1,5000,,'',1,9000,,'',1,9000,,'',1
'240902-MULTI-Weekday-01',802,51900,4,'',1,3500,4,'',1,7800,4,'',1,7800,4,'',1,3600,4,'',1,7500,4,'',1,3600,4,'',1,7100,4,'',1,7200,4,'',1,3800,4,'',1,7400,4,'',1,3200,4,'',1,7800,4,'',1,7900,4,'',1,3600,4,'',1,7700,4,'',1,4000,4,'',1,7500,4,'',1,7500,4,'',1,4300,4,'',1,7400,4,'',1,3500,4,'',1,7600,4,'',1,7700,4,'',1,3300,4,'',1,7200,4,'',1,8900,4,'',1,4900,4,'',1,8600,4,'',1,8900,4,'',1,7600,4,'',1
