5301,'Holiday1',838,,23351,4,,1,71,,23352,4,,1,30,,23353,4,,1,70,,23354,4,,1,30,,23355,4,,1,71,,23356,4,,1,31,,23357,4,,1,70,,23358,4,,1,32,,23359,4,,1,68,,23360,4,,1,32,,23361,4,,1,68,,23362,4,,1,34,,23364,4,,1,66,,23363,4,,1,34,,23367,4,,1,66,,23365,4,,1,34,,23366,4,,1,66,,23369,4,,1,34,,23370,4,,1,65,,23368,4,,1,33,,23371,4,,1,66,,23372,4,,1,34,,23373,4,,1
5301,'Saturday',609,,23379,4,,1,30,,23388,4,,1,70,,23376,4,,1,30,,23389,4,,1,70,,23384,4,,1,30,,23390,4,,1,70,,23386,4,,1,30,,23391,4,,1,70,,23387,4,,1,30,,23392,4,,1,71,,23382,4,,1,31,,23393,4,,1,70,,23381,4,,1,30,,23394,4,,1,70,,23375,4,,1,30,,23395,4,,1,70,,23380,4,,1,30,,23396,4,,1,70,,23378,4,,1,30,,23397,4,,1,70,,23377,4,,1,30,,23398,4,,1,70,,23374,4,,1,30,,23399,4,,1,69,,23383,4,,1,30,,23400,4,,1,69,,23385,4,,1
5301,'Sunday',838,,23401,4,,1,71,,23402,4,,1,30,,23403,4,,1,70,,23404,4,,1,30,,23405,4,,1,71,,23406,4,,1,31,,23407,4,,1,70,,23408,4,,1,32,,23409,4,,1,68,,23410,4,,1,32,,23411,4,,1,68,,23412,4,,1,34,,23414,4,,1,66,,23413,4,,1,34,,23417,4,,1,66,,23415,4,,1,34,,23416,4,,1,66,,23419,4,,1,34,,23420,4,,1,65,,23418,4,,1,33,,23421,4,,1,66,,23422,4,,1,34,,23423,4,,1
5301,'Weekday',538,,23424,4,,1,16,,23428,4,,1,67,,23430,4,,1,30,,23431,4,,1,63,,23429,4,,1,29,,23432,4,,1,61,,23433,4,,1,25,,23434,4,,1,23,,23435,4,,1,68,,23436,4,,1,31,,23437,4,,1,67,,23438,4,,1,35,,23439,4,,1,65,,23440,4,,1,35,,23441,4,,1,64,,23442,4,,1,30,,23443,4,,1,67,,23444,4,,1,33,,23446,4,,1,71,,23448,4,,1,31,,23445,4,,1,71,,23449,4,,1,24,,23447,4,,1,60,,23450,4,,1,30,,23451,4,,1,25,,23452,4,,1,65,,23454,4,,1,25,,23455,4,,1,65,,23456,4,,1,24,,23453,4,,1,65,,23457,4,,1,27,,23458,4,,1,21,,23459,4,,1,75,,23460,4,,1,29,,23461,4,,1,68,,23462,4,,1,29,,23463,4,,1,68,,23464,4,,1,32,,23465,4,,1,67,,23466,4,,1,30,,23467,4,,1,67,,23425,4,,1,29,,23426,4,,1,74,,23427,4,,1
5302,'Holiday1',800,,23468,,,1,30,,23469,,,1,70,,23470,,,1,30,,23471,,,1,70,,23472,,,1,30,,23473,,,1,70,,23475,,,1,30,,23474,,,1,70,,23476,,,1,30,,23477,,,1,70,,23479,,,1,30,,23478,,,1,72,,23481,,,1,28,,23480,,,1,72,,23482,,,1,28,,23484,,,1,70,,23485,,,1,30,,23483,,,1,72,,23488,,,1,28,,23486,,,1,72,,23489,,,1,28,,23487,,,1,72,,23490,,,1
5302,'Saturday',525,,23498,,,1,75,,23508,,,1,30,,23496,,,1,70,,23505,,,1,30,,23493,,,1,70,,23509,,,1,30,,23503,,,1,70,,23506,,,1,30,,23504,,,1,70,,23507,,,1,30,,23500,,,1,70,,23510,,,1,30,,23501,,,1,70,,23511,,,1,27,,23497,,,1,73,,23512,,,1,27,,23495,,,1,73,,23513,,,1,27,,23492,,,1,73,,23514,,,1,27,,23499,,,1,73,,23515,,,1,27,,23494,,,1,73,,23516,,,1,27,,23491,,,1,73,,23517,,,1,27,,23502,,,1
5302,'Sunday',800,,23518,,,1,30,,23519,,,1,70,,23520,,,1,30,,23521,,,1,70,,23522,,,1,30,,23523,,,1,70,,23525,,,1,30,,23524,,,1,70,,23526,,,1,30,,23527,,,1,70,,23529,,,1,30,,23528,,,1,72,,23531,,,1,28,,23530,,,1,72,,23532,,,1,28,,23534,,,1,70,,23535,,,1,30,,23533,,,1,72,,23538,,,1,28,,23536,,,1,72,,23539,,,1,28,,23537,,,1,72,,23540,,,1
5302,'Weekday',446,,23541,,,1,60,,23542,,,1,25,,23543,,,1,27,,23544,,,1,61,,23545,,,1,28,,23546,,,1,62,,23547,,,1,27,,23548,,,1,21,,23549,,,1,67,,23550,,,1,32,,23551,,,1,70,,23553,,,1,31,,23554,,,1,69,,23555,,,1,33,,23552,,,1,67,,23556,,,1,28,,23557,,,1,68,,23559,,,1,32,,23561,,,1,70,,23558,,,1,30,,23562,,,1,70,,23560,,,1,24,,23563,,,1,58,,23565,,,1,32,,23566,,,1,65,,23567,,,1,25,,23564,,,1,24,,23568,,,1,65,,23569,,,1,24,,23570,,,1,63,,23571,,,1,29,,23572,,,1,22,,23573,,,1,75,,23574,,,1,70,,23575,,,1,30,,23576,,,1,70,,23577,,,1,30,,23578,,,1,73,,23580,,,1,25,,23581,,,1,72,,23582,,,1,28,,23583,,,1,29,,23579,,,1,73,,23584,,,1
5601,'Holiday1',800,,23821,,,1,31,,23821,4,,1,9,,23822,,,1,71,,23822,4,,1,9,,23823,,,1,31,,23823,4,,1,49,,23824,,,1,31,,23824,4,,1,9,,23825,,,1,71,,23825,4,,1,9,,23826,,,1,31,,23826,4,,1,49,,23827,,,1,31,,23827,4,,1,9,,23828,,,1,71,,23828,4,,1,9,,23829,,,1,31,,23829,4,,1,49,,23830,,,1,31,,23830,4,,1,9,,23831,,,1,71,,23831,4,,1,9,,23832,,,1,31,,23832,4,,1,49,,23833,,,1,31,,23833,4,,1,9,,23834,,,1,71,,23834,4,,1,9,,23836,,,1,31,,23836,4,,1,49,,23835,,,1,31,,23835,4,,1,9,,23837,,,1,71,,23837,4,,1
5601,'Saturday',800,,23839,,,1,30,,23839,4,,1,10,,23840,,,1,70,,23840,4,,1,10,,23841,,,1,32,,23841,4,,1,48,,23842,,,1,32,,23842,4,,1,8,,23843,,,1,72,,23843,4,,1,8,,23844,,,1,32,,23844,4,,1,48,,23838,,,1,32,,23838,4,,1,8,,23845,,,1,72,,23845,4,,1,8,,23846,,,1,32,,23846,4,,1,48,,23847,,,1,32,,23847,4,,1,8,,23848,,,1,72,,23848,4,,1,8,,23851,,,1,32,,23851,4,,1,48,,23853,,,1,32,,23853,4,,1,8,,23850,,,1,72,,23850,4,,1,8,,23854,,,1,32,,23854,4,,1,48,,23849,,,1,32,,23849,4,,1,8,,23852,,,1,71,,23852,4,,1
5601,'Sunday',800,,23855,,,1,31,,23855,4,,1,9,,23856,,,1,71,,23856,4,,1,9,,23857,,,1,31,,23857,4,,1,49,,23858,,,1,31,,23858,4,,1,9,,23859,,,1,71,,23859,4,,1,9,,23860,,,1,31,,23860,4,,1,49,,23861,,,1,31,,23861,4,,1,9,,23862,,,1,71,,23862,4,,1,9,,23863,,,1,31,,23863,4,,1,49,,23864,,,1,31,,23864,4,,1,9,,23865,,,1,71,,23865,4,,1,9,,23866,,,1,31,,23866,4,,1,49,,23867,,,1,31,,23867,4,,1,9,,23868,,,1,71,,23868,4,,1,9,,23870,,,1,31,,23870,4,,1,49,,23869,,,1,31,,23869,4,,1,9,,23871,,,1,71,,23871,4,,1
5601,'Weekday',530,,23872,,,1,70,,23872,4,,1,10,,23873,,,1,30,,23873,4,,1,10,,23874,,,1,70,,23874,4,,1,10,,23875,,,1,70,,23875,4,,1,10,,23876,,,1,31,,23876,4,,1,9,,23878,,,1,71,,23878,4,,1,9,,23879,,,1,71,,23879,4,,1,9,,23880,,,1,30,,23880,4,,1,10,,23881,,,1,70,,23881,4,,1,10,,23882,,,1,70,,23882,4,,1,10,,23883,,,1,30,,23883,4,,1,10,,23877,,,1,70,,23877,4,,1,10,,23884,,,1,70,,23884,4,,1,10,,23885,,,1,31,,23885,4,,1,9,,23886,,,1,72,,23886,4,,1,8,,23887,,,1,72,,23887,4,,1,8,,23892,,,1,33,,23892,4,,1,7,,23889,,,1,73,,23889,4,,1,7,,23890,,,1,73,,23890,4,,1,7,,23891,,,1,33,,23891,4,,1,7,,23888,,,1,73,,23888,4,,1,7,,23894,,,1,72,,23894,4,,1,8,,23895,,,1,31,,23895,4,,1,9,,23893,,,1,70,,23893,4,,1,10,,23896,,,1,70,,23896,4,,1
