501,'Holiday1',641,,28626,32,,,1,73,,28624,32,,,1,33,,28621,32,,,1,75,,28622,32,,,1,35,,28625,32,,,1,71,,28623,32,,,1,31,,28620,32,,,1,62,,28619,32,,,1,19,,28617,32,,,1,77,,28618,32,,,1,34,,28616,32,,,1,71,,28615,32,,,1,37,,28614,32,,,1,69,,28612,32,,,1,28,,28613,32,,,1,67,,28610,32,,,1,31,,28611,32,,,1,76,,28609,32,,,1,70,,28607,32,,,1,39,,28606,32,,,1,63,,28608,32,,,1,29,,28605,32,,,1,70,,28603,32,,,1,32,,28604,32,,,1,82,,28600,32,,,1,20,,28602,32,,,1,71,,28601,32,,,1,97,,28629,32,,,1,41,,28630,32,,,1,87,,28628,32,,,1,89,,28627,32,,,1
501,'Saturday',517,,28631,32,,,1,27,,28641,32,,,1,68,,28654,32,,,1,27,,28632,32,,,1,72,,28635,32,,,1,31,,28634,32,,,1,71,,28639,32,,,1,29,,28646,32,,,1,72,,28633,32,,,1,32,,28636,32,,,1,72,,28637,32,,,1,34,,28640,32,,,1,75,,28648,32,,,1,30,,28638,32,,,1,76,,28643,32,,,1,70,,28644,32,,,1,24,,28645,32,,,1,30,,28642,32,,,1,70,,28649,32,,,1,30,,28650,32,,,1,71,,28647,32,,,1,30,,28653,32,,,1,70,,28651,32,,,1,30,,28652,32,,,1,70,,28655,32,,,1,30,,28658,32,,,1,70,,28657,32,,,1,29,,28656,32,,,1,70,,28661,32,,,1,73,,28659,32,,,1,41,,28663,32,,,1,90,,28664,32,,,1,88,,28665,32,,,1,88,,28666,32,,,1,47,,28660,32,,,1,90,,28662,32,,,1
501,'Sunday',641,,28693,32,,,1,73,,28691,32,,,1,33,,28689,32,,,1,75,,28688,32,,,1,35,,28692,32,,,1,71,,28690,32,,,1,31,,28687,32,,,1,62,,28686,32,,,1,19,,28684,32,,,1,77,,28685,32,,,1,34,,28683,32,,,1,71,,28682,32,,,1,37,,28681,32,,,1,69,,28679,32,,,1,28,,28680,32,,,1,67,,28677,32,,,1,31,,28678,32,,,1,76,,28676,32,,,1,70,,28674,32,,,1,39,,28673,32,,,1,63,,28675,32,,,1,29,,28672,32,,,1,70,,28670,32,,,1,32,,28671,32,,,1,82,,28667,32,,,1,20,,28669,32,,,1,71,,28668,32,,,1,97,,28696,32,,,1,41,,28697,32,,,1,87,,28695,32,,,1,89,,28694,32,,,1
501,'Weekday',437,,28698,32,,,1,21,,28700,32,,,1,62,,28701,32,,,1,20,,28702,32,,,1,60,,28703,32,,,1,20,,28704,32,,,1,23,,28705,32,,,1,60,,28706,32,,,1,24,,28707,32,,,1,24,,28708,32,,,1,80,,28712,32,,,1,79,,28713,32,,,1,36,,28714,32,,,1,94,,28745,32,,,1,93,,28744,32,,,1,96,,28741,32,,,1,96,,28743,32,,,1,106,,28715,32,,,1,81,,28724,32,,,1,89,,28725,32,,,1,38,,28726,32,,,1,80,,28727,32,,,1,40,,28728,32,,,1,78,,28729,32,,,1,80,,28730,32,,,1,40,,28731,32,,,1,76,,28732,32,,,1,79,,28733,32,,,1,37,,28734,32,,,1,79,,28735,32,,,1,78,,28736,32,,,1,40,,28737,32,,,1,79,,28738,32,,,1,77,,28699,32,,,1
2301,'Holiday1',812,,32894,66,,,1,27,,32867,66,,,1,71,,32869,66,,,1,25,,32866,66,,,1,69,,32870,66,,,1,27,,32868,66,,,1,70,,32872,66,,,1,28,,32873,66,,,1,28,,32875,66,,,1,68,,32871,66,,,1,29,,32876,66,,,1,69,,32878,66,,,1,28,,32879,66,,,1,70,,32880,66,,,1,28,,32877,66,,,1,67,,32881,66,,,1,31,,32882,66,,,1,70,,32883,66,,,1,30,,32874,66,,,1,65,,32885,66,,,1,29,,32886,66,,,1,69,,32888,66,,,1,28,,32884,66,,,1,69,,32890,66,,,1,29,,32887,66,,,1,65,,32892,66,,,1,27,,32889,66,,,1,73,,32891,66,,,1,27,,32895,66,,,1,27,,32893,66,,,1,68,,32897,66,,,1,28,,32896,66,,,1
2301,'Saturday',718,,32900,66,,,1,30,,32898,66,,,1,68,,32908,66,,,1,30,,32912,66,,,1,64,,32913,66,,,1,29,,32910,66,,,1,68,,32909,66,,,1,26,,32911,66,,,1,68,,32914,66,,,1,29,,32915,66,,,1,29,,32916,66,,,1,69,,32917,66,,,1,29,,32919,66,,,1,69,,32920,66,,,1,30,,32921,66,,,1,69,,32918,66,,,1,28,,32922,66,,,1,70,,32924,66,,,1,29,,32925,66,,,1,66,,32926,66,,,1,29,,32923,66,,,1,65,,32927,66,,,1,27,,32928,66,,,1,71,,32929,66,,,1,32,,32930,66,,,1,80,,32902,66,,,1,35,,32899,66,,,1,69,,32903,66,,,1,30,,32901,66,,,1,69,,32905,66,,,1,30,,32907,66,,,1,67,,32904,66,,,1,28,,32906,66,,,1,70,,32931,66,,,1,30,,32933,66,,,1,70,,32932,66,,,1,30,,32934,66,,,1,70,,32935,66,,,1
2301,'Sunday',812,,32964,66,,,1,27,,32937,66,,,1,71,,32939,66,,,1,25,,32936,66,,,1,69,,32940,66,,,1,27,,32938,66,,,1,70,,32942,66,,,1,28,,32943,66,,,1,28,,32944,66,,,1,68,,32941,66,,,1,29,,32945,66,,,1,69,,32948,66,,,1,28,,32949,66,,,1,70,,32950,66,,,1,28,,32946,66,,,1,67,,32951,66,,,1,31,,32952,66,,,1,70,,32953,66,,,1,30,,32947,66,,,1,65,,32955,66,,,1,29,,32956,66,,,1,69,,32958,66,,,1,28,,32954,66,,,1,69,,32960,66,,,1,29,,32957,66,,,1,65,,32962,66,,,1,27,,32959,66,,,1,73,,32961,66,,,1,27,,32965,66,,,1,27,,32963,66,,,1,68,,32967,66,,,1,28,,32966,66,,,1
2301,'Weekday',504,,32968,66,,,1,16,,32969,66,,,1,15,,32970,66,,,1,16,,32971,66,,,1,57,,32972,66,,,1,15,,32973,66,,,1,14,,32974,66,,,1,14,,32975,66,,,1,56,,32976,66,,,1,15,,32977,66,,,1,15,,32978,66,,,1,17,,32980,66,,,1,55,,32981,66,,,1,17,,32982,66,,,1,18,,32979,66,,,1,56,,32984,66,,,1,13,,32985,66,,,1,14,,32986,66,,,1,15,,32983,66,,,1,14,,32987,66,,,1,64,,32988,66,,,1,29,,32989,66,,,1,69,,32990,66,,,1,32,,32991,66,,,1,69,,32992,66,,,1,29,,32993,66,,,1,71,,32994,66,,,1,30,,32995,66,,,1,68,,32996,66,,,1,27,,33027,66,,,1,60,,32997,66,,,1,18,,33026,66,,,1,14,,33023,66,,,1,16,,33025,66,,,1,54,,33024,66,,,1,13,,32999,66,,,1,15,,32998,66,,,1,15,,33000,66,,,1,55,,33002,66,,,1,14,,33004,66,,,1,15,,33005,66,,,1,15,,33006,66,,,1,55,,33003,66,,,1,14,,33007,66,,,1,15,,33001,66,,,1,15,,33008,66,,,1,55,,33009,66,,,1,15,,33011,66,,,1,15,,33012,66,,,1,13,,33010,66,,,1,59,,33013,66,,,1,37,,33015,66,,,1,70,,33016,66,,,1,32,,33017,66,,,1,74,,33018,66,,,1,34,,33019,66,,,1,72,,33014,66,,,1,32,,33020,66,,,1,73,,33021,66,,,1,74,,33022,66,,,1
3504,'Holiday1',851,,35194,6,,,1,85,,35189,6,,,1,85,,35195,6,,,1,85,,35188,6,,,1,45,,35187,6,,,1,85,,35193,6,,,1,85,,35186,6,,,1,85,,35190,6,,,1,45,,35192,6,,,1,85,,35191,6,,,1,85,,35197,6,,,1,85,,35196,6,,,1,45,,35198,6,,,1,85,,35200,6,,,1,85,,35199,6,,,1,85,,35201,6,,,1
3504,'Saturday',907,,35204,6,,,1,45,,35202,6,,,1,85,,35203,6,,,1,85,,35205,6,,,1,85,,35207,6,,,1,45,,35206,6,,,1,85,,35208,6,,,1,85,,35209,6,,,1,85,,35210,6,,,1,45,,35211,6,,,1,85,,35213,6,,,1,85,,35212,6,,,1,85,,35216,6,,,1,45,,35214,6,,,1,85,,35215,6,,,1,85,,35217,6,,,1
3504,'Sunday',851,,35225,6,,,1,85,,35221,6,,,1,85,,35226,6,,,1,85,,35220,6,,,1,45,,35219,6,,,1,85,,35224,6,,,1,85,,35218,6,,,1,85,,35222,6,,,1,45,,35227,6,,,1,85,,35223,6,,,1,85,,35229,6,,,1,85,,35228,6,,,1,45,,35230,6,,,1,85,,35232,6,,,1,85,,35231,6,,,1,85,,35233,6,,,1
3504,'Weekday',521,,35234,6,,,1,35,,35235,6,,,1,75,,35236,6,,,1,75,,35238,6,,,1,35,,35239,6,,,1,75,,35237,6,,,1,35,,35241,6,,,1,75,,35242,6,,,1,75,,35240,6,,,1,35,,35243,6,,,1,75,,35244,6,,,1,35,,35245,6,,,1,79,,35246,6,,,1,31,,35247,6,,,1,75,,35248,6,,,1,75,,35249,6,,,1,35,,35250,6,,,1,76,,35251,6,,,1,35,,35252,6,,,1,75,,35253,6,,,1,75,,35254,6,,,1,35,,35255,6,,,1,75,,35256,6,,,1,35,,35257,6,,,1,75,,35258,6,,,1,35,,35260,6,,,1,75,,35259,6,,,1,75,,35262,6,,,1,35,,35263,6,,,1,75,,35261,6,,,1,35,,35264,6,,,1,75,,35265,6,,,1
