501,'Holiday1',617,,15435,6,,,1,30,,15433,6,,,1,70,,15431,6,,,1,30,,15430,6,,,1,77,,15434,6,,,1,29,,15432,6,,,1,69,,15429,6,,,1,23,,15428,6,,,1,63,,15426,6,,,1,30,,15427,6,,,1,70,,15425,6,,,1,30,,15424,6,,,1,72,,15423,6,,,1,30,,15421,6,,,1,72,,15422,6,,,1,36,,15419,6,,,1,72,,15420,6,,,1,30,,15418,6,,,1,70,,15416,6,,,1,30,,15415,6,,,1,70,,15417,6,,,1,30,,15414,6,,,1,70,,15412,6,,,1,30,,15413,6,,,1,70,,15409,6,,,1,30,,15411,6,,,1,75,,15410,6,,,1,91,,15438,6,,,1,90,,15439,6,,,1,50,,15437,6,,,1,89,,15436,6,,,1
501,'Saturday',447,,15441,6,,,1,67,,15450,6,,,1,26,,15463,6,,,1,67,,15442,6,,,1,32,,15444,6,,,1,71,,15440,6,,,1,30,,15448,6,,,1,68,,15455,6,,,1,32,,15443,6,,,1,72,,15445,6,,,1,32,,15446,6,,,1,71,,15449,6,,,1,34,,15457,6,,,1,70,,15447,6,,,1,36,,15452,6,,,1,70,,15453,6,,,1,24,,15454,6,,,1,70,,15451,6,,,1,30,,15458,6,,,1,70,,15459,6,,,1,30,,15456,6,,,1,70,,15462,6,,,1,30,,15460,6,,,1,70,,15461,6,,,1,30,,15464,6,,,1,70,,15467,6,,,1,30,,15466,6,,,1,70,,15465,6,,,1,34,,15470,6,,,1,73,,15468,6,,,1,83,,15472,6,,,1,50,,15473,6,,,1,89,,15474,6,,,1,89,,15475,6,,,1,89,,15469,6,,,1,90,,15471,6,,,1
501,'Sunday',617,,15502,6,,,1,30,,15500,6,,,1,70,,15498,6,,,1,30,,15497,6,,,1,77,,15501,6,,,1,29,,15499,6,,,1,69,,15496,6,,,1,23,,15495,6,,,1,63,,15493,6,,,1,30,,15494,6,,,1,70,,15492,6,,,1,30,,15491,6,,,1,72,,15490,6,,,1,30,,15488,6,,,1,72,,15489,6,,,1,36,,15486,6,,,1,72,,15487,6,,,1,30,,15485,6,,,1,70,,15483,6,,,1,30,,15482,6,,,1,70,,15484,6,,,1,30,,15481,6,,,1,70,,15479,6,,,1,30,,15480,6,,,1,70,,15476,6,,,1,30,,15478,6,,,1,75,,15477,6,,,1,91,,15505,6,,,1,90,,15506,6,,,1,50,,15504,6,,,1,89,,15503,6,,,1
501,'Weekday',405,,15507,6,,,1,20,,15509,6,,,1,20,,15510,6,,,1,60,,15511,6,,,1,20,,15512,6,,,1,20,,15513,6,,,1,62,,15514,6,,,1,20,,15515,6,,,1,20,,15516,6,,,1,60,,15517,6,,,1,20,,15518,6,0,5,1,20,,15521,6,,,1,59,,15519,6,0,5,1,20,,15522,6,,,1,21,,15520,6,0,5,1,59,,15523,6,,,1,27,,15549,6,0,5,1,67,,15554,6,,,1,27,,15548,6,0,5,1,27,,15553,6,,,1,68,,15551,6,0,5,1,27,,15550,6,,,1,67,,15556,6,0,5,1,27,,15552,6,,,1,67,,15555,6,0,5,1,37,,15524,6,,,1,60,,15525,6,0,5,1,20,,15533,6,,,1,20,,15526,6,0,5,1,69,,15534,6,,,1,20,,15527,6,0,5,1,20,,15535,6,,,1,60,,15528,6,0,5,1,20,,15536,6,,,1,20,,15529,6,0,5,1,60,,15537,6,,,1,20,,15530,6,0,5,1,20,,15538,6,,,1,61,,15531,6,0,5,1,19,,15539,6,,,1,20,,15532,6,0,5,1,60,,15540,6,,,1,40,,15541,6,,,1,80,,15542,6,,,1,79,,15543,6,,,1,40,,15544,6,,,1,79,,15545,6,,,1,80,,15546,6,,,1,40,,15547,6,,,1,77,,15508,6,,,1
901,'Holiday1',756,,16732,6,,,1,145,,16739,6,,,1,106,,16740,6,,,1,105,,16741,6,,,1,105,,16742,6,,,1,105,,16738,6,,,1,106,,16734,6,,,1,105,,16735,6,,,1,107,,16736,6,,,1,107,,16733,6,,,1,106,,16737,6,,,1
901,'Saturday',707,,16743,6,,,1,50,,16744,6,,,1,90,,16745,6,,,1,90,,16746,6,,,1,90,,16747,6,,,1,90,,16748,6,,,1,90,,16749,6,,,1,50,,16750,6,,,1,90,,16751,6,,,1,90,,16752,6,,,1,91,,16753,6,,,1,90,,16754,6,,,1,90,,16755,6,,,1,50,,16756,6,,,1,89,,16757,6,,,1
901,'Sunday',756,,16758,6,,,1,145,,16765,6,,,1,106,,16766,6,,,1,105,,16767,6,,,1,105,,16768,6,,,1,105,,16764,6,,,1,106,,16760,6,,,1,105,,16761,6,,,1,107,,16762,6,,,1,107,,16759,6,,,1,106,,16763,6,,,1
901,'Weekday',508,,16769,6,,,1,34,,16772,6,,,1,74,,16773,6,,,1,34,,16774,6,,,1,63,,16771,6,,,1,39,,16775,6,,,1,76,,16786,6,,,1,85,,16787,6,,,1,88,,16788,6,,,1,42,,16789,6,,,1,87,,16790,6,,,1,86,,16791,6,,,1,42,,16776,6,,,1,83,,16785,6,,,1,72,,16782,6,,,1,35,,16778,6,,,1,78,,16783,6,,,1,75,,16780,6,,,1,35,,16777,6,,,1,75,,16779,6,,,1,37,,16784,6,,,1,75,,16781,6,,,1,35,,16792,6,,,1,79,,16794,6,,,1,81,,16793,6,,,1,85,,16770,6,,,1
21201,'Weekday',736,,24476,10,,,1
21500,'Weekday',727,,24481,6,,,1
