1303,'Saturday',823,,17841,,,1,100,,17842,,,1,100,,17843,,,1,100,,17844,,,1,101,,17847,,,1,100,,17848,,,1,100,,17849,,,1,100,,17846,,,1,100,,17850,,,1,100,,17851,,,1,100,,17845,,,1,100,,17840,,,1
1303,'Weekday',453,,17854,,,1,82,,17855,,,1,83,,17856,,,1,85,,17852,,,1,47,,17853,,,1,85,,17857,,,1,87,,17858,,,1,84,,17859,,,1,43,,17860,,,1,87,,17861,,,1,84,,17862,,,1,82,,17863,,,1,44,,17864,,,1,90,,17866,,,1,87,,17867,,,1,83,,17868,,,1,49,,17865,,,1,83,,17869,,,1,86,,17870,,,1,80,,17871,,,1
1503,'Holiday1',720,,18482,0,6,1,80,,18451,0,6,1,30,,18452,0,6,1,70,,18450,0,6,1,30,,18453,0,6,1,70,,18454,0,6,1,30,,18455,0,6,1,70,,18456,0,6,1,30,,18460,0,6,1,70,,18457,0,6,1,30,,18461,0,6,1,70,,18458,0,6,1,30,,18464,0,6,1,70,,18459,0,6,1,30,,18465,0,6,1,70,,18462,0,6,1,30,,18463,0,6,1,70,,18466,0,6,1,30,,18467,0,6,1,70,,18468,0,6,1,30,,18469,0,6,1,70,,18470,0,6,1,30,,18471,0,6,1,70,,18472,0,6,1,30,,18473,0,6,1,70,,18474,0,6,1,30,,18475,0,6,1,70,,18477,0,6,1,30,,18478,0,6,1,70,,18479,0,6,1,30,,18476,0,6,1,70,,18480,0,6,1,30,,18481,0,6,1,70,,18485,0,6,1,30,,18484,0,6,1
1503,'Saturday',600,,18486,0,6,1,22,,18487,0,6,1,22,,18501,0,6,1,62,,18502,0,6,1,22,,18503,0,6,1,22,,18500,0,6,1,62,,18504,0,6,1,22,,18505,0,6,1,22,,18506,0,6,1,62,,18509,0,6,1,22,,18510,0,6,1,62,,18507,0,6,1,22,,18508,0,6,1,22,,18511,0,6,1,62,,18512,0,6,1,22,,18513,0,6,1,22,,18515,0,6,1,62,,18516,0,6,1,22,,18517,0,6,1,22,,18514,0,6,1,62,,18519,0,6,1,22,,18520,0,6,1,62,,18521,0,6,1,22,,18518,0,6,1,22,,18522,0,6,1,62,,18524,0,6,1,22,,18525,0,6,1,22,,18526,0,6,1,62,,18523,0,6,1,22,,18527,0,6,1,62,,18528,0,6,1,22,,18529,0,6,1,22,,18531,0,6,1,62,,18532,0,6,1,22,,18533,0,6,1,22,,18530,0,6,1,62,,18534,0,6,1,22,,18535,0,6,1,22,,18536,0,6,1,62,,18538,0,6,1,22,,18539,0,6,1,62,,18540,0,6,1,22,,18499,0,6,1,22,,18498,0,6,1,62,,18492,0,6,1,22,,18497,0,6,1,22,,18493,0,6,1,62,,18496,0,6,1,22,,18494,0,6,1,22,,18495,0,6,1,65,,18488,0,6,1,19,,18537,,,1,60,,18490,,,1,25,,18491,,,1
1503,'Sunday',720,,18573,0,6,1,80,,18542,0,6,1,30,,18543,0,6,1,70,,18541,0,6,1,30,,18544,0,6,1,70,,18545,0,6,1,30,,18546,0,6,1,70,,18547,0,6,1,30,,18550,0,6,1,70,,18551,0,6,1,30,,18552,0,6,1,70,,18548,0,6,1,30,,18555,0,6,1,70,,18549,0,6,1,30,,18556,0,6,1,70,,18553,0,6,1,30,,18554,0,6,1,70,,18557,0,6,1,30,,18558,0,6,1,70,,18559,0,6,1,30,,18560,0,6,1,70,,18561,0,6,1,30,,18562,0,6,1,70,,18563,0,6,1,30,,18564,0,6,1,70,,18565,0,6,1,30,,18566,0,6,1,70,,18568,0,6,1,30,,18569,0,6,1,70,,18570,0,6,1,30,,18567,0,6,1,70,,18571,0,6,1,30,,18572,0,6,1,70,,18576,0,6,1,30,,18575,0,6,1
1503,'Weekday',535,,18577,0,6,1,18,,18605,0,5,1,48,,18637,0,6,1,25,,18590,0,5,1,5,,18627,0,6,1,12,,18640,0,6,1,8,,18586,0,5,1,50,,18584,0,5,1,1,,18638,0,6,1,17,,18587,0,5,1,8,,18624,0,6,1,13,,18588,0,5,1,14,,18589,0,5,1,3,,18617,0,6,1,68,,18629,0,6,1,6,,18585,0,5,1,12,,18633,0,6,1,1,,18607,0,5,1,14,,18601,0,5,1,46,,18630,0,6,1,13,,18603,0,5,1,7,,18615,0,6,1,17,,18597,0,5,1,13,,18663,0,6,1,55,,18666,0,5,1,20,,18669,0,5,1,1,,18662,0,6,1,70,,18668,0,6,1,12,,18670,0,5,1,8,,18665,0,6,1,23,,18660,0,5,1,6,,18652,0,6,1,55,,18655,0,5,1,17,,18656,0,6,1,28,,18653,0,5,1,8,,18659,0,6,1,63,,18654,0,5,1,19,,18657,0,5,1,7,,18658,0,6,1,68,,18600,0,5,1,7,,18599,0,6,1,7,,18608,0,5,1,23,,18606,0,5,1,60,,18594,0,5,1,9,,18639,0,6,1,22,,18598,0,5,1,6,,18622,0,6,1,56,,18579,0,5,1,12,,18619,0,6,1,8,,18623,0,6,1,2,,18580,0,5,1,19,,18581,0,5,1,12,,18631,0,6,1,47,,18582,0,5,1,9,,18618,0,6,1,1,,18583,0,5,1,7,,18613,0,6,1,15,,18591,0,5,1,12,,18614,0,6,1,54,,18595,0,5,1,9,,18647,0,6,1,10,,18596,0,5,1,2,,18643,0,6,1,16,,18592,0,5,1,9,,18649,0,6,1,54,,18610,0,5,1,9,,18626,0,6,1,6,,18616,0,6,1,19,,18671,0,5,1,10,,18634,0,6,1,6,,18672,0,5,1,64,,18621,0,6,1,11,,18673,0,5,1,11,,18620,0,6,1,62,,18625,0,6,1,19,,18664,0,5,1,17,,18632,0,6,1,17,,18674,0,5,1,57,,18636,0,6,1,26,,18635,0,6,1,65,,18604,0,6,1,30,,18642,0,6,1,71,,18641,0,6,1,29,,18651,0,6,1,70,,18578,,,1,30,,18648,0,6,1,25,,18667,,,1,62,,18645,,,1
1603,'Holiday1',838,,18901,,,1,81,,18902,,,1,40,,18897,,,1,80,,18899,,,1,80,,18903,,,1,40,,18898,,,1,80,,18900,,,1,80,,18904,,,1,40,,18906,,,1,80,,18905,,,1,82,,18907,,,1,38,,18908,,,1,80,,18909,,,1,80,,18910,,,1,40,,18911,,,1,79,,18912,,,1,80,,18914,,,1,40,,18913,,,1,80,,18915,,,1,80,,18916,,,1,40,,18917,,,1,80,,18918,,,1
1603,'Saturday',623,,18920,,,1,80,,18921,,,1,40,,18919,,,1,80,,18922,,,1,80,,18924,,,1,40,,18923,,,1,80,,18925,,,1,81,,18926,,,1,40,,18927,,,1,80,,18928,,,1,80,,18929,,,1,40,,18930,,,1,80,,18931,,,1,80,,18932,,,1,40,,18933,,,1,80,,18934,,,1,80,,18936,,,1,40,,18937,,,1,80,,18935,,,1,79,,18938,,,1,40,,18939,,,1,80,,18940,,,1,80,,18942,,,1,40,,18941,,,1,80,,18943,,,1,80,,18944,,,1,40,,18946,,,1,80,,18945,,,1
1603,'Sunday',838,,18951,,,1,81,,18952,,,1,40,,18947,,,1,80,,18949,,,1,80,,18953,,,1,40,,18948,,,1,80,,18950,,,1,80,,18954,,,1,40,,18956,,,1,80,,18955,,,1,82,,18957,,,1,38,,18958,,,1,80,,18959,,,1,80,,18960,,,1,40,,18961,,,1,79,,18962,,,1,80,,18964,,,1,40,,18963,,,1,80,,18965,,,1,80,,18966,,,1,40,,18967,,,1,80,,18968,,,1
1603,'Weekday',549,,18969,,,1,84,,18973,,,1,72,,18974,,,1,30,,18975,,,1,77,,18972,,,1,34,,18976,,,1,74,,18977,,,1,31,,18970,,,1,73,,18971,,,1,86,,18994,,,1,45,,18995,,,1,87,,18996,,,1,86,,18997,,,1,87,,18998,,,1,87,,18999,,,1,23,,18979,,,1,27,,18980,,,1,73,,18981,,,1,75,,18982,,,1,31,,18983,,,1,70,,18984,,,1,31,,18985,,,1,27,,18986,,,1,65,,18987,,,1,30,,18988,,,1,85,,18989,,,1,83,,18990,,,1,87,,18991,,,1,45,,18992,,,1,85,,18993,,,1,85,,18978,,,1
