204,'Holiday1',717,,14142,25,,,1,33,,14144,25,,,1,73,,14146,25,,,1,33,,14147,25,,,1,74,,14148,25,,,1,73,,14145,25,,,1,33,,14149,25,,,1,73,,14150,25,,,1,33,,14151,25,,,1,74,,14152,25,,,1,33,,14154,25,,,1,73,,14155,25,,,1,33,,14156,25,,,1,73,,14153,25,,,1,73,,14158,25,,,1,33,,14159,25,,,1,73,,14160,25,,,1,33,,14157,25,,,1,73,,14172,25,,,1,33,,14168,25,,,1,72,,14171,25,,,1,33,,14167,25,,,1,72,,14170,25,,,1,33,,14169,25,,,1,72,,14165,25,,,1,73,,14164,25,,,1,33,,14166,25,,,1,73,,14161,25,,,1,32,,14163,25,,,1,73,,14162,25,,,1,33,,14143,25,,,1
204,'Saturday',625,,14173,25,,,1,27,,14211,25,,,1,74,,14208,25,,,1,29,,14207,25,,,1,72,,14210,25,,,1,30,,14209,25,,,1,71,,14206,25,,,1,30,,14205,25,,,1,70,,14201,25,,,1,30,,14204,25,,,1,71,,14203,25,,,1,30,,14212,25,,,1,71,,14202,25,,,1,70,,14200,25,,,1,31,,14196,25,,,1,70,,14195,25,,,1,30,,14199,25,,,1,70,,14198,25,,,1,30,,14197,25,,,1,70,,14194,25,,,1,30,,14193,25,,,1,71,,14189,25,,,1,29,,14192,25,,,1,70,,14187,25,,,1,28,,14191,25,,,1,30,,14190,25,,,1,68,,14188,25,,,1,30,,14186,25,,,1,68,,14183,25,,,1,30,,14182,25,,,1,70,,14185,25,,,1,30,,14184,25,,,1,70,,14178,25,,,1,30,,14179,25,,,1,70,,14181,25,,,1,30,,14180,25,,,1,70,,14176,25,,,1,30,,14177,25,,,1
204,'Sunday',717,,14213,25,,,1,33,,14215,25,,,1,73,,14217,25,,,1,33,,14218,25,,,1,74,,14219,25,,,1,73,,14216,25,,,1,33,,14220,25,,,1,73,,14221,25,,,1,33,,14222,25,,,1,74,,14223,25,,,1,33,,14225,25,,,1,73,,14226,25,,,1,33,,14227,25,,,1,73,,14224,25,,,1,73,,14229,25,,,1,33,,14230,25,,,1,73,,14231,25,,,1,33,,14228,25,,,1,73,,14243,25,,,1,33,,14239,25,,,1,72,,14242,25,,,1,33,,14238,25,,,1,72,,14241,25,,,1,33,,14240,25,,,1,72,,14236,25,,,1,73,,14235,25,,,1,33,,14237,25,,,1,73,,14232,25,,,1,32,,14234,25,,,1,73,,14233,25,,,1,33,,14214,25,,,1
204,'Weekday',456,,14298,25,,,1,62,,14297,25,,,1,22,,14296,25,,,1,16,,14294,25,,,1,70,,14293,25,,,1,22,,14292,25,,,1,58,,14288,25,,,1,22,,14299,25,,,1,19,,14291,25,,,1,66,,14286,25,,,1,28,,14290,25,,,1,60,,14295,25,,,1,21,,14289,25,,,1,22,,14284,25,,,1,62,,14287,25,,,1,25,,14285,25,,,1,21,,14283,25,,,1,60,,14282,25,,,1,18,,14281,25,,,1,27,,14280,25,,,1,64,,14276,25,,,1,22,,14279,25,,,1,16,,14278,25,,,1,56,,14277,25,,,1,29,,14275,25,,,1,67,,14274,25,,,1,20,,14273,25,,,1,15,,14272,25,,,1,59,,14271,25,,,1,28,,14270,25,,,1,24,,14269,25,,,1,64,,14265,25,,,1,17,,14268,25,,,1,64,,14267,25,,,1,27,,14266,25,,,1,25,,14264,25,,,1,63,,14260,25,,,1,21,,14263,25,,,1,64,,14262,25,,,1,25,,14261,25,,,1,26,,14259,25,,,1,60,,14258,25,,,1,21,,14257,25,,,1,22,,14256,25,,,1,58,,14255,25,,,1,19,,14251,25,,,1,23,,14254,25,,,1,60,,14253,25,,,1,22,,14252,25,,,1,74,,14250,25,,,1,31,,14249,25,,,1,70,,14248,25,,,1,28,,14247,25,,,1
2404,'Holiday1',831,,20065,40,,,1,85,,20064,40,,,1,85,,20066,40,,,1,45,,20067,40,,,1,85,,20068,40,,,1,85,,20070,40,,,1,85,,20071,40,,,1,45,,20069,40,,,1,85,,20074,40,,,1,85,,20075,40,,,1,85,,20072,40,,,1,45,,20073,40,,,1,85,,20077,40,,,1,85,,20078,40,,,1,85,,20076,40,,,1
2404,'Saturday',831,,20079,40,,,1,85,,20080,40,,,1,85,,20085,40,,,1,45,,20081,40,,,1,85,,20082,40,,,1,85,,20083,40,,,1,85,,20086,40,,,1,45,,20087,40,,,1,85,,20088,40,,,1,85,,20089,40,,,1,85,,20084,40,,,1,45,,20090,40,,,1,85,,20091,40,,,1,85,,20092,40,,,1,85,,20093,40,,,1
2404,'Sunday',831,,20095,40,,,1,85,,20094,40,,,1,85,,20096,40,,,1,45,,20097,40,,,1,85,,20098,40,,,1,85,,20100,40,,,1,85,,20101,40,,,1,45,,20099,40,,,1,85,,20104,40,,,1,85,,20105,40,,,1,85,,20102,40,,,1,45,,20103,40,,,1,85,,20107,40,,,1,85,,20108,40,,,1,85,,20106,40,,,1
2404,'Weekday',543,,20111,40,,,1,57,,20110,40,,,1,34,,20114,40,,,1,77,,20123,40,,,1,36,,20124,40,,,1,75,,20125,40,,,1,36,,20121,40,,,1,76,,20122,40,,,1,75,,20130,40,,,1,37,,20109,40,,,1,74,,20112,40,,,1,35,,20128,40,,,1,77,,20126,40,,,1,77,,20127,40,,,1,37,,20129,40,,,1,77,,20113,40,,,1,33,,20116,40,,,1,76,,20131,40,,,1,76,,20132,40,,,1,34,,20133,40,,,1,76,,20134,40,,,1,36,,20135,40,,,1,75,,20136,40,,,1,75,,20137,40,,,1,38,,20118,40,,,1,72,,20115,40,,,1,32,,20117,40,,,1,76,,20120,40,,,1,35,,20119,40,,,1
2504,'Weekday',626,,20157,36,,,1,30,,20159,36,,,1,77,,20165,36,,,1,76,,20164,36,,,1,38,,20163,36,,,1,74,,20162,36,,,1,35,,20166,36,,,1,76,,20167,36,,,1,483,,20158,36,,,1,36,,20168,36,,,1,76,,20169,36,,,1,77,,20170,36,,,1,36,,20171,36,,,1,77,,20172,36,,,1,36,,20173,36,,,1,74,,20174,36,,,1,76,,20161,36,,,1,34,,20160,36,,,1
21600,'Weekday',1548,,24483,28,,,1
