203,'Holiday1',739,,13982,18,,,1,73,,13983,18,,,1,33,,13984,18,,,1,73,,13985,18,,,1,33,,13986,18,,,1,74,,13988,18,,,1,33,,13989,18,,,1,74,,13990,18,,,1,73,,13987,18,,,1,33,,13992,18,,,1,73,,13993,18,,,1,33,,13994,18,,,1,73,,13991,18,,,1,33,,13995,18,,,1,73,,13996,18,,,1,33,,13997,18,,,1,73,,13999,18,,,1,73,,14001,18,,,1,33,,13998,18,,,1,73,,14002,18,,,1,33,,14000,18,,,1,72,,14004,18,,,1,33,,14005,18,,,1,73,,14006,18,,,1,33,,14003,18,,,1,71,,14008,18,,,1,33,,14009,18,,,1,73,,14011,18,,,1,73,,14012,18,,,1,32,,14010,18,,,1,73,,14013,18,,,1,33,,14007,18,,,1
203,'Saturday',548,,14014,18,,,1,70,,14015,18,,,1,30,,14018,18,,,1,72,,14019,18,,,1,25,,14017,18,,,1,78,,14016,18,,,1,29,,14022,18,,,1,91,,14023,18,,,1,71,,14020,18,,,1,30,,14021,18,,,1,71,,14024,18,,,1,30,,14026,18,,,1,71,,14028,18,,,1,30,,14029,18,,,1,70,,14025,18,,,1,30,,14030,18,,,1,70,,14027,18,,,1,30,,14031,18,,,1,70,,14032,18,,,1,30,,14035,18,,,1,70,,14036,18,,,1,30,,14037,18,,,1,70,,14033,18,,,1,30,,14034,18,,,1,70,,14038,18,,,1,30,,14040,18,,,1,69,,14041,18,,,1,28,,14042,18,,,1,68,,14039,18,,,1,29,,14043,18,,,1,70,,14044,18,,,1,29,,14047,18,,,1,70,,14048,18,,,1,30,,14045,18,,,1,70,,14046,18,,,1,30,,14050,18,,,1,70,,14051,18,,,1,30,,14049,18,,,1,70,,14052,18,,,1,30,,14053,18,,,1
203,'Sunday',739,,14054,18,,,1,73,,14055,18,,,1,33,,14056,18,,,1,73,,14057,18,,,1,33,,14058,18,,,1,74,,14060,18,,,1,33,,14061,18,,,1,74,,14062,18,,,1,73,,14059,18,,,1,33,,14064,18,,,1,73,,14065,18,,,1,33,,14066,18,,,1,73,,14063,18,,,1,33,,14067,18,,,1,73,,14068,18,,,1,33,,14069,18,,,1,73,,14071,18,,,1,73,,14073,18,,,1,33,,14070,18,,,1,73,,14074,18,,,1,33,,14072,18,,,1,72,,14076,18,,,1,33,,14077,18,,,1,73,,14078,18,,,1,33,,14075,18,,,1,71,,14080,18,,,1,33,,14081,18,,,1,73,,14083,18,,,1,73,,14084,18,,,1,32,,14082,18,,,1,73,,14085,18,,,1,33,,14079,18,,,1
203,'Weekday',434,,14086,18,,,1,22,,14088,18,,,1,62,,14089,18,,,1,22,,14090,18,,,1,61,,14087,18,,,1,23,,14091,18,,,1,18,,14092,18,,,1,59,,14093,18,,,1,25,,14094,18,,,1,31,,14095,18,,,1,62,,14096,18,,,1,15,,14097,18,,,1,19,,14099,18,,,1,69,,14100,18,,,1,27,,14101,18,,,1,62,,14098,18,,,1,19,,14102,18,,,1,19,,14103,18,,,1,63,,14104,18,,,1,25,,14105,18,,,1,22,,14106,18,,,1,58,,14107,18,,,1,18,,14109,18,,,1,66,,14110,18,,,1,26,,14111,18,,,1,22,,14108,18,,,1,55,,14113,18,,,1,19,,14114,18,,,1,26,,14115,18,,,1,66,,14112,18,,,1,21,,14116,18,,,1,16,,14118,18,,,1,60,,14119,18,,,1,27,,14120,18,,,1,68,,14117,18,,,1,22,,14121,18,,,1,19,,14123,18,,,1,64,,14124,18,,,1,25,,14125,18,,,1,67,,14122,18,,,1,20,,14126,18,,,1,19,,14127,18,,,1,67,,14128,18,,,1,23,,14129,18,,,1,19,,14130,18,,,1,63,,14131,18,,,1,21,,14132,18,,,1,21,,14134,18,,,1,60,,14135,18,,,1,16,,14136,18,,,1,69,,14133,18,,,1,32,,14137,18,,,1,72,,14138,18,,,1,32,,14139,18,,,1,68,,14140,18,,,1,28,,14141,18,,,1
2403,'Holiday1',809,,19989,6,,,1,45,,19990,6,,,1,85,,19991,6,,,1,85,,19992,6,,,1,85,,19994,6,,,1,45,,19995,6,,,1,85,,19996,6,,,1,85,,19993,6,,,1,85,,19998,6,,,1,45,,19999,6,,,1,85,,20000,6,,,1,85,,19997,6,,,1,85,,20001,6,,,1,45,,20002,6,,,1,85,,20003,6,,,1
2403,'Saturday',809,,20011,6,,,1,45,,20012,6,,,1,85,,20013,6,,,1,85,,20010,6,,,1,85,,20014,6,,,1,45,,20015,6,,,1,85,,20016,6,,,1,85,,20017,6,,,1,85,,20018,6,,,1,45,,20004,6,,,1,85,,20007,6,,,1,85,,20005,6,,,1,85,,20009,6,,,1,45,,20006,6,,,1,85,,20008,6,,,1
2403,'Sunday',809,,20019,6,,,1,45,,20020,6,,,1,85,,20021,6,,,1,85,,20022,6,,,1,85,,20024,6,,,1,45,,20025,6,,,1,85,,20026,6,,,1,85,,20023,6,,,1,85,,20028,6,,,1,45,,20029,6,,,1,85,,20030,6,,,1,85,,20027,6,,,1,85,,20031,6,,,1,45,,20032,6,,,1,85,,20033,6,,,1
2403,'Weekday',440,,20038,6,,,1,65,,20036,6,,,1,30,,20034,6,,,1,71,,20040,6,,,1,36,,20056,6,,,1,76,,20050,6,,,1,36,,20051,6,,,1,76,,20049,6,,,1,76,,20047,6,,,1,36,,20048,6,,,1,81,,20035,6,,,1,35,,20037,6,,,1,76,,20053,6,,,1,76,,20054,6,,,1,37,,20052,6,,,1,77,,20055,6,,,1,27,,20039,6,,,1,73,,20043,6,,,1,35,,20044,6,,,1,77,,20058,6,,,1,77,,20060,6,,,1,36,,20061,6,,,1,76,,20062,6,,,1,76,,20059,6,,,1,36,,20063,6,,,1,75,,20057,6,,,1,33,,20041,6,,,1,75,,20042,6,,,1,33,,20045,6,,,1,85,,20046,6,,,1
2503,'Weekday',521,,20139,6,,,1,30,,20138,6,,,1,70,,20142,6,,,1,36,,20148,6,,,1,76,,20147,6,,,1,76,,20145,6,,,1,36,,20144,6,,,1,77,,20146,6,,,1,36,,20149,6,,,1,448,,20140,6,,,1,38,,20141,6,,,1,78,,20150,6,,,1,36,,20151,6,,,1,74,,20152,6,,,1,78,,20153,6,,,1,36,,20154,6,,,1,75,,20155,6,,,1,36,,20156,6,,,1,75,,20143,6,,,1
21601,'Weekday',754,,24484,3,,,1
