101,'Weekday',556,,184,0,5,1,62,,204,0,5,1,26,,205,0,5,1,62,,206,0,5,1,26,,207,0,5,1,22,,208,0,5,1,63,,209,0,5,1,22,,210,0,5,1,71,,198,0,5,1,23,,222,0,5,1,22,,223,0,5,1,82,,224,0,5,1,72,,225,0,5,1,26,,226,0,5,1,76,,227,0,5,1,34,,228,0,5,1,72,,229,0,5,1,31,,231,0,5,1,62,,232,0,5 7,1,37,,233,0,5,1,72,,250,0,5,1,25,,251,0,5,1,63,,252,0,5,1,20,,253,0,5,1,17,,254,0,5,1,68,,255,0,5,1,20,,256,0,5,1,26,,257,0,5,1,60,,258,0,5,1,22,,259,0,5,1,65,,260,0,5,1,8,,269,0,5,1,18,,272,0,5,1,14,,271,0,5,1,60,,270,0,5,1
304,'Holiday1',731,,1081,0,5 7,1,70,,1057,,,1,25,,1058,0,5 7,1,30,,1082,,,1,66,,1068,0,5 7,1,25,,1084,,,1,65,,1062,0,5 7,1,25,,1085,,,1,65,,1069,0,5 7,1,25,,1086,,,1,25,,1071,0,5 7,1,65,,1083,,,1,25,,1064,0,5 7,1,65,,1087,,,1,20,,1065,0,5 7,1,30,,1088,,,1,60,,1073,0,5 7,1,26,,1089,,,1,64,,1070,0,5 7,1,26,,1090,,,1,25,,1063,0,5 7,1,65,,1060,,,1,25,,1059,0,5 7,1,64,,1074,,,1,25,,1075,0,5 7,1,63,,1061,,,1,27,,1076,0,5 7,1,23,,1072,,,1,67,,1079,0,5 7,1,25,,1066,,,1,65,,1067,0,5 7,1,24,,1092,,,1,25,,1093,,,1,64,,1094,,,1,25,,1091,,,1,65,,1095,,,1,24,,1096,,,1,25,,1097,,,1,64,,1080,,,1,25,,1077,,,1,65,,1078,,,1
304,'Saturday',622,,1099,,,1,25,,1101,,,1,65,,1102,,,1,25,,1103,,,1,65,,1104,,,1,21,,1098,0,5 7,1,25,,1105,,,1,65,,1124,0,5 7,1,25,,1106,,,1,65,,1125,0,5 7,1,24,,1107,,,1,25,,1126,0,5 7,1,65,,1108,,,1,25,,1127,0,5 7,1,65,,1109,,,1,27,,1129,0,5 7,1,25,,1110,,,1,65,,1130,0,5 7,1,25,,1112,,,1,66,,1128,0,5 7,1,25,,1114,,,1,65,,1131,0,5 7,1,25,,1115,,,1,25,,1132,0,5 7,1,65,,1111,,,1,25,,1133,0,5 7,1,64,,1116,,,1,24,,1134,0,5 7,1,25,,1113,,,1,64,,1135,0,5 7,1,25,,1117,,,1,65,,1136,0,5 7,1,25,,1118,,,1,65,,1137,,,1,24,,1119,,,1,23,,1138,,,1,60,,1120,,,1,19,,1139,,,1,24,,1121,,,1,62,,1140,,,1,25,,1122,,,1,65,,1141,,,1,25,,1123,,,1,25,,1100,,,1
304,'Sunday',731,,1166,0,5 7,1,70,,1142,,,1,25,,1143,0,5 7,1,30,,1167,,,1,66,,1153,0,5 7,1,25,,1169,,,1,65,,1147,0,5 7,1,25,,1170,,,1,65,,1154,0,5 7,1,25,,1171,,,1,25,,1156,0,5 7,1,65,,1168,,,1,25,,1149,0,5 7,1,65,,1172,,,1,20,,1150,0,5 7,1,30,,1173,,,1,60,,1158,0,5 7,1,26,,1174,,,1,64,,1155,0,5 7,1,26,,1175,,,1,25,,1148,0,5 7,1,65,,1145,,,1,25,,1144,0,5 7,1,64,,1159,,,1,25,,1160,0,5 7,1,63,,1146,,,1,27,,1161,0,5 7,1,23,,1157,,,1,67,,1164,0,5 7,1,25,,1151,,,1,65,,1152,0,5 7,1,24,,1177,,,1,25,,1178,,,1,64,,1179,,,1,25,,1176,,,1,65,,1180,,,1,24,,1181,,,1,25,,1182,,,1,64,,1165,,,1,25,,1162,,,1,65,,1163,,,1
304,'Weekday',426,,1256,,,1,20,,1258,,,1,55,,1236,,,1,15,,1184,,,1,15,,1185,,,1,15,,1183,,,1,10,,1257,,,1,59,,1186,,,1,1,,1187,,,1,17,,1189,,,1,16,,1190,,,1,53,,1191,,,1,15,,1188,,,1,22,,1192,,,1,5,,1193,0,5 7,1,59,,1203,,,1,14,,1196,0,5 7,1,14,,1199,,,1,14,,1197,0,5 7,1,8,,1194,,,1,57,,1201,0,5 7,1,9,,1200,,,1,18,,1198,0,5 7,1,12,,1195,,,1,53,,1202,0,5 7,1,17,,1253,,,1,13,,1249,0,5 7,1,14,,1247,,,1,56,,1254,0,5 7,1,19,,1244,,,1,12,,1248,0,5 7,1,15,,1245,,,1,55,,1250,0,5 7,1,13,,1243,,,1,17,,1246,0,5 7,1,20,,1255,,,1,64,,1252,0,5 7,1,4,,1251,,,1,14,,1206,0,5 7,1,20,,1240,,,1,54,,1239,0,5 7,1,11,,1204,,,1,17,,1238,0,5 7,1,13,,1241,,,1,54,,1237,0,5 7,1,14,,1205,,,1,15,,1242,0,5 7,1,15,,1217,,,1,54,,1209,0,5 7,1,15,,1218,,,1,14,,1210,0,5 7,1,12,,1219,,,1,57,,1207,0,5 7,1,12,,1221,,,1,15,,1208,0,5 7,1,15,,1222,,,1,13,,1211,0,5 7,1,52,,1223,,,1,15,,1212,0,5 7,1,15,,1220,,,1,13,,1213,0,5 7,1,54,,1224,,,1,12,,1214,0,5 7,1,14,,1225,,,1,14,,1215,0,5 7,1,14,,1226,,,1,64,,1216,0,5 7,1,28,,1227,,,1,71,,1229,0,5 7,1,34,,1228,,,1,61,,1232,,,1,32,,1233,,,1,69,,1231,,,1,26,,1230,,,1,72,,1234,,,1,22,,1235,,,1
5704,'Holiday1',929,,10503,,,1,29,,10504,,,1,72,,10505,,,1,29,,10506,,,1,70,,10507,,,1,30,,10508,,,1,71,,10509,,,1,29,,10510,,,1,74,,10511,,,1,26,,10513,,,1,72,,10514,,,1,28,,10512,,,1,72,,10517,,,1,28,,10516,,,1,73,,10515,,,1,27,,10520,,,1,74,,10519,,,1,67,,10521,,,1,33,,10518,,,1,26,,10523,,,1,74,,10522,,,1
5704,'Saturday',559,,10530,,,1,70,,10542,,,1,28,,10528,,,1,72,,10543,,,1,28,,10534,,,1,72,,10544,,,1,28,,10536,,,1,72,,10545,,,1,28,,10537,,,1,72,,10546,,,1,28,,10532,,,1,72,,10547,,,1,28,,10533,,,1,72,,10548,,,1,28,,10529,,,1,72,,10549,,,1,28,,10527,,,1,72,,10550,,,1,28,,10524,,,1,72,,10540,,,1,28,,10526,,,1,72,,10541,,,1,28,,10525,,,1,72,,10539,,,1,28,,10531,,,1,72,,10538,,,1,28,,10535,,,1
5704,'Sunday',929,,10551,,,1,29,,10552,,,1,72,,10553,,,1,29,,10554,,,1,70,,10555,,,1,30,,10556,,,1,71,,10557,,,1,29,,10558,,,1,74,,10559,,,1,26,,10561,,,1,72,,10562,,,1,28,,10560,,,1,72,,10565,,,1,28,,10564,,,1,73,,10563,,,1,27,,10568,,,1,74,,10567,,,1,67,,10569,,,1,33,,10566,,,1,26,,10571,,,1,74,,10570,,,1
5704,'Weekday',450,,10573,,,1,65,,10574,,,1,23,,10575,,,1,71,,10572,,,1,20,,10576,,,1,26,,10577,,,1,66,,10578,,,1,25,,10579,,,1,64,,10580,,,1,29,,10581,,,1,63,,10582,,,1,31,,10583,,,1,68,,10584,,,1,22,,10585,,,1,32,,10586,,,1,63,,10587,,,1,28,,10588,,,1,73,,10589,,,1,32,,10590,,,1,72,,10592,,,1,28,,10593,,,1,72,,10594,,,1,33,,10591,,,1,65,,10596,,,1,23,,10597,,,1,65,,10613,,,1,31,,10614,,,1,19,,10615,,,1,65,,10598,,,1,25,,10595,,,1,59,,10599,,,1,26,,10600,,,1,67,,10602,,,1,29,,10612,,,1,29,,10603,,,1,67,,10604,,,1,28,,10601,,,1,69,,10605,,,1,30,,10606,,,1,69,,10607,,,1,29,,10608,,,1,71,,10609,,,1,22,,10610,,,1,74,,10611,,,1
20900,'Weekday',1443,,11363,,,1
20901,'Weekday',740,,11364,,,1
