'251229-MULTI-Saturday-01',1503,55300,4,'',1,8000,4,'',1,2200,4,'',1,6200,4,'',1,2200,4,'',1,6200,4,'',1,2200,4,'',1,2200,4,'',1,6200,4,'',1,2200,4,'',1,2200,4,'',1,6200,4,'',1,2200,4,'',1,2200,4,'',1,6200,4,'',1,2200,4,'',1,6200,4,'',1,2200,4,'',1,2200,4,'',1,6200,4,'',1,2200,4,'',1,2200,4,'',1,6200,4,'',1,2200,4,'',1,2200,4,'',1,6200,4,'',1,2200,4,'',1,6200,4,'',1,2200,4,'',1,2200,4,'',1,6200,4,'',1,2200,4,'',1,2200,4,'',1,6200,4,'',1,2200,4,'',1,6200,4,'',1,2200,4,'',1,2200,4,'',1,6200,4,'',1,2200,4,'',1,2200,4,'',1,6200,4,'',1,2200,4,'',1,2200,4,'',1,6200,4,'',1,2200,4,'',1,6200,4,'',1,2200,4,'',1,2200,4,'',1,6200,4,'',1,2200,4,'',1,2500,4,'',1
'251229-MULTI-Saturday-01',1504,55900,0,'',1,6200,0,'',1,2200,0,'',1,6200,0,'',1,2200,0,'',1,2200,0,'',1,6200,0,'',1,2200,0,'',1,2200,0,'',1,6200,0,'',1,2200,0,'',1,6200,0,'',1,2200,0,'',1,2200,0,'',1,6200,0,'',1,2200,0,'',1,2200,0,'',1,6200,0,'',1,2200,0,'',1,2200,0,'',1,6200,0,'',1,2200,0,'',1,6200,0,'',1,2200,0,'',1,2200,0,'',1,6200,0,'',1,2200,0,'',1,2200,0,'',1,6200,0,'',1,2200,0,'',1,2200,0,'',1,6200,0,'',1,2200,0,'',1,6200,0,'',1,2200,0,'',1,2200,0,'',1,6200,0,'',1,2200,0,'',1,2200,0,'',1,6200,0,'',1,2200,0,'',1,6200,0,'',1,2200,0,'',1,2200,0,'',1,6200,0,'',1,2200,0,'',1,2200,0,'',1,6200,0,'',1,2200,0,'',1,2200,0,'',1,6600,0,'',1,2100,0,'',1
'251229-MULTI-Sunday-01',1503,71900,4,'',1,3400,4,'',1,8000,4,'',1,7000,4,'',1,3000,4,'',1,7000,4,'',1,3000,4,'',1,7000,4,'',1,3000,4,'',1,7000,4,'',1,3000,4,'',1,7000,4,'',1,3000,4,'',1,7000,4,'',1,3000,4,'',1,7000,4,'',1,3000,4,'',1,7000,4,'',1,3000,4,'',1,7000,4,'',1,3000,4,'',1,7000,4,'',1,3000,4,'',1,7000,4,'',1,3000,4,'',1,7000,4,'',1,3000,4,'',1,7000,4,'',1,3000,4,'',1,7000,4,'',1,3000,4,'',1,7000,4,'',1,3000,4,'',1,7000,4,'',1
'251229-MULTI-Sunday-01',1504,65300,0,'',1,7000,0,'',1,3100,0,'',1,6900,0,'',1,3000,0,'',1,7000,0,'',1,3000,0,'',1,7000,0,'',1,3000,0,'',1,7000,0,'',1,3000,0,'',1,7000,0,'',1,3000,0,'',1,7000,0,'',1,3000,0,'',1,7000,0,'',1,3000,0,'',1,7000,0,'',1,3000,0,'',1,7000,0,'',1,3000,0,'',1,7000,0,'',1,3000,0,'',1,7000,0,'',1,3000,0,'',1,7000,0,'',1,3000,0,'',1,7000,0,'',1,3000,0,'',1,7000,0,'',1,3000,0,'',1,7000,0,'',1,3000,0,'',1,7000,0,'',1,3000,0,'',1,7000,0,'',1
'260105-MULTI-Holiday1-01',1503,71900,4,'',1,3400,4,'',1,8000,4,'',1,7000,4,'',1,3000,4,'',1,7000,4,'',1,3000,4,'',1,7000,4,'',1,3000,4,'',1,7000,4,'',1,3000,4,'',1,7000,4,'',1,3000,4,'',1,7000,4,'',1,3000,4,'',1,7000,4,'',1,3000,4,'',1,7000,4,'',1,3000,4,'',1,7000,4,'',1,3000,4,'',1,7000,4,'',1,3000,4,'',1,7000,4,'',1,3000,4,'',1,7000,4,'',1,3000,4,'',1,7000,4,'',1,3000,4,'',1,7000,4,'',1,3000,4,'',1,7000,4,'',1,3000,4,'',1,7000,4,'',1,3000,4,'',1,7000,4,'',1
'260105-MULTI-Holiday1-01',1504,65300,0,'',1,7000,0,'',1,3100,0,'',1,6900,0,'',1,3000,0,'',1,7000,0,'',1,3000,0,'',1,7000,0,'',1,3000,0,'',1,7000,0,'',1,3000,0,'',1,7000,0,'',1,3000,0,'',1,7000,0,'',1,3000,0,'',1,7000,0,'',1,3000,0,'',1,7000,0,'',1,3000,0,'',1,7000,0,'',1,3000,0,'',1,7000,0,'',1,3000,0,'',1,7000,0,'',1,3000,0,'',1,7000,0,'',1,3000,0,'',1,7000,0,'',1,3000,0,'',1,7000,0,'',1,3000,0,'',1,7000,0,'',1,3000,0,'',1,7000,0,'',1,1700,0,'',1,7000,0,'',1
'260105-MULTI-Saturday-01',1503,55300,4,'',1,8000,4,'',1,2200,4,'',1,6200,4,'',1,2200,4,'',1,6200,4,'',1,2200,4,'',1,2200,4,'',1,6200,4,'',1,2200,4,'',1,2200,4,'',1,6200,4,'',1,2200,4,'',1,2200,4,'',1,6200,4,'',1,2200,4,'',1,6200,4,'',1,2200,4,'',1,2200,4,'',1,6200,4,'',1,2200,4,'',1,2200,4,'',1,6200,4,'',1,2200,4,'',1,2200,4,'',1,6200,4,'',1,2200,4,'',1,6200,4,'',1,2200,4,'',1,2200,4,'',1,6200,4,'',1,2200,4,'',1,2200,4,'',1,6200,4,'',1,2200,4,'',1,6200,4,'',1,2200,4,'',1,2200,4,'',1,6200,4,'',1,2200,4,'',1,2200,4,'',1,6200,4,'',1,2200,4,'',1,2200,4,'',1,6200,4,'',1,2200,4,'',1,6200,4,'',1,2200,4,'',1,2200,4,'',1,6200,4,'',1,2200,4,'',1,2500,4,'',1
'260105-MULTI-Saturday-01',1504,55900,0,'',1,6200,0,'',1,2200,0,'',1,6200,0,'',1,2200,0,'',1,2200,0,'',1,6200,0,'',1,2200,0,'',1,2200,0,'',1,6200,0,'',1,2200,0,'',1,6200,0,'',1,2200,0,'',1,2200,0,'',1,6200,0,'',1,2200,0,'',1,2200,0,'',1,6200,0,'',1,2200,0,'',1,2200,0,'',1,6200,0,'',1,2200,0,'',1,6200,0,'',1,2200,0,'',1,2200,0,'',1,6200,0,'',1,2200,0,'',1,2200,0,'',1,6200,0,'',1,2200,0,'',1,2200,0,'',1,6200,0,'',1,2200,0,'',1,6200,0,'',1,2200,0,'',1,2200,0,'',1,6200,0,'',1,2200,0,'',1,2200,0,'',1,6200,0,'',1,2200,0,'',1,6200,0,'',1,2200,0,'',1,2200,0,'',1,6200,0,'',1,2200,0,'',1,2200,0,'',1,6200,0,'',1,2200,0,'',1,2200,0,'',1,6600,0,'',1,2100,0,'',1
'260105-MULTI-Sunday-01',1503,71900,4,'',1,3400,4,'',1,8000,4,'',1,7000,4,'',1,3000,4,'',1,7000,4,'',1,3000,4,'',1,7000,4,'',1,3000,4,'',1,7000,4,'',1,3000,4,'',1,7000,4,'',1,3000,4,'',1,7000,4,'',1,3000,4,'',1,7000,4,'',1,3000,4,'',1,7000,4,'',1,3000,4,'',1,7000,4,'',1,3000,4,'',1,7000,4,'',1,3000,4,'',1,7000,4,'',1,3000,4,'',1,7000,4,'',1,3000,4,'',1,7000,4,'',1,3000,4,'',1,7000,4,'',1,3000,4,'',1,7000,4,'',1,3000,4,'',1,7000,4,'',1,3000,4,'',1,7000,4,'',1
'260105-MULTI-Sunday-01',1504,65300,0,'',1,7000,0,'',1,3100,0,'',1,6900,0,'',1,3000,0,'',1,7000,0,'',1,3000,0,'',1,7000,0,'',1,3000,0,'',1,7000,0,'',1,3000,0,'',1,7000,0,'',1,3000,0,'',1,7000,0,'',1,3000,0,'',1,7000,0,'',1,3000,0,'',1,7000,0,'',1,3000,0,'',1,7000,0,'',1,3000,0,'',1,7000,0,'',1,3000,0,'',1,7000,0,'',1,3000,0,'',1,7000,0,'',1,3000,0,'',1,7000,0,'',1,3000,0,'',1,7000,0,'',1,3000,0,'',1,7000,0,'',1,3000,0,'',1,7000,0,'',1,1700,0,'',1,7000,0,'',1
'260105-MULTI-Weekday-01',1503,44600,4,'',1,6600,4,'',1,3500,4,'',1,6000,4,'',1,2900,4,'',1,7000,4,'',1,1300,4,'',1,2000,4,'',1,6500,4,'',1,1400,4,'',1,1700,4,'',1,6700,4,'',1,1600,4,'',1,2000,4,'',1,2000,4,'',1,7100,4,'',1,7600,4,'',1,3200,4,'',1,2000,4,'',1,6900,4,'',1,3200,4,'',1,7500,4,'',1,2300,4,'',1,6900,4,'',1,7500,4,'',1,3000,4,'',1,7000,4,'',1,2900,4,'',1,2800,4,'',1,4800,4,'',1,3100,4,'',1,1700,4,'',1,4800,4,'',1,2700,4,'',1,2200,4,'',1,5200,4,'',1,2500,4,'',1,2200,4,'',1,600,4,'',1,6800,4,'',1,3000,4,'',1,6200,4,'',1,2200,4,'',1,7500,4,'',1,3300,4,'',1,6600,4,'',1,2400,4,'',1,7000,4,'',1,2800,4,'',1,6900,4,'',1,9900,4,'',1
'260105-MULTI-Weekday-01',1504,45100,0,'',1,6900,0,'',1,1800,0,'',1,1500,0,'',1,6300,0,'',1,1500,0,'',1,1200,0,'',1,7100,0,'',1,1200,0,'',1,2400,0,'',1,6100,0,'',1,3100,0,'',1,6500,0,'',1,1800,0,'',1,8300,0,'',1,2900,0,'',1,7200,0,'',1,3600,0,'',1,5900,0,'',1,3000,0,'',1,7100,0,'',1,3500,0,'',1,6300,0,'',1,3000,0,'',1,2600,0,'',1,4900,0,'',1,2900,0,'',1,2200,0,'',1,4800,0,'',1,2700,0,'',1,2500,0,'',1,5200,0,'',1,2800,0,'',1,6100,0,'',1,900,0,'',1,2500,0,'',1,1800,0,'',1,5800,0,'',1,1800,0,'',1,2400,0,'',1,4900,0,'',1,2700,0,'',1,7200,0,'',1,2800,0,'',1,2200,0,'',1,7000,0,'',1,2900,0,'',1,7100,0,'',1,3000,0,'',1,7000,0,'',1,3000,0,'',1,7000,0,'',1,8500,0,'',1
