603,'251229-MULTI-Saturday-01',759,,3396,0,,1,85,,3381,0,,1,85,,3382,0,,1,84,,3384,0,,1,45,,3385,0,,1,85,,3383,0,,1,86,,3387,0,,1,85,,3386,0,,1,86,,3389,0,,1,46,,3390,0,,1,86,,3388,0,,1,85,,3391,0,,1,85,,3392,0,,1,45,,3393,0,,1,85,,3394,0,,1,85,,3395,0,,1
603,'251229-MULTI-Sunday-01',912,,3398,0,,1,45,,3397,0,,1,86,,3399,0,,1,85,,3400,0,,1,85,,3401,0,,1,45,,3403,0,,1,88,,3404,0,,1,85,,3402,0,,1,85,,3405,0,,1,85,,3406,0,,1,45,,3407,0,,1,85,,3408,0,,1,85,,3409,0,,1,85,,3410,0,,1,44,,3411,0,,1
603,'260105-MULTI-Holiday1-01',912,,3413,0,,1,45,,3412,0,,1,86,,3415,0,,1,85,,3416,0,,1,85,,3417,0,,1,45,,3418,0,,1,88,,3419,0,,1,85,,3414,0,,1,85,,3420,0,,1,85,,3421,0,,1,45,,3422,0,,1,85,,3423,0,,1,85,,3424,0,,1,85,,3425,0,,1,44,,3426,0,,1
603,'260105-MULTI-Saturday-01',759,,3442,0,,1,85,,3427,0,,1,85,,3428,0,,1,84,,3430,0,,1,45,,3431,0,,1,85,,3429,0,,1,86,,3433,0,,1,85,,3432,0,,1,86,,3435,0,,1,46,,3436,0,,1,86,,3434,0,,1,85,,3437,0,,1,85,,3438,0,,1,45,,3439,0,,1,85,,3440,0,,1,85,,3441,0,,1
603,'260105-MULTI-Sunday-01',912,,3444,0,,1,45,,3443,0,,1,86,,3446,0,,1,85,,3447,0,,1,85,,3448,0,,1,45,,3449,0,,1,88,,3450,0,,1,85,,3445,0,,1,85,,3451,0,,1,85,,3452,0,,1,45,,3453,0,,1,85,,3454,0,,1,85,,3455,0,,1,85,,3456,0,,1,44,,3457,0,,1
603,'260105-MULTI-Weekday-01',639,,3458,0,,1,20,,3460,0,,1,60,,3464,0,,1,20,,3465,0,,1,20,,3461,0,,1,60,,3466,0,,1,22,,3463,0,,1,60,,3468,0,,1,18,,3462,0,,1,20,,3467,0,,1,63,,3459,0,,1,30,,3482,0,,1,22,,3480,0,,1,59,,3473,0,,1,21,,3476,0,,1,66,,3478,0,,1,22,,3474,0,,1,20,,3470,0,,1,63,,3477,0,,1,24,,3469,0,,1,22,,3475,0,,1,60,,3471,0,,1,25,,3481,0,,1,65,,3472,0,,1,27,,3479,0,,1,25,,3484,0,,1,60,,3485,0,,1,21,,3483,0,,1,20,,3486,0,,1,60,,3487,0,,1,20,,3488,0,,1,20,,3489,0,,1,60,,3490,0,,1,19,,3491,0,,1,20,,3492,0,,1,60,,3493,0,,1,14,,3494,0,,1,20,,3495,0,,1,60,,3499,0,,1,19,,3496,0,,1,24,,3497,0,,1,66,,3498,0,,1,25,,3500,0,,1,62,,3501,0,,1,27,,3502,0,,1,27,,3503,0,,1,72,,3504,0,,1,30,,3505,0,,1
6003,'251229-MULTI-Saturday-01',757,,15138,0,,1,70,,15116,0,,1,76,,15130,0,,1,33,,15131,0,,1,75,,15132,0,,1,35,,15133,0,,1,75,,15134,0,,1,35,,15135,0,,1,75,,15136,0,,1,75,,15137,0,,1,35,,15124,0,,1,75,,15118,0,,1,35,,15121,0,,1,75,,15119,0,,1,75,,15117,0,,1,35,,15120,0,,1,75,,15125,0,,1,35,,15122,0,,1,75,,15127,0,,1,35,,15129,0,,1,75,,15126,0,,1,75,,15123,0,,1,35,,15128,0,,1
6003,'251229-MULTI-Sunday-01',842,,15142,0,,1,104,,15140,0,,1,105,,15143,0,,1,105,,15139,0,,1,145,,15144,0,,1,105,,15145,0,,1,106,,15146,0,,1,105,,15147,0,,1,105,,15148,0,,1,104,,15149,0,,1,106,,15150,0,,1,104,,15141,0,,1
6003,'260105-MULTI-Holiday1-01',842,,15154,0,,1,104,,15152,0,,1,105,,15155,0,,1,105,,15151,0,,1,145,,15157,0,,1,105,,15158,0,,1,106,,15159,0,,1,105,,15156,0,,1,105,,15160,0,,1,104,,15161,0,,1,106,,15162,0,,1,104,,15153,0,,1
6003,'260105-MULTI-Saturday-01',757,,15185,0,,1,70,,15163,0,,1,76,,15177,0,,1,33,,15178,0,,1,75,,15179,0,,1,35,,15180,0,,1,75,,15181,0,,1,35,,15182,0,,1,75,,15183,0,,1,75,,15184,0,,1,35,,15168,0,,1,75,,15165,0,,1,35,,15169,0,,1,75,,15166,0,,1,75,,15164,0,,1,35,,15167,0,,1,75,,15172,0,,1,35,,15170,0,,1,75,,15174,0,,1,35,,15176,0,,1,75,,15173,0,,1,75,,15171,0,,1,35,,15175,0,,1
6003,'260105-MULTI-Sunday-01',842,,15189,0,,1,104,,15187,0,,1,105,,15190,0,,1,105,,15186,0,,1,145,,15192,0,,1,105,,15193,0,,1,106,,15194,0,,1,105,,15191,0,,1,105,,15195,0,,1,104,,15196,0,,1,106,,15197,0,,1,104,,15188,0,,1
6003,'260105-MULTI-Weekday-01',518,,15198,0,,1,26,,15199,0,,1,61,,15200,0,,1,27,,15201,0,,1,25,,15202,0,,1,67,,15203,0,,1,31,,15204,0,,1,67,,15205,0,,1,26,,15206,0,,1,66,,15207,0,,1,26,,15208,0,,1,66,,15209,0,,1,26,,15210,0,,1,26,,15212,0,,1,69,,15213,0,,1,29,,15214,0,,1,66,,15211,0,,1,26,,15215,0,,1,66,,15216,0,,1,26,,15217,0,,1,68,,15218,0,,1,27,,15219,0,,1,69,,15220,0,,1,31,,15221,0,,1,24,,15222,0,,1,63,,15224,0,,1,27,,15226,0,,1,64,,15227,0,,1,26,,15223,0,,1,67,,15228,0,,1,27,,15225,0,,1,68,,15229,0,,1,28,,15230,0,,1,85,,15231,0,,1,40,,15232,0,,1,80,,15233,0,,1,80,,15234,0,,1,40,,15235,0,,1,80,,15236,0,,1,80,,15237,0,,1,40,,15238,0,,1
