201,'Holiday1',717,,665,24,,,1,33,,667,24,,,1,73,,669,24,,,1,33,,671,24,,,1,74,,672,24,,,1,73,,668,24,,,1,33,,673,24,,,1,73,,670,24,,,1,33,,674,24,,,1,74,,675,24,,,1,33,,677,24,,,1,73,,678,24,,,1,33,,679,24,,,1,73,,676,24,,,1,73,,681,24,,,1,33,,682,24,,,1,73,,683,24,,,1,33,,680,24,,,1,73,,695,24,,,1,33,,691,24,,,1,72,,694,24,,,1,33,,690,24,,,1,72,,693,24,,,1,33,,692,24,,,1,72,,688,24,,,1,72,,687,24,,,1,33,,689,24,,,1,73,,684,24,,,1,32,,686,24,,,1,73,,685,24,,,1,33,,666,24,,,1
201,'Saturday',624,,696,24,,,1,27,,734,24,,,1,75,,731,24,,,1,29,,730,24,,,1,72,,733,24,,,1,30,,732,24,,,1,71,,729,24,,,1,30,,728,24,,,1,70,,724,24,,,1,30,,727,24,,,1,71,,726,24,,,1,30,,735,24,,,1,71,,725,24,,,1,70,,723,24,,,1,31,,719,24,,,1,70,,718,24,,,1,30,,722,24,,,1,70,,721,24,,,1,30,,720,24,,,1,70,,717,24,,,1,30,,716,24,,,1,71,,712,24,,,1,29,,715,24,,,1,70,,710,24,,,1,28,,714,24,,,1,30,,713,24,,,1,68,,711,24,,,1,30,,709,24,,,1,68,,706,24,,,1,30,,705,24,,,1,70,,708,24,,,1,30,,707,24,,,1,69,,701,24,,,1,30,,702,24,,,1,70,,704,24,,,1,30,,703,24,,,1,70,,699,24,,,1,30,,700,24,,,1
201,'Sunday',717,,736,24,,,1,33,,738,24,,,1,73,,740,24,,,1,33,,741,24,,,1,74,,742,24,,,1,73,,739,24,,,1,33,,743,24,,,1,73,,744,24,,,1,33,,745,24,,,1,74,,746,24,,,1,33,,748,24,,,1,73,,749,24,,,1,33,,750,24,,,1,73,,747,24,,,1,73,,752,24,,,1,33,,753,24,,,1,73,,754,24,,,1,33,,751,24,,,1,73,,766,24,,,1,33,,762,24,,,1,72,,765,24,,,1,33,,761,24,,,1,72,,764,24,,,1,33,,763,24,,,1,72,,759,24,,,1,72,,758,24,,,1,33,,760,24,,,1,73,,755,24,,,1,32,,757,24,,,1,73,,756,24,,,1,33,,737,24,,,1
201,'Weekday',455,,821,24,,,1,62,,820,24,,,1,22,,819,24,,,1,16,,817,24,,,1,70,,816,24,,,1,22,,815,24,,,1,59,,811,24,,,1,22,,822,24,,,1,19,,814,24,,,1,66,,809,24,,,1,28,,813,24,,,1,60,,818,24,,,1,21,,812,24,,,1,22,,807,24,,,1,62,,810,24,,,1,25,,808,24,,,1,21,,806,24,,,1,60,,805,24,,,1,18,,804,24,,,1,27,,803,24,,,1,64,,799,24,,,1,22,,802,24,,,1,16,,801,24,,,1,56,,800,24,,,1,29,,798,24,,,1,67,,797,24,,,1,20,,796,24,,,1,15,,795,24,,,1,59,,794,24,,,1,28,,793,24,,,1,24,,792,24,,,1,64,,788,24,,,1,17,,791,24,,,1,64,,790,24,,,1,27,,789,24,,,1,25,,787,24,,,1,63,,783,24,,,1,21,,786,24,,,1,64,,785,24,,,1,25,,784,24,,,1,26,,782,24,,,1,60,,781,24,,,1,20,,780,24,,,1,22,,779,24,,,1,58,,778,24,,,1,19,,774,24,,,1,23,,777,24,,,1,60,,776,24,,,1,22,,775,24,,,1,74,,773,24,,,1,31,,772,24,,,1,70,,771,24,,,1,28,,770,24,,,1
2401,'Holiday1',831,,6661,39,,,1,85,,6660,39,,,1,85,,6662,39,,,1,45,,6663,39,,,1,85,,6664,39,,,1,85,,6666,39,,,1,85,,6667,39,,,1,45,,6665,39,,,1,85,,6670,39,,,1,85,,6671,39,,,1,85,,6668,39,,,1,45,,6669,39,,,1,85,,6673,39,,,1,85,,6674,39,,,1,85,,6672,39,,,1
2401,'Saturday',831,,6675,39,,,1,85,,6676,39,,,1,85,,6681,39,,,1,45,,6677,39,,,1,85,,6678,39,,,1,85,,6679,39,,,1,85,,6682,39,,,1,45,,6683,39,,,1,85,,6684,39,,,1,85,,6685,39,,,1,85,,6680,39,,,1,45,,6686,39,,,1,85,,6687,39,,,1,85,,6688,39,,,1,85,,6689,39,,,1
2401,'Sunday',831,,6691,39,,,1,85,,6690,39,,,1,85,,6692,39,,,1,45,,6693,39,,,1,85,,6694,39,,,1,85,,6696,39,,,1,85,,6697,39,,,1,45,,6695,39,,,1,85,,6700,39,,,1,85,,6701,39,,,1,85,,6698,39,,,1,45,,6699,39,,,1,85,,6703,39,,,1,85,,6704,39,,,1,85,,6702,39,,,1
2401,'Weekday',542,,6707,39,,,1,17,,6706,39,,,1,74,,6710,39,,,1,77,,6719,39,,,1,36,,6720,39,,,1,75,,6721,39,,,1,36,,6717,39,,,1,76,,6718,39,,,1,75,,6726,39,,,1,37,,6705,39,,,1,74,,6708,39,,,1,35,,6724,39,,,1,77,,6722,39,,,1,77,,6723,39,,,1,37,,6725,39,,,1,77,,6709,39,,,1,33,,6712,39,,,1,77,,6727,39,,,1,76,,6728,39,,,1,34,,6729,39,,,1,75,,6730,39,,,1,36,,6731,39,,,1,75,,6732,39,,,1,75,,6733,39,,,1,38,,6714,39,,,1,72,,6711,39,,,1,32,,6713,39,,,1,76,,6716,39,,,1,35,,6715,39,,,1
2501,'Weekday',625,,6753,35,,,1,30,,6755,35,,,1,77,,6761,35,,,1,77,,6760,35,,,1,38,,6759,35,,,1,73,,6758,35,,,1,35,,6762,35,,,1,76,,6763,35,,,1,483,,6754,35,,,1,36,,6764,35,,,1,76,,6765,35,,,1,77,,6766,35,,,1,36,,6767,35,,,1,77,,6768,35,,,1,36,,6769,35,,,1,74,,6770,35,,,1,76,,6757,35,,,1,34,,6756,35,,,1
21600,'Weekday',1547,,11249,27,,,1
