8103,'251229-MULTI-Saturday-01',619,,15360,4,,1,85,,15361,4,,1,45,,15362,4,,1,85,,15363,4,,1,85,,15364,4,,1,85,,15365,4,,1,45,,15366,4,,1,85,,15367,4,,1,85,,15368,4,,1,85,,15369,4,,1,45,,15371,4,,1,85,,15372,4,,1,85,,15373,4,,1,85,,15370,4,,1,45,,15374,4,,1,85,,15375,4,,1,85,,15376,4,,1,85,,15377,4,,1
8103,'251229-MULTI-Sunday-01',619,,15378,4,,1,85,,15380,4,,1,45,,15381,4,,1,85,,15382,4,,1,85,,15379,4,,1,85,,15383,4,,1,45,,15384,4,,1,85,,15385,4,,1,85,,15386,4,,1,85,,15387,4,,1,45,,15388,4,,1,85,,15389,4,,1,85,,15390,4,,1,85,,15391,4,,1,45,,15392,4,,1,85,,15393,4,,1,85,,15394,4,,1,85,,15395,4,,1
8103,'260105-MULTI-Holiday1-01',619,,15396,4,,1,85,,15398,4,,1,45,,15399,4,,1,85,,15400,4,,1,85,,15397,4,,1,85,,15401,4,,1,45,,15402,4,,1,85,,15403,4,,1,85,,15404,4,,1,85,,15405,4,,1,45,,15406,4,,1,85,,15407,4,,1,85,,15408,4,,1,85,,15409,4,,1,45,,15410,4,,1,85,,15411,4,,1,85,,15412,4,,1,85,,15413,4,,1
8103,'260105-MULTI-Saturday-01',619,,15414,4,,1,85,,15415,4,,1,45,,15416,4,,1,85,,15417,4,,1,85,,15418,4,,1,85,,15419,4,,1,45,,15420,4,,1,85,,15421,4,,1,85,,15422,4,,1,85,,15423,4,,1,45,,15425,4,,1,85,,15426,4,,1,85,,15427,4,,1,85,,15424,4,,1,45,,15428,4,,1,85,,15429,4,,1,85,,15430,4,,1,85,,15431,4,,1
8103,'260105-MULTI-Sunday-01',619,,15432,4,,1,85,,15434,4,,1,45,,15435,4,,1,85,,15436,4,,1,85,,15433,4,,1,85,,15437,4,,1,45,,15438,4,,1,85,,15439,4,,1,85,,15440,4,,1,85,,15441,4,,1,45,,15442,4,,1,85,,15443,4,,1,85,,15444,4,,1,85,,15445,4,,1,45,,15446,4,,1,85,,15447,4,,1,85,,15448,4,,1,85,,15449,4,,1
8103,'260105-MULTI-Weekday-01',619,,15450,4,,1,85,,15451,4,,1,45,,15452,4,,1,85,,15454,4,,1,85,,15464,4,,1,85,,15465,4,,1,45,,15466,4,,1,85,,15467,4,,1,85,,15468,4,,1,85,,15469,4,,1,45,,15463,4,,1,85,,15462,4,,1,85,,15457,4,,1,85,,15453,4,,1,45,,15458,4,,1,85,,15459,4,,1,85,,15455,4,,1,85,,15456,4,,1,45,,15460,4,,1,85,,15461,4,,1
8104,'251229-MULTI-Saturday-01',619,,15470,0,,1,85,,15471,0,,1,45,,15472,0,,1,85,,15473,0,,1,85,,15474,0,,1,85,,15475,0,,1,45,,15476,0,,1,85,,15477,0,,1,85,,15478,0,,1,85,,15479,0,,1,45,,15480,0,,1,85,,15482,0,,1,85,,15483,0,,1,85,,15484,0,,1,45,,15481,0,,1,85,,15485,0,,1,85,,15486,0,,1,85,,15487,0,,1
8104,'251229-MULTI-Sunday-01',619,,15488,0,,1,85,,15489,0,,1,45,,15490,0,,1,85,,15491,0,,1,85,,15492,0,,1,85,,15493,0,,1,45,,15494,0,,1,85,,15495,0,,1,85,,15496,0,,1,85,,15497,0,,1,45,,15498,0,,1,85,,15499,0,,1,85,,15500,0,,1,85,,15501,0,,1,45,,15502,0,,1,85,,15503,0,,1,85,,15504,0,,1,85,,15505,0,,1
8104,'260105-MULTI-Holiday1-01',619,,15506,0,,1,85,,15507,0,,1,45,,15508,0,,1,85,,15510,0,,1,85,,15511,0,,1,85,,15512,0,,1,45,,15509,0,,1,85,,15513,0,,1,85,,15514,0,,1,85,,15515,0,,1,45,,15516,0,,1,85,,15517,0,,1,85,,15518,0,,1,85,,15519,0,,1,45,,15520,0,,1,85,,15521,0,,1,85,,15522,0,,1,85,,15523,0,,1
8104,'260105-MULTI-Saturday-01',619,,15524,0,,1,85,,15525,0,,1,45,,15526,0,,1,85,,15527,0,,1,85,,15528,0,,1,85,,15529,0,,1,45,,15530,0,,1,85,,15531,0,,1,85,,15532,0,,1,85,,15533,0,,1,45,,15534,0,,1,85,,15536,0,,1,85,,15538,0,,1,85,,15539,0,,1,45,,15535,0,,1,85,,15540,0,,1,85,,15537,0,,1,85,,15541,0,,1
8104,'260105-MULTI-Sunday-01',619,,15542,0,,1,85,,15543,0,,1,45,,15544,0,,1,85,,15546,0,,1,85,,15547,0,,1,85,,15548,0,,1,45,,15545,0,,1,85,,15549,0,,1,85,,15550,0,,1,85,,15551,0,,1,45,,15552,0,,1,85,,15553,0,,1,85,,15554,0,,1,85,,15555,0,,1,45,,15556,0,,1,85,,15557,0,,1,85,,15558,0,,1,85,,15559,0,,1
8104,'260105-MULTI-Weekday-01',620,,15563,0,,1,85,,15562,0,,1,45,,15561,0,,1,85,,15560,0,,1,85,,15570,0,,1,85,,15571,0,,1,45,,15572,0,,1,85,,15573,0,,1,85,,15574,0,,1,85,,15575,0,,1,45,,15576,0,,1,85,,15577,0,,1,85,,15565,0,,1,85,,15567,0,,1,45,,15568,0,,1,85,,15569,0,,1,85,,15566,0,,1,85,,15564,0,,1,45,,15578,0,,1,85,,15579,0,,1
