902,'Holiday1',835,,16795,53,,,1,105,,16797,53,,,1,108,,16798,53,,,1,105,,16799,53,,,1,105,,16800,53,,,1,145,,16801,53,,,1,108,,16802,53,,,1,105,,16803,53,,,1,107,,16804,53,,,1,106,,16805,53,,,1,107,,16796,53,,,1
902,'Saturday',804,,16806,53,,,1,50,,16813,53,,,1,93,,16816,53,,,1,90,,16814,53,,,1,90,,16818,53,,,1,90,,16819,53,,,1,90,,16820,53,,,1,50,,16817,53,,,1,90,,16812,53,,,1,92,,16807,53,,,1,92,,16809,53,,,1,90,,16811,53,,,1,88,,16815,53,,,1,47,,16808,53,,,1,90,,16810,53,,,1
902,'Sunday',835,,16821,53,,,1,105,,16823,53,,,1,108,,16824,53,,,1,105,,16825,53,,,1,105,,16826,53,,,1,145,,16827,53,,,1,108,,16828,53,,,1,105,,16829,53,,,1,107,,16830,53,,,1,106,,16831,53,,,1,107,,16822,53,,,1
902,'Weekday',649,,16832,53,,,1,79,,16841,53,,,1,74,,16842,53,,,1,45,,16840,53,,,1,90,,16838,53,,,1,78,,16844,53,,,1,85,,16849,53,,,1,45,,16846,53,,,1,85,,16839,53,,,1,88,,16835,53,,,1,29,,16850,53,,,1,75,,16851,53,,,1,35,,16852,53,,,1,46,,16847,53,,,1,33,,16853,53,,,1,75,,16854,53,,,1,35,,16845,53,,,1,75,,16843,53,,,1,35,,16848,53,,,1,76,,16836,53,,,1,78,,16837,53,,,1,42,,16855,53,,,1,88,,16856,53,,,1,86,,16834,53,,,1,117,,16833,53,,,1
2503,'Weekday',528,,20139,16,,,1,30,,20138,16,,,1,70,,20142,16,,,1,76,,20148,16,,,1,37,,20147,16,,,1,77,,20145,16,,,1,36,,20144,16,,,1,76,,20146,16,,,1,76,,20149,16,,,1,409,,20140,16,,,1,38,,20141,16,,,1,79,,20150,16,,,1,77,,20151,16,,,1,34,,20152,16,,,1,78,,20153,16,,,1,36,,20154,16,,,1,75,,20155,16,,,1,75,,20156,16,,,1,35,,20143,16,,,1
2902,'Holiday1',715,,20934,40,,,1,35,,20935,40,,,1,78,,20938,40,,,1,76,,20939,40,,,1,35,,20940,40,,,1,75,,20936,40,,,1,36,,20937,40,,,1,75,,20941,40,,,1,75,,20943,40,,,1,35,,20944,40,,,1,75,,20945,40,,,1,35,,20942,40,,,1,76,,20946,40,,,1,35,,20948,40,,,1,75,,20949,40,,,1,76,,20950,40,,,1,35,,20947,40,,,1,75,,20951,40,,,1,35,,20952,40,,,1,75,,20954,40,,,1,75,,20953,40,,,1,33,,20955,40,,,1,75,,20957,40,,,1,32,,20956,40,,,1,75,,20958,40,,,1,34,,20962,40,,,1,90,,20960,40,,,1,90,,20961,40,,,1,90,,20959,40,,,1
2902,'Saturday',647,,20969,40,,,1,65,,20977,40,,,1,26,,20979,40,,,1,65,,20980,40,,,1,25,,20978,40,,,1,26,,20981,40,,,1,66,,20982,40,,,1,25,,20983,40,,,1,66,,20984,40,,,1,31,,20985,40,,,1,65,,20988,40,,,1,26,,20986,40,,,1,25,,20987,40,,,1,65,,20989,40,,,1,25,,20990,40,,,1,65,,20991,40,,,1,25,,20992,40,,,1,65,,20993,40,,,1,25,,20994,40,,,1,25,,20995,40,,,1,65,,20996,40,,,1,25,,20998,40,,,1,67,,20999,40,,,1,25,,21000,40,,,1,65,,20997,40,,,1,25,,20976,40,,,1,25,,20973,40,,,1,64,,20975,40,,,1,23,,20974,40,,,1,67,,20972,40,,,1,28,,20971,40,,,1,82,,20964,40,,,1,35,,20965,40,,,1,72,,20963,40,,,1,29,,20967,40,,,1,79,,20968,40,,,1,90,,20966,40,,,1,90,,20970,40,,,1
2902,'Sunday',715,,21001,40,,,1,35,,21002,40,,,1,78,,21005,40,,,1,76,,21006,40,,,1,35,,21007,40,,,1,75,,21003,40,,,1,36,,21004,40,,,1,75,,21008,40,,,1,75,,21010,40,,,1,35,,21011,40,,,1,75,,21012,40,,,1,35,,21009,40,,,1,76,,21013,40,,,1,35,,21015,40,,,1,75,,21016,40,,,1,76,,21017,40,,,1,35,,21014,40,,,1,75,,21018,40,,,1,35,,21019,40,,,1,75,,21021,40,,,1,75,,21020,40,,,1,33,,21022,40,,,1,75,,21024,40,,,1,32,,21023,40,,,1,75,,21025,40,,,1,34,,21029,40,,,1,90,,21027,40,,,1,90,,21028,40,,,1,90,,21026,40,,,1
2902,'Weekday',616,,21031,40,,,1,32,,21030,49,0,5,1,56,,21066,49,0,5,1,16,,21063,49,0,5,1,17,,21062,49,0,5,1,16,,21059,49,0,5,1,56,,21058,49,0,5,1,16,,21061,49,0,5,1,16,,21060,49,0,5,1,16,,21065,49,0,5,1,55,,21064,49,0,5,1,14,,21068,49,0,5,1,14,,21067,49,0,5,1,18,,21070,49,0,5,1,56,,21069,49,0,5,1,24,,21032,40,,,1,65,,21033,40,,,1,25,,21034,40,,,1,25,,21035,40,,,1,67,,21036,40,,,1,22,,21037,40,,,1,65,,21038,40,,,1,25,,21039,40,,,1,25,,21040,40,,,1,69,,21041,40,,,1,80,,21042,40,,,1,17,,21044,49,0,5,1,6,,21056,27,,,1,8,,21045,49,0,5,1,19,,21071,49,0,5,1,58,,21072,49,0,5,1,18,,21073,49,0,5,1,14,,21057,49,0,5,1,4,,21074,49,0,5,1,58,,21075,49,0,5,1,18,,21076,49,0,5,1,18,,21077,49,0,5,1,58,,21078,49,0,5,1,16,,21079,49,0,5,1,18,,21080,49,0,5,1,16,,21081,49,0,5,1,58,,21082,49,0,5,1,16,,21083,49,0,5,1,17,,21084,49,0,5,1,58,,21085,49,0,5,1,15,,21086,49,0,5,1,17,,21087,49,0,5,1,15,,21043,49,0,5,1,65,,21048,40,,,1,33,,21049,40,,,1,72,,21050,40,,,1,32,,21051,40,,,1,68,,21052,40,,,1,29,,21053,40,,,1,70,,21054,40,,,1,30,,21055,40,,,1,70,,21046,40,,,1,30,,21047,40,,,1
21501,'Weekday',1504,,24482,39,,,1
