1102,'Holiday1',710,2,17391,,,1,40,2,17389,,,1,80,2,17392,,,1,80,2,17394,,,1,42,2,17396,,,1,80,2,17398,,,1,80,2,17400,,,1,40,2,17401,,,1,81,2,17404,,,1,81,2,17406,,,1,40,2,17408,,,1,81,2,17409,,,1,80,2,17412,,,1,41,2,17416,,,1,82,2,17415,,,1,82,2,17414,,,1,82,2,17419,,,1,42,2,17422,,,1,94,2,17426,,,1,81,2,17427,,,1,90,2,17428,,,1,43,2,17429,,,1,86,2,17430,,,1,86,2,17435,,,1,86,2,17437,,,1
1102,'Saturday',550,2,17438,,,1,81,2,17442,,,1,81,2,17443,,,1,42,2,17444,,,1,83,2,17445,,,1,80,2,17449,,,1,41,2,17451,,,1,82,2,17447,,,1,84,2,17452,,,1,82,2,17453,,,1,42,2,17454,,,1,82,2,17455,,,1,82,2,17456,,,1,43,2,17457,,,1,86,2,17474,,,1,84,2,17472,,,1,83,2,17475,,,1,44,2,17476,,,1,84,2,17473,,,1,84,2,17477,,,1,85,2,17478,,,1,43,2,17479,,,1,91,2,17480,,,1,87,2,17488,,,1,90,2,17489,,,1,98,2,17490,,,1,94,2,17491,,,1
1102,'Sunday',710,2,17495,,,1,40,2,17493,,,1,80,2,17496,,,1,80,2,17498,,,1,42,2,17500,,,1,80,2,17502,,,1,80,2,17504,,,1,40,2,17505,,,1,81,2,17508,,,1,81,2,17510,,,1,40,2,17512,,,1,81,2,17513,,,1,80,2,17516,,,1,41,2,17520,,,1,82,2,17519,,,1,82,2,17518,,,1,82,2,17523,,,1,42,2,17526,,,1,94,2,17530,,,1,81,2,17531,,,1,90,2,17532,,,1,43,2,17533,,,1,86,2,17534,,,1,86,2,17539,,,1,86,2,17541,,,1
1102,'Weekday',330,,17610,0,9 12,1,175,,17609,0,9 12,1,35,,17611,,,1,16,2,17614,,,1,45,,17624,0,9 12,1,14,2,17612,,,1,16,2,17613,,,1,10,,17625,0,9 12,1,9,2,17618,,,1,68,2,17619,,,1,21,2,17622,,,1,64,2,17617,,,1,25,2,17621,,,1,28,2,17606,,,1,68,2,17594,,,1,28,2,17595,,,1,74,2,17584,,,1,77,2,17583,,,1,31,2,17585,,,1,24,,17571,0,9 12,1,50,2,17574,,,1,25,2,17602,,,1,69,2,17607,,,1,14,,17575,0,9 12,1,18,2,17573,,,1,76,2,17582,,,1,30,2,17572,,,1,14,,17567,0,9 12,1,54,2,17581,,,1,30,2,17563,,,1,66,2,17601,,,1,28,2,17564,,,1,68,42,17579,,,1,28,2,17552,,,1,72,42,17600,,,1,28,2,17590,,,1,24,2,17551,,,1,68,2,17545,,,1,24,2,17549,,,1,65,2,17568,,,1,28,2,17555,,,1,14,2,17554,,,1,74,2,17578,,,1,26,2,17544,,,1,88,2,17550,,,1,86,2,17560,,,1,31,2,17543,,,1,81,2,17570,,,1,89,2,17559,,,1
5101,'Holiday1',906,,22916,4,,1,100,,22918,4,,1,101,,22917,4,,1,100,,22915,4,,1,103,,22914,4,,1,100,,22913,4,,1,100,,22912,4,,1,100,,22911,4,,1,101,,22910,4,,1,100,,22908,4,,1,99,,22909,4,,1,100,,22907,4,,1,100,,22906,4,,1,100,,22905,4,,1
5101,'Saturday',705,,22920,4,,1,102,,22921,4,,1,100,,22922,4,,1,99,,22926,4,,1,102,,22924,4,,1,100,,22923,4,,1,101,,22925,4,,1,100,,22928,4,,1,100,,22927,4,,1,100,,22930,4,,1,101,,22929,4,,1,100,,22931,4,,1,100,,22919,4,,1,100,,22934,4,,1,100,,22932,4,,1,100,,22933,4,,1
5101,'Sunday',906,,22946,4,,1,100,,22948,4,,1,101,,22947,4,,1,100,,22945,4,,1,103,,22944,4,,1,100,,22943,4,,1,100,,22942,4,,1,100,,22941,4,,1,101,,22940,4,,1,100,,22938,4,,1,99,,22939,4,,1,100,,22937,4,,1,100,,22936,4,,1,100,,22935,4,,1
5101,'Weekday',513,,22949,4,,1,33,,22962,4,,1,71,,22950,4,,1,37,,22960,4,,1,64,,22951,4,,1,32,,22959,4,,1,70,,22953,4,,1,34,,22961,4,,1,66,,22957,4,,1,31,,22972,4,,1,69,,22974,4,,1,30,,22975,4,,1,70,,22976,4,,1,30,,22973,4,,1,70,,22977,4,,1,26,,22978,4,,1,72,,22979,4,,1,27,,22980,4,,1,73,,22981,4,,1,32,,22982,4,,1,70,,22954,4,,1,30,,22964,4,,1,74,,22955,4,,1,27,,22965,4,,1,72,,22952,4,,1,29,,22966,4,,1,74,,22958,4,,1,28,,22963,4,,1,98,,22956,4,,1,99,,22968,4,,1,99,,22969,4,,1,100,,22970,4,,1,107,,22971,4,,1,92,,22967,4,,1
5102,'Holiday1',813,,22996,,,1,102,,22995,,,1,100,,22993,,,1,100,,22994,,,1,100,,22991,,,1,100,,22990,,,1,100,,22992,,,1,100,,22989,,,1,100,,22986,,,1,100,,22988,,,1,100,,22987,,,1,100,,22985,,,1,100,,22984,,,1,100,,22983,,,1
5102,'Saturday',615,,22997,,,1,100,,22998,,,1,100,,22999,,,1,100,,23000,,,1,100,,23001,,,1,100,,23002,,,1,100,,23003,,,1,100,,23005,,,1,100,,23004,,,1,100,,23007,,,1,100,,23009,,,1,100,,23006,,,1,100,,23008,,,1,100,,23011,,,1,100,,23010,,,1,100,,23012,,,1
5102,'Sunday',813,,23026,,,1,102,,23025,,,1,100,,23023,,,1,100,,23024,,,1,100,,23021,,,1,100,,23020,,,1,100,,23022,,,1,100,,23019,,,1,100,,23018,,,1,100,,23017,,,1,100,,23016,,,1,100,,23015,,,1,100,,23014,,,1,100,,23013,,,1
5102,'Weekday',430,,23027,,,1,70,,23038,,,1,30,,23029,,,1,73,,23039,,,1,24,,23030,,,1,73,,23040,,,1,27,,23031,,,1,75,,23037,,,1,25,,23028,,,1,73,,23036,,,1,30,,23057,,,1,70,,23058,,,1,30,,23059,,,1,70,,23060,,,1,30,,23061,,,1,26,,23051,,,1,72,,23052,,,1,26,,23056,,,1,69,,23055,,,1,33,,23054,,,1,70,,23053,,,1,29,,23041,,,1,73,,23033,,,1,27,,23043,,,1,71,,23034,,,1,29,,23044,,,1,73,,23035,,,1,29,,23042,,,1,70,,23032,,,1,73,,23045,,,1,100,,23046,,,1,100,,23047,,,1,100,,23048,,,1,108,,23049,,,1,92,,23050,,,1
51102,'Holiday1',525,3,26789,,,1,75,43,26788,,,1,27,3,26784,,,1,15,3,26790,,,1,65,3,26791,,,1,30,3,26792,,,1,21,3,26744,0,8,1,62,3,26766,,,1,22,3,26745,0,8,1,61,3,26767,,,1,19,3,26746,0,8,1,19,3,26768,,,1,61,43,26748,0,8,1,20,3,26770,,,1,20,3,26749,0,8,1,62,3,26771,,,1,21,3,26750,0,8,1,21,3,26772,,,1,60,3,26747,0,8,1,20,3,26769,,,1,21,3,26751,0,8,1,58,3,26773,,,1,22,3,26752,0,8,1,20,3,26774,,,1,59,3,26753,0,8,1,21,3,26775,,,1,20,3,26754,0,8,1,60,3,26777,,,1,20,3,26755,0,8,1,20,3,26778,,,1,60,3,26757,0,8,1,20,3,26785,,,1,20,3,26758,0,8,1,60,3,26779,,,1,20,3,26759,0,8,1,19,3,26786,,,1,61,3,26756,0,8,1,18,3,26787,,,1,22,3,26760,0,8,1,58,3,26776,,,1,21,3,26761,0,8,1,19,3,26780,,,1,60,3,26762,0,8,1,22,3,26781,,,1,16,3,26763,0,8,1,16,3,26782,,,1,59,3,26764,0,8,1,23,3,26783,,,1,60,43,26765,0,8,1
51102,'Saturday',519,,26793,,,1,30,,26797,,,1,71,,26795,,,1,20,2,26796,,,1,10,,26811,,,1,8,2,26794,0,8,1,46,,26822,,,1,11,2,26803,0,8,1,13,2,26799,,,1,17,2,26798,0,8,1,13,2,26810,0,8,1,57,4,26804,,,1,13,2,26805,0,8,1,15,2,26801,0,8,1,57,44,26802,,,1,13,2,26806,0,8,1,18,2,26808,0,8,1,14,2,26800,,,1,11,2,26807,0,8,1,54,2,26825,0,8,1,10,2,26815,0,8,1,12,2,26809,,,1,13,2,26816,0,8,1,13,2,26813,0,8,1,50,2,26832,0,8,1,9,2,26812,,,1,10,2,26842,0,8,1,10,2,26818,0,8,1,11,2,26826,0,8,1,52,42,26821,0,8,1,11,2,26817,,,1,14,2,26820,0,8,1,13,2,26819,0,8,1,12,2,26834,0,8,1,51,42,26814,,,1,14,2,26838,0,8,1,13,2,26830,0,8,1,12,2,26827,0,8,1,11,2,26824,,,1,54,2,26828,0,8,1,13,2,26829,0,8,1,12,2,26833,0,8,1,11,2,26823,,,1,14,2,26839,0,8,1,53,2,26836,0,8,1,12,2,26835,0,8,1,11,2,26831,,,1,14,2,26841,0,8,1,13,2,26843,0,8,1,52,2,26840,0,8,1,11,2,26837,,,1,14,2,26852,0,8,1,13,2,26847,0,8,1,52,42,26846,0,8,1,11,2,26844,,,1,8,,26850,,,1,6,2,26845,0,8,1,4,,26857,,,1,9,2,26853,0,8,1,8,,26862,,,1,4,2,26848,0,8,1,51,42,26851,,,1,14,2,26849,0,8,1,13,2,26854,0,8,1,12,2,26856,0,8,1,14,2,26855,,,1,3,,26863,,,1,48,2,26861,0,8,1,13,2,26860,0,8,1,12,2,26859,0,8,1,12,2,26858,,,1,13,2,26864,0,8,1,57,2,26865,0,8,1,11,2,26867,,,1,11,2,26866,0,8,1,12,2,26869,0,8,1,58,2,26870,0,8,1,18,2,26871,0,8,1,18,2,26868,0,8,1,18,2,26872,0,8,1,58,2,26873,0,8,1,18,2,26877,0,8,1,18,2,26878,0,8,1,58,2,26874,0,8,1,18,2,26875,0,8,1,18,2,26876,0,8,1
51102,'Sunday',525,3,26924,,,1,75,43,26923,,,1,27,3,26919,,,1,15,3,26925,,,1,65,3,26926,,,1,30,3,26927,,,1,21,3,26879,0,8,1,62,3,26901,,,1,22,3,26880,0,8,1,61,3,26902,,,1,19,3,26881,0,8,1,19,3,26903,,,1,61,43,26882,0,8,1,20,3,26905,,,1,20,3,26883,0,8,1,62,3,26906,,,1,21,3,26884,0,8,1,21,3,26907,,,1,60,3,26885,0,8,1,20,3,26904,,,1,21,3,26886,0,8,1,58,3,26908,,,1,22,3,26887,0,8,1,20,3,26909,,,1,59,3,26888,0,8,1,21,3,26910,,,1,20,3,26889,0,8,1,60,3,26912,,,1,20,3,26890,0,8,1,20,3,26913,,,1,60,3,26892,0,8,1,20,3,26920,,,1,20,3,26893,0,8,1,60,3,26914,,,1,20,3,26894,0,8,1,19,3,26921,,,1,61,3,26891,0,8,1,18,3,26922,,,1,22,3,26895,0,8,1,58,3,26911,,,1,21,3,26896,0,8,1,19,3,26915,,,1,60,3,26897,0,8,1,22,3,26916,,,1,16,3,26898,0,8,1,16,3,26917,,,1,59,3,26899,0,8,1,23,3,26918,,,1,60,43,26900,0,8,1
51102,'Weekday',548,,26945,,,1,55,2,26930,,,1,15,2,26935,,,1,15,2,26928,,,1,15,2,26929,,,1,55,2,26932,,,1,9,2,26934,0,8,1,6,2,26933,,,1,7,2,26952,0,8,1,6,2,26940,,,1,9,2,26931,0,8,1,8,2,26951,,,1,7,2,26936,0,8,1,48,2,26950,,,1,7,2,26937,0,8,1,8,2,26946,,,1,7,2,26953,0,8,1,8,2,26958,,,1,7,2,26942,0,8,1,8,2,26957,,,1,7,2,26939,0,8,1,48,2,26938,,,1,7,2,26943,0,8,1,8,2,26954,,,1,7,2,26947,0,8,1,7,2,26949,,,1,6,2,26948,0,8,1,8,2,26941,,,1,8,2,26944,0,8,1,54,2,27027,,,1,10,2,27036,0,8,1,14,2,27028,,,1,10,2,27037,0,8,1,14,2,27029,,,1,50,2,27038,0,8,1,14,2,27030,,,1,10,2,27039,0,8,1,14,2,27031,,,1,10,2,27040,0,8,1,54,2,27032,,,1,10,2,27041,0,8,1,14,2,27033,,,1,10,2,27042,0,8,1,14,2,27034,,,1,50,2,27035,0,8,1,13,2,26956,,,1,12,2,26959,0,8,1,8,2,26968,,,1,7,2,26960,0,8,1,8,2,26962,,,1,47,42,26974,0,8,1,8,2,26963,,,1,7,2,26961,0,8,1,8,2,26987,,,1,7,2,26964,0,8,1,8,2,26966,,,1,7,2,26967,0,8,1,8,2,27000,,,1,47,42,26965,0,8,1,8,2,26973,,,1,7,2,26972,0,8,1,8,2,26998,,,1,7,2,26971,0,8,1,8,2,26985,,,1,7,2,26969,0,8,1,8,2,26970,,,1,47,42,26975,0,8,1,8,2,26984,,,1,7,2,26983,0,8,1,8,2,26982,,,1,7,2,26979,0,8,1,8,2,26981,,,1,7,2,26977,0,8,1,8,2,26976,,,1,47,42,26986,0,8,1,8,2,26980,,,1,7,2,26978,0,8,1,8,2,26988,,,1,7,2,26989,0,8,1,8,2,27005,,,1,7,2,26997,0,8,1,8,2,26996,,,1,47,42,26992,0,8,1,8,2,26999,,,1,7,2,26991,0,8,1,8,2,27002,,,1,7,2,26995,0,8,1,8,2,26994,,,1,7,2,27001,0,8,1,8,2,26993,,,1,47,42,26990,0,8,1,8,2,27009,,,1,7,2,27007,0,8,1,8,2,27011,,,1,7,2,27010,0,8,1,6,2,27003,,,1,9,2,27006,0,8,1,8,2,27012,,,1,47,42,27008,0,8,1,9,2,27004,,,1,10,2,27013,0,8,1,15,2,27014,,,1,22,2,27015,,,1,59,2,27016,,,1,22,2,27017,,,1,20,2,27019,,,1,60,2,27020,,,1,20,2,27023,,,1,20,2,27022,,,1,60,2,27021,,,1,20,2,27018,,,1,20,2,27024,,,1,60,2,27025,,,1,20,2,27026,,,1,20,2,26955,,,1
