3504,'Holiday1',906,,8628,17,,,1,45,,8623,17,,,1,85,,8629,17,,,1,85,,8622,17,,,1,85,,8621,17,,,1,45,,8627,17,,,1,85,,8624,17,,,1,85,,8625,17,,,1,85,,8630,17,,,1,45,,8626,17,,,1,85,,8632,17,,,1,85,,8631,17,,,1,85,,8633,17,,,1,45,,8635,17,,,1,85,,8634,17,,,1,85,,8636,17,,,1
3504,'Saturday',922,,8639,17,,,1,85,,8637,17,,,1,45,,8638,17,,,1,85,,8640,17,,,1,85,,8642,17,,,1,85,,8641,17,,,1,45,,8643,17,,,1,86,,8644,17,,,1,85,,8645,17,,,1,85,,8646,17,,,1,45,,8648,17,,,1,85,,8647,17,,,1,84,,8651,17,,,1,85,,8649,17,,,1,45,,8650,17,,,1,85,,8652,17,,,1
3504,'Sunday',906,,8660,17,,,1,45,,8655,17,,,1,85,,8661,17,,,1,85,,8654,17,,,1,85,,8653,17,,,1,45,,8659,17,,,1,85,,8656,17,,,1,85,,8657,17,,,1,85,,8662,17,,,1,45,,8658,17,,,1,85,,8664,17,,,1,85,,8663,17,,,1,85,,8665,17,,,1,45,,8667,17,,,1,85,,8666,17,,,1,85,,8668,17,,,1
3504,'Weekday',532,,8669,17,,,1,77,,8670,17,,,1,36,,8671,17,,,1,76,,8673,17,,,1,35,,8674,17,,,1,75,,8672,17,,,1,75,,8676,17,,,1,35,,8677,17,,,1,75,,8675,17,,,1,35,,8678,17,,,1,76,,8679,17,,,1,75,,8680,17,,,1,39,,8681,17,,,1,71,,8682,17,,,1,35,,8683,17,,,1,75,,8684,17,,,1,35,,8685,17,,,1,81,,8686,17,,,1,75,,8687,17,,,1,36,,8688,17,,,1,75,,8689,17,,,1,35,,8690,17,,,1,75,,8691,17,,,1,75,,8692,17,,,1,36,,8693,17,,,1,73,,8694,17,,,1,34,,8696,17,,,1,75,,8697,17,,,1,75,,8698,17,,,1,35,,8695,17,,,1,75,,8699,17,,,1,34,,8700,17,,,1
3604,'Weekday',650,,8711,7,,,1,150,,8712,7,,,1,112,,8713,7,,,1,108,,8714,7,,,1,109,,8715,7,,,1,110,,8716,7,,,1,110,,8717,7,,,1,152,,8718,7,,,1,112,,8719,7,,,1,111,,8720,7,,,1
5004,'Holiday1',658,,9034,3,,,1,70,,9033,3,,,1,29,,9027,3,,,1,70,,9025,3,,,1,31,,9032,3,,,1,70,,9008,3,,,1,30,,9009,3,,,1,70,,9005,3,,,1,30,,9029,3,,,1,76,,9010,3,,,1,19,,9006,3,,,1,74,,9007,3,,,1,77,,9028,3,,,1,23,,9011,3,,,1,31,,9012,3,,,1,74,,9013,3,,,1,26,,9030,3,,,1,70,,9014,3,,,1,75,,9015,3,,,1,25,,9016,3,,,1,30,,9031,3,,,1,70,,9017,3,,,1,30,,9018,3,,,1,69,,9019,3,,,1,87,,9020,3,,,1,38,,9021,3,,,1,81,,9023,3,,,1,81,,9024,3,,,1,38,,9022,3,,,1,80,,9026,3,,,1
5004,'Saturday',448,,9090,3,,,1,80,,9086,3,,,1,80,,9082,3,,,1,40,,9076,3,,,1,80,,9058,3,,,1,80,,9057,3,,,1,40,,9059,3,,,1,85,,9060,3,,,1,68,,9089,3,,,1,27,,9061,3,,,1,30,,9062,3,,,1,70,,9064,3,,,1,30,,9065,3,,,1,70,,9066,3,,,1,29,,9063,3,,,1,70,,9087,3,,,1,27,,9067,3,,,1,74,,9068,3,,,1,30,,9069,3,,,1,70,,9071,3,,,1,30,,9088,3,,,1,70,,9072,3,,,1,75,,9073,3,,,1,25,,9070,3,,,1,28,,9075,3,,,1,74,,9081,3,,,1,28,,9080,3,,,1,68,,9077,3,,,1,89,,9079,3,,,1,33,,9074,3,,,1,80,,9078,3,,,1,82,,9083,3,,,1,35,,9084,3,,,1,82,,9085,3,,,1
5004,'Sunday',658,,9143,3,,,1,70,,9142,3,,,1,29,,9136,3,,,1,70,,9134,3,,,1,31,,9141,3,,,1,70,,9117,3,,,1,30,,9118,3,,,1,70,,9116,3,,,1,30,,9138,3,,,1,76,,9119,3,,,1,19,,9114,3,,,1,74,,9115,3,,,1,77,,9137,3,,,1,23,,9120,3,,,1,31,,9121,3,,,1,74,,9122,3,,,1,26,,9139,3,,,1,70,,9123,3,,,1,75,,9124,3,,,1,25,,9125,3,,,1,30,,9140,3,,,1,70,,9126,3,,,1,30,,9127,3,,,1,69,,9128,3,,,1,87,,9129,3,,,1,38,,9130,3,,,1,81,,9132,3,,,1,81,,9133,3,,,1,38,,9131,3,,,1,80,,9135,3,,,1
5004,'Weekday',448,,9167,3,,,1,55,,9205,3,,,1,15,,9206,3,,,1,15,,9207,3,,,1,15,,9208,3,,,1,56,,9209,3,,,1,15,,9210,3,,,1,15,,9211,3,,,1,15,,9212,3,,,1,55,,9213,3,,,1,15,,9214,3,,,1,15,,9215,3,,,1,15,,9216,3,,,1,56,,9217,3,,,1,15,,9218,3,,,1,15,,9219,3,,,1,14,,9220,3,,,1,55,,9221,3,,,1,15,,9222,3,,,1,16,,9223,3,,,1,14,,9224,3,,,1,55,,9225,3,,,1,14,,9226,3,,,1,15,,9227,3,,,1,15,,9228,3,,,1,56,,9229,3,,,1,20,,9230,3,,,1,20,,9231,3,,,1,59,,9232,3,,,1,20,,9233,3,,,1,20,,9234,3,,,1,60,,9235,3,,,1,20,,9236,3,,,1,20,,9237,3,,,1,61,,9238,3,,,1,15,,9239,3,,,1,15,,9240,3,,,1,15,,9241,3,,,1,55,,9242,3,,,1,15,,9243,3,,,1,15,,9244,3,,,1,15,,9245,3,,,1,55,,9246,3,,,1,15,,9247,3,,,1,15,,9248,3,,,1,15,,9249,3,,,1,55,,9250,3,,,1,15,,9251,3,,,1,15,,9252,3,,,1,15,,9253,3,,,1,54,,9254,3,,,1,15,,9255,3,,,1,15,,9256,3,,,1,15,,9257,3,,,1,56,,9258,3,,,1,15,,9259,3,,,1,15,,9260,3,,,1,15,,9261,3,,,1,54,,9262,3,,,1,30,,9263,3,,,1,70,,9264,3,,,1,30,,9265,3,,,1,70,,9266,3,,,1,30,,9267,3,,,1,70,,9268,3,,,1,30,,9269,3,,,1,70,,9270,3,,,1,30,,9188,3,,,1
21401,'Weekday',1504,,11246,5,,,1
