500,'Holiday1',646,,1949,27,,,1,70,,1944,27,,,1,30,,1936,27,,,1,70,,1934,27,,,1,37,,1947,27,,,1,72,,1941,27,,,1,29,,1937,27,,,1,64,,1932,27,,,1,23,,1946,27,,,1,70,,1942,27,,,1,31,,1935,27,,,1,70,,1931,27,,,1,33,,1933,27,,,1,70,,1945,27,,,1,32,,1938,27,,,1,76,,1940,27,,,1,32,,1939,27,,,1,70,,1943,27,,,1,30,,1948,27,,,1,70,,1950,27,,,1,30,,1951,27,,,1,70,,1952,27,,,1,30,,1953,27,,,1,70,,1954,27,,,1,30,,1955,27,,,1,70,,1956,27,,,1,29,,1957,27,,,1,70,,1959,27,,,1,30,,1958,27,,,1,69,,1960,27,,,1,28,,1961,27,,,1,69,,1962,27,,,1,26,,1964,27,,,1,64,,1965,27,,,1,29,,1963,27,,,1
500,'Saturday',513,,1966,27,,,1,27,,1987,27,,,1,67,,2006,27,,,1,27,,1967,27,,,1,72,,1968,27,,,1,31,,1969,27,,,1,70,,1970,27,,,1,29,,1971,27,,,1,72,,1972,27,,,1,32,,1973,27,,,1,72,,1974,27,,,1,34,,1975,27,,,1,74,,1990,27,,,1,30,,1991,27,,,1,76,,1994,27,,,1,30,,1992,27,,,1,64,,1989,27,,,1,30,,1993,27,,,1,70,,1995,27,,,1,30,,1996,27,,,1,71,,1997,27,,,1,30,,1998,27,,,1,70,,2000,27,,,1,30,,2001,27,,,1,70,,2002,27,,,1,30,,1999,27,,,1,70,,2003,27,,,1,29,,2004,27,,,1,67,,2005,27,,,1,30,,1976,27,,,1,66,,1977,27,,,1,29,,1978,27,,,1,65,,1979,27,,,1,27,,1980,27,,,1,72,,1981,27,,,1,28,,1982,27,,,1,68,,1983,27,,,1,23,,1984,27,,,1,29,,1985,27,,,1,70,,1988,27,,,1,30,,1986,27,,,1
500,'Sunday',646,,2025,27,,,1,70,,2020,27,,,1,30,,2012,27,,,1,70,,2010,27,,,1,37,,2023,27,,,1,72,,2017,27,,,1,29,,2013,27,,,1,64,,2008,27,,,1,23,,2022,27,,,1,70,,2018,27,,,1,31,,2011,27,,,1,70,,2007,27,,,1,33,,2009,27,,,1,70,,2021,27,,,1,32,,2014,27,,,1,76,,2016,27,,,1,32,,2015,27,,,1,70,,2019,27,,,1,30,,2024,27,,,1,70,,2026,27,,,1,30,,2027,27,,,1,70,,2028,27,,,1,30,,2029,27,,,1,70,,2030,27,,,1,30,,2031,27,,,1,70,,2032,27,,,1,29,,2033,27,,,1,70,,2035,27,,,1,30,,2034,27,,,1,69,,2036,27,,,1,28,,2037,27,,,1,69,,2038,27,,,1,26,,2040,27,,,1,64,,2041,27,,,1,29,,2039,27,,,1
500,'Weekday',441,,2047,27,,,1,60,,2049,27,,,1,21,,2048,27,,,1,21,,2046,27,,,1,60,,2045,27,,,1,20,,2044,27,,,1,21,,2043,27,,,1,14,,2042,27,,,1,55,,2051,27,,,1,7,,2113,27,,,1,7,,2050,27,,,1,15,,2052,27,,,1,13,,2054,27,0,5,1,54,,2053,27,,,1,14,,2058,27,0,5,1,15,,2055,27,,,1,14,,2059,27,0,5,1,54,,2056,27,,,1,13,,2060,27,0,5,1,14,,2057,27,,,1,20,,2077,27,0,5,1,60,,2083,27,,,1,18,,2073,27,0,5,1,20,,2084,27,,,1,61,,2074,27,0,5,1,20,,2085,27,,,1,20,,2080,27,0,5,1,60,,2087,27,,,1,21,,2081,27,0,5,1,19,,2088,27,,,1,61,,2082,27,0,5,1,19,,2089,27,,,1,21,,2078,27,0,5,1,59,,2086,27,,,1,22,,2079,27,0,5,1,11,,2090,27,,,1,55,,2066,27,0,5,1,13,,2091,27,,,1,13,,2075,27,0,5,1,14,,2092,27,,,1,14,,2065,27,0,5,1,52,,2093,27,,,1,13,,2072,27,0,5,1,13,,2094,27,,,1,13,,2064,27,0,5,1,14,,2095,27,,,1,52,,2071,27,0,5,1,14,,2096,27,,,1,12,,2063,27,0,5,1,14,,2097,27,,,1,53,,2070,27,0,5,1,13,,2098,27,,,1,13,,2062,27,0,5,1,13,,2099,27,,,1,10,,2069,27,0,5,1,56,,2067,27,,,1,10,,2061,27,0,5,1,15,,2076,27,,,1,11,,2068,27,0,5,1,72,,2109,27,,,1,24,,2107,27,,,1,70,,2110,27,,,1,17,,2111,27,,,1,18,,2112,27,,,1,58,,2101,27,,,1,7,,2102,27,,,1,35,,2105,27,,,1,65,,2100,27,,,1,31,,2108,27,,,1,67,,2106,27,,,1,39,,2104,27,,,1,67,,2103,27,,,1
3500,'Holiday1',840,,8542,48,4,,1,85,,8541,48,4,,1,86,,8549,48,4,,1,47,,8544,48,4,,1,85,,8546,48,4,,1,85,,8548,48,4,,1,85,,8543,48,4,,1,45,,8550,48,4,,1,85,,8540,48,4,,1,85,,8545,48,4,,1,85,,8547,48,4,,1,45,,8552,48,4,,1,84,,8553,48,4,,1,85,,8555,48,4,,1,85,,8554,48,4,,1,45,,8551,48,4,,1
3500,'Saturday',857,,8558,48,4,,1,87,,8556,48,4,,1,85,,8559,48,4,,1,85,,8557,48,4,,1,86,,8561,48,4,,1,45,,8560,48,4,,1,85,,8563,48,4,,1,85,,8564,48,4,,1,85,,8565,48,4,,1,45,,8562,48,4,,1,85,,8566,48,4,,1,85,,8568,48,4,,1,85,,8569,48,4,,1,44,,8567,48,4,,1,85,,8570,48,4,,1,85,,8571,48,4,,1,45,,8572,48,4,,1
3500,'Sunday',840,,8575,48,4,,1,85,,8574,48,4,,1,86,,8582,48,4,,1,47,,8577,48,4,,1,85,,8579,48,4,,1,85,,8581,48,4,,1,85,,8576,48,4,,1,45,,8583,48,4,,1,85,,8573,48,4,,1,85,,8578,48,4,,1,85,,8580,48,4,,1,45,,8584,48,4,,1,84,,8585,48,4,,1,85,,8588,48,4,,1,85,,8586,48,4,,1,45,,8587,48,4,,1
3500,'Weekday',617,,8589,48,4,,1,38,,8593,48,4,,1,76,,8590,48,4,,1,76,,8612,48,4,,1,35,,8597,48,4,,1,75,,8608,48,4,,1,33,,8615,48,4,,1,75,,8620,48,4,,1,75,,8614,48,4,,1,35,,8592,48,4,,1,80,,8613,48,4,,1,31,,8611,48,4,,1,77,,8616,48,4,,1,33,,8609,48,4,,1,75,,8618,48,4,,1,75,,8619,48,4,,1,35,,8610,48,4,,1,77,,8600,48,4,,1,36,,8599,48,4,,1,75,,8595,48,4,,1,75,,8605,48,4,,1,34,,8601,48,4,,1,73,,8604,48,4,,1,33,,8598,48,4,,1,74,,8594,48,4,,1,34,,8602,48,4,,1,75,,8603,48,4,,1,74,,8606,48,4,,1,33,,8607,48,4,,1,75,,8591,48,4,,1,35,,8596,48,4,,1,75,,8617,48,4,,1
3501,'Holiday1',845,,8628,1,,,1,85,,8623,1,,,1,85,,8629,1,,,1,85,,8622,1,,,1,45,,8621,1,,,1,85,,8627,1,,,1,85,,8624,1,,,1,85,,8625,1,,,1,45,,8630,1,,,1,85,,8626,1,,,1,85,,8632,1,,,1,85,,8631,1,,,1,45,,8633,1,,,1,85,,8635,1,,,1,85,,8634,1,,,1,85,,8636,1,,,1
3501,'Saturday',901,,8639,1,,,1,45,,8637,1,,,1,85,,8638,1,,,1,85,,8640,1,,,1,85,,8642,1,,,1,45,,8641,1,,,1,85,,8643,1,,,1,85,,8644,1,,,1,85,,8645,1,,,1,45,,8646,1,,,1,85,,8648,1,,,1,85,,8647,1,,,1,85,,8651,1,,,1,45,,8649,1,,,1,85,,8650,1,,,1,85,,8652,1,,,1
3501,'Sunday',845,,8660,1,,,1,85,,8655,1,,,1,85,,8661,1,,,1,85,,8654,1,,,1,45,,8653,1,,,1,85,,8659,1,,,1,85,,8656,1,,,1,85,,8657,1,,,1,45,,8662,1,,,1,85,,8658,1,,,1,85,,8664,1,,,1,85,,8663,1,,,1,45,,8665,1,,,1,85,,8667,1,,,1,85,,8666,1,,,1,85,,8668,1,,,1
3501,'Weekday',515,,8669,1,,,1,35,,8670,1,,,1,75,,8671,1,,,1,75,,8673,1,,,1,35,,8674,1,,,1,75,,8672,1,,,1,35,,8676,1,,,1,75,,8677,1,,,1,35,,8675,1,,,1,75,,8678,1,,,1,75,,8679,1,,,1,35,,8680,1,,,1,79,,8681,1,,,1,31,,8682,1,,,1,75,,8683,1,,,1,75,,8684,1,,,1,35,,8685,1,,,1,75,,8686,1,,,1,35,,8687,1,,,1,75,,8688,1,,,1,35,,8689,1,,,1,75,,8690,1,,,1,75,,8691,1,,,1,35,,8692,1,,,1,75,,8693,1,,,1,35,,8694,1,,,1,75,,8696,1,,,1,75,,8697,1,,,1,35,,8698,1,,,1,75,,8695,1,,,1,35,,8699,1,,,1,75,,8700,1,,,1
50500,'Holiday1',1040,,12457,12,,,1,16,,12461,12,,,1,57,,12459,12,,,1,16,,12463,12,,,1,16,,12464,12,,,1,56,,12466,12,,,1,16,,12462,12,,,1,18,,12469,12,,,1,18,,12465,12,,,1,61,,12470,12,,,1,19,,12467,12,,,1,16,,12471,12,,,1,56,,12468,12,,,1,17,,12472,12,,,1,15,,12473,12,,,1,16,,12474,12,,,1,56,,12475,12,,,1,16,,12476,12,,,1,16,,12477,12,,,1,16,,12478,12,,,1,56,,12479,12,,,1,17,,12482,12,,,1,16,,12483,12,,,1,55,,12484,12,,,1,16,,12480,12,,,1,15,,12481,12,,,1,16,,12485,12,,,1,56,,12486,12,,,1,16,,12487,12,,,1,16,,12460,12,,,1,16,,12458,12,,,1
50500,'Saturday',923,,12489,12,,,1,16,,12488,12,,,1,16,,12490,12,,,1,57,,12491,12,,,1,20,,12493,12,,,1,16,,12495,12,,,1,57,,12496,12,,,1,16,,12492,12,,,1,16,,12497,12,,,1,16,,12494,12,,,1,55,,12500,12,,,1,17,,12499,12,,,1,16,,12502,12,,,1,16,,12501,12,,,1,56,,12498,12,,,1,19,,12503,12,,,1,15,,12504,12,,,1,56,,12505,12,,,1,16,,12506,12,,,1,16,,12507,12,,,1,15,,12508,12,,,1,57,,12510,12,,,1,17,,12512,12,,,1,16,,12509,12,,,1,16,,12513,12,,,1,57,,12511,12,,,1,17,,12516,12,,,1,17,,12514,12,,,1,56,,12515,12,,,1,15,,12517,12,,,1,16,,12519,12,,,1,16,,12520,12,,,1,55,,12518,12,,,1,16,,12522,12,,,1,16,,12523,12,,,1,16,,12524,12,,,1,56,,12521,12,,,1
50500,'Sunday',1040,,12525,12,,,1,16,,12529,12,,,1,57,,12527,12,,,1,16,,12531,12,,,1,16,,12532,12,,,1,56,,12534,12,,,1,16,,12530,12,,,1,18,,12536,12,,,1,18,,12533,12,,,1,61,,12537,12,,,1,19,,12535,12,,,1,16,,12538,12,,,1,56,,12539,12,,,1,17,,12540,12,,,1,15,,12541,12,,,1,16,,12542,12,,,1,56,,12543,12,,,1,16,,12544,12,,,1,16,,12545,12,,,1,16,,12546,12,,,1,56,,12547,12,,,1,17,,12550,12,,,1,16,,12551,12,,,1,55,,12552,12,,,1,16,,12548,12,,,1,15,,12549,12,,,1,16,,12553,12,,,1,56,,12554,12,,,1,16,,12555,12,,,1,16,,12528,12,,,1,16,,12526,12,,,1
50500,'Weekday',550,,12558,8,,,1,51,,12559,5,0,5,1,11,,12557,8,,,1,15,,12556,12,,,1,10,,12560,5,0,5,1,8,,12565,12,,,1,58,,12564,12,,,1,18,,12566,12,,,1,9,,12561,5,0,5,1,12,,12567,12,,,1,58,,12569,12,,,1,9,,12562,5,0,5,1,8,,12570,12,,,1,17,,12571,12,,,1,18,,12568,12,,,1,48,,12563,5,0,5,1,10,,12572,12,,,1,17,,12573,12,,,1,10,,12607,5,0,5,1,8,,12574,12,,,1,57,,12575,12,,,1,19,,12577,12,,,1,6,,12608,5,0,5,1,11,,12578,12,,,1,18,,12579,12,,,1,51,,12609,5,0,5,1,12,,12576,12,,,1,19,,12580,12,,,1,15,,12610,5,0,5,1,49,,12581,12,,,1,23,,12582,12,,,1,18,,12611,5,0,5,1,7,,12583,12,,,1,62,,12584,12,,,1,14,,12612,5,0,5,1,11,,12585,12,,,1,64,,12586,12,,,1,16,,12613,5,0,5,1,9,,12587,12,,,1,24,,12588,12,,,1,54,,12614,5,0,5,1,11,,12589,12,,,1,18,,12590,12,,,1,18,,12591,12,,,1,8,,12615,5,0,5,1,50,,12592,12,,,1,18,,12593,12,,,1,18,,12594,12,,,1,9,,12616,5,0,5,1,49,,12595,12,,,1,17,,12596,12,,,1,20,,12597,12,,,1,10,,12617,5,0,5,1,51,,12599,12,,,1,17,,12600,12,,,1,17,,12601,12,,,1,9,,12618,5,0,5,1,12,,12598,12,,,1,58,,12602,12,,,1,17,,12603,12,,,1,5,,12619,5,0,5,1,12,,12604,12,,,1,61,,12605,12,,,1,15,,12620,5,0,5,1,9,,12606,12,,,1
