901,'Holiday1',842,,3329,61,4,,1,105,,3336,61,4,,1,110,,3337,61,4,,1,145,,3338,61,4,,1,105,,3339,61,4,,1,106,,3335,61,4,,1,107,,3331,61,4,,1,105,,3332,61,4,,1,107,,3333,61,4,,1,107,,3330,61,4,,1,106,,3334,61,4,,1
901,'Saturday',756,,3340,61,4,,1,90,,3341,61,4,,1,91,,3342,61,4,,1,90,,3343,61,4,,1,90,,3344,61,4,,1,90,,3345,61,4,,1,50,,3346,61,4,,1,90,,3347,61,4,,1,90,,3348,61,4,,1,92,,3349,61,4,,1,90,,3350,61,4,,1,90,,3351,61,4,,1,50,,3352,61,4,,1,88,,3353,61,4,,1,89,,3354,61,4,,1
901,'Sunday',842,,3355,61,4,,1,105,,3362,61,4,,1,110,,3363,61,4,,1,145,,3364,61,4,,1,105,,3365,61,4,,1,106,,3361,61,4,,1,107,,3357,61,4,,1,105,,3358,61,4,,1,107,,3359,61,4,,1,107,,3356,61,4,,1,106,,3360,61,4,,1
901,'Weekday',556,,3366,61,4,,1,76,,3369,61,4,,1,74,,3370,61,4,,1,34,,3371,61,4,,1,63,,3368,61,4,,1,39,,3372,61,4,,1,75,,3383,61,4,,1,85,,3384,61,4,,1,47,,3385,61,4,,1,82,,3386,61,4,,1,87,,3387,61,4,,1,89,,3388,61,4,,1,46,,3373,61,4,,1,83,,3382,61,4,,1,72,,3379,61,4,,1,35,,3375,61,4,,1,78,,3380,61,4,,1,35,,3377,61,4,,1,75,,3374,61,4,,1,75,,3376,61,4,,1,35,,3381,61,4,,1,72,,3378,61,4,,1,34,,3389,61,4,,1,79,,3391,61,4,,1,81,,3390,61,4,,1,45,,3367,61,4,,1
902,'Holiday1',750,,3392,1,,,1,105,,3394,1,,,1,145,,3395,1,,,1,105,,3396,1,,,1,105,,3397,1,,,1,105,,3399,1,,,1,104,,3400,1,,,1,106,,3401,1,,,1,107,,3398,1,,,1,106,,3402,1,,,1,107,,3393,1,,,1
902,'Saturday',718,,3403,1,,,1,90,,3410,1,,,1,50,,3413,1,,,1,90,,3411,1,,,1,90,,3415,1,,,1,90,,3416,1,,,1,90,,3417,1,,,1,90,,3414,1,,,1,50,,3409,1,,,1,90,,3404,1,,,1,90,,3406,1,,,1,90,,3408,1,,,1,90,,3412,1,,,1,90,,3405,1,,,1,50,,3407,1,,,1
902,'Sunday',750,,3418,1,,,1,105,,3420,1,,,1,145,,3421,1,,,1,105,,3422,1,,,1,105,,3423,1,,,1,105,,3424,1,,,1,104,,3425,1,,,1,106,,3426,1,,,1,107,,3427,1,,,1,106,,3428,1,,,1,107,,3419,1,,,1
902,'Weekday',600,,3429,1,,,1,34,,3438,1,,,1,74,,3439,1,,,1,45,,3437,1,,,1,92,,3435,1,,,1,78,,3441,1,,,1,85,,3446,1,,,1,45,,3443,1,,,1,85,,3436,1,,,1,85,,3432,1,,,1,27,,3447,1,,,1,75,,3448,1,,,1,75,,3449,1,,,1,6,,3444,1,,,1,33,,3450,1,,,1,75,,3451,1,,,1,35,,3442,1,,,1,75,,3440,1,,,1,35,,3445,1,,,1,76,,3433,1,,,1,80,,3434,1,,,1,85,,3452,1,,,1,52,,3453,1,,,1,86,,3431,1,,,1,117,,3430,1,,,1
2902,'Holiday1',649,,7530,6,,,1,75,,7531,6,,,1,35,,7534,6,,,1,75,,7535,6,,,1,75,,7536,6,,,1,35,,7532,6,,,1,75,,7533,6,,,1,35,,7538,6,,,1,75,,7540,6,,,1,75,,7537,6,,,1,35,,7541,6,,,1,75,,7539,6,,,1,35,,7542,6,,,1,75,,7544,6,,,1,35,,7545,6,,,1,75,,7546,6,,,1,75,,7543,6,,,1,35,,7547,6,,,1,75,,7548,6,,,1,35,,7549,6,,,1,75,,7550,6,,,1,75,,7551,6,,,1,35,,7553,6,,,1,74,,7552,6,,,1,35,,7554,6,,,1,74,,7558,6,,,1,90,,7556,6,,,1,90,,7557,6,,,1,50,,7555,6,,,1
2902,'Saturday',620,,7565,6,,,1,25,,7573,6,,,1,65,,7575,6,,,1,25,,7576,6,,,1,65,,7574,6,,,1,25,,7577,6,,,1,25,,7578,6,,,1,65,,7579,6,,,1,25,,7580,6,,,1,72,,7581,6,,,1,25,,7584,6,,,1,65,,7582,6,,,1,25,,7583,6,,,1,25,,7585,6,,,1,65,,7586,6,,,1,25,,7587,6,,,1,65,,7588,6,,,1,25,,7589,6,,,1,25,,7590,6,,,1,65,,7591,6,,,1,25,,7592,6,,,1,65,,7594,6,,,1,25,,7595,6,,,1,65,,7596,6,,,1,25,,7593,6,,,1,25,,7572,6,,,1,65,,7569,6,,,1,25,,7571,6,,,1,63,,7570,6,,,1,27,,7568,6,,,1,69,,7567,6,,,1,43,,7560,6,,,1,75,,7561,6,,,1,32,,7559,6,,,1,69,,7563,6,,,1,39,,7564,6,,,1,90,,7562,6,,,1,90,,7566,6,,,1
2902,'Sunday',649,,7597,6,,,1,75,,7598,6,,,1,35,,7601,6,,,1,75,,7602,6,,,1,75,,7603,6,,,1,35,,7599,6,,,1,75,,7600,6,,,1,35,,7604,6,,,1,75,,7606,6,,,1,75,,7607,6,,,1,35,,7608,6,,,1,75,,7605,6,,,1,35,,7609,6,,,1,75,,7611,6,,,1,35,,7612,6,,,1,75,,7613,6,,,1,75,,7610,6,,,1,35,,7614,6,,,1,75,,7615,6,,,1,35,,7616,6,,,1,75,,7617,6,,,1,75,,7618,6,,,1,35,,7620,6,,,1,74,,7619,6,,,1,35,,7621,6,,,1,74,,7625,6,,,1,90,,7623,6,,,1,90,,7624,6,,,1,50,,7622,6,,,1
2902,'Weekday',548,,7627,6,,,1,67,,7626,15,0,5,1,16,,7662,15,0,5,1,16,,7659,15,0,5,1,56,,7658,15,0,5,1,16,,7655,15,0,5,1,16,,7654,15,0,5,1,16,,7657,15,0,5,1,56,,7656,15,0,5,1,16,,7661,15,0,5,1,16,,7660,15,0,5,1,16,,7664,15,0,5,1,54,,7663,15,0,5,1,18,,7666,15,0,5,1,16,,7665,15,0,5,1,64,,7628,6,,,1,25,,7629,6,,,1,25,,7630,6,,,1,65,,7631,6,,,1,25,,7632,6,,,1,64,,7633,6,,,1,25,,7634,6,,,1,65,,7635,6,,,1,25,,7636,6,,,1,25,,7637,6,,,1,79,,7638,6,,,1,15,,7640,15,0,5,1,55,,7641,15,0,5,1,18,,7667,15,0,5,1,18,,7668,15,0,5,1,18,,7669,15,0,5,1,54,,7653,15,0,5,1,4,,7670,15,0,5,1,18,,7671,15,0,5,1,18,,7672,15,0,5,1,58,,7673,15,0,5,1,18,,7674,15,0,5,1,18,,7675,15,0,5,1,58,,7676,15,0,5,1,17,,7677,15,0,5,1,18,,7678,15,0,5,1,18,,7679,15,0,5,1,57,,7680,15,0,5,1,18,,7681,15,0,5,1,18,,7682,15,0,5,1,57,,7683,15,0,5,1,15,,7639,15,0,5,1,25,,7644,6,,,1,73,,7645,6,,,1,32,,7646,6,,,1,72,,7647,6,,,1,30,,7648,6,,,1,70,,7649,6,,,1,30,,7650,6,,,1,70,,7651,6,,,1,30,,7642,6,,,1,70,,7643,6,,,1
