2902,'251229-MULTI-Saturday-01',654,,10894,0,,1,65,,10902,0,,1,26,,10904,0,,1,67,,10905,0,,1,25,,10903,0,,1,66,,10906,0,,1,26,,10907,0,,1,25,,10908,0,,1,66,,10909,0,,1,31,,10910,0,,1,64,,10913,0,,1,26,,10911,0,,1,65,,10912,0,,1,25,,10914,0,,1,25,,10915,0,,1,65,,10916,0,,1,25,,10917,0,,1,67,,10918,0,,1,25,,10919,0,,1,65,,10920,0,,1,25,,10921,0,,1,25,,10923,0,,1,67,,10924,0,,1,25,,10925,0,,1,65,,10922,0,,1,25,,10901,0,,1,65,,10897,0,,1,24,,10900,0,,1,23,,10899,0,,1,67,,10896,0,,1,28,,10898,0,,1,82,,10889,0,,1,35,,10890,0,,1,72,,10888,0,,1,69,,10892,0,,1,39,,10893,0,,1,90,,10891,0,,1,90,,10895,0,,1
2902,'251229-MULTI-Sunday-01',724,,10926,0,,1,35,,10927,0,,1,78,,10929,0,,1,76,,10930,0,,1,35,,10931,0,,1,75,,10928,0,,1,36,,10932,0,,1,75,,10933,0,,1,75,,10935,0,,1,35,,10936,0,,1,75,,10937,0,,1,35,,10934,0,,1,77,,10938,0,,1,75,,10940,0,,1,35,,10941,0,,1,76,,10942,0,,1,35,,10939,0,,1,75,,10943,0,,1,75,,10944,0,,1,35,,10945,0,,1,75,,10946,0,,1,33,,10947,0,,1,75,,10949,0,,1,32,,10948,0,,1,74,,10950,0,,1,74,,10954,0,,1,50,,10952,0,,1,90,,10953,0,,1,90,,10951,0,,1
2902,'260105-MULTI-Holiday1-01',724,,10955,0,,1,35,,10956,0,,1,78,,10958,0,,1,76,,10959,0,,1,35,,10960,0,,1,75,,10957,0,,1,36,,10961,0,,1,75,,10962,0,,1,75,,10964,0,,1,35,,10965,0,,1,75,,10966,0,,1,35,,10963,0,,1,77,,10967,0,,1,75,,10969,0,,1,35,,10970,0,,1,76,,10971,0,,1,35,,10968,0,,1,75,,10972,0,,1,75,,10973,0,,1,35,,10974,0,,1,75,,10975,0,,1,33,,10976,0,,1,75,,10978,0,,1,32,,10977,0,,1,74,,10979,0,,1,74,,10983,0,,1,50,,10981,0,,1,90,,10982,0,,1,90,,10980,0,,1
2902,'260105-MULTI-Saturday-01',654,,10990,0,,1,65,,10998,0,,1,26,,11000,0,,1,67,,11001,0,,1,25,,10999,0,,1,66,,11002,0,,1,26,,11003,0,,1,25,,11004,0,,1,66,,11005,0,,1,31,,11006,0,,1,64,,11009,0,,1,26,,11007,0,,1,65,,11008,0,,1,25,,11010,0,,1,25,,11011,0,,1,65,,11012,0,,1,25,,11013,0,,1,67,,11014,0,,1,25,,11015,0,,1,65,,11016,0,,1,25,,11017,0,,1,25,,11019,0,,1,67,,11020,0,,1,25,,11021,0,,1,65,,11018,0,,1,25,,10997,0,,1,65,,10993,0,,1,24,,10996,0,,1,23,,10995,0,,1,67,,10992,0,,1,28,,10994,0,,1,82,,10985,0,,1,35,,10986,0,,1,72,,10984,0,,1,69,,10988,0,,1,39,,10989,0,,1,90,,10987,0,,1,90,,10991,0,,1
2902,'260105-MULTI-Sunday-01',724,,11022,0,,1,35,,11023,0,,1,78,,11025,0,,1,76,,11026,0,,1,35,,11027,0,,1,75,,11024,0,,1,36,,11028,0,,1,75,,11029,0,,1,75,,11031,0,,1,35,,11032,0,,1,75,,11033,0,,1,35,,11030,0,,1,77,,11034,0,,1,75,,11036,0,,1,35,,11037,0,,1,76,,11038,0,,1,35,,11035,0,,1,75,,11039,0,,1,75,,11040,0,,1,35,,11041,0,,1,75,,11042,0,,1,33,,11043,0,,1,75,,11045,0,,1,32,,11044,0,,1,74,,11046,0,,1,74,,11050,0,,1,50,,11048,0,,1,90,,11049,0,,1,90,,11047,0,,1
2902,'260105-MULTI-Weekday-01',627,,11052,0,,1,32,,11051,0,5,1,54,,11067,0,5,1,14,,11066,0,5,1,15,,11056,0,5,1,14,,11062,0,5,1,54,,11059,0,5,1,14,,11057,0,5,1,14,,11055,0,5,1,14,,11061,0,5,1,54,,11063,0,5,1,13,,11064,0,5,1,11,,11058,0,5,1,14,,11060,0,5,1,57,,11065,0,5,1,20,,11053,0,5,1,27,,11054,0,,1,65,,11068,0,,1,25,,11069,0,,1,66,,11070,0,,1,28,,11071,0,,1,22,,11072,0,,1,65,,11073,0,,1,25,,11074,0,,1,65,,11075,0,,1,29,,11076,0,,1,78,,11077,0,,1,20,,11079,0,5,1,3,,11112,0,,1,11,,11080,0,5,1,56,,11081,0,5,1,15,,11082,0,5,1,15,,11083,0,5,1,15,,11084,0,5,1,8,,11111,0,5,1,47,,11085,0,5,1,15,,11086,0,5,1,15,,11087,0,5,1,15,,11088,0,5,1,54,,11089,0,5,1,13,,11090,0,5,1,14,,11091,0,5,1,15,,11092,0,5,1,53,,11093,0,5,1,15,,11094,0,5,1,14,,11096,0,5,1,14,,11097,0,5,1,14,,11098,0,5,1,54,,11095,0,5,1,12,,11099,0,5,1,15,,11100,0,5,1,20,,11078,0,5,1,65,,11103,0,,1,33,,11104,0,,1,72,,11105,0,,1,72,,11106,0,,1,28,,11107,0,,1,29,,11108,0,,1,70,,11109,0,,1,30,,11110,0,,1,70,,11101,0,,1,30,,11102,0,,1
6003,'251229-MULTI-Saturday-01',801,,15138,0,,1,30,,15116,0,,1,76,,15130,0,,1,33,,15131,0,,1,75,,15132,0,,1,35,,15133,0,,1,75,,15134,0,,1,75,,15135,0,,1,35,,15136,0,,1,75,,15137,0,,1,35,,15124,0,,1,75,,15118,0,,1,35,,15121,0,,1,75,,15119,0,,1,75,,15117,0,,1,35,,15120,0,,1,75,,15125,0,,1,35,,15122,0,,1,75,,15127,0,,1,75,,15129,0,,1,35,,15126,0,,1,75,,15123,0,,1,35,,15128,0,,1
6003,'251229-MULTI-Sunday-01',846,,15142,0,,1,104,,15140,0,,1,105,,15143,0,,1,145,,15139,0,,1,105,,15144,0,,1,105,,15145,0,,1,106,,15146,0,,1,105,,15147,0,,1,105,,15148,0,,1,104,,15149,0,,1,106,,15150,0,,1,104,,15141,0,,1
6003,'260105-MULTI-Holiday1-01',846,,15154,0,,1,104,,15152,0,,1,105,,15155,0,,1,145,,15151,0,,1,105,,15157,0,,1,105,,15158,0,,1,106,,15159,0,,1,105,,15156,0,,1,105,,15160,0,,1,104,,15161,0,,1,106,,15162,0,,1,104,,15153,0,,1
6003,'260105-MULTI-Saturday-01',801,,15185,0,,1,30,,15163,0,,1,76,,15177,0,,1,33,,15178,0,,1,75,,15179,0,,1,35,,15180,0,,1,75,,15181,0,,1,75,,15182,0,,1,35,,15183,0,,1,75,,15184,0,,1,35,,15168,0,,1,75,,15165,0,,1,35,,15169,0,,1,75,,15166,0,,1,75,,15164,0,,1,35,,15167,0,,1,75,,15172,0,,1,35,,15170,0,,1,75,,15174,0,,1,75,,15176,0,,1,35,,15173,0,,1,75,,15171,0,,1,35,,15175,0,,1
6003,'260105-MULTI-Sunday-01',846,,15189,0,,1,104,,15187,0,,1,105,,15190,0,,1,145,,15186,0,,1,105,,15192,0,,1,105,,15193,0,,1,106,,15194,0,,1,105,,15191,0,,1,105,,15195,0,,1,104,,15196,0,,1,106,,15197,0,,1,104,,15188,0,,1
6003,'260105-MULTI-Weekday-01',522,,15198,0,,1,26,,15199,0,,1,61,,15200,0,,1,27,,15201,0,,1,65,,15202,0,,1,27,,15203,0,,1,31,,15204,0,,1,67,,15205,0,,1,26,,15206,0,,1,66,,15207,0,,1,26,,15208,0,,1,66,,15209,0,,1,26,,15210,0,,1,66,,15212,0,,1,29,,15213,0,,1,69,,15214,0,,1,26,,15211,0,,1,26,,15215,0,,1,66,,15216,0,,1,26,,15217,0,,1,69,,15218,0,,1,27,,15219,0,,1,69,,15220,0,,1,31,,15221,0,,1,64,,15222,0,,1,23,,15224,0,,1,27,,15226,0,,1,64,,15227,0,,1,26,,15223,0,,1,68,,15228,0,,1,27,,15225,0,,1,68,,15229,0,,1,28,,15230,0,,1,85,,15231,0,,1,80,,15232,0,,1,40,,15233,0,,1,80,,15234,0,,1,80,,15235,0,,1,40,,15236,0,,1,80,,15237,0,,1,80,,15238,0,,1
