603,'Holiday1',900,,2299,13,,,1,45,,2298,13,,,1,86,,2301,13,,,1,85,,2302,13,,,1,85,,2303,13,,,1,45,,2304,13,,,1,87,,2305,13,,,1,85,,2300,13,,,1,85,,2306,13,,,1,45,,2307,13,,,1,85,,2308,13,,,1,85,,2309,13,,,1,85,,2310,13,,,1,45,,2311,13,,,1,84,,2312,13,,,1
603,'Saturday',746,,2328,13,,,1,85,,2313,13,,,1,85,,2314,13,,,1,85,,2316,13,,,1,45,,2317,13,,,1,85,,2315,13,,,1,85,,2319,13,,,1,85,,2318,13,,,1,46,,2321,13,,,1,85,,2322,13,,,1,86,,2320,13,,,1,85,,2323,13,,,1,45,,2324,13,,,1,85,,2325,13,,,1,85,,2326,13,,,1,85,,2327,13,,,1
603,'Sunday',900,,2330,13,,,1,45,,2329,13,,,1,86,,2332,13,,,1,85,,2333,13,,,1,85,,2334,13,,,1,45,,2335,13,,,1,87,,2336,13,,,1,85,,2331,13,,,1,85,,2337,13,,,1,45,,2338,13,,,1,85,,2339,13,,,1,85,,2340,13,,,1,85,,2341,13,,,1,45,,2342,13,,,1,84,,2343,13,,,1
603,'Weekday',621,,2344,13,,,1,19,,2346,13,,,1,61,,2350,13,,,1,20,,2351,13,,,1,19,,2347,13,,,1,19,,2352,13,,,1,62,,2349,13,,,1,17,,2354,13,,,1,63,,2348,13,,,1,20,,2353,13,,,1,23,,2345,13,,,1,70,,2368,13,,,1,22,,2366,13,,,1,19,,2359,13,,,1,61,,2362,13,,,1,26,,2364,13,,,1,62,,2360,13,,,1,20,,2356,13,,,1,23,,2363,13,,,1,64,,2355,13,,,1,22,,2361,13,,,1,20,,2357,13,,,1,65,,2367,13,,,1,25,,2358,13,,,1,64,,2365,13,,,1,25,,2370,13,,,1,20,,2371,13,,,1,61,,2369,13,,,1,20,,2372,13,,,1,20,,2373,13,,,1,60,,2374,13,,,1,20,,2375,13,,,1,20,,2376,13,,,1,60,,2377,13,,,1,19,,2378,13,,,1,21,,2379,13,,,1,54,,2380,13,,,1,20,,2381,13,,,1,20,,2385,13,,,1,62,,2382,13,,,1,22,,2383,13,,,1,27,,2384,13,,,1,65,,2386,13,,,1,22,,2387,13,,,1,67,,2388,13,,,1,27,,2389,13,,,1,72,,2390,13,,,1,30,,2391,13,,,1
1102,'Holiday1',720,,3757,37,,,1,80,,3755,37,,,1,40,,3758,37,,,1,80,,3760,37,,,1,82,,3762,37,,,1,40,,3764,37,,,1,80,,3766,37,,,1,80,,3767,37,,,1,41,,3770,37,,,1,81,,3772,37,,,1,80,,3774,37,,,1,41,,3775,37,,,1,80,,3778,37,,,1,81,,3782,37,,,1,42,,3781,37,,,1,82,,3780,37,,,1,82,,3785,37,,,1,42,,3788,37,,,1,94,,3792,37,,,1,81,,3793,37,,,1,90,,3794,37,,,1,83,,3795,37,,,1,46,,3796,37,,,1,86,,3801,37,,,1,86,,3803,37,,,1
1102,'Saturday',601,,3804,37,,,1,41,,3808,37,,,1,84,,3809,37,,,1,81,,3810,37,,,1,43,,3811,37,,,1,80,,3815,37,,,1,81,,3817,37,,,1,42,,3813,37,,,1,83,,3818,37,,,1,82,,3819,37,,,1,82,,3820,37,,,1,44,,3821,37,,,1,82,,3822,37,,,1,83,,3823,37,,,1,46,,3840,37,,,1,84,,3838,37,,,1,83,,3841,37,,,1,84,,3842,37,,,1,44,,3839,37,,,1,83,,3843,37,,,1,84,,3844,37,,,1,83,,3845,37,,,1,51,,3846,37,,,1,87,,3854,37,,,1,90,,3855,37,,,1,98,,3856,37,,,1,94,,3857,37,,,1
1102,'Sunday',720,,3861,37,,,1,80,,3859,37,,,1,40,,3862,37,,,1,80,,3864,37,,,1,82,,3866,37,,,1,40,,3868,37,,,1,80,,3870,37,,,1,80,,3871,37,,,1,41,,3874,37,,,1,81,,3876,37,,,1,80,,3878,37,,,1,41,,3879,37,,,1,80,,3882,37,,,1,81,,3886,37,,,1,42,,3885,37,,,1,82,,3884,37,,,1,82,,3889,37,,,1,42,,3892,37,,,1,94,,3896,37,,,1,81,,3897,37,,,1,90,,3898,37,,,1,83,,3899,37,,,1,46,,3900,37,,,1,86,,3905,37,,,1,86,,3907,37,,,1
1102,'Weekday',340,,3976,6,0,9 12,1,175,,3975,6,0,9 12,1,35,,3977,6,,,1,57,,3980,37,,,1,6,,3990,6,0,9 12,1,14,,3978,37,,,1,16,,3979,37,,,1,10,,3991,6,0,9 12,1,49,,3984,37,,,1,28,,3985,37,,,1,21,,3988,37,,,1,64,,3983,37,,,1,25,,3987,37,,,1,68,,3972,37,,,1,28,,3960,37,,,1,68,,3961,37,,,1,34,,3950,37,,,1,77,,3949,37,,,1,31,,3951,37,,,1,64,,3937,6,0,9 12,1,10,,3940,37,,,1,25,,3968,37,,,1,69,,3973,37,,,1,14,,3941,6,0,9 12,1,18,,3939,37,,,1,76,,3948,37,,,1,30,,3938,37,,,1,54,,3933,6,0,9 12,1,14,,3947,37,,,1,30,,3929,37,,,1,66,,3967,37,,,1,28,,3930,37,,,1,71,,3945,37,,,1,28,,3918,37,,,1,71,,3966,37,,,1,28,,3956,37,,,1,63,,3917,37,,,1,28,,3911,37,,,1,24,,3915,37,,,1,65,,3934,37,,,1,28,,3921,37,,,1,54,,3920,37,,,1,34,,3944,37,,,1,65,,3910,37,,,1,47,,3916,37,,,1,86,,3926,37,,,1,70,,3909,37,,,1,41,,3936,37,,,1,89,,3925,37,,,1
5102,'Holiday1',826,,9362,6,,,1,102,,9361,6,,,1,100,,9359,6,,,1,100,,9360,6,,,1,101,,9357,6,,,1,100,,9356,6,,,1,100,,9358,6,,,1,100,,9355,6,,,1,100,,9352,6,,,1,100,,9354,6,,,1,100,,9353,6,,,1,100,,9351,6,,,1,100,,9350,6,,,1,100,,9349,6,,,1
5102,'Saturday',628,,9363,6,,,1,100,,9364,6,,,1,100,,9365,6,,,1,100,,9366,6,,,1,100,,9367,6,,,1,100,,9368,6,,,1,101,,9369,6,,,1,100,,9371,6,,,1,100,,9370,6,,,1,100,,9373,6,,,1,100,,9375,6,,,1,100,,9372,6,,,1,100,,9374,6,,,1,100,,9377,6,,,1,100,,9376,6,,,1,100,,9378,6,,,1
5102,'Sunday',826,,9392,6,,,1,102,,9391,6,,,1,100,,9389,6,,,1,100,,9390,6,,,1,101,,9387,6,,,1,100,,9386,6,,,1,100,,9388,6,,,1,100,,9385,6,,,1,100,,9384,6,,,1,100,,9383,6,,,1,100,,9382,6,,,1,100,,9381,6,,,1,100,,9380,6,,,1,100,,9379,6,,,1
5102,'Weekday',440,,9393,6,,,1,70,,9404,6,,,1,30,,9395,6,,,1,75,,9405,6,,,1,24,,9396,6,,,1,73,,9406,6,,,1,27,,9397,6,,,1,75,,9403,6,,,1,25,,9394,6,,,1,74,,9402,6,,,1,30,,9423,6,,,1,70,,9424,6,,,1,30,,9425,6,,,1,70,,9426,6,,,1,30,,9427,6,,,1,66,,9417,6,,,1,32,,9418,6,,,1,66,,9422,6,,,1,33,,9421,6,,,1,69,,9420,6,,,1,30,,9419,6,,,1,70,,9407,6,,,1,33,,9399,6,,,1,67,,9409,6,,,1,31,,9400,6,,,1,69,,9410,6,,,1,33,,9401,6,,,1,69,,9408,6,,,1,30,,9398,6,,,1,71,,9411,6,,,1,100,,9412,6,,,1,100,,9413,6,,,1,100,,9414,6,,,1,108,,9415,6,,,1,92,,9416,6,,,1
51102,'Holiday1',533,,13155,16,,,1,75,,13154,16,,,1,27,,13150,16,,,1,15,,13156,16,,,1,65,,13157,16,,,1,30,,13158,16,,,1,84,,13132,16,,,1,83,,13133,16,,,1,38,,13134,16,,,1,82,,13136,16,,,1,83,,13137,16,,,1,42,,13138,16,,,1,80,,13135,16,,,1,79,,13139,16,,,1,42,,13140,16,,,1,80,,13141,16,,,1,80,,13143,16,,,1,40,,13144,16,,,1,80,,13151,16,,,1,82,,13145,16,,,1,39,,13152,16,,,1,79,,13153,16,,,1,80,,13142,16,,,1,40,,13146,16,,,1,82,,13147,16,,,1,70,,13148,16,,,1,42,,13149,16,,,1
51102,'Saturday',529,,13159,4,,,1,30,,13163,4,,,1,70,,13161,4,,,1,20,,13162,16,,,1,10,,13177,4,,,1,54,,13188,4,,,1,24,,13165,16,,,1,90,,13170,16,,,1,85,,13168,16,,,1,45,,13166,16,,,1,87,,13175,16,,,1,85,,13178,16,,,1,94,,13183,16,,,1,90,,13180,16,,,1,90,,13190,16,,,1,50,,13189,16,,,1,90,,13197,16,,,1,90,,13203,16,,,1,90,,13210,16,,,1,8,,13216,4,,,1,10,,13223,4,,,1,17,,13228,4,,,1,55,,13217,16,,,1,93,,13221,16,,,1,3,,13229,4,,,1,45,,13224,16,,,1,81,,13233,16,,,1
51102,'Sunday',533,,13290,16,,,1,75,,13289,16,,,1,27,,13285,16,,,1,15,,13291,16,,,1,65,,13292,16,,,1,30,,13293,16,,,1,84,,13267,16,,,1,83,,13268,16,,,1,38,,13269,16,,,1,82,,13271,16,,,1,83,,13272,16,,,1,42,,13273,16,,,1,80,,13270,16,,,1,79,,13274,16,,,1,42,,13275,16,,,1,80,,13276,16,,,1,80,,13278,16,,,1,40,,13279,16,,,1,80,,13286,16,,,1,82,,13280,16,,,1,39,,13287,16,,,1,79,,13288,16,,,1,80,,13277,16,,,1,40,,13281,16,,,1,82,,13282,16,,,1,70,,13283,16,,,1,42,,13284,16,,,1
51102,'Weekday',600,,13311,4,,,1,15,,13296,16,,,1,15,,13301,16,,,1,15,,13294,16,,,1,55,,13295,16,,,1,15,,13298,16,,,1,15,,13299,16,,,1,13,,13306,16,,,1,57,,13317,16,,,1,15,,13316,16,,,1,15,,13312,16,,,1,15,,13324,16,,,1,55,,13323,16,,,1,13,,13304,16,,,1,15,,13320,16,,,1,14,,13315,16,,,1,14,,13307,16,,,1,62,,13393,16,,,1,24,,13394,16,,,1,65,,13395,16,,,1,25,,13396,16,,,1,24,,13397,16,,,1,64,,13398,16,,,1,24,,13399,16,,,1,65,,13400,16,,,1,23,,13322,16,,,1,20,,13334,16,,,1,56,,13328,16,,,1,15,,13329,16,,,1,15,,13353,16,,,1,15,,13332,16,,,1,55,,13366,16,,,1,16,,13339,16,,,1,15,,13364,16,,,1,15,,13351,16,,,1,55,,13336,16,,,1,15,,13350,16,,,1,15,,13348,16,,,1,15,,13347,16,,,1,55,,13342,16,,,1,15,,13346,16,,,1,15,,13354,16,,,1,15,,13371,16,,,1,53,,13362,16,,,1,14,,13365,16,,,1,15,,13368,16,,,1,15,,13360,16,,,1,55,,13359,16,,,1,15,,13375,16,,,1,15,,13377,16,,,1,13,,13369,16,,,1,57,,13378,16,,,1,16,,13370,16,,,1,25,,13380,16,,,1,62,,13381,16,,,1,19,,13382,16,,,1,22,,13383,16,,,1,58,,13385,16,,,1,20,,13386,16,,,1,20,,13389,16,,,1,60,,13388,16,,,1,20,,13387,16,,,1,20,,13384,16,,,1,60,,13390,16,,,1,20,,13391,16,,,1,20,,13392,16,,,1,60,,13321,16,,,1
