501,'251229-MULTI-Saturday-01',514,,2862,0,,1,41,,2883,0,,1,56,,2902,0,,1,24,,2863,0,,1,72,,2864,0,,1,31,,2865,0,,1,70,,2866,0,,1,31,,2867,0,,1,70,,2868,0,,1,29,,2869,0,,1,70,,2870,0,,1,34,,2871,0,,1,80,,2886,0,,1,30,,2887,0,,1,70,,2889,0,,1,30,,2890,0,,1,70,,2885,0,,1,30,,2888,0,,1,70,,2891,0,,1,30,,2892,0,,1,71,,2893,0,,1,30,,2894,0,,1,70,,2896,0,,1,30,,2897,0,,1,70,,2898,0,,1,30,,2895,0,,1,70,,2899,0,,1,29,,2900,0,,1,67,,2901,0,,1,30,,2872,0,,1,65,,2873,0,,1,29,,2874,0,,1,65,,2875,0,,1,29,,2876,0,,1,70,,2877,0,,1,28,,2878,0,,1,70,,2879,0,,1,27,,2880,0,,1,70,,2881,0,,1,30,,2884,0,,1,70,,2882,0,,1
501,'251229-MULTI-Sunday-01',638,,2921,0,,1,70,,2916,0,,1,30,,2908,0,,1,70,,2906,0,,1,31,,2919,0,,1,70,,2912,0,,1,33,,2909,0,,1,71,,2904,0,,1,29,,2918,0,,1,70,,2913,0,,1,31,,2907,0,,1,70,,2903,0,,1,33,,2905,0,,1,70,,2917,0,,1,30,,2910,0,,1,80,,2914,0,,1,30,,2911,0,,1,70,,2915,0,,1,30,,2920,0,,1,70,,2922,0,,1,30,,2923,0,,1,70,,2924,0,,1,30,,2925,0,,1,70,,2926,0,,1,30,,2927,0,,1,70,,2928,0,,1,29,,2929,0,,1,70,,2931,0,,1,30,,2930,0,,1,69,,2932,0,,1,28,,2933,0,,1,69,,2934,0,,1,20,,2936,0,,1,70,,2937,0,,1,29,,2935,0,,1
501,'260105-MULTI-Holiday1-01',638,,2956,0,,1,70,,2951,0,,1,30,,2943,0,,1,70,,2941,0,,1,31,,2954,0,,1,70,,2948,0,,1,33,,2944,0,,1,71,,2939,0,,1,29,,2953,0,,1,70,,2949,0,,1,31,,2942,0,,1,70,,2938,0,,1,33,,2940,0,,1,70,,2952,0,,1,30,,2945,0,,1,80,,2947,0,,1,30,,2946,0,,1,70,,2950,0,,1,30,,2955,0,,1,70,,2957,0,,1,30,,2958,0,,1,70,,2959,0,,1,30,,2960,0,,1,70,,2961,0,,1,30,,2962,0,,1,70,,2963,0,,1,29,,2964,0,,1,70,,2966,0,,1,30,,2965,0,,1,69,,2967,0,,1,28,,2968,0,,1,69,,2969,0,,1,26,,2971,0,,1,64,,2972,0,,1,29,,2970,0,,1
501,'260105-MULTI-Saturday-01',514,,2973,0,,1,27,,2994,0,,1,67,,3013,0,,1,27,,2974,0,,1,72,,2975,0,,1,31,,2976,0,,1,70,,2977,0,,1,29,,2978,0,,1,72,,2979,0,,1,32,,2980,0,,1,72,,2981,0,,1,34,,2982,0,,1,75,,2997,0,,1,30,,2998,0,,1,76,,3001,0,,1,30,,2999,0,,1,64,,2996,0,,1,30,,3000,0,,1,70,,3002,0,,1,30,,3003,0,,1,71,,3004,0,,1,30,,3005,0,,1,70,,3007,0,,1,30,,3008,0,,1,70,,3009,0,,1,30,,3006,0,,1,70,,3010,0,,1,29,,3011,0,,1,67,,3012,0,,1,30,,2983,0,,1,65,,2984,0,,1,29,,2985,0,,1,65,,2986,0,,1,27,,2987,0,,1,72,,2988,0,,1,28,,2989,0,,1,68,,2990,0,,1,23,,2991,0,,1,29,,2992,0,,1,70,,2995,0,,1,30,,2993,0,,1
501,'260105-MULTI-Sunday-01',638,,3032,0,,1,70,,3027,0,,1,30,,3019,0,,1,70,,3017,0,,1,31,,3030,0,,1,70,,3024,0,,1,33,,3020,0,,1,71,,3015,0,,1,29,,3029,0,,1,70,,3025,0,,1,31,,3018,0,,1,70,,3014,0,,1,33,,3016,0,,1,70,,3028,0,,1,30,,3021,0,,1,80,,3023,0,,1,30,,3022,0,,1,70,,3026,0,,1,30,,3031,0,,1,70,,3033,0,,1,30,,3034,0,,1,70,,3035,0,,1,30,,3036,0,,1,70,,3037,0,,1,30,,3038,0,,1,70,,3039,0,,1,29,,3040,0,,1,70,,3042,0,,1,30,,3041,0,,1,69,,3043,0,,1,28,,3044,0,,1,69,,3045,0,,1,26,,3047,0,,1,64,,3048,0,,1,29,,3046,0,,1
501,'260105-MULTI-Weekday-01',442,,3054,0,,1,60,,3056,0,,1,21,,3055,0,,1,21,,3053,0,,1,60,,3052,0,,1,20,,3051,0,,1,21,,3050,0,,1,14,,3049,0,,1,55,,3058,0,,1,7,,3120,0,,1,7,,3057,0,,1,15,,3059,0,,1,13,,3061,0,5,1,54,,3060,0,,1,14,,3065,0,5,1,15,,3062,0,,1,14,,3066,0,5,1,54,,3063,0,,1,13,,3067,0,5,1,14,,3064,0,,1,20,,3084,0,5,1,60,,3090,0,,1,18,,3080,0,5,1,20,,3091,0,,1,61,,3081,0,5,1,20,,3092,0,,1,20,,3087,0,5,1,60,,3094,0,,1,21,,3088,0,5,1,19,,3095,0,,1,62,,3089,0,5,1,19,,3096,0,,1,21,,3085,0,5,1,59,,3093,0,,1,22,,3086,0,5,1,11,,3097,0,,1,55,,3073,0,5,1,13,,3098,0,,1,13,,3082,0,5,1,14,,3099,0,,1,14,,3072,0,5,1,52,,3100,0,,1,12,,3079,0,5,1,14,,3101,0,,1,12,,3071,0,5,1,55,,3102,0,,1,12,,3078,0,5,1,14,,3103,0,,1,12,,3070,0,5,1,14,,3104,0,,1,52,,3077,0,5,1,13,,3105,0,,1,13,,3069,0,5,1,13,,3106,0,,1,10,,3076,0,5,1,56,,3074,0,,1,10,,3068,0,5,1,15,,3083,0,,1,11,,3075,0,5,1,72,,3116,0,,1,24,,3114,0,,1,70,,3117,0,,1,17,,3118,0,,1,11,,3119,0,,1,65,,3108,0,,1,5,,3109,0,,1,37,,3112,0,,1,65,,3107,0,,1,31,,3115,0,,1,67,,3113,0,,1,39,,3111,0,,1,67,,3110,0,,1
3504,'251229-MULTI-Saturday-01',903,,12452,0,,1,45,,12450,0,,1,85,,12451,0,,1,85,,12453,0,,1,85,,12455,0,,1,45,,12454,0,,1,85,,12456,0,,1,85,,12457,0,,1,85,,12458,0,,1,45,,12459,0,,1,85,,12461,0,,1,85,,12460,0,,1,85,,12464,0,,1,45,,12462,0,,1,85,,12463,0,,1,85,,12465,0,,1
3504,'251229-MULTI-Sunday-01',847,,12473,0,,1,85,,12468,0,,1,85,,12474,0,,1,85,,12467,0,,1,45,,12466,0,,1,85,,12472,0,,1,85,,12469,0,,1,85,,12471,0,,1,45,,12475,0,,1,85,,12470,0,,1,85,,12476,0,,1,85,,12477,0,,1,45,,12478,0,,1,85,,12480,0,,1,85,,12479,0,,1,85,,12481,0,,1
3504,'260105-MULTI-Holiday1-01',847,,12489,0,,1,85,,12484,0,,1,85,,12490,0,,1,85,,12483,0,,1,45,,12482,0,,1,85,,12488,0,,1,85,,12485,0,,1,85,,12486,0,,1,45,,12491,0,,1,85,,12487,0,,1,85,,12492,0,,1,85,,12493,0,,1,45,,12494,0,,1,85,,12496,0,,1,85,,12495,0,,1,85,,12497,0,,1
3504,'260105-MULTI-Saturday-01',903,,12500,0,,1,45,,12498,0,,1,85,,12499,0,,1,85,,12501,0,,1,85,,12503,0,,1,45,,12502,0,,1,85,,12504,0,,1,85,,12505,0,,1,85,,12506,0,,1,45,,12507,0,,1,85,,12509,0,,1,85,,12508,0,,1,85,,12512,0,,1,45,,12510,0,,1,85,,12511,0,,1,85,,12513,0,,1
3504,'260105-MULTI-Sunday-01',847,,12521,0,,1,85,,12516,0,,1,85,,12522,0,,1,85,,12515,0,,1,45,,12514,0,,1,85,,12520,0,,1,85,,12517,0,,1,85,,12518,0,,1,45,,12523,0,,1,85,,12519,0,,1,85,,12524,0,,1,85,,12525,0,,1,45,,12526,0,,1,85,,12528,0,,1,85,,12527,0,,1,85,,12529,0,,1
3504,'260105-MULTI-Weekday-01',517,,12530,0,,1,35,,12531,0,,1,75,,12532,0,,1,75,,12534,0,,1,35,,12535,0,,1,75,,12533,0,,1,35,,12537,0,,1,75,,12538,0,,1,35,,12536,0,,1,75,,12539,0,,1,75,,12540,0,,1,35,,12541,0,,1,79,,12542,0,,1,31,,12543,0,,1,75,,12544,0,,1,75,,12545,0,,1,35,,12546,0,,1,75,,12547,0,,1,35,,12548,0,,1,75,,12549,0,,1,35,,12550,0,,1,75,,12551,0,,1,75,,12552,0,,1,35,,12553,0,,1,75,,12554,0,,1,35,,12555,0,,1,75,,12557,0,,1,75,,12558,0,,1,35,,12559,0,,1,75,,12556,0,,1,35,,12560,0,,1,75,,12561,0,,1
