604,'Holiday1',822,,15795,34,,,1,86,,15797,34,,,1,45,,15798,34,,,1,85,,15796,34,,,1,85,,15800,34,,,1,85,,15802,34,,,1,45,,15799,34,,,1,85,,15803,34,,,1,85,,15801,34,,,1,85,,15804,34,,,1,45,,15805,34,,,1,85,,15806,34,,,1,85,,15807,34,,,1,85,,15808,34,,,1,44,,15809,34,,,1
604,'Saturday',708,,15827,34,,,1,45,,15812,34,,,1,85,,15810,34,,,1,85,,15813,34,,,1,85,,15811,34,,,1,45,,15814,34,,,1,85,,15817,34,,,1,85,,15819,34,,,1,85,,15815,34,,,1,45,,15816,34,,,1,85,,15820,34,,,1,84,,15823,34,,,1,85,,15824,34,,,1,45,,15825,34,,,1,85,,15821,34,,,1,85,,15818,34,,,1,84,,15822,34,,,1,45,,15826,34,,,1
604,'Sunday',822,,15828,34,,,1,86,,15830,34,,,1,45,,15831,34,,,1,85,,15829,34,,,1,85,,15833,34,,,1,85,,15835,34,,,1,45,,15832,34,,,1,85,,15836,34,,,1,85,,15834,34,,,1,85,,15837,34,,,1,45,,15838,34,,,1,85,,15839,34,,,1,85,,15840,34,,,1,85,,15841,34,,,1,44,,15842,34,,,1
604,'Weekday',538,,15843,34,,,1,20,,15847,34,,,1,60,,15855,34,,,1,21,,15850,34,,,1,20,,15856,34,,,1,57,,15849,34,,,1,22,,15854,34,,,1,18,,15848,34,,,1,63,,15852,34,,,1,20,,15853,34,,,1,18,,15846,34,,,1,61,,15873,34,,,1,17,,15844,34,,,1,22,,15868,34,,,1,58,,15860,34,,,1,20,,15866,34,,,1,66,,15865,34,,,1,22,,15859,34,,,1,20,,15867,34,,,1,61,,15861,34,,,1,27,,15862,34,,,1,22,,15864,34,,,1,60,,15863,34,,,1,23,,15869,34,,,1,23,,15871,34,,,1,63,,15858,34,,,1,23,,15857,34,,,1,62,,15851,34,,,1,18,,15845,34,,,1,20,,15875,34,,,1,60,,15876,34,,,1,21,,15877,34,,,1,19,,15878,34,,,1,60,,15879,34,,,1,20,,15880,34,,,1,20,,15881,34,,,1,62,,15882,34,,,1,17,,15884,34,,,1,20,,15886,34,,,1,61,,15887,34,,,1,25,,15883,34,,,1,21,,15888,34,,,1,65,,15885,34,,,1,25,,15889,34,,,1,63,,15890,34,,,1,26,,15891,34,,,1,27,,15892,34,,,1,73,,15870,34,,,1,27,,15874,34,,,1,68,,15872,34,,,1,30,,15893,34,,,1
1101,'Holiday1',522,,16919,11,,,1,80,,16916,11,,,1,40,,16915,11,,,1,80,,16913,11,,,1,80,,16920,11,,,1,40,,16922,11,,,1,80,,16925,11,,,1,80,,16926,11,,,1,40,,16929,11,,,1,80,,16928,11,,,1,80,,16932,11,,,1,40,,16934,11,,,1,80,,16936,11,,,1,80,,16937,11,,,1,40,,16939,11,,,1,82,,16942,11,,,1,82,,16946,11,,,1,42,,16947,11,,,1,82,,16951,11,,,1,80,,16949,11,,,1,41,,16948,11,,,1,86,,16953,11,,,1,86,,16954,11,,,1,84,,16962,11,,,1,45,,16959,11,,,1,88,,16958,11,,,1,86,,16965,11,,,1,80,,16966,11,,,1
1101,'Saturday',439,,16967,11,,,1,82,,16970,11,,,1,80,,16971,11,,,1,41,,16969,11,,,1,80,,16968,11,,,1,80,,16972,11,,,1,42,,16979,11,,,1,88,,16981,11,,,1,80,,16982,11,,,1,42,,16983,11,,,1,82,,16985,11,,,1,82,,16986,11,,,1,41,,16987,11,,,1,82,,16984,11,,,1,82,,16988,11,,,1,86,,17002,11,,,1,44,,17003,11,,,1,86,,17004,11,,,1,82,,17005,11,,,1,84,,17006,11,,,1,45,,17007,11,,,1,87,,17011,11,,,1,84,,17012,11,,,1,87,,17013,11,,,1,94,,17015,11,,,1,54,,17018,11,,,1,145,,17019,11,,,1
1101,'Sunday',522,,17026,11,,,1,80,,17023,11,,,1,40,,17022,11,,,1,80,,17020,11,,,1,80,,17027,11,,,1,40,,17029,11,,,1,80,,17032,11,,,1,80,,17033,11,,,1,40,,17036,11,,,1,80,,17035,11,,,1,80,,17039,11,,,1,40,,17041,11,,,1,80,,17043,11,,,1,80,,17044,11,,,1,40,,17046,11,,,1,82,,17049,11,,,1,82,,17053,11,,,1,42,,17054,11,,,1,82,,17058,11,,,1,80,,17056,11,,,1,41,,17055,11,,,1,86,,17060,11,,,1,86,,17061,11,,,1,84,,17069,11,,,1,45,,17066,11,,,1,88,,17065,11,,,1,86,,17072,11,,,1,80,,17073,11,,,1
1101,'Weekday',428,,17145,11,,,1,73,,17146,11,,,1,34,,17144,11,,,1,72,,17142,11,,,1,28,,17151,11,,,1,68,,17148,11,,,1,28,,17147,11,,,1,14,,17157,11,,,1,14,,17128,11,,,1,68,,17126,11,,,1,31,,17127,11,,,1,66,,17140,11,,,1,34,,17131,11,,,1,73,,17132,11,,,1,72,,17117,11,,,1,39,,17118,11,,,1,79,,17105,11,,,1,30,,17106,11,,,1,55,,17103,13,0,9 10,1,19,,17134,11,,,1,33,,17137,11,,,1,68,,17098,11,,,1,30,,17099,11,,,1,71,,17155,11,,,1,28,,17114,11,,,1,68,,17104,13,0,9 11,1,27,,17115,11,,,1,67,,17089,11,,,1,29,,17135,11,,,1,70,,17087,11,,,1,25,,17109,11,,,1,64,,17120,11,,,1,28,,17119,11,,,1,71,,17080,11,,,1,34,,17078,11,,,1,74,,17083,11,,,1,23,,17094,13,0,9 11,1,21,,17092,11,,,1,77,,17081,11,,,1,90,,17085,11,,,1,32,,17075,10,0,9 10,1,59,,17091,11,,,1,18,,17074,10,0,9 10,1,15,,17077,11,,,1,75,,17101,11,,,1
5101,'Holiday1',855,,22631,8,,,1,101,,22633,8,,,1,99,,22632,8,,,1,99,,22630,8,,,1,103,,22629,8,,,1,100,,22628,8,,,1,100,,22627,8,,,1,100,,22626,8,,,1,101,,22625,8,,,1,100,,22623,8,,,1,99,,22624,8,,,1,100,,22622,8,,,1,100,,22621,8,,,1,100,,22620,8,,,1
5101,'Saturday',655,,22635,8,,,1,101,,22636,8,,,1,100,,22637,8,,,1,100,,22641,8,,,1,100,,22639,8,,,1,99,,22638,8,,,1,101,,22640,8,,,1,100,,22643,8,,,1,100,,22642,8,,,1,100,,22645,8,,,1,101,,22644,8,,,1,100,,22646,8,,,1,100,,22634,8,,,1,100,,22649,8,,,1,100,,22647,8,,,1,100,,22648,8,,,1
5101,'Sunday',855,,22661,8,,,1,101,,22663,8,,,1,99,,22662,8,,,1,99,,22660,8,,,1,103,,22659,8,,,1,100,,22658,8,,,1,100,,22657,8,,,1,100,,22656,8,,,1,101,,22655,8,,,1,100,,22653,8,,,1,99,,22654,8,,,1,100,,22652,8,,,1,100,,22651,8,,,1,100,,22650,8,,,1
5101,'Weekday',504,,22664,8,,,1,33,,22677,8,,,1,70,,22665,8,,,1,37,,22675,8,,,1,64,,22666,8,,,1,32,,22674,8,,,1,69,,22668,8,,,1,34,,22676,8,,,1,66,,22672,8,,,1,31,,22687,8,,,1,69,,22689,8,,,1,30,,22690,8,,,1,70,,22691,8,,,1,30,,22688,8,,,1,70,,22692,8,,,1,26,,22693,8,,,1,72,,22694,8,,,1,27,,22695,8,,,1,73,,22696,8,,,1,32,,22697,8,,,1,69,,22669,8,,,1,30,,22679,8,,,1,74,,22670,8,,,1,27,,22680,8,,,1,71,,22667,8,,,1,29,,22681,8,,,1,74,,22673,8,,,1,28,,22678,8,,,1,100,,22671,8,,,1,99,,22683,8,,,1,99,,22684,8,,,1,100,,22685,8,,,1,107,,22686,8,,,1,92,,22682,8,,,1
