603,'251229-MULTI-Saturday-01',805,,3396,4,,1,45,,3381,4,,1,85,,3382,4,,1,84,,3384,4,,1,85,,3385,4,,1,45,,3383,4,,1,87,,3387,4,,1,85,,3386,4,,1,86,,3389,4,,1,46,,3390,4,,1,86,,3388,4,,1,85,,3391,4,,1,85,,3392,4,,1,45,,3393,4,,1,85,,3394,4,,1,85,,3395,4,,1
603,'251229-MULTI-Sunday-01',918,,3398,4,,1,85,,3397,4,,1,46,,3399,4,,1,85,,3400,4,,1,85,,3401,4,,1,85,,3403,4,,1,48,,3404,4,,1,86,,3402,4,,1,85,,3405,4,,1,85,,3406,4,,1,45,,3407,4,,1,85,,3408,4,,1,84,,3409,4,,1,85,,3410,4,,1,44,,3411,4,,1
603,'260105-MULTI-Holiday1-01',918,,3413,4,,1,85,,3412,4,,1,46,,3415,4,,1,85,,3416,4,,1,85,,3417,4,,1,85,,3418,4,,1,48,,3419,4,,1,86,,3414,4,,1,85,,3420,4,,1,85,,3421,4,,1,45,,3422,4,,1,85,,3423,4,,1,84,,3424,4,,1,85,,3425,4,,1,44,,3426,4,,1
603,'260105-MULTI-Saturday-01',805,,3442,4,,1,45,,3427,4,,1,85,,3428,4,,1,84,,3430,4,,1,85,,3431,4,,1,45,,3429,4,,1,87,,3433,4,,1,85,,3432,4,,1,86,,3435,4,,1,46,,3436,4,,1,86,,3434,4,,1,85,,3437,4,,1,85,,3438,4,,1,45,,3439,4,,1,85,,3440,4,,1,85,,3441,4,,1
603,'260105-MULTI-Sunday-01',918,,3444,4,,1,85,,3443,4,,1,46,,3446,4,,1,85,,3447,4,,1,85,,3448,4,,1,85,,3449,4,,1,48,,3450,4,,1,86,,3445,4,,1,85,,3451,4,,1,85,,3452,4,,1,45,,3453,4,,1,85,,3454,4,,1,84,,3455,4,,1,85,,3456,4,,1,44,,3457,4,,1
603,'260105-MULTI-Weekday-01',646,,3458,4,,1,60,,3460,4,,1,20,,3464,4,,1,20,,3465,4,,1,60,,3461,4,,1,20,,3466,4,,1,22,,3463,4,,1,59,,3468,4,,1,18,,3462,4,,1,20,,3467,4,,1,63,,3459,4,,1,30,,3482,4,,1,62,,3480,4,,1,19,,3473,4,,1,21,,3476,4,,1,66,,3478,4,,1,22,,3474,4,,1,20,,3470,4,,1,64,,3477,4,,1,24,,3469,4,,1,22,,3475,4,,1,61,,3471,4,,1,25,,3481,4,,1,65,,3472,4,,1,27,,3479,4,,1,65,,3484,4,,1,20,,3485,4,,1,21,,3483,4,,1,60,,3486,4,,1,20,,3487,4,,1,20,,3488,4,,1,60,,3489,4,,1,20,,3490,4,,1,19,,3491,4,,1,60,,3492,4,,1,20,,3493,4,,1,14,,3494,4,,1,20,,3495,4,,1,60,,3499,4,,1,19,,3496,4,,1,24,,3497,4,,1,65,,3498,4,,1,25,,3500,4,,1,62,,3501,4,,1,27,,3502,4,,1,67,,3503,4,,1,32,,3504,4,,1,70,,3505,4,,1
604,'251229-MULTI-Saturday-01',645,,3523,0,,1,85,,3508,0,,1,85,,3506,0,,1,85,,3509,0,,1,45,,3507,0,,1,85,,3510,0,,1,85,,3513,0,,1,85,,3514,0,,1,45,,3511,0,,1,85,,3512,0,,1,85,,3515,0,,1,44,,3518,0,,1,85,,3519,0,,1,85,,3520,0,,1,85,,3516,0,,1,86,,3517,0,,1,45,,3521,0,,1,85,,3522,0,,1
604,'251229-MULTI-Sunday-01',800,,3524,0,,1,45,,3526,0,,1,85,,3527,0,,1,85,,3525,0,,1,85,,3529,0,,1,45,,3531,0,,1,85,,3528,0,,1,85,,3532,0,,1,85,,3530,0,,1,45,,3533,0,,1,85,,3534,0,,1,85,,3535,0,,1,85,,3536,0,,1,45,,3537,0,,1,85,,3538,0,,1
604,'260105-MULTI-Holiday1-01',800,,3539,0,,1,45,,3541,0,,1,85,,3542,0,,1,85,,3540,0,,1,85,,3544,0,,1,45,,3546,0,,1,85,,3543,0,,1,85,,3547,0,,1,85,,3545,0,,1,45,,3548,0,,1,85,,3549,0,,1,85,,3550,0,,1,85,,3551,0,,1,45,,3552,0,,1,85,,3553,0,,1
604,'260105-MULTI-Saturday-01',645,,3571,0,,1,85,,3556,0,,1,85,,3554,0,,1,85,,3557,0,,1,45,,3555,0,,1,85,,3558,0,,1,85,,3561,0,,1,85,,3563,0,,1,45,,3559,0,,1,85,,3560,0,,1,85,,3564,0,,1,44,,3566,0,,1,85,,3567,0,,1,85,,3568,0,,1,85,,3565,0,,1,86,,3562,0,,1,45,,3569,0,,1,85,,3570,0,,1
604,'260105-MULTI-Sunday-01',800,,3572,0,,1,45,,3574,0,,1,85,,3575,0,,1,85,,3573,0,,1,85,,3577,0,,1,45,,3579,0,,1,85,,3576,0,,1,85,,3580,0,,1,85,,3578,0,,1,45,,3581,0,,1,85,,3582,0,,1,85,,3583,0,,1,85,,3584,0,,1,45,,3585,0,,1,85,,3586,0,,1
604,'260105-MULTI-Weekday-01',518,,3587,0,,1,20,,3591,0,,1,20,,3599,0,,1,60,,3594,0,,1,20,,3600,0,,1,17,,3593,0,,1,62,,3598,0,,1,21,,3592,0,,1,20,,3596,0,,1,60,,3597,0,,1,18,,3590,0,,1,22,,3617,0,,1,57,,3588,0,,1,22,,3612,0,,1,19,,3604,0,,1,61,,3610,0,,1,26,,3609,0,,1,62,,3603,0,,1,20,,3611,0,,1,21,,3605,0,,1,65,,3606,0,,1,22,,3608,0,,1,20,,3607,0,,1,63,,3613,0,,1,23,,3615,0,,1,62,,3602,0,,1,23,,3601,0,,1,22,,3595,0,,1,58,,3589,0,,1,20,,3619,0,,1,20,,3620,0,,1,61,,3621,0,,1,19,,3622,0,,1,20,,3623,0,,1,60,,3624,0,,1,20,,3625,0,,1,22,,3626,0,,1,58,,3628,0,,1,20,,3630,0,,1,20,,3631,0,,1,65,,3627,0,,1,25,,3632,0,,1,25,,3629,0,,1,65,,3633,0,,1,23,,3634,0,,1,67,,3635,0,,1,27,,3636,0,,1,73,,3614,0,,1,27,,3618,0,,1,68,,3616,0,,1,30,,3637,0,,1
