'260105-MULTI-Weekday-01',102,74100,0,'A',1,6300,0,'A',1,2200,0,'A',1,2600,0,'A',1,6000,0,'A',1,2300,0,'A',1,6700,0,'A FCCC',1,2400,0,'A',1,3100,0,'A FCCC',1,5900,0,'A',1,4000,0,'A',1,7800,0,'A',1,7100,0,'A',1,4300,0,'A',1,7900,0,'A',1,2700,0,'A',1,7400,0,'A',1,7800,0,'A',1,2200,0,'A',1,1700,0,'A',1,6700,0,'A',1,2400,0,'A',1,6400,0,'A',1,2300,0,'A',1,1700,0,'A',1,1400,0,'A',1,6600,0,'A',1,1400,0,'A',1,2000,0,'A',1
'251229-MULTI-Saturday-01',5703,54800,0,'',1,7000,0,'',1,3000,0,'',1,7000,0,'',1,3000,0,'',1,7000,0,'',1,3000,0,'',1,7100,0,'',1,2900,0,'',1,7100,0,'',1,2900,0,'',1,7100,0,'',1,2900,0,'',1,7100,0,'',1,2900,0,'',1,7100,0,'',1,2900,0,'',1,7000,0,'',1,3000,0,'',1,7100,0,'',1,2900,0,'',1,7100,0,'',1,2900,0,'',1,7200,0,'',1,2800,0,'',1,7200,0,'',1,2800,0,'',1,7100,0,'',1
'251229-MULTI-Sunday-01',5703,91900,0,'',1,3000,0,'',1,7000,0,'',1,3000,0,'',1,7000,0,'',1,3000,0,'',1,7000,0,'',1,3000,0,'',1,7500,0,'',1,2500,0,'',1,7200,0,'',1,2800,0,'',1,7300,0,'',1,2700,0,'',1,7300,0,'',1,2800,0,'',1,7300,0,'',1,2700,0,'',1,7300,0,'',1,2600,0,'',1,7300,0,'',1
'260105-MULTI-Holiday1-01',5703,91900,0,'',1,3000,0,'',1,7000,0,'',1,3000,0,'',1,7000,0,'',1,3000,0,'',1,7000,0,'',1,3000,0,'',1,7400,0,'',1,2600,0,'',1,7200,0,'',1,2800,0,'',1,7300,0,'',1,2700,0,'',1,7300,0,'',1,2800,0,'',1,7300,0,'',1,2700,0,'',1,7300,0,'',1,2600,0,'',1,7300,0,'',1
'260105-MULTI-Saturday-01',5703,54800,0,'',1,7000,0,'',1,3000,0,'',1,7000,0,'',1,3000,0,'',1,7000,0,'',1,3000,0,'',1,7100,0,'',1,2900,0,'',1,7100,0,'',1,2900,0,'',1,7100,0,'',1,2900,0,'',1,7100,0,'',1,2900,0,'',1,7100,0,'',1,2900,0,'',1,7000,0,'',1,3000,0,'',1,7100,0,'',1,2900,0,'',1,7100,0,'',1,2900,0,'',1,7200,0,'',1,2800,0,'',1,7200,0,'',1,2800,0,'',1,7100,0,'',1
'260105-MULTI-Sunday-01',5703,91900,0,'',1,3000,0,'',1,7000,0,'',1,3000,0,'',1,7000,0,'',1,3000,0,'',1,7000,0,'',1,3000,0,'',1,7400,0,'',1,2600,0,'',1,7200,0,'',1,2800,0,'',1,7300,0,'',1,2700,0,'',1,7300,0,'',1,2800,0,'',1,7300,0,'',1,2700,0,'',1,7300,0,'',1,2600,0,'',1,7300,0,'',1
'260105-MULTI-Weekday-01',5703,52600,0,'',1,3000,0,'',1,6200,0,'',1,2500,0,'',1,6600,0,'',1,2600,0,'',1,2300,0,'',1,6800,0,'',1,2300,0,'',1,7300,0,'',1,2600,0,'',1,6400,0,'',1,3000,0,'',1,6500,0,'',1,2600,0,'',1,7400,0,'',1,3000,0,'',1,7000,0,'',1,3000,0,'',1,7200,0,'',1,3300,0,'',1,6600,0,'',1,2500,0,'',1,1800,0,'',1,7500,0,'',1,1900,0,'',1,6600,0,'',1,2500,0,'',1,1800,0,'',1,6700,0,'',1,2600,0,'',1,7000,0,'',1,2900,0,'',1,6600,0,'',1,2900,0,'',1,7000,0,'',1,3000,0,'',1,7000,0,'',1,2800,0,'',1,7100,0,'',1,2200,0,'',1,7400,0,'',1,1700,0,'',1,2200,0,'',1
'260105-MULTI-Weekday-01',20900,143300,0,'',1
'260105-MULTI-Weekday-01',20901,73100,0,'',1
'260105-MULTI-Weekday-01',21600,152600,0,'',1
