200,'Holiday1',720,,505,1,,,1,33,,506,1,,,1,73,,507,1,,,1,33,,508,1,,,1,73,,509,1,,,1,73,,511,1,,,1,33,,512,1,,,1,73,,513,1,,,1,33,,510,1,,,1,73,,515,1,,,1,33,,517,1,,,1,73,,518,1,,,1,33,,514,1,,,1,73,,519,1,,,1,73,,516,1,,,1,33,,520,1,,,1,73,,521,1,,,1,33,,523,1,,,1,73,,524,1,,,1,33,,525,1,,,1,73,,522,1,,,1,33,,527,1,,,1,73,,528,1,,,1,33,,529,1,,,1,73,,526,1,,,1,73,,531,1,,,1,33,,532,1,,,1,73,,534,1,,,1,33,,535,1,,,1,73,,533,1,,,1,33,,536,1,,,1,73,,530,1,,,1
200,'Saturday',530,,537,1,,,1,70,,538,1,,,1,30,,541,1,,,1,70,,542,1,,,1,25,,540,1,,,1,76,,539,1,,,1,29,,545,1,,,1,90,,546,1,,,1,30,,543,1,,,1,70,,544,1,,,1,30,,547,1,,,1,70,,549,1,,,1,30,,551,1,,,1,70,,552,1,,,1,30,,548,1,,,1,70,,553,1,,,1,30,,550,1,,,1,70,,554,1,,,1,30,,555,1,,,1,70,,558,1,,,1,30,,559,1,,,1,70,,560,1,,,1,30,,556,1,,,1,70,,557,1,,,1,30,,561,1,,,1,70,,563,1,,,1,30,,564,1,,,1,70,,565,1,,,1,30,,562,1,,,1,70,,566,1,,,1,30,,567,1,,,1,70,,570,1,,,1,30,,571,1,,,1,70,,568,1,,,1,30,,569,1,,,1,70,,573,1,,,1,30,,574,1,,,1,70,,572,1,,,1,30,,575,1,,,1,70,,576,1,,,1
200,'Sunday',720,,577,1,,,1,33,,578,1,,,1,73,,579,1,,,1,33,,580,1,,,1,73,,581,1,,,1,73,,583,1,,,1,33,,584,1,,,1,73,,585,1,,,1,33,,582,1,,,1,73,,587,1,,,1,33,,588,1,,,1,73,,589,1,,,1,33,,586,1,,,1,73,,590,1,,,1,73,,591,1,,,1,33,,592,1,,,1,73,,593,1,,,1,33,,595,1,,,1,73,,596,1,,,1,33,,597,1,,,1,73,,594,1,,,1,33,,599,1,,,1,73,,600,1,,,1,33,,601,1,,,1,73,,598,1,,,1,73,,603,1,,,1,33,,604,1,,,1,73,,606,1,,,1,33,,607,1,,,1,73,,605,1,,,1,33,,608,1,,,1,73,,602,1,,,1
200,'Weekday',415,,609,1,,,1,22,,611,1,,,1,22,,612,1,,,1,62,,613,1,,,1,21,,610,1,,,1,63,,614,1,,,1,18,,615,1,,,1,19,,616,1,,,1,65,,617,1,,,1,26,,618,1,,,1,22,,619,1,,,1,55,,620,1,,,1,19,,622,1,,,1,27,,623,1,,,1,67,,624,1,,,1,22,,621,1,,,1,59,,625,1,,,1,19,,626,1,,,1,25,,627,1,,,1,65,,628,1,,,1,22,,629,1,,,1,18,,630,1,,,1,58,,632,1,,,1,26,,633,1,,,1,66,,634,1,,,1,22,,631,1,,,1,15,,636,1,,,1,19,,637,1,,,1,66,,638,1,,,1,26,,635,1,,,1,61,,639,1,,,1,16,,641,1,,,1,19,,642,1,,,1,65,,643,1,,,1,26,,640,1,,,1,62,,644,1,,,1,19,,646,1,,,1,22,,647,1,,,1,65,,648,1,,,1,27,,645,1,,,1,22,,649,1,,,1,60,,650,1,,,1,27,,651,1,,,1,63,,652,1,,,1,22,,653,1,,,1,23,,654,1,,,1,61,,655,1,,,1,21,,657,1,,,1,20,,658,1,,,1,56,,659,1,,,1,32,,656,1,,,1,72,,660,1,,,1,32,,661,1,,,1,73,,662,1,,,1,28,,663,1,,,1,68,,664,1,,,1
201,'Holiday1',744,,665,53,4,,1,74,,667,53,4,,1,33,,669,53,4,,1,73,,671,53,4,,1,34,,672,53,4,,1,75,,668,53,4,,1,73,,673,53,4,,1,34,,670,53,4,,1,73,,674,53,4,,1,34,,675,53,4,,1,73,,677,53,4,,1,33,,678,53,4,,1,73,,679,53,4,,1,33,,676,53,4,,1,73,,681,53,4,,1,73,,682,53,4,,1,33,,683,53,4,,1,73,,680,53,4,,1,33,,695,53,4,,1,73,,691,53,4,,1,32,,694,53,4,,1,73,,690,53,4,,1,31,,693,53,4,,1,72,,692,53,4,,1,32,,688,53,4,,1,72,,687,53,4,,1,73,,689,53,4,,1,33,,684,53,4,,1,72,,686,53,4,,1,33,,685,53,4,,1,73,,666,53,4,,1
201,'Saturday',552,,698,17,4,,1,70,,697,17,4,,1,31,,696,53,4,,1,69,,734,53,4,,1,37,,731,53,4,,1,69,,730,53,4,,1,72,,733,53,4,,1,30,,732,53,4,,1,71,,729,53,4,,1,30,,728,53,4,,1,70,,724,53,4,,1,30,,727,53,4,,1,71,,726,53,4,,1,30,,735,53,4,,1,71,,725,53,4,,1,30,,723,53,4,,1,71,,719,53,4,,1,30,,718,53,4,,1,70,,722,53,4,,1,30,,721,53,4,,1,70,,720,53,4,,1,30,,717,53,4,,1,70,,716,53,4,,1,31,,712,53,4,,1,69,,715,53,4,,1,30,,710,53,4,,1,68,,714,53,4,,1,28,,713,53,4,,1,28,,711,53,4,,1,70,,709,53,4,,1,28,,706,53,4,,1,69,,705,53,4,,1,30,,708,53,4,,1,70,,707,53,4,,1,28,,701,53,4,,1,70,,702,53,4,,1,30,,704,53,4,,1,70,,703,53,4,,1,29,,699,53,4,,1,70,,700,53,4,,1
201,'Sunday',744,,736,53,4,,1,74,,738,53,4,,1,33,,740,53,4,,1,73,,741,53,4,,1,34,,742,53,4,,1,75,,739,53,4,,1,73,,743,53,4,,1,34,,744,53,4,,1,73,,745,53,4,,1,34,,746,53,4,,1,73,,748,53,4,,1,33,,749,53,4,,1,73,,750,53,4,,1,33,,747,53,4,,1,73,,752,53,4,,1,73,,753,53,4,,1,33,,754,53,4,,1,73,,751,53,4,,1,33,,766,53,4,,1,73,,762,53,4,,1,32,,765,53,4,,1,73,,761,53,4,,1,31,,764,53,4,,1,72,,763,53,4,,1,32,,759,53,4,,1,72,,758,53,4,,1,73,,760,53,4,,1,33,,755,53,4,,1,72,,757,53,4,,1,33,,756,53,4,,1,73,,737,53,4,,1
201,'Weekday',433,,767,17,4,,1,22,,768,17,4,,1,60,,769,17,4,,1,10,,821,53,4,,1,22,,820,53,4,,1,62,,819,53,4,,1,16,,817,53,4,,1,31,,816,53,4,,1,64,,815,53,4,,1,21,,811,53,4,,1,62,,822,53,4,,1,19,,814,53,4,,1,26,,809,53,4,,1,68,,813,53,4,,1,21,,818,53,4,,1,21,,812,53,4,,1,62,,807,53,4,,1,22,,810,53,4,,1,65,,808,53,4,,1,21,,806,53,4,,1,20,,805,53,4,,1,58,,804,53,4,,1,27,,803,53,4,,1,24,,799,53,4,,1,63,,802,53,4,,1,16,,801,53,4,,1,16,,800,53,4,,1,69,,798,53,4,,1,27,,797,53,4,,1,60,,796,53,4,,1,15,,795,53,4,,1,19,,794,53,4,,1,66,,793,53,4,,1,25,,792,53,4,,1,25,,788,53,4,,1,57,,791,53,4,,1,24,,790,53,4,,1,64,,789,53,4,,1,25,,787,53,4,,1,23,,783,53,4,,1,60,,786,53,4,,1,25,,785,53,4,,1,65,,784,53,4,,1,26,,782,53,4,,1,20,,781,53,4,,1,58,,780,53,4,,1,22,,779,53,4,,1,18,,778,53,4,,1,59,,774,53,4,,1,23,,777,53,4,,1,19,,776,53,4,,1,62,,775,53,4,,1,34,,773,53,4,,1,71,,772,53,4,,1,29,,771,53,4,,1,68,,770,53,4,,1
600,'Holiday1',845,,2299,1,,,1,85,,2298,1,,,1,85,,2301,1,,,1,85,,2302,1,,,1,45,,2303,1,,,1,85,,2304,1,,,1,85,,2305,1,,,1,85,,2300,1,,,1,45,,2306,1,,,1,85,,2307,1,,,1,85,,2308,1,,,1,85,,2309,1,,,1,45,,2310,1,,,1,85,,2311,1,,,1,85,,2312,1,,,1
600,'Saturday',730,,2328,1,,,1,85,,2313,1,,,1,85,,2314,1,,,1,45,,2316,1,,,1,85,,2317,1,,,1,85,,2315,1,,,1,85,,2319,1,,,1,45,,2318,1,,,1,85,,2321,1,,,1,85,,2322,1,,,1,85,,2320,1,,,1,45,,2323,1,,,1,85,,2324,1,,,1,85,,2325,1,,,1,85,,2326,1,,,1,45,,2327,1,,,1
600,'Sunday',845,,2330,1,,,1,85,,2329,1,,,1,85,,2332,1,,,1,85,,2333,1,,,1,45,,2334,1,,,1,85,,2335,1,,,1,85,,2336,1,,,1,85,,2331,1,,,1,45,,2337,1,,,1,85,,2338,1,,,1,85,,2339,1,,,1,85,,2340,1,,,1,45,,2341,1,,,1,85,,2342,1,,,1,85,,2343,1,,,1
600,'Weekday',602,,2344,1,,,1,19,,2346,1,,,1,21,,2350,1,,,1,60,,2351,1,,,1,19,,2347,1,,,1,19,,2352,1,,,1,62,,2349,1,,,1,17,,2354,1,,,1,23,,2348,1,,,1,60,,2353,1,,,1,23,,2345,1,,,1,31,,2368,1,,,1,62,,2366,1,,,1,19,,2359,1,,,1,21,,2362,1,,,1,66,,2364,1,,,1,22,,2360,1,,,1,59,,2356,1,,,1,23,,2363,1,,,1,24,,2355,1,,,1,62,,2361,1,,,1,20,,2357,1,,,1,24,,2367,1,,,1,65,,2358,1,,,1,24,,2365,1,,,1,64,,2370,1,,,1,20,,2371,1,,,1,20,,2369,1,,,1,60,,2372,1,,,1,20,,2373,1,,,1,20,,2374,1,,,1,60,,2375,1,,,1,20,,2376,1,,,1,20,,2377,1,,,1,60,,2378,1,,,1,21,,2379,1,,,1,15,,2380,1,,,1,60,,2381,1,,,1,20,,2385,1,,,1,23,,2382,1,,,1,63,,2383,1,,,1,27,,2384,1,,,1,65,,2386,1,,,1,22,,2387,1,,,1,27,,2388,1,,,1,67,,2389,1,,,1,32,,2390,1,,,1,70,,2391,1,,,1
601,'Holiday1',836,,2392,47,4,,1,86,,2394,47,4,,1,85,,2396,47,4,,1,46,,2393,47,4,,1,85,,2398,47,4,,1,85,,2399,47,4,,1,86,,2397,47,4,,1,46,,2400,47,4,,1,85,,2395,47,4,,1,86,,2401,47,4,,1,85,,2402,47,4,,1,45,,2403,47,4,,1,85,,2404,47,4,,1,85,,2405,47,4,,1,84,,2406,47,4,,1
601,'Saturday',723,,2424,47,4,,1,85,,2409,47,4,,1,46,,2407,47,4,,1,86,,2410,47,4,,1,85,,2408,47,4,,1,85,,2411,47,4,,1,45,,2414,47,4,,1,85,,2416,47,4,,1,86,,2412,47,4,,1,86,,2413,47,4,,1,45,,2417,47,4,,1,84,,2420,47,4,,1,85,,2421,47,4,,1,85,,2422,47,4,,1,45,,2418,47,4,,1,84,,2415,47,4,,1,84,,2419,47,4,,1,85,,2423,47,4,,1
601,'Sunday',836,,2425,47,4,,1,86,,2427,47,4,,1,85,,2428,47,4,,1,46,,2426,47,4,,1,85,,2430,47,4,,1,85,,2432,47,4,,1,86,,2429,47,4,,1,46,,2433,47,4,,1,85,,2431,47,4,,1,86,,2434,47,4,,1,85,,2435,47,4,,1,45,,2436,47,4,,1,85,,2437,47,4,,1,85,,2438,47,4,,1,84,,2439,47,4,,1
601,'Weekday',556,,2440,47,4,,1,60,,2444,47,4,,1,20,,2452,47,4,,1,21,,2447,47,4,,1,62,,2453,47,4,,1,17,,2446,47,4,,1,22,,2451,47,4,,1,58,,2445,47,4,,1,23,,2449,47,4,,1,20,,2450,47,4,,1,56,,2443,47,4,,1,21,,2470,47,4,,1,17,,2441,47,4,,1,61,,2465,47,4,,1,18,,2457,47,4,,1,20,,2463,47,4,,1,66,,2462,47,4,,1,22,,2456,47,4,,1,60,,2464,47,4,,1,21,,2458,47,4,,1,27,,2459,47,4,,1,63,,2461,47,4,,1,20,,2460,47,4,,1,23,,2466,47,4,,1,64,,2468,47,4,,1,23,,2455,47,4,,1,63,,2454,47,4,,1,22,,2448,47,4,,1,18,,2442,47,4,,1,60,,2472,47,4,,1,20,,2473,47,4,,1,21,,2474,47,4,,1,59,,2475,47,4,,1,20,,2476,47,4,,1,20,,2477,47,4,,1,60,,2478,47,4,,1,22,,2479,47,4,,1,17,,2481,47,4,,1,60,,2483,47,4,,1,20,,2484,47,4,,1,25,,2480,47,4,,1,61,,2485,47,4,,1,24,,2482,47,4,,1,25,,2486,47,4,,1,62,,2487,47,4,,1,26,,2488,47,4,,1,67,,2489,47,4,,1,33,,2467,47,4,,1,67,,2471,47,4,,1,28,,2469,47,4,,1,70,,2490,47,4,,1
