502,'251229-MULTI-Saturday-01',607,,3122,0,,1,47,,3123,0,,1,56,,3160,0,,1,32,,3124,0,,1,70,,3125,0,,1,30,,3126,0,,1,70,,3127,0,,1,30,,3128,0,,1,70,,3129,0,,1,30,,3130,0,,1,70,,3149,0,,1,30,,3150,0,,1,70,,3148,0,,1,30,,3152,0,,1,70,,3154,0,,1,30,,3151,0,,1,70,,3155,0,,1,30,,3153,0,,1,70,,3157,0,,1,30,,3158,0,,1,70,,3159,0,,1,30,,3156,0,,1,70,,3145,0,,1,30,,3147,0,,1,70,,3144,0,,1,30,,3146,0,,1,70,,3143,0,,1,29,,3131,0,,1,70,,3132,0,,1,28,,3133,0,,1,72,,3134,0,,1,28,,3135,0,,1,70,,3136,0,,1,30,,3137,0,,1,70,,3138,0,,1,30,,3140,0,,1,70,,3139,0,,1,30,,3142,0,,1,70,,3141,0,,1
502,'251229-MULTI-Sunday-01',740,,3178,0,,1,70,,3171,0,,1,30,,3167,0,,1,70,,3161,0,,1,30,,3176,0,,1,71,,3169,0,,1,30,,3163,0,,1,70,,3162,0,,1,30,,3174,0,,1,70,,3170,0,,1,30,,3164,0,,1,69,,3165,0,,1,30,,3168,0,,1,71,,3177,0,,1,31,,3173,0,,1,70,,3172,0,,1,30,,3175,0,,1,70,,3179,0,,1,30,,3180,0,,1,70,,3181,0,,1,30,,3182,0,,1,70,,3184,0,,1,29,,3183,0,,1,70,,3185,0,,1,31,,3186,0,,1,70,,3187,0,,1,30,,3188,0,,1,70,,3189,0,,1,30,,3190,0,,1,69,,3191,0,,1,29,,3192,0,,1,70,,3194,0,,1,30,,3195,0,,1,70,,3193,0,,1,29,,3196,0,,1
502,'260105-MULTI-Holiday1-01',736,,3214,0,,1,70,,3207,0,,1,30,,3203,0,,1,70,,3197,0,,1,30,,3212,0,,1,71,,3205,0,,1,30,,3199,0,,1,70,,3198,0,,1,30,,3210,0,,1,70,,3206,0,,1,30,,3200,0,,1,69,,3201,0,,1,30,,3204,0,,1,71,,3213,0,,1,31,,3209,0,,1,80,,3208,0,,1,30,,3211,0,,1,70,,3215,0,,1,30,,3216,0,,1,70,,3217,0,,1,30,,3218,0,,1,69,,3220,0,,1,30,,3219,0,,1,71,,3221,0,,1,30,,3223,0,,1,70,,3222,0,,1,29,,3224,0,,1,70,,3225,0,,1,29,,3226,0,,1,69,,3227,0,,1,30,,3228,0,,1,60,,3230,0,,1,30,,3231,0,,1,70,,3229,0,,1,29,,3232,0,,1
502,'260105-MULTI-Saturday-01',615,,3234,0,,1,27,,3235,0,,1,71,,3272,0,,1,30,,3236,0,,1,70,,3237,0,,1,36,,3238,0,,1,71,,3239,0,,1,29,,3240,0,,1,71,,3241,0,,1,30,,3242,0,,1,70,,3261,0,,1,32,,3262,0,,1,94,,3260,0,,1,75,,3264,0,,1,30,,3266,0,,1,70,,3263,0,,1,30,,3267,0,,1,70,,3265,0,,1,30,,3269,0,,1,70,,3270,0,,1,30,,3271,0,,1,70,,3268,0,,1,30,,3257,0,,1,70,,3259,0,,1,30,,3256,0,,1,68,,3258,0,,1,25,,3255,0,,1,66,,3243,0,,1,26,,3244,0,,1,68,,3245,0,,1,32,,3246,0,,1,68,,3247,0,,1,34,,3248,0,,1,71,,3249,0,,1,30,,3250,0,,1,70,,3252,0,,1,30,,3251,0,,1,70,,3254,0,,1,30,,3253,0,,1
502,'260105-MULTI-Sunday-01',736,,3290,0,,1,70,,3283,0,,1,30,,3279,0,,1,70,,3273,0,,1,30,,3288,0,,1,71,,3281,0,,1,30,,3275,0,,1,70,,3274,0,,1,30,,3286,0,,1,70,,3282,0,,1,30,,3276,0,,1,69,,3277,0,,1,30,,3280,0,,1,71,,3289,0,,1,31,,3285,0,,1,80,,3284,0,,1,30,,3287,0,,1,70,,3291,0,,1,30,,3292,0,,1,70,,3293,0,,1,30,,3294,0,,1,69,,3296,0,,1,30,,3295,0,,1,71,,3297,0,,1,30,,3299,0,,1,70,,3298,0,,1,29,,3300,0,,1,70,,3301,0,,1,29,,3302,0,,1,69,,3303,0,,1,30,,3304,0,,1,60,,3306,0,,1,30,,3307,0,,1,70,,3305,0,,1,29,,3308,0,,1
502,'260105-MULTI-Weekday-01',505,,3313,0,,1,24,,3311,0,,1,19,,3312,0,,1,58,,3310,0,,1,15,,3309,0,,1,14,,3317,0,,1,14,,3316,0,,1,54,,3315,0,,1,15,,3314,0,,1,23,,3322,0,,1,73,,3323,0,,1,28,,3324,0,,1,68,,3325,0,,1,46,,3328,0,,1,80,,3327,0,,1,80,,3329,0,,1,40,,3330,0,,1,80,,3331,0,,1,80,,3332,0,,1,40,,3333,0,,1,77,,3342,0,,1,26,,3343,0,,1,67,,3340,0,,1,26,,3344,0,,1,67,,3345,0,,1,27,,3346,0,,1,66,,3348,0,,1,26,,3349,0,,1,66,,3350,0,,1,23,,3347,0,,1,26,,3351,0,,1,64,,3352,0,,1,32,,3368,0,,1,58,,3369,0,,1,20,,3374,0,,1,27,,3378,0,,1,78,,3366,0,,1,80,,3372,0,,1,23,,3376,0,,1,6,,3370,0,,1,60,,3371,0,,1,5,,3373,0,,1,29,,3380,0,,1,14,,3365,0,,1,65,,3377,0,,1,31,,3379,0,,1,65,,3375,0,,1,31,,3367,0,,1
3503,'251229-MULTI-Saturday-01',848,,12338,0,,1,86,,12336,0,,1,85,,12339,0,,1,85,,12337,0,,1,46,,12340,0,,1,85,,12341,0,,1,85,,12342,0,,1,85,,12344,0,,1,45,,12345,0,,1,85,,12343,0,,1,85,,12346,0,,1,85,,12348,0,,1,45,,12349,0,,1,84,,12347,0,,1,85,,12350,0,,1,85,,12351,0,,1,45,,12352,0,,1
3503,'251229-MULTI-Sunday-01',831,,12355,0,,1,85,,12354,0,,1,86,,12362,0,,1,47,,12357,0,,1,85,,12359,0,,1,85,,12361,0,,1,85,,12356,0,,1,45,,12363,0,,1,85,,12353,0,,1,85,,12358,0,,1,85,,12360,0,,1,45,,12364,0,,1,85,,12365,0,,1,85,,12368,0,,1,85,,12366,0,,1,45,,12367,0,,1
3503,'260105-MULTI-Holiday1-01',831,,12371,0,,1,85,,12370,0,,1,86,,12378,0,,1,47,,12373,0,,1,85,,12375,0,,1,85,,12377,0,,1,85,,12372,0,,1,45,,12379,0,,1,85,,12369,0,,1,85,,12374,0,,1,85,,12376,0,,1,45,,12380,0,,1,85,,12381,0,,1,85,,12384,0,,1,85,,12382,0,,1,45,,12383,0,,1
3503,'260105-MULTI-Saturday-01',848,,12387,0,,1,86,,12385,0,,1,85,,12388,0,,1,85,,12386,0,,1,46,,12390,0,,1,85,,12389,0,,1,85,,12391,0,,1,85,,12393,0,,1,45,,12394,0,,1,85,,12392,0,,1,85,,12395,0,,1,85,,12397,0,,1,45,,12398,0,,1,84,,12396,0,,1,85,,12399,0,,1,85,,12400,0,,1,45,,12401,0,,1
3503,'260105-MULTI-Sunday-01',831,,12404,0,,1,85,,12403,0,,1,86,,12411,0,,1,47,,12406,0,,1,85,,12408,0,,1,85,,12410,0,,1,85,,12405,0,,1,45,,12412,0,,1,85,,12402,0,,1,85,,12407,0,,1,85,,12409,0,,1,45,,12413,0,,1,85,,12414,0,,1,85,,12417,0,,1,85,,12415,0,,1,45,,12416,0,,1
3503,'260105-MULTI-Weekday-01',607,,12418,0,,1,38,,12422,0,,1,75,,12419,0,,1,36,,12441,0,,1,75,,12426,0,,1,75,,12437,0,,1,33,,12444,0,,1,75,,12449,0,,1,35,,12443,0,,1,75,,12421,0,,1,80,,12442,0,,1,31,,12440,0,,1,76,,12445,0,,1,33,,12438,0,,1,75,,12447,0,,1,35,,12448,0,,1,75,,12439,0,,1,77,,12429,0,,1,36,,12428,0,,1,75,,12424,0,,1,35,,12434,0,,1,74,,12430,0,,1,74,,12433,0,,1,33,,12427,0,,1,74,,12423,0,,1,34,,12431,0,,1,75,,12432,0,,1,34,,12435,0,,1,74,,12436,0,,1,35,,12420,0,,1,75,,12425,0,,1,75,,12446,0,,1
21401,'260105-MULTI-Weekday-01',1533,,16115,4,,1
