404,'251229-MULTI-Saturday-01',558,,2339,0,8,1,56,,2337,0,8,1,24,,2341,0,8,1,64,,2342,0,8,1,24,,2343,0,8,1,24,,2344,0,8,1,64,,2345,0,8,1,24,,2346,0,8,1,64,,2347,0,8,1,23,,2348,0,8,1,24,,2349,0,8,1,65,,2351,0,8,1,24,,2352,0,8,1,64,,2353,0,8,1,24,,2350,0,8,1,24,,2354,0,8,1,64,,2355,0,8,1,24,,2356,0,8,1,64,,2357,0,8,1,25,,2358,0,8,1,24,,2359,0,8,1,64,,2360,0,8,1,24,,2361,0,8,1,64,,2362,0,8,1,24,,2363,0,8,1,24,,2364,0,8,1,64,,2365,0,8,1,24,,2366,0,8,1,64,,2367,0,8,1,24,,2368,0,8,1,24,,2370,0,8,1,65,,2371,0,8,1,24,,2372,0,8,1,64,,2369,0,8,1,34,,2415,0,8,1,68,,2416,0,8,1,29,,2417,0,8,1,70,,2418,0,8,1,30,,2419,0,8,1,70,,2420,0,8,1,25,,2421,0,8,1,70,,2422,0,8,1,30,,2423,0,8,1,70,,2424,0,8,1,30,,2425,0,8,1
404,'251229-MULTI-Sunday-01',620,,2428,0,8,1,32,,2426,0,8,1,64,,2465,0,8,1,30,,2466,0,8,1,70,,2467,0,8,1,30,,2468,0,8,1,70,,2469,0,8,1,30,,2470,0,8,1,70,,2471,0,8,1,30,,2472,0,8,1,70,,2473,0,8,1,30,,2474,0,8,1,70,,2475,0,8,1,30,,2476,0,8,1,70,,2477,0,8,1,30,,2478,0,8,1,70,,2479,0,8,1,30,,2480,0,8,1,70,,2481,0,8,1,30,,2482,0,8,1,70,,2484,0,8,1,30,,2485,0,8,1,70,,2486,0,8,1,30,,2483,0,8,1,71,,2487,0,8,1,30,,2488,0,8,1,68,,2489,0,8,1,30,,2490,0,8,1,70,,2491,0,8,1,31,,2492,0,8,1,70,,2493,0,8,1,30,,2494,0,8,1,69,,2495,0,8,1,24,,2496,0,8,1,69,,2497,0,8,1,30,,2498,0,8,1,70,,2499,0,8,1,30,,2500,0,8,1
404,'260105-MULTI-Holiday1-01',620,,2503,0,8,1,32,,2501,0,8,1,64,,2540,0,8,1,30,,2541,0,8,1,70,,2543,0,8,1,30,,2544,0,8,1,70,,2545,0,8,1,30,,2542,0,8,1,70,,2546,0,8,1,30,,2547,0,8,1,70,,2548,0,8,1,30,,2549,0,8,1,70,,2550,0,8,1,30,,2551,0,8,1,70,,2552,0,8,1,30,,2553,0,8,1,70,,2554,0,8,1,30,,2555,0,8,1,70,,2556,0,8,1,30,,2557,0,8,1,70,,2559,0,8,1,30,,2560,0,8,1,70,,2561,0,8,1,30,,2558,0,8,1,71,,2562,0,8,1,30,,2563,0,8,1,68,,2564,0,8,1,30,,2565,0,8,1,70,,2566,0,8,1,31,,2567,0,8,1,70,,2568,0,8,1,30,,2569,0,8,1,69,,2570,0,8,1,24,,2571,0,8,1,69,,2572,0,8,1,30,,2573,0,8,1,70,,2574,0,8,1,30,,2575,0,8,1
404,'260105-MULTI-Saturday-01',558,,2578,0,8,1,56,,2576,0,8,1,24,,2580,0,8,1,64,,2581,0,8,1,24,,2582,0,8,1,24,,2583,0,8,1,64,,2584,0,8,1,24,,2585,0,8,1,64,,2586,0,8,1,23,,2587,0,8,1,24,,2588,0,8,1,65,,2590,0,8,1,24,,2591,0,8,1,64,,2592,0,8,1,24,,2589,0,8,1,24,,2593,0,8,1,64,,2594,0,8,1,24,,2595,0,8,1,64,,2596,0,8,1,25,,2597,0,8,1,24,,2598,0,8,1,64,,2599,0,8,1,24,,2600,0,8,1,64,,2601,0,8,1,24,,2602,0,8,1,24,,2603,0,8,1,64,,2604,0,8,1,24,,2605,0,8,1,64,,2606,0,8,1,24,,2607,0,8,1,24,,2609,0,8,1,65,,2611,0,8,1,24,,2612,0,8,1,64,,2608,0,8,1,34,,2654,0,8,1,68,,2655,0,8,1,29,,2656,0,8,1,70,,2657,0,8,1,30,,2658,0,8,1,70,,2659,0,8,1,25,,2660,0,8,1,70,,2661,0,8,1,30,,2662,0,8,1,70,,2663,0,8,1,30,,2664,0,8,1
404,'260105-MULTI-Sunday-01',620,,2667,0,8,1,32,,2665,0,8,1,64,,2704,0,8,1,30,,2705,0,8,1,70,,2707,0,8,1,30,,2708,0,8,1,70,,2709,0,8,1,30,,2706,0,8,1,70,,2710,0,8,1,30,,2711,0,8,1,70,,2712,0,8,1,30,,2713,0,8,1,70,,2714,0,8,1,30,,2715,0,8,1,70,,2716,0,8,1,30,,2717,0,8,1,70,,2718,0,8,1,30,,2719,0,8,1,70,,2720,0,8,1,30,,2721,0,8,1,70,,2723,0,8,1,30,,2724,0,8,1,70,,2725,0,8,1,30,,2722,0,8,1,71,,2726,0,8,1,30,,2727,0,8,1,68,,2728,0,8,1,30,,2729,0,8,1,70,,2730,0,8,1,31,,2731,0,8,1,70,,2732,0,8,1,30,,2733,0,8,1,69,,2734,0,8,1,24,,2735,0,8,1,69,,2736,0,8,1,30,,2737,0,8,1,70,,2738,0,8,1,30,,2739,0,8,1
404,'260105-MULTI-Weekday-01',416,,2740,0,8,1,20,,2741,0,8,1,20,,2742,0,8,1,60,,2743,0,8,1,20,,2744,0,8,1,20,,2745,0,8,1,61,,2746,0,8,1,20,,2747,0,8,1,20,,2748,0,8,1,63,,2749,0,8,1,22,,2750,0,8,1,62,,2751,0,8,1,21,,2752,0,8,1,18,,2753,0,8,1,61,,2754,0,8,1,16,,2755,0,8,1,17,,2756,0,8,1,20,,2757,0,8,1,62,,2758,0,8,1,18,,2759,0,8,1,20,,2760,0,8,1,60,,2761,0,8,1,20,,2762,0,8,1,20,,2763,0,8,1,64,,2764,0,8,1,16,,2765,0,8,1,64,,2766,0,8,1,23,,2768,0,8,1,19,,2769,0,8,1,61,,2770,0,8,1,20,,2767,0,8,1,20,,2771,0,8,1,60,,2772,0,8,1,21,,2773,0,8,1,20,,2774,0,8,1,60,,2775,0,8,1,19,,2776,0,8,1,21,,2777,0,8,1,60,,2778,0,8,1,20,,2779,0,8,1,20,,2780,0,8,1,60,,2781,0,8,1,21,,2782,0,8,1,20,,2783,0,8,1,60,,2784,0,8,1,24,,2846,0,8,1,24,,2847,0,8,1,64,,2848,0,8,1,26,,2849,0,8,1,62,,2850,0,8,1,22,,2851,0,8,1,26,,2852,0,8,1,64,,2853,0,8,1,24,,2854,0,8,1,61,,2855,0,8,1,26,,2856,0,8,1,24,,2857,0,8,1,64,,2858,0,8,1,24,,2859,0,8,1,64,,2860,0,8,1,24,,2861,0,8,1
2801,'251229-MULTI-Saturday-01',639,,10258,0,,1,90,,10260,0,,1,90,,10261,0,,1,90,,10262,0,,1,50,,10259,0,,1,90,,10263,0,,1,90,,10264,0,,1,90,,10265,0,,1,90,,10266,0,,1,90,,10267,0,,1,50,,10268,0,,1,90,,10269,0,,1,90,,10270,0,,1,90,,10271,0,,1,90,,10272,0,,1,90,,10257,0,,1
2801,'251229-MULTI-Sunday-01',639,,10277,0,,1,90,,10281,0,,1,90,,10273,0,,1,90,,10276,0,,1,50,,10282,0,,1,90,,10280,0,,1,90,,10283,0,,1,90,,10288,0,,1,90,,10290,0,,1,90,,10292,0,,1,50,,10294,0,,1,90,,10296,0,,1,90,,10298,0,,1,90,,10300,0,,1,90,,10302,0,,1,90,,10304,0,,1
2801,'260105-MULTI-Holiday1-01',639,,10309,0,,1,90,,10313,0,,1,90,,10305,0,,1,90,,10308,0,,1,50,,10314,0,,1,90,,10312,0,,1,90,,10315,0,,1,90,,10320,0,,1,90,,10322,0,,1,90,,10324,0,,1,50,,10326,0,,1,90,,10328,0,,1,90,,10331,0,,1,90,,10332,0,,1,90,,10334,0,,1,90,,10336,0,,1
2801,'260105-MULTI-Saturday-01',639,,10354,0,,1,90,,10356,0,,1,90,,10357,0,,1,90,,10358,0,,1,50,,10355,0,,1,90,,10359,0,,1,90,,10360,0,,1,90,,10361,0,,1,90,,10362,0,,1,90,,10363,0,,1,50,,10364,0,,1,90,,10365,0,,1,90,,10366,0,,1,90,,10367,0,,1,90,,10368,0,,1,90,,10353,0,,1
2801,'260105-MULTI-Sunday-01',639,,10373,0,,1,90,,10377,0,,1,90,,10369,0,,1,90,,10372,0,,1,50,,10378,0,,1,90,,10376,0,,1,90,,10379,0,,1,90,,10384,0,,1,90,,10386,0,,1,90,,10388,0,,1,50,,10390,0,,1,90,,10392,0,,1,90,,10395,0,,1,90,,10396,0,,1,90,,10398,0,,1,90,,10400,0,,1
2801,'260105-MULTI-Weekday-01',439,,10443,0,,1,80,,10441,0,,1,40,,10442,0,,1,78,,10423,0,,1,81,,10424,0,,1,38,,10425,0,,1,79,,10426,0,,1,80,,10427,0,,1,42,,10429,0,,1,82,,10430,0,,1,80,,10431,0,,1,40,,10428,0,,1,80,,10432,0,,1,80,,10433,0,,1,40,,10434,0,,1,81,,10435,0,,1,79,,10436,0,,1,82,,10437,0,,1,39,,10438,0,,1,79,,10439,0,,1,40,,10403,0,,1,82,,10402,0,,1,80,,10440,0,,1
