'251229-MULTI-Saturday-01',101,54400,0,'',1,6900,0,'',1,2100,0,'',1,1900,0,'',1,6400,0,'',1,2100,0,'',1,2000,0,'',1,6000,0,'',1,2300,0,'',1,6100,0,'',1,2300,0,'',1,2100,0,'',1,6000,0,'',1,1800,0,'',1,1900,0,'',1,6200,0,'',1,2100,0,'',1,1500,0,'',1,1500,0,'',1,5500,0,'',1,1500,0,'',1,1500,0,'',1,1500,0,'',1,5600,0,'',1,1500,0,'',1,1600,0,'',1,1600,0,'',1,5500,0,'',1,1400,0,'',1,1200,0,'',1,1500,0,'',1,5500,0,'',1,1600,0,'',1,1500,0,'',1,1600,0,'',1,5600,0,'',1,1500,0,'',1,1500,0,'',1,1500,0,'',1,5500,0,'',1,1500,0,'',1,1300,0,'',1,1500,0,'',1,5400,0,'',1,1400,0,'',1,1400,0,'',1,1400,0,'',1,5400,0,'',1,1400,0,'',1,1300,0,'',1,1500,0,'',1,5400,0,'',1,1900,0,'',1,1900,0,'',1,1800,0,'',1,5800,0,'',1,2000,0,'',1,2000,0,'',1,6000,0,'',1,2000,0,'',1,6600,0,'',1,2700,0,'',1,2900,0,'',1,6900,0,'',1,2900,0,'',1,6800,0,'',1,2900,0,'',1
'251229-MULTI-Sunday-01',101,62600,0,'',1,7500,0,'',1,5500,0,'',1,6000,0,'',1,2100,0,'',1,2000,0,'',1,6000,0,'',1,2000,0,'',1,2000,0,'',1,6100,0,'',1,2000,0,'',1,2000,0,'',1,6100,0,'',1,2000,0,'',1,6100,0,'',1,2000,0,'',1,2000,0,'',1,6000,0,'',1,2100,0,'',1,2000,0,'',1,6100,0,'',1,2000,0,'',1,2100,0,'',1,6000,0,'',1,2000,0,'',1,2000,0,'',1,6000,0,'',1,2100,0,'',1,2000,0,'',1,6000,0,'',1,2000,0,'',1,2000,0,'',1,6000,0,'',1,2000,0,'',1,1900,0,'',1,5800,0,'',1,1900,0,'',1,2000,0,'',1,6000,0,'',1,2000,0,'',1,1900,0,'',1,2000,0,'',1,5700,0,'',1,2000,0,'',1,6500,0,'',1,2000,0,'',1,1900,0,'',1,6000,0,'',1,1900,0,'',1,2000,0,'',1,1900,0,'',1,5500,0,'',1,1900,0,'',1,2300,0,'',1
'260105-MULTI-Holiday1-01',101,62600,0,'',1,7500,0,'',1,5500,0,'',1,6000,0,'',1,2100,0,'',1,2000,0,'',1,6000,0,'',1,2000,0,'',1,2000,0,'',1,6100,0,'',1,2000,0,'',1,2000,0,'',1,6100,0,'',1,2000,0,'',1,6100,0,'',1,2000,0,'',1,2000,0,'',1,6000,0,'',1,2100,0,'',1,2000,0,'',1,6100,0,'',1,2000,0,'',1,2100,0,'',1,6000,0,'',1,2000,0,'',1,2000,0,'',1,6000,0,'',1,2100,0,'',1,2000,0,'',1,6000,0,'',1,2000,0,'',1,2000,0,'',1,6000,0,'',1,2000,0,'',1,1900,0,'',1,5800,0,'',1,1900,0,'',1,2000,0,'',1,6000,0,'',1,2000,0,'',1,1900,0,'',1,2000,0,'',1,5700,0,'',1,2000,0,'',1,6500,0,'',1,2000,0,'',1,1900,0,'',1,6000,0,'',1,1900,0,'',1,2000,0,'',1,1900,0,'',1,5500,0,'',1,1900,0,'',1,2300,0,'',1
'260105-MULTI-Saturday-01',101,54400,0,'',1,6900,0,'',1,2100,0,'',1,1900,0,'',1,6400,0,'',1,2100,0,'',1,2000,0,'',1,6000,0,'',1,2300,0,'',1,6100,0,'',1,2300,0,'',1,2100,0,'',1,6000,0,'',1,1800,0,'',1,1900,0,'',1,6200,0,'',1,2100,0,'',1,1500,0,'',1,1500,0,'',1,5500,0,'',1,1500,0,'',1,1500,0,'',1,1500,0,'',1,5600,0,'',1,1500,0,'',1,1600,0,'',1,1600,0,'',1,5500,0,'',1,1400,0,'',1,1200,0,'',1,1500,0,'',1,5500,0,'',1,1600,0,'',1,1500,0,'',1,1600,0,'',1,5600,0,'',1,1500,0,'',1,1500,0,'',1,1500,0,'',1,5500,0,'',1,1500,0,'',1,1300,0,'',1,1500,0,'',1,5400,0,'',1,1400,0,'',1,1400,0,'',1,1400,0,'',1,5400,0,'',1,1400,0,'',1,1300,0,'',1,1500,0,'',1,5400,0,'',1,1900,0,'',1,1900,0,'',1,1800,0,'',1,5800,0,'',1,2000,0,'',1,2000,0,'',1,6000,0,'',1,2000,0,'',1,6600,0,'',1,2700,0,'',1,2900,0,'',1,6900,0,'',1,2900,0,'',1,6800,0,'',1,2900,0,'',1
'260105-MULTI-Sunday-01',101,62600,0,'',1,7500,0,'',1,5500,0,'',1,6000,0,'',1,2100,0,'',1,2000,0,'',1,6000,0,'',1,2000,0,'',1,2000,0,'',1,6100,0,'',1,2000,0,'',1,2000,0,'',1,6100,0,'',1,2000,0,'',1,6100,0,'',1,2000,0,'',1,2000,0,'',1,6000,0,'',1,2100,0,'',1,2000,0,'',1,6100,0,'',1,2000,0,'',1,2100,0,'',1,6000,0,'',1,2000,0,'',1,2000,0,'',1,6000,0,'',1,2100,0,'',1,2000,0,'',1,6000,0,'',1,2000,0,'',1,2000,0,'',1,6000,0,'',1,2000,0,'',1,1900,0,'',1,5800,0,'',1,1900,0,'',1,2000,0,'',1,6000,0,'',1,2000,0,'',1,1900,0,'',1,2000,0,'',1,5700,0,'',1,2000,0,'',1,6500,0,'',1,2000,0,'',1,1900,0,'',1,6000,0,'',1,1900,0,'',1,2000,0,'',1,1900,0,'',1,5500,0,'',1,1900,0,'',1,2300,0,'',1
'260105-MULTI-Weekday-01',101,41100,0,'',1,1800,0,'',1,2200,0,'',1,6300,0,'',1,2000,0,'',1,7100,0,'',1,2000,0,'',1,800,0,'',1,7700,0,'',1,2500,0,'',1,2300,0,'',1,6500,0,'',1,1400,0,'',1,7500,0,'',1,2100,0,'',1,2200,0,'',1,4500,0,'',1,5000,0,'',1,6700,0,'',1,4200,0,'',1,6900,0,'',1,2800,0,'',1,6900,0,'',1,8400,0,'FCCC',1,2700,0,'',1,7900,0,'',1,2100,0,'',1,6700,0,'FCCC',1,3600,0,'',1,6500,0,'',1,2200,0,'',1,2400,0,'',1,6300,0,'',1,1900,0,'',1,2300,0,'',1,5700,0,'',1,1500,0,'',1,2300,0,'',1,900,0,'',1,6600,0,'',1,2200,0,'',1,6900,0,'',1,2400,0,'',1,1900,0,'',1,6200,0,'',1,2400,0,'',1,7800,0,'',1,2700,0,'',1,8400,0,'',1,7500,0,'',1,3200,0,'',1,7400,0,'',1
'251229-MULTI-Saturday-01',3104,81700,0,'',1,9000,0,'A',1,1000,0,'',1,8900,0,'',1,100,0,'A',1,10700,0,'',1,100,0,'A',1,10400,0,'',1,100,0,'A',1,10400,0,'',1,100,0,'A',1,10300,0,'',1,100,0,'A',1,10500,0,'',1,100,0,'A',1,10400,0,'',1,100,0,'A',1,10400,0,'',1,100,0,'A',1,10300,0,'',1,100,0,'A',1,10100,0,'',1,100,0,'A',1
'251229-MULTI-Sunday-01',3104,91800,0,'',1,9200,0,'',1,100,0,'A',1,10400,0,'',1,100,0,'A',1,10400,0,'',1,100,0,'A',1,10400,0,'',1,100,0,'A',1,10400,0,'',1,100,0,'A',1,10400,0,'',1,100,0,'A',1,10400,0,'',1,100,0,'A',1,10400,0,'',1,100,0,'A',1,10400,0,'',1,100,0,'A',1
'260105-MULTI-Holiday1-01',3104,91800,0,'',1,9200,0,'',1,100,0,'A',1,10400,0,'',1,100,0,'A',1,10400,0,'',1,100,0,'A',1,10400,0,'',1,100,0,'A',1,10400,0,'',1,100,0,'A',1,10400,0,'',1,100,0,'A',1,10400,0,'',1,100,0,'A',1,10400,0,'',1,100,0,'A',1,10400,0,'',1,100,0,'A',1
'260105-MULTI-Saturday-01',3104,81700,0,'',1,9000,0,'A',1,1000,0,'',1,8900,0,'',1,100,0,'A',1,10700,0,'',1,100,0,'A',1,10400,0,'',1,100,0,'A',1,10400,0,'',1,100,0,'A',1,10300,0,'',1,100,0,'A',1,10500,0,'',1,100,0,'A',1,10400,0,'',1,100,0,'A',1,10400,0,'',1,100,0,'A',1,10300,0,'',1,100,0,'A',1,10100,0,'',1,100,0,'A',1
'260105-MULTI-Sunday-01',3104,91800,0,'',1,9200,0,'',1,100,0,'A',1,10400,0,'',1,100,0,'A',1,10400,0,'',1,100,0,'A',1,10400,0,'',1,100,0,'A',1,10400,0,'',1,100,0,'A',1,10400,0,'',1,100,0,'A',1,10400,0,'',1,100,0,'A',1,10400,0,'',1,100,0,'A',1,10400,0,'',1,100,0,'A',1
'260105-MULTI-Weekday-01',3104,51300,0,'',1,3200,0,'',1,7300,0,'A',1,100,0,'',1,3300,0,'',1,7100,0,'A',1,100,0,'',1,3200,0,'',1,7100,0,'A',1,100,0,'',1,7200,0,'',1,3100,0,'A',1,100,0,'',1,7200,0,'',1,3100,0,'',1,7100,0,'',1,3200,0,'',1,100,0,'A',1,7100,0,'',1,3200,0,'',1,100,0,'A',1,7100,0,'',1,3200,0,'',1,100,0,'A',1,7100,0,'',1,3200,0,'',1,100,0,'A',1,7100,0,'',1,3200,0,'',1,100,0,'A',1,7200,0,'',1,3200,0,'',1,4100,0,'A',1,3100,0,'',1,7200,0,'',1,100,0,'A',1,3000,0,'',1,6700,0,'A',1,400,0,'',1,3100,0,'',1,7400,0,'A',1,400,0,'',1,10500,0,'A',1,400,0,'',1,10000,0,'',1,10000,0,'',1
