'251229-MULTI-Saturday-01',1101,43900,0,'',1,8100,0,'',1,8000,0,'',1,4100,0,'',1,8000,0,'',1,8000,0,'',1,4200,0,'',1,8800,0,'',1,8000,0,'',1,4200,0,'',1,8200,0,'',1,8200,0,'',1,4100,0,'',1,8200,0,'',1,8200,0,'',1,8600,0,'',1,4400,0,'',1,8600,0,'',1,8200,0,'',1,8400,0,'',1,4500,0,'',1,8700,0,'',1,8400,0,'',1,8700,0,'',1,9400,0,'',1,5400,0,'',1,14500,0,'',1
'251229-MULTI-Sunday-01',1101,52100,0,'',1,8000,0,'',1,4000,0,'',1,8000,0,'',1,8000,0,'',1,4000,0,'',1,8000,0,'',1,8000,0,'',1,4000,0,'',1,8000,0,'',1,8000,0,'',1,4000,0,'',1,8000,0,'',1,8000,0,'',1,4000,0,'',1,8200,0,'',1,8200,0,'',1,4200,0,'',1,8200,0,'',1,8000,0,'',1,4100,0,'',1,8600,0,'',1,8600,0,'',1,8400,0,'',1,4500,0,'',1,8900,0,'',1,8600,0,'',1,8000,0,'',1
'260105-MULTI-Holiday1-01',1101,52100,0,'',1,8000,0,'',1,4000,0,'',1,8000,0,'',1,8000,0,'',1,4000,0,'',1,8000,0,'',1,8000,0,'',1,4000,0,'',1,8000,0,'',1,8000,0,'',1,4000,0,'',1,8000,0,'',1,8000,0,'',1,4000,0,'',1,8200,0,'',1,8200,0,'',1,4200,0,'',1,8200,0,'',1,8000,0,'',1,4100,0,'',1,8600,0,'',1,8600,0,'',1,8400,0,'',1,4500,0,'',1,8900,0,'',1,8600,0,'',1,8000,0,'',1
'260105-MULTI-Saturday-01',1101,43900,0,'',1,8100,0,'',1,8000,0,'',1,4100,0,'',1,8000,0,'',1,8000,0,'',1,4200,0,'',1,8800,0,'',1,8000,0,'',1,4200,0,'',1,8200,0,'',1,8200,0,'',1,4100,0,'',1,8200,0,'',1,8200,0,'',1,8600,0,'',1,4400,0,'',1,8600,0,'',1,8200,0,'',1,8400,0,'',1,4500,0,'',1,8700,0,'',1,8400,0,'',1,8700,0,'',1,9400,0,'',1,5400,0,'',1,14500,0,'',1
'260105-MULTI-Sunday-01',1101,52100,0,'',1,8000,0,'',1,4000,0,'',1,8000,0,'',1,8000,0,'',1,4000,0,'',1,8000,0,'',1,8000,0,'',1,4000,0,'',1,8000,0,'',1,8000,0,'',1,4000,0,'',1,8000,0,'',1,8000,0,'',1,4000,0,'',1,8200,0,'',1,8200,0,'',1,4200,0,'',1,8200,0,'',1,8000,0,'',1,4100,0,'',1,8600,0,'',1,8600,0,'',1,8400,0,'',1,4500,0,'',1,8900,0,'',1,8600,0,'',1,8000,0,'',1
'260105-MULTI-Weekday-01',1101,42400,0,'',1,2000,0,'',1,5900,0,'',1,1900,0,'',1,2100,0,'',1,1400,0,'',1,6400,0,'',1,1800,0,'',1,6100,0,'',1,1300,0,'',1,2800,0,'',1,1400,0,'',1,5900,0,'',1,2200,0,'',1,6500,0,'',1,3100,0,'',1,1800,0,'',1,6700,0,'',1,3000,0,'',1,5400,0,'',1,9900,0,'',1,2700,0,'',1,7300,0,'D Gate',1,400,0,'',1,2800,0,'',1,2200,0,'',1,6000,0,'',1,2800,0,'',1,6200,0,'',1,1700,0,'D Humber',1,8000,0,'D Humber',1,2000,0,'',1,2700,0,'',1,6700,0,'',1,2200,0,'',1,7400,0,'',1,3300,0,'',1,6200,0,'',1,2200,0,'',1,2600,0,'',1,6500,0,'',1,1900,0,'',1,7100,0,'',1,2500,0,'D Humber',1,1900,0,'',1,8600,0,'',1,9000,0,'',1,2600,0,'D Gate',1,5900,0,'',1,1800,0,'D Gate',1,1500,0,'',1,7500,0,'',1
'251229-MULTI-Saturday-01',5101,65400,0,'',1,10100,0,'',1,10000,0,'',1,10000,0,'',1,10000,0,'',1,9900,0,'',1,10100,0,'',1,10000,0,'',1,10000,0,'',1,10000,0,'',1,10100,0,'',1,10000,0,'',1,10000,0,'',1,10000,0,'',1,10000,0,'',1,10000,0,'',1
'251229-MULTI-Sunday-01',5101,85400,0,'',1,10100,0,'',1,9900,0,'',1,9900,0,'',1,10300,0,'',1,10000,0,'',1,10000,0,'',1,10000,0,'',1,10100,0,'',1,10000,0,'',1,9900,0,'',1,10000,0,'',1,10000,0,'',1,10000,0,'',1
'260105-MULTI-Holiday1-01',5101,85400,0,'',1,10100,0,'',1,9900,0,'',1,9900,0,'',1,10300,0,'',1,10000,0,'',1,10000,0,'',1,10000,0,'',1,10100,0,'',1,10000,0,'',1,9900,0,'',1,10000,0,'',1,10000,0,'',1,10000,0,'',1
'260105-MULTI-Saturday-01',5101,65400,0,'',1,10100,0,'',1,10000,0,'',1,10000,0,'',1,10000,0,'',1,9900,0,'',1,10100,0,'',1,10000,0,'',1,10000,0,'',1,10000,0,'',1,10100,0,'',1,10000,0,'',1,10000,0,'',1,10000,0,'',1,10000,0,'',1,10000,0,'',1
'260105-MULTI-Sunday-01',5101,85400,0,'',1,10100,0,'',1,9900,0,'',1,9900,0,'',1,10300,0,'',1,10000,0,'',1,10000,0,'',1,10000,0,'',1,10100,0,'',1,10000,0,'',1,9900,0,'',1,10000,0,'',1,10000,0,'',1,10000,0,'',1
'260105-MULTI-Weekday-01',5101,50300,0,'',1,3300,0,'',1,7000,0,'',1,3700,0,'',1,6400,0,'',1,3200,0,'',1,6900,0,'',1,3400,0,'',1,6600,0,'',1,3100,0,'',1,6900,0,'',1,3000,0,'',1,7000,0,'',1,3000,0,'',1,7000,0,'',1,2600,0,'',1,7200,0,'',1,2700,0,'',1,7300,0,'',1,3200,0,'',1,6900,0,'',1,3000,0,'',1,7400,0,'',1,2700,0,'',1,7100,0,'',1,2900,0,'',1,7400,0,'',1,2800,0,'',1,10000,0,'',1,9900,0,'',1,9900,0,'',1,10000,0,'',1,10700,0,'',1,9200,0,'',1
