501,'Holiday1',645,,15435,26,,,1,70,,15433,26,,,1,30,,15431,26,,,1,70,,15430,26,,,1,37,,15434,26,,,1,72,,15432,26,,,1,29,,15429,26,,,1,64,,15428,26,,,1,23,,15426,26,,,1,70,,15427,26,,,1,31,,15425,26,,,1,70,,15424,26,,,1,33,,15423,26,,,1,70,,15421,26,,,1,32,,15422,26,,,1,76,,15419,26,,,1,32,,15420,26,,,1,70,,15418,26,,,1,30,,15416,26,,,1,70,,15415,26,,,1,30,,15417,26,,,1,70,,15414,26,,,1,30,,15412,26,,,1,70,,15413,26,,,1,30,,15409,26,,,1,70,,15411,26,,,1,35,,15410,26,,,1,91,,15438,26,,,1,87,,15439,26,,,1,89,,15437,26,,,1,89,,15436,26,,,1
501,'Saturday',512,,15441,26,,,1,27,,15450,26,,,1,67,,15463,26,,,1,27,,15442,26,,,1,72,,15444,26,,,1,31,,15440,26,,,1,70,,15448,26,,,1,29,,15455,26,,,1,72,,15443,26,,,1,32,,15445,26,,,1,72,,15446,26,,,1,34,,15449,26,,,1,74,,15457,26,,,1,30,,15447,26,,,1,76,,15452,26,,,1,30,,15453,26,,,1,64,,15454,26,,,1,30,,15451,26,,,1,70,,15458,26,,,1,30,,15459,26,,,1,71,,15456,26,,,1,30,,15462,26,,,1,70,,15460,26,,,1,30,,15461,26,,,1,70,,15464,26,,,1,30,,15467,26,,,1,70,,15466,26,,,1,29,,15465,26,,,1,71,,15470,26,,,1,33,,15468,26,,,1,82,,15472,26,,,1,90,,15473,26,,,1,89,,15474,26,,,1,88,,15475,26,,,1,47,,15469,26,,,1,90,,15471,26,,,1
501,'Sunday',645,,15502,26,,,1,70,,15500,26,,,1,30,,15498,26,,,1,70,,15497,26,,,1,37,,15501,26,,,1,72,,15499,26,,,1,29,,15496,26,,,1,64,,15495,26,,,1,23,,15493,26,,,1,70,,15494,26,,,1,31,,15492,26,,,1,70,,15491,26,,,1,33,,15490,26,,,1,70,,15488,26,,,1,32,,15489,26,,,1,76,,15486,26,,,1,32,,15487,26,,,1,70,,15485,26,,,1,30,,15483,26,,,1,70,,15482,26,,,1,30,,15484,26,,,1,70,,15481,26,,,1,30,,15479,26,,,1,70,,15480,26,,,1,30,,15476,26,,,1,70,,15478,26,,,1,35,,15477,26,,,1,91,,15505,26,,,1,87,,15506,26,,,1,89,,15504,26,,,1,89,,15503,26,,,1
501,'Weekday',433,,15507,26,,,1,20,,15509,26,,,1,61,,15510,26,,,1,20,,15511,26,,,1,20,,15512,26,,,1,60,,15513,26,,,1,23,,15514,26,,,1,20,,15515,26,,,1,64,,15516,26,,,1,24,,15517,26,,,1,60,,15518,26,0,5,1,20,,15521,26,,,1,19,,15519,26,0,5,1,60,,15522,26,,,1,18,,15520,26,0,5,1,18,,15523,26,,,1,67,,15549,26,0,5,1,27,,15554,26,,,1,67,,15548,26,0,5,1,26,,15553,26,,,1,28,,15551,26,0,5,1,68,,15550,26,,,1,28,,15556,26,0,5,1,67,,15552,26,,,1,27,,15555,26,0,5,1,79,,15524,26,,,1,22,,15525,26,0,5,1,59,,15533,26,,,1,20,,15526,26,0,5,1,29,,15534,26,,,1,60,,15527,26,0,5,1,18,,15535,26,,,1,22,,15528,26,0,5,1,58,,15536,26,,,1,20,,15529,26,0,5,1,20,,15537,26,,,1,60,,15530,26,0,5,1,19,,15538,26,,,1,22,,15531,26,0,5,1,58,,15539,26,,,1,21,,15532,26,0,5,1,19,,15540,26,,,1,77,,15541,26,,,1,79,,15542,26,,,1,37,,15543,26,,,1,79,,15544,26,,,1,79,,15545,26,,,1,40,,15546,26,,,1,79,,15547,26,,,1,37,,15508,26,,,1
1204,'Holiday1',828,,17510,18,,,1,81,,17504,18,,,1,39,,17507,18,,,1,80,,17508,18,,,1,80,,17505,18,,,1,40,,17506,18,,,1,80,,17511,18,,,1,80,,17512,18,,,1,41,,17509,18,,,1,84,,17514,18,,,1,79,,17513,18,,,1,40,,17516,18,,,1,78,,17515,18,,,1,80,,17517,18,,,1,40,,17518,18,,,1,80,,17519,18,,,1,80,,17520,18,,,1,38,,17521,18,,,1,79,,17522,18,,,1,80,,17523,18,,,1,40,,17524,18,,,1,79,,17525,18,,,1,80,,17526,18,,,1
1204,'Saturday',613,,17529,18,,,1,40,,17527,18,,,1,80,,17528,18,,,1,80,,17530,18,,,1,40,,17531,18,,,1,80,,17532,18,,,1,80,,17533,18,,,1,40,,17534,18,,,1,80,,17536,18,,,1,80,,17535,18,,,1,40,,17538,18,,,1,80,,17537,18,,,1,81,,17539,18,,,1,40,,17540,18,,,1,80,,17541,18,,,1,80,,17542,18,,,1,40,,17544,18,,,1,78,,17543,18,,,1,80,,17545,18,,,1,40,,17546,18,,,1,80,,17547,18,,,1,81,,17549,18,,,1,40,,17551,18,,,1,80,,17548,18,,,1,80,,17550,18,,,1,40,,17552,18,,,1,78,,17553,18,,,1,80,,17554,18,,,1,40,,17555,18,,,1
1204,'Sunday',828,,17562,18,,,1,81,,17556,18,,,1,39,,17559,18,,,1,80,,17560,18,,,1,80,,17557,18,,,1,40,,17558,18,,,1,80,,17563,18,,,1,80,,17564,18,,,1,41,,17561,18,,,1,84,,17566,18,,,1,79,,17565,18,,,1,40,,17568,18,,,1,78,,17567,18,,,1,80,,17569,18,,,1,40,,17570,18,,,1,80,,17571,18,,,1,80,,17572,18,,,1,38,,17573,18,,,1,79,,17574,18,,,1,80,,17575,18,,,1,40,,17576,18,,,1,79,,17577,18,,,1,80,,17578,18,,,1
1204,'Weekday',556,,17579,18,,,1,75,,17580,18,,,1,83,,17581,18,,,1,35,,17582,18,,,1,77,,17583,18,,,1,29,,17584,18,,,1,73,,17585,18,,,1,31,,17586,18,,,1,79,,17587,18,,,1,84,,17588,18,,,1,80,,17589,18,,,1,43,,17590,18,,,1,86,,17591,18,,,1,83,,17592,18,,,1,45,,17593,18,,,1,90,,17603,18,,,1,75,,17604,18,,,1,27,,17605,18,,,1,68,,17606,18,,,1,34,,17607,18,,,1,69,,17608,18,,,1,32,,17609,18,,,1,64,,17602,18,,,1,30,,17598,18,,,1,79,,17594,18,,,1,86,,17599,18,,,1,46,,17595,18,,,1,84,,17600,18,,,1,85,,17596,18,,,1,79,,17601,18,,,1,46,,17597,18,,,1
3503,'Holiday1',839,,21911,47,,,1,85,,21910,47,,,1,86,,21918,47,,,1,47,,21913,47,,,1,85,,21915,47,,,1,85,,21917,47,,,1,85,,21912,47,,,1,45,,21919,47,,,1,85,,21909,47,,,1,85,,21914,47,,,1,85,,21916,47,,,1,45,,21920,47,,,1,84,,21921,47,,,1,85,,21924,47,,,1,85,,21922,47,,,1,45,,21923,47,,,1
3503,'Saturday',856,,21927,47,,,1,87,,21925,47,,,1,85,,21928,47,,,1,85,,21926,47,,,1,46,,21930,47,,,1,85,,21929,47,,,1,85,,21932,47,,,1,85,,21933,47,,,1,45,,21934,47,,,1,85,,21931,47,,,1,85,,21935,47,,,1,85,,21937,47,,,1,45,,21938,47,,,1,84,,21936,47,,,1,85,,21939,47,,,1,85,,21940,47,,,1,45,,21941,47,,,1
3503,'Sunday',839,,21944,47,,,1,85,,21943,47,,,1,86,,21951,47,,,1,47,,21946,47,,,1,85,,21948,47,,,1,85,,21950,47,,,1,85,,21945,47,,,1,45,,21952,47,,,1,85,,21942,47,,,1,85,,21947,47,,,1,85,,21949,47,,,1,45,,21953,47,,,1,84,,21954,47,,,1,85,,21957,47,,,1,85,,21955,47,,,1,45,,21956,47,,,1
3503,'Weekday',616,,21958,47,,,1,38,,21962,47,,,1,76,,21959,47,,,1,76,,21981,47,,,1,35,,21966,47,,,1,75,,21977,47,,,1,33,,21984,47,,,1,75,,21989,47,,,1,35,,21983,47,,,1,75,,21961,47,,,1,80,,21982,47,,,1,31,,21980,47,,,1,76,,21985,47,,,1,33,,21978,47,,,1,76,,21987,47,,,1,75,,21988,47,,,1,35,,21979,47,,,1,77,,21969,47,,,1,36,,21968,47,,,1,75,,21964,47,,,1,75,,21974,47,,,1,34,,21970,47,,,1,73,,21973,47,,,1,33,,21967,47,,,1,74,,21963,47,,,1,34,,21971,47,,,1,75,,21972,47,,,1,74,,21975,47,,,1,33,,21976,47,,,1,75,,21960,47,,,1,35,,21965,47,,,1,75,,21986,47,,,1
