500,'Holiday1',613,,1949,3,,,1,30,,1944,3,,,1,70,,1936,3,,,1,30,,1934,3,,,1,77,,1947,3,,,1,29,,1941,3,,,1,69,,1937,3,,,1,23,,1932,3,,,1,63,,1946,3,,,1,30,,1942,3,,,1,70,,1935,3,,,1,30,,1931,3,,,1,72,,1933,3,,,1,30,,1945,3,,,1,72,,1938,3,,,1,36,,1940,3,,,1,72,,1939,3,,,1,30,,1943,3,,,1,70,,1948,3,,,1,30,,1950,3,,,1,70,,1951,3,,,1,30,,1952,3,,,1,70,,1953,3,,,1,30,,1954,3,,,1,70,,1955,3,,,1,30,,1956,3,,,1,69,,1957,3,,,1,30,,1959,3,,,1,70,,1958,3,,,1,30,,1960,3,,,1,70,,1961,3,,,1,30,,1962,3,,,1,66,,1964,3,,,1,24,,1965,3,,,1,70,,1963,3,,,1
500,'Saturday',445,,1966,3,,,1,67,,1987,3,,,1,26,,2006,3,,,1,66,,1967,3,,,1,32,,1968,3,,,1,70,,1969,3,,,1,30,,1970,3,,,1,68,,1971,3,,,1,32,,1972,3,,,1,73,,1973,3,,,1,32,,1974,3,,,1,70,,1975,3,,,1,34,,1990,3,,,1,70,,1991,3,,,1,36,,1994,3,,,1,70,,1992,3,,,1,24,,1989,3,,,1,70,,1993,3,,,1,30,,1995,3,,,1,70,,1996,3,,,1,30,,1997,3,,,1,70,,1998,3,,,1,30,,2000,3,,,1,70,,2001,3,,,1,30,,2002,3,,,1,70,,1999,3,,,1,30,,2003,3,,,1,70,,2004,3,,,1,30,,2005,3,,,1,70,,1976,3,,,1,27,,1977,3,,,1,69,,1978,3,,,1,25,,1979,3,,,1,68,,1980,3,,,1,32,,1981,3,,,1,70,,1982,3,,,1,28,,1983,3,,,1,25,,1984,3,,,1,69,,1985,3,,,1,30,,1988,3,,,1,70,,1986,3,,,1
500,'Sunday',613,,2025,3,,,1,30,,2020,3,,,1,70,,2012,3,,,1,30,,2010,3,,,1,77,,2023,3,,,1,29,,2017,3,,,1,69,,2013,3,,,1,23,,2008,3,,,1,63,,2022,3,,,1,30,,2018,3,,,1,70,,2011,3,,,1,30,,2007,3,,,1,72,,2009,3,,,1,30,,2021,3,,,1,72,,2014,3,,,1,36,,2016,3,,,1,72,,2015,3,,,1,30,,2019,3,,,1,70,,2024,3,,,1,30,,2026,3,,,1,70,,2027,3,,,1,30,,2028,3,,,1,70,,2029,3,,,1,30,,2030,3,,,1,70,,2031,3,,,1,30,,2032,3,,,1,69,,2033,3,,,1,30,,2035,3,,,1,70,,2034,3,,,1,30,,2036,3,,,1,70,,2037,3,,,1,30,,2038,3,,,1,66,,2040,3,,,1,24,,2041,3,,,1,70,,2039,3,,,1
500,'Weekday',404,,2047,3,,,1,20,,2049,3,,,1,20,,2048,3,,,1,60,,2046,3,,,1,20,,2045,3,,,1,20,,2044,3,,,1,61,,2043,3,,,1,14,,2042,3,,,1,14,,2051,3,,,1,7,,2113,3,,,1,7,,2050,3,,,1,54,,2052,3,,,1,14,,2054,3,0,5,1,14,,2053,3,,,1,14,,2058,3,0,5,1,14,,2055,3,,,1,54,,2059,3,0,5,1,14,,2056,3,,,1,14,,2060,3,0,5,1,14,,2057,3,,,1,60,,2077,3,0,5,1,20,,2083,3,,,1,20,,2073,3,0,5,1,60,,2084,3,,,1,20,,2074,3,0,5,1,20,,2085,3,,,1,60,,2080,3,0,5,1,20,,2087,3,,,1,20,,2081,3,0,5,1,60,,2088,3,,,1,20,,2082,3,0,5,1,20,,2089,3,,,1,60,,2078,3,0,5,1,20,,2086,3,,,1,20,,2079,3,0,5,1,51,,2090,3,,,1,15,,2066,3,0,5,1,13,,2091,3,,,1,13,,2075,3,0,5,1,13,,2092,3,,,1,54,,2065,3,0,5,1,12,,2093,3,,,1,13,,2072,3,0,5,1,13,,2094,3,,,1,54,,2064,3,0,5,1,13,,2095,3,,,1,13,,2071,3,0,5,1,13,,2096,3,,,1,13,,2063,3,0,5,1,53,,2097,3,,,1,13,,2070,3,0,5,1,13,,2098,3,,,1,13,,2062,3,0,5,1,53,,2099,3,,,1,12,,2069,3,0,5,1,14,,2067,3,,,1,12,,2061,3,0,5,1,14,,2076,3,,,1,52,,2068,3,0,5,1,32,,2109,3,,,1,67,,2107,3,,,1,30,,2110,3,,,1,19,,2111,3,,,1,58,,2112,3,,,1,18,,2101,3,,,1,7,,2102,3,,,1,76,,2105,3,,,1,25,,2100,3,,,1,72,,2108,3,,,1,29,,2106,3,,,1,81,,2104,3,,,1,27,,2103,3,,,1
900,'Holiday1',753,,3329,3,,,1,105,,3336,3,,,1,146,,3337,3,,,1,105,,3338,3,,,1,105,,3339,3,,,1,105,,3335,3,,,1,106,,3331,3,,,1,105,,3332,3,,,1,107,,3333,3,,,1,107,,3330,3,,,1,106,,3334,3,,,1
900,'Saturday',704,,3340,3,,,1,50,,3341,3,,,1,90,,3342,3,,,1,90,,3343,3,,,1,90,,3344,3,,,1,90,,3345,3,,,1,90,,3346,3,,,1,50,,3347,3,,,1,90,,3348,3,,,1,90,,3349,3,,,1,91,,3350,3,,,1,90,,3351,3,,,1,90,,3352,3,,,1,50,,3353,3,,,1,89,,3354,3,,,1
900,'Sunday',753,,3355,3,,,1,105,,3362,3,,,1,146,,3363,3,,,1,105,,3364,3,,,1,105,,3365,3,,,1,105,,3361,3,,,1,106,,3357,3,,,1,105,,3358,3,,,1,107,,3359,3,,,1,107,,3356,3,,,1,106,,3360,3,,,1
900,'Weekday',505,,3366,3,,,1,34,,3369,3,,,1,74,,3370,3,,,1,34,,3371,3,,,1,63,,3368,3,,,1,39,,3372,3,,,1,76,,3383,3,,,1,85,,3384,3,,,1,48,,3385,3,,,1,82,,3386,3,,,1,87,,3387,3,,,1,86,,3388,3,,,1,42,,3373,3,,,1,83,,3382,3,,,1,72,,3379,3,,,1,35,,3375,3,,,1,78,,3380,3,,,1,35,,3377,3,,,1,75,,3374,3,,,1,75,,3376,3,,,1,37,,3381,3,,,1,75,,3378,3,,,1,35,,3389,3,,,1,79,,3391,3,,,1,81,,3390,3,,,1,85,,3367,3,,,1
21500,'Weekday',724,,11247,3,,,1
50500,'Holiday1',1009,,12457,2,,,1,16,,12461,2,,,1,16,,12459,2,,,1,16,,12463,2,,,1,56,,12464,2,,,1,16,,12466,2,,,1,16,,12462,2,,,1,56,,12469,2,,,1,18,,12465,2,,,1,19,,12470,2,,,1,18,,12467,2,,,1,56,,12471,2,,,1,16,,12468,2,,,1,16,,12472,2,,,1,56,,12473,2,,,1,16,,12474,2,,,1,16,,12475,2,,,1,16,,12476,2,,,1,56,,12477,2,,,1,16,,12478,2,,,1,16,,12479,2,,,1,16,,12482,2,,,1,56,,12483,2,,,1,16,,12484,2,,,1,16,,12480,2,,,1,16,,12481,2,,,1,56,,12485,2,,,1,16,,12486,2,,,1,16,,12487,2,,,1,56,,12460,2,,,1,16,,12458,2,,,1
50500,'Saturday',854,,12489,2,,,1,56,,12488,2,,,1,16,,12490,2,,,1,16,,12491,2,,,1,16,,12493,2,,,1,56,,12495,2,,,1,16,,12496,2,,,1,16,,12492,2,,,1,56,,12497,2,,,1,16,,12494,2,,,1,16,,12500,2,,,1,16,,12499,2,,,1,56,,12502,2,,,1,16,,12501,2,,,1,16,,12498,2,,,1,16,,12503,2,,,1,56,,12504,2,,,1,16,,12505,2,,,1,16,,12506,2,,,1,16,,12507,2,,,1,55,,12508,2,,,1,17,,12510,2,,,1,17,,12512,2,,,1,56,,12509,2,,,1,16,,12513,2,,,1,18,,12511,2,,,1,18,,12516,2,,,1,56,,12514,2,,,1,16,,12515,2,,,1,16,,12517,2,,,1,16,,12519,2,,,1,56,,12520,2,,,1,16,,12518,2,,,1,16,,12522,2,,,1,56,,12523,2,,,1,16,,12524,2,,,1,16,,12521,2,,,1
50500,'Sunday',1009,,12525,2,,,1,16,,12529,2,,,1,16,,12527,2,,,1,16,,12531,2,,,1,56,,12532,2,,,1,16,,12534,2,,,1,16,,12530,2,,,1,56,,12536,2,,,1,18,,12533,2,,,1,19,,12537,2,,,1,18,,12535,2,,,1,56,,12538,2,,,1,16,,12539,2,,,1,16,,12540,2,,,1,56,,12541,2,,,1,16,,12542,2,,,1,16,,12543,2,,,1,16,,12544,2,,,1,56,,12545,2,,,1,16,,12546,2,,,1,16,,12547,2,,,1,16,,12550,2,,,1,56,,12551,2,,,1,16,,12552,2,,,1,16,,12548,2,,,1,16,,12549,2,,,1,56,,12553,2,,,1,16,,12554,2,,,1,16,,12555,2,,,1,56,,12528,2,,,1,16,,12526,2,,,1
50500,'Weekday',555,,12556,2,,,1,58,,12565,2,,,1,18,,12564,2,,,1,18,,12566,2,,,1,58,,12567,2,,,1,18,,12569,2,,,1,18,,12570,2,,,1,58,,12571,2,,,1,18,,12568,2,,,1,18,,12572,2,,,1,18,,12573,2,,,1,58,,12574,2,,,1,18,,12575,2,,,1,19,,12577,2,,,1,57,,12578,2,,,1,18,,12579,2,,,1,23,,12576,2,,,1,58,,12580,2,,,1,24,,12581,2,,,1,22,,12582,2,,,1,66,,12583,2,,,1,22,,12584,2,,,1,64,,12585,2,,,1,24,,12586,2,,,1,24,,12587,2,,,1,64,,12588,2,,,1,24,,12589,2,,,1,18,,12590,2,,,1,58,,12591,2,,,1,18,,12592,2,,,1,18,,12593,2,,,1,58,,12594,2,,,1,18,,12595,2,,,1,19,,12596,2,,,1,60,,12597,2,,,1,21,,12599,2,,,1,18,,12600,2,,,1,58,,12601,2,,,1,21,,12598,2,,,1,18,,12602,2,,,1,58,,12603,2,,,1,17,,12604,2,,,1,21,,12605,2,,,1,64,,12606,2,,,1
