801,'251229-MULTI-Saturday-01',624,,4582,0,,1,90,,4584,0,,1,92,,4581,0,,1,52,,4586,0,,1,90,,4583,0,,1,90,,4587,0,,1,89,,4593,0,,1,75,,4594,0,,1,35,,4596,0,,1,75,,4608,0,,1,41,,4595,0,,1,77,,4597,0,,1,75,,4598,0,,1,35,,4599,0,,1,75,,4600,0,,1,35,,4602,0,,1,75,,4603,0,,1,75,,4605,0,,1,35,,4601,0,,1,73,,4606,0,,1,33,,4607,0,,1,70,,4604,0,,1,32,,4588,0,,1,83,,4589,0,,1,89,,4591,0,,1,89,,4590,0,,1,50,,4592,0,,1,90,,4585,0,,1
801,'251229-MULTI-Sunday-01',824,,4610,0,,1,85,,4611,0,,1,45,,4612,0,,1,85,,4613,0,,1,78,,4614,0,,1,85,,4609,0,,1,49,,4616,0,,1,85,,4615,0,,1,85,,4618,0,,1,85,,4620,0,,1,45,,4617,0,,1,85,,4621,0,,1,85,,4622,0,,1,85,,4619,0,,1,45,,4623,0,,1,85,,4624,0,,1,91,,4625,0,,1,84,,4627,0,,1,44,,4628,0,,1,85,,4626,0,,1
801,'260105-MULTI-Holiday1-01',824,,4630,0,,1,85,,4631,0,,1,45,,4632,0,,1,85,,4633,0,,1,78,,4634,0,,1,85,,4629,0,,1,49,,4636,0,,1,85,,4635,0,,1,85,,4638,0,,1,85,,4640,0,,1,45,,4637,0,,1,85,,4641,0,,1,85,,4642,0,,1,85,,4639,0,,1,45,,4643,0,,1,85,,4644,0,,1,91,,4645,0,,1,84,,4647,0,,1,44,,4648,0,,1,85,,4646,0,,1
801,'260105-MULTI-Saturday-01',624,,4650,0,,1,90,,4652,0,,1,92,,4649,0,,1,52,,4654,0,,1,90,,4651,0,,1,90,,4655,0,,1,89,,4661,0,,1,75,,4663,0,,1,35,,4664,0,,1,75,,4676,0,,1,41,,4662,0,,1,77,,4665,0,,1,75,,4666,0,,1,35,,4667,0,,1,75,,4668,0,,1,35,,4670,0,,1,75,,4671,0,,1,75,,4673,0,,1,35,,4669,0,,1,73,,4674,0,,1,33,,4675,0,,1,70,,4672,0,,1,32,,4656,0,,1,83,,4657,0,,1,89,,4659,0,,1,89,,4658,0,,1,50,,4660,0,,1,90,,4653,0,,1
801,'260105-MULTI-Sunday-01',824,,4678,0,,1,85,,4679,0,,1,45,,4680,0,,1,85,,4681,0,,1,78,,4682,0,,1,85,,4677,0,,1,49,,4684,0,,1,85,,4683,0,,1,85,,4686,0,,1,85,,4688,0,,1,45,,4685,0,,1,85,,4689,0,,1,85,,4690,0,,1,85,,4687,0,,1,45,,4691,0,,1,85,,4692,0,,1,91,,4693,0,,1,84,,4695,0,,1,44,,4696,0,,1,85,,4694,0,,1
801,'260105-MULTI-Weekday-01',608,,4697,0,,1,37,,4709,0,,1,76,,4710,0,,1,36,,4711,0,,1,74,,4712,0,,1,78,,4713,0,,1,32,,4700,0,,1,73,,4707,0,,1,35,,4698,0,,1,76,,4708,0,,1,76,,4702,0,,1,33,,4703,0,,1,76,,4704,0,,1,38,,4705,0,,1,80,,4706,0,,1,79,,4714,0,,1,44,,4716,0,,1,71,,4715,0,,1,32,,4718,0,,1,95,,4720,0,,1,67,,4719,0,,1,25,,4717,0,,1,100,,4722,0,,1,63,,4721,0,,1,27,,4723,0,,1,100,,4724,0,,1,86,,4725,0,,1,95,,4699,0,,1,37,,4701,0,,1
50101,'251229-MULTI-Saturday-01',528,,16132,0,,1,16,,16149,0,,1,56,,16150,0,,1,16,,16151,0,,1,16,,16148,0,,1,16,,16152,0,,1,56,,16153,0,,1,16,,16154,0,,1,19,,16155,0,,1,16,,16156,0,,1,57,,16157,0,,1,16,,16158,0,,1,16,,16159,0,,1,56,,16160,0,,1,16,,16161,0,,1,15,,16163,0,,1,13,,16164,0,,1,56,,16165,0,,1,16,,16162,0,,1,16,,16166,0,,1,15,,16167,0,,1,55,,16168,0,,1,18,,16169,0,,1,18,,16170,0,,1,16,,16171,0,,1,57,,16172,0,,1,16,,16173,0,,1,16,,16174,0,,1,16,,16175,0,,1,56,,16176,0,,1,16,,16177,0,,1,16,,16178,0,,1,56,,16179,0,,1,16,,16180,0,,1,16,,16181,0,,1,16,,16182,0,,1,56,,16183,0,,1,16,,16184,0,,1,16,,16185,0,,1,16,,16186,0,,1,55,,16187,0,,1,16,,16188,0,,1,16,,16189,0,,1,16,,16190,0,,1,56,,16191,0,,1,14,,16192,0,,1,18,,16193,0,,1,56,,16194,0,,1,16,,16195,0,,1,14,,16196,0,,1,18,,16197,0,,1,65,,16198,0,,1,16,,16133,0,,1,18,,16135,0,,1,60,,16136,0,,1,20,,16134,0,,1,20,,16137,0,,1,60,,16138,0,,1,21,,16139,0,,1,19,,16140,0,,1,59,,16141,0,,1,20,,16142,0,,1,20,,16143,0,,1,59,,16144,0,,1,20,,16145,0,,1,25,,16146,0,,1,60,,16147,0,,1
50101,'251229-MULTI-Sunday-01',706,,16211,0,,1,18,,16210,0,,1,18,,16208,0,,1,58,,16203,0,,1,18,,16202,0,,1,18,,16201,0,,1,18,,16199,0,,1,62,,16213,0,,1,18,,16212,0,,1,18,,16207,0,,1,58,,16200,0,,1,18,,16205,0,,1,18,,16204,0,,1,58,,16206,0,,1,18,,16209,0,,1,18,,16214,0,,1,18,,16215,0,,1,58,,16216,0,,1,18,,16217,0,,1,18,,16218,0,,1,58,,16219,0,,1,18,,16220,0,,1,18,,16221,0,,1,58,,16223,0,,1,18,,16222,0,,1,18,,16225,0,,1,18,,16224,0,,1,58,,16228,0,,1,18,,16226,0,,1,18,,16227,0,,1,58,,16231,0,,1,18,,16229,0,,1,19,,16232,0,,1,57,,16230,0,,1,18,,16233,0,,1,18,,16234,0,,1,18,,16235,0,,1,58,,16236,0,,1,18,,16238,0,,1,18,,16237,0,,1,57,,16239,0,,1,18,,16240,0,,1,18,,16241,0,,1,58,,16242,0,,1,17,,16243,0,,1,18,,16244,0,,1,19,,16245,0,,1,58,,16246,0,,1,17,,16247,0,,1,18,,16248,0,,1,60,,16250,0,,1,20,,16249,0,,1,20,,16251,0,,1
50101,'260105-MULTI-Holiday1-01',706,,16264,0,,1,18,,16263,0,,1,18,,16261,0,,1,58,,16256,0,,1,18,,16255,0,,1,18,,16254,0,,1,18,,16252,0,,1,62,,16266,0,,1,18,,16265,0,,1,18,,16260,0,,1,58,,16253,0,,1,18,,16258,0,,1,18,,16257,0,,1,58,,16259,0,,1,18,,16262,0,,1,18,,16267,0,,1,18,,16268,0,,1,58,,16269,0,,1,18,,16270,0,,1,18,,16271,0,,1,58,,16272,0,,1,18,,16273,0,,1,18,,16274,0,,1,58,,16276,0,,1,18,,16275,0,,1,18,,16278,0,,1,18,,16277,0,,1,58,,16281,0,,1,18,,16279,0,,1,18,,16280,0,,1,58,,16284,0,,1,18,,16282,0,,1,19,,16285,0,,1,57,,16283,0,,1,18,,16286,0,,1,18,,16287,0,,1,18,,16288,0,,1,58,,16289,0,,1,18,,16291,0,,1,18,,16290,0,,1,57,,16292,0,,1,18,,16293,0,,1,18,,16294,0,,1,58,,16295,0,,1,17,,16296,0,,1,18,,16297,0,,1,19,,16298,0,,1,58,,16299,0,,1,17,,16300,0,,1,18,,16301,0,,1,60,,16303,0,,1,20,,16302,0,,1,20,,16304,0,,1
50101,'260105-MULTI-Saturday-01',528,,16305,0,,1,16,,16322,0,,1,56,,16323,0,,1,16,,16324,0,,1,16,,16321,0,,1,16,,16325,0,,1,56,,16326,0,,1,16,,16327,0,,1,19,,16328,0,,1,16,,16329,0,,1,57,,16330,0,,1,16,,16331,0,,1,16,,16332,0,,1,56,,16333,0,,1,16,,16334,0,,1,15,,16337,0,,1,13,,16338,0,,1,56,,16339,0,,1,16,,16335,0,,1,16,,16336,0,,1,15,,16340,0,,1,55,,16341,0,,1,18,,16342,0,,1,18,,16343,0,,1,16,,16344,0,,1,57,,16345,0,,1,16,,16346,0,,1,16,,16347,0,,1,16,,16348,0,,1,56,,16349,0,,1,16,,16350,0,,1,16,,16351,0,,1,56,,16352,0,,1,16,,16353,0,,1,16,,16354,0,,1,16,,16355,0,,1,56,,16356,0,,1,16,,16357,0,,1,16,,16358,0,,1,16,,16359,0,,1,55,,16360,0,,1,16,,16361,0,,1,16,,16362,0,,1,16,,16363,0,,1,56,,16364,0,,1,14,,16365,0,,1,18,,16366,0,,1,56,,16367,0,,1,16,,16368,0,,1,14,,16369,0,,1,18,,16370,0,,1,65,,16371,0,,1,16,,16306,0,,1,18,,16307,0,,1,60,,16309,0,,1,20,,16308,0,,1,20,,16310,0,,1,60,,16311,0,,1,21,,16312,0,,1,19,,16313,0,,1,59,,16314,0,,1,20,,16315,0,,1,20,,16316,0,,1,59,,16317,0,,1,20,,16318,0,,1,25,,16319,0,,1,60,,16320,0,,1
50101,'260105-MULTI-Sunday-01',706,,16384,0,,1,18,,16383,0,,1,18,,16381,0,,1,58,,16376,0,,1,18,,16375,0,,1,18,,16374,0,,1,18,,16372,0,,1,62,,16386,0,,1,18,,16385,0,,1,18,,16380,0,,1,58,,16373,0,,1,18,,16378,0,,1,18,,16377,0,,1,58,,16379,0,,1,18,,16382,0,,1,18,,16387,0,,1,18,,16388,0,,1,58,,16389,0,,1,18,,16390,0,,1,18,,16391,0,,1,58,,16392,0,,1,18,,16393,0,,1,18,,16394,0,,1,58,,16396,0,,1,18,,16395,0,,1,18,,16398,0,,1,18,,16397,0,,1,58,,16401,0,,1,18,,16399,0,,1,18,,16400,0,,1,58,,16404,0,,1,18,,16402,0,,1,19,,16405,0,,1,57,,16403,0,,1,18,,16406,0,,1,18,,16407,0,,1,18,,16408,0,,1,58,,16409,0,,1,18,,16411,0,,1,18,,16410,0,,1,57,,16412,0,,1,18,,16413,0,,1,18,,16414,0,,1,58,,16415,0,,1,17,,16416,0,,1,18,,16417,0,,1,19,,16418,0,,1,58,,16419,0,,1,17,,16420,0,,1,18,,16421,0,,1,60,,16423,0,,1,20,,16422,0,,1,20,,16424,0,,1
50101,'260105-MULTI-Weekday-01',439,,16428,0,,1,15,,16431,0,,1,55,,16429,0,,1,6,,16436,0,,1,6,,16437,0,,1,6,,16438,0,,1,6,,16439,0,,1,6,,16440,0,,1,6,,16441,0,,1,6,,16442,0,,1,6,,16443,0,,1,47,,16444,0,,1,7,,16445,0,,1,6,,16446,0,,1,6,,16447,0,,1,6,,16448,0,,1,6,,16449,0,,1,6,,16450,0,,1,6,,16451,0,,1,6,,16452,0,,1,6,,16453,0,,1,46,,16454,0,,1,7,,16455,0,,1,6,,16456,0,,1,6,,16457,0,,1,6,,16458,0,,1,6,,16459,0,,1,6,,16460,0,,1,6,,16461,0,,1,6,,16462,0,,1,46,,16463,0,,1,6,,16464,0,,1,6,,16465,0,,1,6,,16466,0,,1,6,,16467,0,,1,6,,16468,0,,1,6,,16469,0,,1,6,,16470,0,,1,6,,16471,0,,1,6,,16472,0,,1,46,,16473,0,,1,7,,16474,0,,1,6,,16475,0,,1,6,,16476,0,,1,6,,16477,0,,1,6,,16478,0,,1,6,,16479,0,,1,6,,16480,0,,1,6,,16481,0,,1,6,,16482,0,,1,46,,16483,0,,1,6,,16484,0,,1,6,,16485,0,,1,6,,16486,0,,1,6,,16487,0,,1,6,,16488,0,,1,6,,16489,0,,1,12,,16490,0,,1,52,,16491,0,,1,12,,16492,0,,1,12,,16493,0,,1,12,,16494,0,,1,12,,16495,0,,1,52,,16496,0,,1,12,,16497,0,,1,12,,16498,0,,1,12,,16499,0,,1,12,,16500,0,,1,52,,16501,0,,1,12,,16502,0,,1,12,,16503,0,,1,12,,16504,0,,1,12,,16505,0,,1,52,,16506,0,,1,12,,16507,0,,1,12,,16508,0,,1,12,,16509,0,,1,12,,16510,0,,1,52,,16511,0,,1,12,,16512,0,,1,12,,16513,0,,1,12,,16514,0,,1,12,,16515,0,,1,52,,16516,0,,1,12,,16517,0,,1,12,,16518,0,,1,12,,16519,0,,1,12,,16520,0,,1,52,,16521,0,,1,12,,16522,0,,1,12,,16523,0,,1,12,,16524,0,,1,12,,16525,0,,1,52,,16526,0,,1,12,,16527,0,,1,12,,16528,0,,1,12,,16529,0,,1,12,,16530,0,,1,52,,16531,0,,1,10,,16532,0,,1,12,,16533,0,,1,12,,16534,0,,1,12,,16535,0,,1,12,,16536,0,,1,52,,16537,0,,1,12,,16538,0,,1,12,,16539,0,,1,12,,16540,0,,1,12,,16541,0,,1,50,,16542,0,,1,15,,16434,0,,1,15,,16433,0,,1,15,,16435,0,,1,55,,16430,0,,1,18,,16426,0,,1,18,,16427,0,,1,58,,16425,0,,1,18,,16432,0,,1
