20100,'260105-MULTI-Weekday-01',745,,16091,4,,1
20101,'260105-MULTI-Weekday-01',1437,24,16092,0,,1
20200,'260105-MULTI-Weekday-01',745,,16093,4,,1
20201,'260105-MULTI-Weekday-01',1437,24,16094,0,,1
20301,'260105-MULTI-Weekday-01',1437,24,16095,0,,1
20401,'260105-MULTI-Weekday-01',1437,24,16096,0,,1
20700,'260105-MULTI-Weekday-01',745,,16101,4,,1
20701,'260105-MULTI-Weekday-01',1437,24,16102,0,,1,4,24,16103,0,,1
20800,'260105-MULTI-Weekday-01',745,,16104,4,,1
20801,'260105-MULTI-Weekday-01',1437,24,16105,0,,1
