403,'Holiday1',740,,14855,0,8,1,70,,14860,0,8,1,30,,14861,0,8,1,71,,14863,0,8,1,30,,14864,0,8,1,71,,14865,0,8,1,29,,14862,0,8,1,70,,14866,0,8,1,30,,14867,0,8,1,71,,14868,0,8,1,32,,14869,0,8,1,70,,14870,0,8,1,30,,14871,0,8,1,70,,14872,0,8,1,31,,14873,0,8,1,70,,14874,0,8,1,31,,14875,0,8,1,70,,14876,0,8,1,30,,14877,0,8,1,72,,14879,0,8,1,33,,14880,0,8,1,70,,14881,0,8,1,29,,14878,0,8,1,69,,14882,0,8,1,30,,14883,0,8,1,70,,14884,0,8,1,29,,14885,0,8,1,70,,14887,0,8,1,25,,14888,0,8,1,70,,14889,0,8,1,30,,14886,0,8,1,68,,14890,0,8,1,31,,14892,0,8,1,69,,14893,0,8,1,30,,14894,0,8,1,70,,14891,0,8,1
403,'Saturday',546,,14927,0,8,1,154,,14932,0,8,1,24,,14934,0,8,1,24,,14936,0,8,1,66,,14937,0,8,1,25,,14933,0,8,1,64,,14938,0,8,1,24,,14935,0,8,1,26,,14940,0,8,1,63,,14941,0,8,1,23,,14942,0,8,1,64,,14939,0,8,1,25,,14943,0,8,1,25,,14944,0,8,1,65,,14945,0,8,1,24,,14946,0,8,1,64,,14947,0,8,1,25,,14948,0,8,1,24,,14949,0,8,1,64,,14951,0,8,1,24,,14952,0,8,1,64,,14953,0,8,1,25,,14950,0,8,1,21,,14954,0,8,1,61,,14955,0,8,1,26,,14956,0,8,1,65,,14957,0,8,1,24,,14958,0,8,1,25,,14959,0,8,1,65,,14960,0,8,1,24,,14961,0,8,1,63,,14962,0,8,1,24,,14963,0,8,1,12,,14991,0,8,1,70,,14992,0,8,1,26,,14993,0,8,1,69,,14994,0,8,1,29,,14995,0,8,1,69,,14996,0,8,1,29,,14997,0,8,1,70,,14998,0,8,1,29,,14999,0,8,1,70,,15000,0,8,1,29,,15001,0,8,1,74,,15002,0,8,1
403,'Sunday',740,,15016,0,8,1,70,,15021,0,8,1,30,,15022,0,8,1,71,,15024,0,8,1,30,,15025,0,8,1,71,,15026,0,8,1,29,,15023,0,8,1,70,,15027,0,8,1,30,,15028,0,8,1,71,,15029,0,8,1,32,,15030,0,8,1,70,,15031,0,8,1,30,,15032,0,8,1,70,,15033,0,8,1,31,,15034,0,8,1,70,,15035,0,8,1,31,,15036,0,8,1,70,,15037,0,8,1,30,,15038,0,8,1,72,,15040,0,8,1,33,,15041,0,8,1,70,,15042,0,8,1,29,,15039,0,8,1,69,,15043,0,8,1,30,,15044,0,8,1,70,,15045,0,8,1,29,,15046,0,8,1,70,,15047,0,8,1,25,,15048,0,8,1,70,,15049,0,8,1,30,,15050,0,8,1,68,,15051,0,8,1,31,,15053,0,8,1,69,,15054,0,8,1,30,,15055,0,8,1,70,,15052,0,8,1
403,'Weekday',556,,15130,0,8,1,60,,15131,0,8,1,23,,15132,0,8,1,20,,15133,0,8,1,62,,15134,0,8,1,22,,15135,0,8,1,60,,15136,0,8,1,21,,15137,0,8,1,20,,15138,0,8,1,60,,15139,0,8,1,15,,15141,0,8,1,21,,15142,0,8,1,61,,15143,0,8,1,18,,15140,0,8,1,19,,15144,0,8,1,20,,15145,0,8,1,60,,15146,0,8,1,20,,15147,0,8,1,62,,15148,0,8,1,19,,15149,0,8,1,21,,15150,0,8,1,60,,15151,0,8,1,20,,15152,0,8,1,20,,15153,0,8,1,60,,15154,0,8,1,21,,15155,0,8,1,21,,15156,0,8,1,59,,15157,0,8,1,22,,15158,0,8,1,23,,15159,0,8,1,60,,15160,0,8,1,19,,15161,0,8,1,20,,15162,0,8,1,60,,15163,0,8,1,20,,15164,0,8,1,21,,15165,0,8,1,62,,15166,0,8,1,20,,15167,0,8,1,20,,15168,0,8,1,60,,15169,0,8,1,20,,15170,0,8,1,19,,15171,0,8,1,60,,15172,0,8,1,19,,15173,0,8,1,18,,15174,0,8,1,65,,15175,0,8,1,25,,15176,0,8,1,22,,15177,0,8,1,63,,15178,0,8,1,24,,15179,0,8,1,63,,15180,0,8,1,24,,15181,0,8,1,24,,15182,0,8,1,64,,15183,0,8,1,24,,15184,0,8,1,64,,15185,0,8,1,24,,15186,0,8,1,24,,15187,0,8,1
502,'Holiday1',655,,15753,,,1,155,,15763,,,1,30,,15758,,,1,70,,15754,,,1,30,,15748,,,1,82,,15764,,,1,33,,15756,,,1,70,,15750,,,1,25,,15749,,,1,69,,15761,,,1,27,,15757,,,1,70,,15751,,,1,33,,15752,,,1,73,,15755,,,1,32,,15765,,,1,74,,15760,,,1,75,,15759,,,1,30,,15762,,,1,70,,15766,,,1,30,,15767,,,1,70,,15768,,,1,30,,15769,,,1,69,,15771,,,1,30,,15770,,,1,70,,15772,,,1,28,,15774,,,1,29,,15773,,,1,67,,15775,,,1,30,,15776,,,1,68,,15777,,,1,29,,15778,,,1,70,,15780,,,1,23,,15782,,,1,69,,15783,,,1,29,,15779,,,1,69,,15781,,,1
502,'Saturday',555,,15784,,,1,93,,15785,,,1,68,,15786,,,1,31,,15823,,,1,70,,15787,,,1,31,,15788,,,1,76,,15789,,,1,31,,15790,,,1,70,,15791,,,1,30,,15792,,,1,74,,15793,,,1,71,,15812,,,1,33,,15813,,,1,95,,15811,,,1,75,,15815,,,1,30,,15817,,,1,71,,15814,,,1,30,,15818,,,1,70,,15816,,,1,30,,15820,,,1,71,,15821,,,1,32,,15822,,,1,70,,15819,,,1,29,,15808,,,1,69,,15810,,,1,28,,15807,,,1,68,,15809,,,1,24,,15806,,,1,25,,15794,,,1,66,,15795,,,1,27,,15796,,,1,72,,15797,,,1,26,,15798,,,1,73,,15799,,,1,29,,15800,,,1,70,,15801,,,1,29,,15803,,,1,70,,15802,,,1,30,,15805,,,1,70,,15804,,,1
502,'Sunday',655,,15829,,,1,155,,15841,,,1,30,,15834,,,1,70,,15830,,,1,30,,15824,,,1,82,,15839,,,1,33,,15832,,,1,70,,15826,,,1,25,,15825,,,1,69,,15837,,,1,27,,15833,,,1,70,,15827,,,1,33,,15828,,,1,73,,15831,,,1,32,,15840,,,1,74,,15836,,,1,75,,15835,,,1,30,,15838,,,1,70,,15842,,,1,30,,15843,,,1,70,,15844,,,1,30,,15845,,,1,69,,15847,,,1,30,,15846,,,1,70,,15848,,,1,28,,15850,,,1,29,,15849,,,1,67,,15851,,,1,30,,15852,,,1,68,,15853,,,1,29,,15854,,,1,70,,15856,,,1,23,,15857,,,1,69,,15858,,,1,29,,15855,,,1,69,,15859,,,1
502,'Weekday',541,,15864,,,1,64,,15862,,,1,20,,15863,,,1,18,,15861,,,1,15,,15860,,,1,54,,15868,,,1,16,,15867,,,1,14,,15866,,,1,15,,15865,,,1,58,,15870,0,5,1,5,,15873,,,1,24,,15871,0,5,1,11,,15874,,,1,57,,15872,0,5,1,11,,15875,,,1,16,,15869,0,5,1,10,,15876,,,1,69,,15877,0,5,1,17,,15879,,,1,23,,15885,0,5,1,57,,15878,,,1,24,,15887,0,5,1,16,,15880,,,1,64,,15889,0,5,1,16,,15881,,,1,65,,15886,0,5,1,17,,15882,,,1,25,,15890,0,5,1,17,,15883,,,1,64,,15888,0,5,1,17,,15884,,,1,64,,15892,0,5,1,15,,15893,,,1,16,,15904,0,5,1,12,,15894,,,1,56,,15905,0,5,1,11,,15891,,,1,16,,15906,0,5,1,9,,15895,,,1,18,,15907,0,5,1,49,,15896,,,1,18,,15908,0,5,1,12,,15897,,,1,14,,15909,0,5,1,52,,15899,,,1,15,,15910,0,5,1,9,,15900,,,1,14,,15911,0,5,1,11,,15901,,,1,54,,15912,0,5,1,8,,15898,,,1,16,,15913,0,5,1,8,,15902,,,1,16,,15914,0,5,1,48,,15903,,,1,23,,15915,0,5,1,7,,15919,,,1,18,,15920,,,1,60,,15925,,,1,27,,15929,,,1,77,,15917,,,1,35,,15923,,,1,63,,15927,,,1,6,,15921,,,1,19,,15922,,,1,5,,15924,,,1,69,,15931,,,1,14,,15916,,,1,25,,15928,,,1,69,,15930,,,1,25,,15926,,,1,71,,15918,,,1
902,'Holiday1',847,,17026,,,1,105,,17028,,,1,107,,17029,,,1,145,,17030,,,1,105,,17031,,,1,105,,17033,,,1,108,,17034,,,1,105,,17035,,,1,107,,17032,,,1,106,,17036,,,1,107,,17027,,,1
902,'Saturday',813,,17037,,,1,90,,17044,,,1,54,,17047,,,1,90,,17045,,,1,90,,17049,,,1,90,,17050,,,1,90,,17051,,,1,90,,17048,,,1,50,,17043,,,1,92,,17038,,,1,92,,17040,,,1,90,,17042,,,1,88,,17046,,,1,87,,17039,,,1,50,,17041,,,1
902,'Sunday',847,,17052,,,1,105,,17054,,,1,107,,17055,,,1,145,,17056,,,1,105,,17057,,,1,105,,17058,,,1,108,,17059,,,1,105,,17060,,,1,107,,17061,,,1,106,,17062,,,1,107,,17053,,,1
902,'Weekday',657,,17063,,,1,80,,17072,,,1,75,,17073,,,1,45,,17071,,,1,90,,17069,,,1,78,,17075,,,1,85,,17080,,,1,45,,17077,,,1,85,,17070,,,1,88,,17066,,,1,29,,17081,,,1,75,,17082,,,1,75,,17083,,,1,6,,17078,,,1,33,,17084,,,1,75,,17085,,,1,35,,17076,,,1,75,,17074,,,1,75,,17079,,,1,36,,17067,,,1,77,,17068,,,1,82,,17086,,,1,47,,17087,,,1,86,,17065,,,1,117,,17064,,,1
21501,'Weekday',1513,,24882,,,1
