'251229-MULTI-Saturday-01',1102,60300,0,'',1,4100,0,'',1,8400,0,'',1,8100,0,'',1,4300,0,'',1,8000,0,'',1,8100,0,'',1,4200,0,'',1,8300,0,'',1,8200,0,'',1,8200,0,'',1,4400,0,'',1,8200,0,'',1,8300,0,'',1,4600,0,'',1,8400,0,'',1,8300,0,'',1,8400,0,'',1,4400,0,'',1,8300,0,'',1,8400,0,'',1,8300,0,'',1,5100,0,'',1,8700,0,'',1,9000,0,'',1,9800,0,'',1,9400,0,'',1
'251229-MULTI-Sunday-01',1102,72200,0,'',1,8000,0,'',1,4000,0,'',1,8000,0,'',1,8200,0,'',1,4000,0,'',1,8000,0,'',1,8000,0,'',1,4100,0,'',1,8100,0,'',1,8000,0,'',1,4100,0,'',1,8000,0,'',1,8100,0,'',1,4200,0,'',1,8200,0,'',1,8200,0,'',1,4200,0,'',1,9400,0,'',1,8100,0,'',1,9000,0,'',1,8300,0,'',1,4600,0,'',1,8600,0,'',1,8600,0,'',1
'260105-MULTI-Holiday1-01',1102,72200,0,'',1,8000,0,'',1,4000,0,'',1,8000,0,'',1,8200,0,'',1,4000,0,'',1,8000,0,'',1,8000,0,'',1,4100,0,'',1,8100,0,'',1,8000,0,'',1,4100,0,'',1,8000,0,'',1,8100,0,'',1,4200,0,'',1,8200,0,'',1,8200,0,'',1,4200,0,'',1,9400,0,'',1,8100,0,'',1,9000,0,'',1,8300,0,'',1,4600,0,'',1,8600,0,'',1,8600,0,'',1
'260105-MULTI-Saturday-01',1102,60300,0,'',1,4100,0,'',1,8400,0,'',1,8100,0,'',1,4300,0,'',1,8000,0,'',1,8100,0,'',1,4200,0,'',1,8300,0,'',1,8200,0,'',1,8200,0,'',1,4400,0,'',1,8200,0,'',1,8300,0,'',1,4600,0,'',1,8400,0,'',1,8300,0,'',1,8400,0,'',1,4400,0,'',1,8300,0,'',1,8400,0,'',1,8300,0,'',1,5100,0,'',1,8700,0,'',1,9000,0,'',1,9800,0,'',1,9400,0,'',1
'260105-MULTI-Sunday-01',1102,72200,0,'',1,8000,0,'',1,4000,0,'',1,8000,0,'',1,8200,0,'',1,4000,0,'',1,8000,0,'',1,8000,0,'',1,4100,0,'',1,8100,0,'',1,8000,0,'',1,4100,0,'',1,8000,0,'',1,8100,0,'',1,4200,0,'',1,8200,0,'',1,8200,0,'',1,4200,0,'',1,9400,0,'',1,8100,0,'',1,9000,0,'',1,8300,0,'',1,4600,0,'',1,8600,0,'',1,8600,0,'',1
'260105-MULTI-Weekday-01',1102,33800,0,'D Lisgar',1,17500,0,'D Lisgar',1,4300,0,'',1,5200,0,'',1,700,0,'D Lisgar',1,1400,0,'',1,2000,0,'',1,600,0,'D Lisgar',1,5400,0,'',1,2000,0,'',1,2200,0,'',1,6100,0,'',1,2200,0,'',1,1700,0,'',1,5800,0,'',1,2100,0,'',1,7000,0,'',1,1600,0,'',1,3400,0,'',1,6900,0,'',1,3000,0,'',1,6300,0,'D Lisgar',1,1000,0,'',1,3100,0,'',1,6100,0,'',1,1100,0,'D Lisgar',1,3000,0,'',1,6900,0,'',1,2800,0,'',1,5600,0,'D Lisgar',1,2200,0,'',1,800,0,'',1,2000,0,'',1,7000,0,'',1,2300,0,'',1,6700,0,'',1,2400,0,'',1,5800,0,'',1,2600,0,'',1,2200,0,'',1,6400,0,'',1,2600,0,'',1,2100,0,'',1,6600,0,'',1,2400,0,'',1,5800,0,'',1,2400,0,'',1,7400,0,'',1,4700,0,'',1,8600,0,'',1,7000,0,'',1,4100,0,'',1,8900,0,'',1
'251229-MULTI-Saturday-01',5102,63000,0,'',1,10000,0,'',1,10000,0,'',1,10000,0,'',1,10000,0,'',1,10000,0,'',1,10100,0,'',1,10000,0,'',1,10000,0,'',1,10000,0,'',1,10000,0,'',1,10000,0,'',1,10000,0,'',1,10000,0,'',1,10000,0,'',1,10000,0,'',1
'251229-MULTI-Sunday-01',5102,82800,0,'',1,10200,0,'',1,10000,0,'',1,10000,0,'',1,10100,0,'',1,10000,0,'',1,10000,0,'',1,10000,0,'',1,10000,0,'',1,10000,0,'',1,10000,0,'',1,10000,0,'',1,10000,0,'',1,10000,0,'',1
'260105-MULTI-Holiday1-01',5102,82800,0,'',1,10200,0,'',1,10000,0,'',1,10000,0,'',1,10100,0,'',1,10000,0,'',1,10000,0,'',1,10000,0,'',1,10000,0,'',1,10000,0,'',1,10000,0,'',1,10000,0,'',1,10000,0,'',1,10000,0,'',1
'260105-MULTI-Saturday-01',5102,63000,0,'',1,10000,0,'',1,10000,0,'',1,10000,0,'',1,10000,0,'',1,10000,0,'',1,10100,0,'',1,10000,0,'',1,10000,0,'',1,10000,0,'',1,10000,0,'',1,10000,0,'',1,10000,0,'',1,10000,0,'',1,10000,0,'',1,10000,0,'',1
'260105-MULTI-Sunday-01',5102,82800,0,'',1,10200,0,'',1,10000,0,'',1,10000,0,'',1,10100,0,'',1,10000,0,'',1,10000,0,'',1,10000,0,'',1,10000,0,'',1,10000,0,'',1,10000,0,'',1,10000,0,'',1,10000,0,'',1,10000,0,'',1
'260105-MULTI-Weekday-01',5102,44200,0,'',1,7000,0,'',1,3000,0,'',1,7500,0,'',1,2400,0,'',1,7300,0,'',1,2700,0,'',1,7500,0,'',1,2500,0,'',1,7400,0,'',1,3000,0,'',1,7000,0,'',1,3000,0,'',1,7000,0,'',1,3000,0,'',1,6600,0,'',1,3200,0,'',1,6600,0,'',1,3300,0,'',1,6900,0,'',1,3000,0,'',1,7000,0,'',1,3300,0,'',1,6700,0,'',1,3100,0,'',1,6900,0,'',1,3300,0,'',1,6900,0,'',1,3000,0,'',1,7100,0,'',1,10000,0,'',1,10000,0,'',1,10000,0,'',1,10800,0,'',1,9200,0,'',1
