'251229-MULTI-Saturday-01',1204,62600,0,'',1,8000,0,'',1,4000,0,'',1,8000,0,'',1,8000,0,'',1,4000,0,'',1,8200,0,'',1,8000,0,'',1,4000,0,'',1,8000,0,'',1,8000,0,'',1,4000,0,'',1,8100,0,'',1,8000,0,'',1,4000,0,'',1,8000,0,'',1,8000,0,'',1,3800,0,'',1,8000,0,'',1,8000,0,'',1,4000,0,'',1,8100,0,'',1,8000,0,'',1,4000,0,'',1,8000,0,'',1,8000,0,'',1,3600,0,'',1,8000,0,'',1,8000,0,'',1
'251229-MULTI-Sunday-01',1204,84100,0,'',1,8300,0,'',1,7900,0,'',1,4000,0,'',1,8000,0,'',1,8000,0,'',1,4000,0,'',1,8000,0,'',1,8100,0,'',1,4000,0,'',1,8300,0,'',1,8000,0,'',1,3800,0,'',1,8000,0,'',1,8000,0,'',1,4000,0,'',1,7900,0,'',1,7800,0,'',1,3900,0,'',1,8000,0,'',1,8000,0,'',1,3800,0,'',1,8000,0,'',1
'260105-MULTI-Holiday1-01',1204,84100,0,'',1,8300,0,'',1,7900,0,'',1,4000,0,'',1,8000,0,'',1,8000,0,'',1,4000,0,'',1,8000,0,'',1,8100,0,'',1,4400,0,'',1,7900,0,'',1,8000,0,'',1,3800,0,'',1,8000,0,'',1,8000,0,'',1,4000,0,'',1,7900,0,'',1,7800,0,'',1,3900,0,'',1,8000,0,'',1,8000,0,'',1,3800,0,'',1,8000,0,'',1
'260105-MULTI-Saturday-01',1204,62600,0,'',1,8000,0,'',1,4000,0,'',1,8000,0,'',1,8000,0,'',1,4000,0,'',1,8200,0,'',1,8000,0,'',1,4000,0,'',1,8000,0,'',1,8000,0,'',1,4000,0,'',1,8100,0,'',1,8000,0,'',1,4000,0,'',1,8000,0,'',1,8000,0,'',1,3800,0,'',1,8000,0,'',1,8000,0,'',1,4000,0,'',1,8100,0,'',1,8000,0,'',1,4000,0,'',1,8000,0,'',1,8000,0,'',1,3600,0,'',1,8000,0,'',1,8000,0,'',1
'260105-MULTI-Sunday-01',1204,84100,0,'',1,8300,0,'',1,7900,0,'',1,4000,0,'',1,8000,0,'',1,8000,0,'',1,4000,0,'',1,8000,0,'',1,8100,0,'',1,4400,0,'',1,7900,0,'',1,8000,0,'',1,3800,0,'',1,8000,0,'',1,8000,0,'',1,4000,0,'',1,7900,0,'',1,7800,0,'',1,3900,0,'',1,8000,0,'',1,8000,0,'',1,3800,0,'',1,8000,0,'',1
'260105-MULTI-Weekday-01',1204,61200,0,'',1,4000,0,'',1,7900,0,'',1,7500,0,'',1,3700,0,'',1,6700,0,'',1,3200,0,'',1,7300,0,'',1,3900,0,'',1,8400,0,'',1,7700,0,'',1,8600,0,'',1,4300,0,'',1,8700,0,'',1,8100,0,'',1,9300,0,'',1,3500,0,'',1,6700,0,'',1,2800,0,'',1,7400,0,'',1,2600,0,'',1,7400,0,'',1,2300,0,'',1,7000,0,'',1,3900,0,'',1,8600,0,'',1,8600,0,'',1,4400,0,'',1,8500,0,'',1,7900,0,'',1,8600,0,'',1
'251229-MULTI-Saturday-01',1603,63200,0,'',1,8000,0,'',1,4000,0,'',1,8000,0,'',1,8000,0,'',1,4000,0,'',1,8000,0,'',1,8200,0,'',1,4000,0,'',1,7900,0,'',1,8000,0,'',1,4000,0,'',1,8000,0,'',1,8000,0,'',1,4000,0,'',1,8000,0,'',1,8000,0,'',1,4000,0,'',1,8000,0,'',1,7900,0,'',1,4000,0,'',1,8000,0,'',1,8000,0,'',1,4000,0,'',1,8000,0,'',1,7900,0,'',1,4000,0,'',1,8000,0,'',1
'251229-MULTI-Sunday-01',1603,84700,0,'',1,8100,0,'',1,8100,0,'',1,4000,0,'',1,7900,0,'',1,8000,0,'',1,4000,0,'',1,8000,0,'',1,8000,0,'',1,4000,0,'',1,8000,0,'',1,8000,0,'',1,4000,0,'',1,8000,0,'',1,8000,0,'',1,3900,0,'',1,8000,0,'',1,8000,0,'',1,4000,0,'',1,8000,0,'',1,7900,0,'',1,4000,0,'',1
'260105-MULTI-Holiday1-01',1603,84700,0,'',1,8100,0,'',1,8100,0,'',1,4000,0,'',1,7900,0,'',1,8000,0,'',1,4000,0,'',1,8000,0,'',1,8000,0,'',1,4000,0,'',1,8200,0,'',1,7800,0,'',1,4000,0,'',1,8000,0,'',1,8000,0,'',1,3900,0,'',1,8000,0,'',1,8000,0,'',1,4000,0,'',1,8000,0,'',1,7900,0,'',1,4000,0,'',1
'260105-MULTI-Saturday-01',1603,63200,0,'',1,8000,0,'',1,4000,0,'',1,8000,0,'',1,8000,0,'',1,4000,0,'',1,8000,0,'',1,8200,0,'',1,4000,0,'',1,7900,0,'',1,8000,0,'',1,4000,0,'',1,8000,0,'',1,8000,0,'',1,4000,0,'',1,8000,0,'',1,8000,0,'',1,4000,0,'',1,8000,0,'',1,7900,0,'',1,4000,0,'',1,8000,0,'',1,8000,0,'',1,4000,0,'',1,8000,0,'',1,7900,0,'',1,4000,0,'',1,8000,0,'',1
'260105-MULTI-Sunday-01',1603,84700,0,'',1,8100,0,'',1,8100,0,'',1,4000,0,'',1,7900,0,'',1,8000,0,'',1,4000,0,'',1,8000,0,'',1,8000,0,'',1,4000,0,'',1,8200,0,'',1,7800,0,'',1,4000,0,'',1,8000,0,'',1,8000,0,'',1,3900,0,'',1,8000,0,'',1,8000,0,'',1,4000,0,'',1,8000,0,'',1,7900,0,'',1,4000,0,'',1
'260105-MULTI-Weekday-01',1603,55800,0,'',1,8500,0,'',1,7200,0,'',1,3000,0,'',1,7600,0,'',1,3400,0,'',1,7400,0,'',1,7100,0,'',1,3300,0,'',1,8600,0,'',1,8500,0,'',1,4700,0,'',1,8700,0,'',1,8700,0,'',1,8900,0,'',1,2300,0,'',1,6700,0,'',1,3300,0,'',1,7000,0,'',1,3000,0,'',1,6900,0,'',1,3000,0,'',1,6900,0,'',1,2800,0,'',1,7000,0,'',1,4500,0,'',1,8300,0,'',1,8700,0,'',1,8500,0,'',1,4500,0,'',1,8500,0,'',1
'260105-MULTI-Weekday-01',2002,60500,0,'A',1,3000,0,'A',1,7400,0,'A',1,300,0,'A',1,3000,0,'A',1,7200,0,'A',1,2000,0,'A',1,6700,0,'A',1,1700,0,'A',1,2500,0,'A',1,6500,0,'A',1,2400,0,'A',1,7500,0,'',1,5100,0,'',1,9200,0,'',1,8900,0,'',1,9600,0,'',1,1200,0,'A',1,6500,0,'A',1,2800,0,'A',1,6800,0,'A',1,2800,0,'A',1,1900,0,'A',1,6800,0,'A',1,2300,0,'A',1,7100,0,'A',1,2400,0,'A',1,1700,0,'A',1,6800,0,'A',1,2100,0,'A',1,30300,0,'',1,7700,0,'',1
