5102,'251229-MULTI-Saturday-01',641,,13455,0,,1,100,,13456,0,,1,100,,13457,0,,1,100,,13458,0,,1,99,,13459,0,,1,100,,13460,0,,1,102,,13461,0,,1,100,,13462,0,,1,100,,13463,0,,1,100,,13465,0,,1,100,,13467,0,,1,100,,13464,0,,1,99,,13466,0,,1,100,,13468,0,,1,100,,13469,0,,1,100,,13470,0,,1
5102,'251229-MULTI-Sunday-01',839,,13484,0,,1,102,,13483,0,,1,99,,13481,0,,1,100,,13482,0,,1,102,,13480,0,,1,100,,13478,0,,1,100,,13479,0,,1,100,,13477,0,,1,100,,13476,0,,1,100,,13475,0,,1,99,,13474,0,,1,100,,13473,0,,1,100,,13472,0,,1,100,,13471,0,,1
5102,'260105-MULTI-Holiday1-01',839,,13498,0,,1,102,,13497,0,,1,99,,13495,0,,1,100,,13496,0,,1,102,,13494,0,,1,100,,13492,0,,1,100,,13493,0,,1,100,,13491,0,,1,100,,13490,0,,1,100,,13489,0,,1,99,,13488,0,,1,100,,13487,0,,1,100,,13486,0,,1,100,,13485,0,,1
5102,'260105-MULTI-Saturday-01',641,,13499,0,,1,100,,13500,0,,1,100,,13501,0,,1,100,,13502,0,,1,99,,13503,0,,1,100,,13504,0,,1,102,,13505,0,,1,100,,13506,0,,1,100,,13507,0,,1,100,,13509,0,,1,100,,13511,0,,1,100,,13508,0,,1,99,,13510,0,,1,100,,13513,0,,1,100,,13512,0,,1,100,,13514,0,,1
5102,'260105-MULTI-Sunday-01',839,,13528,0,,1,102,,13527,0,,1,99,,13525,0,,1,100,,13526,0,,1,102,,13524,0,,1,100,,13522,0,,1,100,,13523,0,,1,100,,13521,0,,1,100,,13520,0,,1,100,,13519,0,,1,99,,13518,0,,1,100,,13517,0,,1,100,,13516,0,,1,100,,13515,0,,1
5102,'260105-MULTI-Weekday-01',450,,13529,0,,1,71,,13540,0,,1,30,,13531,0,,1,76,,13541,0,,1,24,,13532,0,,1,73,,13542,0,,1,27,,13533,0,,1,75,,13539,0,,1,25,,13530,0,,1,73,,13538,0,,1,30,,13559,0,,1,70,,13560,0,,1,30,,13561,0,,1,70,,13562,0,,1,30,,13563,0,,1,66,,13553,0,,1,32,,13554,0,,1,66,,13558,0,,1,33,,13557,0,,1,70,,13556,0,,1,30,,13555,0,,1,71,,13543,0,,1,33,,13535,0,,1,67,,13545,0,,1,31,,13536,0,,1,69,,13546,0,,1,33,,13537,0,,1,69,,13544,0,,1,30,,13534,0,,1,70,,13547,0,,1,100,,13548,0,,1,100,,13549,0,,1,100,,13550,0,,1,108,,13551,0,,1,92,,13552,0,,1
6003,'251229-MULTI-Saturday-01',738,,15138,0,,1,70,,15116,0,,1,36,,15130,0,,1,73,,15131,0,,1,35,,15132,0,,1,75,,15133,0,,1,75,,15134,0,,1,35,,15135,0,,1,75,,15136,0,,1,35,,15137,0,,1,75,,15124,0,,1,35,,15118,0,,1,75,,15121,0,,1,75,,15119,0,,1,35,,15117,0,,1,75,,15120,0,,1,35,,15125,0,,1,75,,15122,0,,1,75,,15127,0,,1,35,,15129,0,,1,75,,15126,0,,1,35,,15123,0,,1,75,,15128,0,,1
6003,'251229-MULTI-Sunday-01',823,,15142,0,,1,104,,15140,0,,1,105,,15143,0,,1,105,,15139,0,,1,105,,15144,0,,1,105,,15145,0,,1,105,,15146,0,,1,105,,15147,0,,1,145,,15148,0,,1,104,,15149,0,,1,106,,15150,0,,1,104,,15141,0,,1
6003,'260105-MULTI-Holiday1-01',823,,15154,0,,1,104,,15152,0,,1,105,,15155,0,,1,105,,15151,0,,1,105,,15157,0,,1,105,,15158,0,,1,105,,15159,0,,1,105,,15156,0,,1,145,,15160,0,,1,104,,15161,0,,1,106,,15162,0,,1,104,,15153,0,,1
6003,'260105-MULTI-Saturday-01',738,,15185,0,,1,70,,15163,0,,1,36,,15177,0,,1,73,,15178,0,,1,35,,15179,0,,1,75,,15180,0,,1,75,,15181,0,,1,35,,15182,0,,1,75,,15183,0,,1,35,,15184,0,,1,75,,15168,0,,1,35,,15165,0,,1,75,,15169,0,,1,75,,15166,0,,1,35,,15164,0,,1,75,,15167,0,,1,35,,15172,0,,1,75,,15170,0,,1,75,,15174,0,,1,35,,15176,0,,1,75,,15173,0,,1,35,,15171,0,,1,75,,15175,0,,1
6003,'260105-MULTI-Sunday-01',823,,15189,0,,1,104,,15187,0,,1,105,,15190,0,,1,105,,15186,0,,1,105,,15192,0,,1,105,,15193,0,,1,105,,15194,0,,1,105,,15191,0,,1,145,,15195,0,,1,104,,15196,0,,1,106,,15197,0,,1,104,,15188,0,,1
6003,'260105-MULTI-Weekday-01',526,,15199,0,,1,21,,15200,0,,1,65,,15201,0,,1,25,,15202,0,,1,67,,15203,0,,1,31,,15204,0,,1,67,,15205,0,,1,26,,15206,0,,1,26,,15207,0,,1,66,,15208,0,,1,26,,15209,0,,1,66,,15210,0,,1,26,,15212,0,,1,69,,15213,0,,1,29,,15214,0,,1,66,,15211,0,,1,26,,15215,0,,1,26,,15216,0,,1,66,,15217,0,,1,26,,15218,0,,1,66,,15219,0,,1,29,,15220,0,,1,71,,15221,0,,1,24,,15222,0,,1,22,,15224,0,,1,67,,15226,0,,1,23,,15227,0,,1,66,,15223,0,,1,26,,15228,0,,1,66,,15225,0,,1,28,,15229,0,,1,73,,15230,0,,1,45,,15231,0,,1,80,,15232,0,,1,80,,15233,0,,1,40,,15234,0,,1,80,,15235,0,,1,80,,15236,0,,1,40,,15237,0,,1,80,,15238,0,,1
