802,'251229-MULTI-Saturday-01',554,,4728,0,,1,90,,4726,0,,1,90,,4732,0,,1,91,,4729,0,,1,90,,4731,0,,1,90,,4730,0,,1,35,,4742,0,,1,75,,4753,0,,1,36,,4743,0,,1,69,,4744,0,,1,39,,4745,0,,1,75,,4746,0,,1,75,,4747,0,,1,35,,4748,0,,1,75,,4749,0,,1,35,,4750,0,,1,75,,4751,0,,1,75,,4752,0,,1,35,,4738,0,,1,75,,4741,0,,1,35,,4740,0,,1,75,,4739,0,,1,80,,4737,0,,1,51,,4733,0,,1,90,,4734,0,,1,89,,4735,0,,1,90,,4736,0,,1,90,,4727,0,,1
802,'251229-MULTI-Sunday-01',754,,4755,0,,1,85,,4754,0,,1,85,,4756,0,,1,85,,4757,0,,1,45,,4758,0,,1,86,,4760,0,,1,85,,4761,0,,1,85,,4762,0,,1,45,,4759,0,,1,85,,4763,0,,1,85,,4764,0,,1,85,,4765,0,,1,45,,4766,0,,1,85,,4767,0,,1,85,,4768,0,,1,85,,4769,0,,1,45,,4770,0,,1,85,,4771,0,,1,85,,4772,0,,1,85,,4773,0,,1
802,'260105-MULTI-Holiday1-01',754,,4775,0,,1,85,,4774,0,,1,85,,4776,0,,1,85,,4777,0,,1,45,,4778,0,,1,86,,4781,0,,1,85,,4782,0,,1,85,,4779,0,,1,45,,4780,0,,1,85,,4783,0,,1,85,,4784,0,,1,85,,4785,0,,1,45,,4786,0,,1,85,,4787,0,,1,85,,4788,0,,1,85,,4789,0,,1,45,,4790,0,,1,85,,4791,0,,1,85,,4792,0,,1,85,,4793,0,,1
802,'260105-MULTI-Saturday-01',554,,4796,0,,1,90,,4794,0,,1,90,,4800,0,,1,91,,4797,0,,1,90,,4799,0,,1,90,,4798,0,,1,35,,4810,0,,1,75,,4821,0,,1,36,,4811,0,,1,69,,4812,0,,1,39,,4813,0,,1,75,,4814,0,,1,75,,4815,0,,1,35,,4816,0,,1,75,,4817,0,,1,35,,4818,0,,1,75,,4819,0,,1,75,,4820,0,,1,35,,4806,0,,1,75,,4809,0,,1,35,,4808,0,,1,75,,4807,0,,1,80,,4805,0,,1,51,,4801,0,,1,90,,4802,0,,1,89,,4803,0,,1,90,,4804,0,,1,90,,4795,0,,1
802,'260105-MULTI-Sunday-01',754,,4823,0,,1,85,,4822,0,,1,85,,4824,0,,1,85,,4825,0,,1,45,,4826,0,,1,86,,4829,0,,1,85,,4830,0,,1,85,,4827,0,,1,45,,4828,0,,1,85,,4831,0,,1,85,,4832,0,,1,85,,4833,0,,1,45,,4834,0,,1,85,,4835,0,,1,85,,4836,0,,1,85,,4837,0,,1,45,,4838,0,,1,85,,4839,0,,1,85,,4840,0,,1,85,,4841,0,,1
802,'260105-MULTI-Weekday-01',444,,4843,0,,1,75,,4847,0,,1,35,,4853,0,,1,73,,4858,0,,1,75,,4850,0,,1,37,,4856,0,,1,76,,4848,0,,1,35,,4855,0,,1,78,,4845,0,,1,31,,4851,0,,1,76,,4844,0,,1,74,,4854,0,,1,35,,4846,0,,1,76,,4852,0,,1,33,,4857,0,,1,75,,4849,0,,1,80,,4862,0,,1,39,,4861,0,,1,77,,4863,0,,1,87,,4865,0,,1,32,,4864,0,,1,72,,4866,0,,1,95,,4868,0,,1,24,,4867,0,,1,25,,4869,0,,1,144,,4871,0,,1,20,,4870,0,,1,29,,4872,0,,1,99,,4860,0,,1,84,,4859,0,,1,94,,4842,0,,1
50102,'251229-MULTI-Saturday-01',717,,16543,0,,1,16,,16560,0,,1,17,,16564,0,,1,56,,16565,0,,1,16,,16566,0,,1,16,,16561,0,,1,16,,16559,0,,1,57,,16562,0,,1,18,,16563,0,,1,16,,16567,0,,1,57,,16568,0,,1,16,,16569,0,,1,16,,16570,0,,1,16,,16571,0,,1,56,,16572,0,,1,16,,16573,0,,1,16,,16574,0,,1,16,,16575,0,,1,59,,16576,0,,1,17,,16577,0,,1,15,,16578,0,,1,56,,16579,0,,1,14,,16580,0,,1,16,,16581,0,,1,16,,16582,0,,1,56,,16583,0,,1,16,,16584,0,,1,16,,16585,0,,1,16,,16586,0,,1,57,,16587,0,,1,17,,16588,0,,1,16,,16589,0,,1,16,,16590,0,,1,56,,16591,0,,1,16,,16592,0,,1,16,,16593,0,,1,13,,16595,0,,1,56,,16596,0,,1,16,,16597,0,,1,16,,16594,0,,1,56,,16598,0,,1,16,,16599,0,,1,16,,16600,0,,1,14,,16602,0,,1,57,,16603,0,,1,18,,16604,0,,1,18,,16601,0,,1,17,,16555,0,,1,62,,16556,0,,1,18,,16557,0,,1,64,,16558,0,,1,16,,16550,0,,1,20,,16549,0,,1,20,,16546,0,,1,57,,16548,0,,1,20,,16552,0,,1,20,,16553,0,,1,60,,16544,0,,1,17,,16551,0,,1,18,,16554,0,,1,61,,16547,0,,1,20,,16545,0,,1
50102,'251229-MULTI-Sunday-01',852,,16612,0,,1,58,,16613,0,,1,19,,16610,0,,1,22,,16608,0,,1,61,,16607,0,,1,18,,16605,0,,1,19,,16606,0,,1,58,,16615,0,,1,19,,16614,0,,1,18,,16609,0,,1,58,,16611,0,,1,19,,16618,0,,1,18,,16619,0,,1,19,,16621,0,,1,64,,16620,0,,1,24,,16616,0,,1,62,,16617,0,,1,21,,16622,0,,1,18,,16623,0,,1,58,,16624,0,,1,18,,16625,0,,1,18,,16629,0,,1,18,,16627,0,,1,58,,16626,0,,1,18,,16628,0,,1,18,,16631,0,,1,58,,16632,0,,1,18,,16630,0,,1,18,,16633,0,,1,58,,16634,0,,1,16,,16635,0,,1,15,,16636,0,,1,14,,16638,0,,1,55,,16637,0,,1,15,,16639,0,,1,18,,16641,0,,1,14,,16640,0,,1,57,,16642,0,,1,18,,16643,0,,1,20,,16644,0,,1,58,,16647,0,,1,18,,16646,0,,1,18,,16645,0,,1,18,,16648,0,,1,53,,16649,0,,1,16,,16650,0,,1,20,,16652,0,,1,63,,16651,0,,1,25,,16653,0,,1,21,,16654,0,,1,65,,16655,0,,1
50102,'260105-MULTI-Holiday1-01',852,,16663,0,,1,58,,16665,0,,1,19,,16661,0,,1,22,,16659,0,,1,61,,16658,0,,1,18,,16656,0,,1,19,,16657,0,,1,58,,16666,0,,1,19,,16664,0,,1,18,,16660,0,,1,58,,16662,0,,1,19,,16669,0,,1,18,,16670,0,,1,19,,16672,0,,1,64,,16671,0,,1,24,,16667,0,,1,62,,16668,0,,1,21,,16673,0,,1,18,,16674,0,,1,58,,16675,0,,1,18,,16676,0,,1,18,,16680,0,,1,18,,16678,0,,1,58,,16677,0,,1,18,,16679,0,,1,18,,16682,0,,1,58,,16683,0,,1,18,,16681,0,,1,18,,16684,0,,1,58,,16685,0,,1,16,,16687,0,,1,15,,16686,0,,1,14,,16689,0,,1,55,,16688,0,,1,15,,16690,0,,1,18,,16692,0,,1,14,,16691,0,,1,57,,16693,0,,1,18,,16694,0,,1,20,,16695,0,,1,58,,16698,0,,1,18,,16697,0,,1,18,,16696,0,,1,18,,16699,0,,1,53,,16700,0,,1,16,,16701,0,,1,20,,16704,0,,1,63,,16702,0,,1,25,,16705,0,,1,21,,16703,0,,1,65,,16706,0,,1
50102,'260105-MULTI-Saturday-01',717,,16707,0,,1,16,,16725,0,,1,17,,16728,0,,1,56,,16729,0,,1,16,,16730,0,,1,16,,16726,0,,1,16,,16723,0,,1,57,,16724,0,,1,18,,16727,0,,1,16,,16731,0,,1,57,,16732,0,,1,16,,16733,0,,1,16,,16734,0,,1,16,,16735,0,,1,56,,16736,0,,1,16,,16737,0,,1,16,,16738,0,,1,16,,16739,0,,1,59,,16740,0,,1,17,,16741,0,,1,15,,16742,0,,1,56,,16743,0,,1,14,,16744,0,,1,16,,16745,0,,1,16,,16746,0,,1,56,,16747,0,,1,16,,16748,0,,1,16,,16749,0,,1,16,,16750,0,,1,57,,16751,0,,1,17,,16752,0,,1,16,,16753,0,,1,16,,16754,0,,1,56,,16755,0,,1,16,,16756,0,,1,16,,16757,0,,1,13,,16760,0,,1,56,,16761,0,,1,16,,16762,0,,1,16,,16758,0,,1,56,,16759,0,,1,16,,16763,0,,1,16,,16764,0,,1,14,,16766,0,,1,57,,16767,0,,1,18,,16768,0,,1,18,,16765,0,,1,17,,16719,0,,1,62,,16720,0,,1,18,,16721,0,,1,64,,16722,0,,1,16,,16714,0,,1,20,,16713,0,,1,20,,16710,0,,1,57,,16712,0,,1,20,,16716,0,,1,20,,16717,0,,1,60,,16708,0,,1,17,,16715,0,,1,18,,16718,0,,1,61,,16711,0,,1,20,,16709,0,,1
50102,'260105-MULTI-Sunday-01',852,,16776,0,,1,58,,16778,0,,1,19,,16774,0,,1,22,,16772,0,,1,61,,16771,0,,1,18,,16769,0,,1,19,,16770,0,,1,58,,16779,0,,1,19,,16777,0,,1,18,,16773,0,,1,58,,16775,0,,1,19,,16782,0,,1,18,,16783,0,,1,19,,16785,0,,1,64,,16784,0,,1,24,,16780,0,,1,62,,16781,0,,1,21,,16786,0,,1,18,,16787,0,,1,58,,16788,0,,1,18,,16789,0,,1,18,,16793,0,,1,18,,16791,0,,1,58,,16790,0,,1,18,,16792,0,,1,18,,16795,0,,1,58,,16796,0,,1,18,,16794,0,,1,18,,16797,0,,1,58,,16798,0,,1,16,,16800,0,,1,15,,16799,0,,1,14,,16802,0,,1,55,,16801,0,,1,15,,16803,0,,1,18,,16805,0,,1,14,,16804,0,,1,57,,16806,0,,1,18,,16807,0,,1,20,,16808,0,,1,58,,16811,0,,1,18,,16810,0,,1,18,,16809,0,,1,18,,16812,0,,1,53,,16813,0,,1,16,,16814,0,,1,20,,16817,0,,1,63,,16815,0,,1,25,,16818,0,,1,21,,16816,0,,1,65,,16819,0,,1
50102,'260105-MULTI-Weekday-01',636,,16830,0,,1,11,,16836,0,,1,53,,16837,0,,1,12,,16838,0,,1,14,,16839,0,,1,12,,16840,0,,1,15,,16841,0,,1,52,,16842,0,,1,12,,16843,0,,1,12,,16844,0,,1,12,,16845,0,,1,12,,16846,0,,1,52,,16847,0,,1,12,,16848,0,,1,12,,16849,0,,1,12,,16850,0,,1,11,,16851,0,,1,52,,16852,0,,1,12,,16853,0,,1,12,,16854,0,,1,12,,16855,0,,1,12,,16856,0,,1,52,,16857,0,,1,12,,16858,0,,1,12,,16859,0,,1,12,,16860,0,,1,12,,16861,0,,1,52,,16862,0,,1,12,,16863,0,,1,12,,16864,0,,1,12,,16865,0,,1,12,,16866,0,,1,52,,16867,0,,1,12,,16868,0,,1,12,,16869,0,,1,12,,16870,0,,1,12,,16871,0,,1,53,,16872,0,,1,12,,16873,0,,1,15,,16874,0,,1,13,,16875,0,,1,14,,16876,0,,1,47,,16877,0,,1,6,,16878,0,,1,6,,16879,0,,1,8,,16880,0,,1,7,,16881,0,,1,6,,16882,0,,1,7,,16883,0,,1,9,,16884,0,,1,46,,16885,0,,1,6,,16886,0,,1,6,,16887,0,,1,6,,16888,0,,1,6,,16889,0,,1,6,,16890,0,,1,6,,16891,0,,1,6,,16892,0,,1,6,,16893,0,,1,6,,16894,0,,1,46,,16895,0,,1,6,,16896,0,,1,6,,16897,0,,1,5,,16898,0,,1,5,,16899,0,,1,5,,16900,0,,1,6,,16901,0,,1,6,,16902,0,,1,5,,16903,0,,1,6,,16904,0,,1,6,,16905,0,,1,45,,16906,0,,1,6,,16907,0,,1,6,,16908,0,,1,7,,16909,0,,1,5,,16910,0,,1,5,,16911,0,,1,5,,16912,0,,1,5,,16913,0,,1,4,,16914,0,,1,6,,16915,0,,1,6,,16916,0,,1,45,,16917,0,,1,6,,16918,0,,1,5,,16919,0,,1,5,,16920,0,,1,5,,16921,0,,1,5,,16922,0,,1,5,,16923,0,,1,5,,16924,0,,1,5,,16925,0,,1,5,,16926,0,,1,6,,16927,0,,1,46,,16928,0,,1,6,,16929,0,,1,6,,16930,0,,1,6,,16931,0,,1,6,,16932,0,,1,6,,16933,0,,1,6,,16934,0,,1,6,,16935,0,,1,6,,16936,0,,1,6,,16937,0,,1,52,,16938,0,,1,12,,16831,0,,1,12,,16832,0,,1,9,,16835,0,,1,9,,16833,0,,1,10,,16834,0,,1,48,,16826,0,,1,12,,16825,0,,1,14,,16828,0,,1,13,,16821,0,,1,61,,16827,0,,1,22,,16829,0,,1,15,,16824,0,,1,58,,16820,0,,1,18,,16822,0,,1,18,,16823,0,,1
