'250901-MULTI-Holiday1-01',303,73600,0,'NB',1,2300,0,'North',1,6500,0,'NB',1,2900,0,'North',1,7000,0,'NB',1,2200,0,'North',1,7000,0,'NB',1,2100,0,'North',1,7000,0,'NB',1,2200,0,'North',1,3000,0,'NB',1,6200,0,'North',1,2900,0,'NB',1,6200,0,'North',1,3000,0,'NB',1,6200,0,'North',1,3000,0,'NB',1,2200,0,'North',1,7100,0,'NB',1,2300,0,'North',1,7300,0,'NB',1,2200,0,'North',1,7000,0,'NB',1,2200,0,'North',1,7000,0,'NB',1,2100,0,'North',1,3000,0,'NB',1,6200,0,'North',1,2600,0,'NB',1,6300,0,'North',1,2400,0,'North',1,2600,0,'North',1,6500,0,'North',1,2600,0,'North',1,6600,0,'North',1,2600,0,'North',1,6500,0,'North',1,2600,0,'North',1,2500,0,'North',1,6600,0,'North',1
'250901-MULTI-Holiday2-01',303,70600,0,'North',1,3000,0,'NB',1,2000,0,'North',1,7100,0,'NB',1,2100,0,'North',1,6500,0,'NB',1,2000,0,'North',1,7000,0,'NB',1,2400,0,'North',1,2500,0,'NB',1,6500,0,'North',1,2500,0,'NB',1,6500,0,'North',1,2400,0,'NB',1,2500,0,'North',1,6500,0,'NB',1,2000,0,'North',1,7000,0,'NB',1,2000,0,'North',1,7000,0,'NB',1,2100,0,'North',1,2600,0,'NB',1,6700,0,'North',1,2600,0,'NB',1,6500,0,'North',1,2500,0,'NB',1,2500,0,'North',1,6400,0,'NB',1,2500,0,'North',1,6400,0,'NB',1,2400,0,'North',1,2500,0,'NB',1,6300,0,'North',1,2500,0,'North',1,7000,0,'North',1,2400,0,'North',1,6500,0,'North',1,2500,0,'North',1,2500,0,'North',1,6400,0,'North',1,2500,0,'North',1,6500,0,'North',1
'250901-MULTI-Saturday-01',303,54500,0,'North',1,8500,0,'North',1,2500,0,'North',1,6600,0,'North',1,3000,0,'NB',1,6000,0,'North',1,3200,0,'NB',1,5900,0,'North',1,3100,0,'NB',1,1900,0,'North',1,7200,0,'NB',1,2000,0,'North',1,6600,0,'NB',1,2000,0,'North',1,7200,0,'NB',1,2100,0,'North',1,3000,0,'NB',1,5900,0,'North',1,3100,0,'NB',1,5900,0,'North',1,3100,0,'NB',1,1900,0,'North',1,7100,0,'NB',1,2000,0,'North',1,7100,0,'NB',1,2000,0,'North',1,7100,0,'NB',1,1800,0,'North',1,3100,0,'NB',1,5900,0,'North',1,3100,0,'NB',1,5900,0,'North',1,2900,0,'NB',1,1900,0,'North',1,6300,0,'North',1,2200,0,'North',1,6500,0,'North',1,2400,0,'North',1,2500,0,'North',1,6500,0,'North',1,2500,0,'North',1,6500,0,'North',1,2400,0,'North',1,2500,0,'North',1,6500,0,'North',1
'250901-MULTI-Sunday-01',303,70600,0,'North',1,3000,0,'NB',1,2000,0,'North',1,7100,0,'NB',1,2100,0,'North',1,6500,0,'NB',1,2000,0,'North',1,7000,0,'NB',1,2400,0,'North',1,2500,0,'NB',1,6500,0,'North',1,2500,0,'NB',1,6500,0,'North',1,2400,0,'NB',1,2500,0,'North',1,6500,0,'NB',1,2000,0,'North',1,7000,0,'NB',1,2000,0,'North',1,7000,0,'NB',1,2100,0,'North',1,2600,0,'NB',1,6700,0,'North',1,2600,0,'NB',1,6500,0,'North',1,2500,0,'NB',1,2500,0,'North',1,6400,0,'NB',1,2500,0,'North',1,6400,0,'NB',1,2400,0,'North',1,2500,0,'NB',1,6300,0,'North',1,2500,0,'North',1,7000,0,'North',1,2400,0,'North',1,6500,0,'North',1,2500,0,'North',1,2500,0,'North',1,6400,0,'North',1,2500,0,'North',1,6500,0,'North',1
'250901-MULTI-Weekday-01',303,54400,0,'North',1,1500,0,'North',1,5600,0,'North',1,1500,0,'North',1,1500,0,'North',1,5500,0,'North',1,1200,0,'North',1,1300,0,'North',1,1900,0,'NB',1,1200,0,'North',1,5400,0,'NB',1,1300,0,'North',1,1500,0,'NB',1,1100,0,'North',1,5400,0,'NB',1,1100,0,'North',1,1400,0,'NB',1,1200,0,'North',1,1300,0,'NB',1,5300,0,'North',1,1400,0,'NB',1,1300,0,'North',1,1300,0,'NB',1,5600,0,'North',1,1400,0,'NB',1,1600,0,'North',1,1400,0,'NB',1,5600,0,'North',1,1700,0,'NB',1,1400,0,'North',1,1600,0,'NB',1,5600,0,'North',1,1400,0,'NB',1,1900,0,'North',1,6300,0,'NB',1,1400,0,'North',1,1600,0,'NB',1,1300,0,'North',1,1500,0,'NB',1,5300,0,'North',1,1600,0,'NB',1,1300,0,'North',1,1600,0,'NB',1,5200,0,'North',1,1600,0,'NB',1,1500,0,'North',1,1400,0,'NB',1,5500,0,'North',1,1400,0,'NB',1,1500,0,'North',1,1400,0,'NB',1,5300,0,'North',1,1400,0,'NB',1,1400,0,'North',1,1300,0,'NB',1,5500,0,'North',1,1300,0,'NB',1,1400,0,'North',1,1300,0,'NB',1,1400,0,'North',1,5400,0,'NB',1,1400,0,'North',1,1200,0,'NB',1,1500,0,'North',1,6800,0,'NB',1,2400,0,'North',1,6900,0,'NB',1,2800,0,'NB',1,7000,0,'NB',1,3000,0,'NB',1,7000,0,'NB',1,3000,0,'NB',1,7000,0,'NB',1
'250901-MULTI-Holiday2-01',2801,62700,,'',1,2500,,'',1,6500,,'',1,2500,,'',1,6500,,'',1,2500,,'',1,2500,,'',1,6500,,'',1,2500,,'',1,6500,,'',1,2500,,'',1,6500,,'',1,2500,,'',1,2500,,'',1,6500,,'',1,2500,,'',1,6500,,'',1,2500,,'',1,2500,,'',1,6500,,'',1,2500,,'',1,6500,,'',1,2500,,'',1,6500,,'',1,2500,,'',1,2500,,'',1,6500,,'',1,2500,,'',1,6500,,'',1,2500,,'',1,2500,,'',1,6500,,'',1
'250901-MULTI-Saturday-01',2801,62700,,'',1,2500,,'',1,6500,,'',1,2500,,'',1,6500,,'',1,2500,,'',1,2500,,'',1,6500,,'',1,2500,,'',1,6500,,'',1,2500,,'',1,6500,,'',1,2500,,'',1,2500,,'',1,6500,,'',1,2500,,'',1,6500,,'',1,2500,,'',1,2500,,'',1,6500,,'',1,2500,,'',1,6500,,'',1,2500,,'',1,6500,,'',1,2500,,'',1,2500,,'',1,6500,,'',1,2500,,'',1,6500,,'',1,2500,,'',1,2500,,'',1,6500,,'',1
'250901-MULTI-Sunday-01',2801,62700,,'',1,2500,,'',1,6500,,'',1,2500,,'',1,6500,,'',1,2500,,'',1,2500,,'',1,6500,,'',1,2500,,'',1,6500,,'',1,2500,,'',1,6500,,'',1,2500,,'',1,2500,,'',1,6500,,'',1,2500,,'',1,6500,,'',1,2500,,'',1,2500,,'',1,6500,,'',1,2500,,'',1,6500,,'',1,2500,,'',1,6500,,'',1,2500,,'',1,2500,,'',1,6500,,'',1,2500,,'',1,6500,,'',1,2500,,'',1,2500,,'',1,6500,,'',1
'250901-MULTI-Weekday-01',2801,63200,,'',1,2000,,'',1,6000,,'',1,2000,,'',1,2000,,'',1,6000,,'',1,2000,,'',1,2000,,'',1,6000,,'',1,2000,,'',1,2000,,'',1,6000,,'',1,2000,,'',1,2000,,'',1,6000,,'',1,2000,,'',1,2000,,'',1,6000,,'',1,2000,,'',1,2000,,'',1,6000,,'',1,2000,,'',1,2000,,'',1,6000,,'',1,2000,,'',1,2000,,'',1,6000,,'',1,2000,,'',1,2000,,'',1,6000,,'',1,2000,,'',1,2000,,'',1,6000,,'',1,2000,,'',1,2000,,'',1,6000,,'',1,2000,,'',1,2000,,'',1,6000,,'',1,2000,,'',1
'250901-MULTI-Holiday1-01',8104,62800,,'',1,8500,,'',1,4500,,'',1,8700,,'',1,8500,,'',1,8500,,'',1,8500,,'',1,4500,,'',1,8500,,'',1,8500,,'',1,8500,,'',1,4500,,'',1,8400,,'',1,8500,,'',1,4500,,'',1,8500,,'',1,8500,,'',1,8500,,'',1
'250901-MULTI-Holiday2-01',8104,62800,,'',1,8500,,'',1,4500,,'',1,8700,,'',1,8500,,'',1,8500,,'',1,8500,,'',1,4500,,'',1,8500,,'',1,8500,,'',1,8500,,'',1,4500,,'',1,8400,,'',1,8500,,'',1,4500,,'',1,8500,,'',1,8500,,'',1,8500,,'',1
'250901-MULTI-Saturday-01',8104,62800,,'',1,8500,,'',1,4500,,'',1,8700,,'',1,8500,,'',1,8500,,'',1,8500,,'',1,4500,,'',1,8500,,'',1,8500,,'',1,8500,,'',1,4500,,'',1,8400,,'',1,8500,,'',1,4500,,'',1,8500,,'',1,8500,,'',1,8500,,'',1
'250901-MULTI-Sunday-01',8104,62800,,'',1,8500,,'',1,4500,,'',1,8700,,'',1,8500,,'',1,8500,,'',1,8500,,'',1,4500,,'',1,8500,,'',1,8500,,'',1,8500,,'',1,4500,,'',1,8400,,'',1,8500,,'',1,4500,,'',1,8500,,'',1,8500,,'',1,8500,,'',1
'250901-MULTI-Weekday-01',8104,62900,,'',1,8500,,'',1,4500,,'',1,8700,,'',1,8500,,'',1,8500,,'',1,8500,,'',1,4500,,'',1,8500,,'',1,8500,,'',1,8500,,'',1,4500,,'',1,8400,,'',1,8500,,'',1,8500,,'',1,4500,,'',1,8500,,'',1,8500,,'',1,8500,,'',1,4500,,'',1
