'251229-MULTI-Saturday-01',1704,82100,0,'',1,8500,0,'',1,4500,0,'',1,8500,0,'',1,8500,0,'',1,8500,0,'',1,4500,0,'',1,8500,0,'',1,8500,0,'',1,8600,0,'',1,4500,0,'',1,8500,0,'',1,8500,0,'',1,8500,0,'',1,4500,0,'',1
'251229-MULTI-Sunday-01',1704,81100,0,'',1,4500,0,'',1,8500,0,'',1,8500,0,'',1,8500,0,'',1,4500,0,'',1,8500,0,'',1,8500,0,'',1,8600,0,'',1,4500,0,'',1,8500,0,'',1,8500,0,'',1,8500,0,'',1,4500,0,'',1,8500,0,'',1,8500,0,'',1
'260105-MULTI-Holiday1-01',1704,81100,0,'',1,4500,0,'',1,8500,0,'',1,8500,0,'',1,8500,0,'',1,4500,0,'',1,8500,0,'',1,8500,0,'',1,8600,0,'',1,4500,0,'',1,8500,0,'',1,8500,0,'',1,8500,0,'',1,4500,0,'',1,8500,0,'',1,8500,0,'',1
'260105-MULTI-Saturday-01',1704,82100,0,'',1,8500,0,'',1,4500,0,'',1,8500,0,'',1,8500,0,'',1,8500,0,'',1,4500,0,'',1,8500,0,'',1,8500,0,'',1,8600,0,'',1,4500,0,'',1,8500,0,'',1,8500,0,'',1,8500,0,'',1,4500,0,'',1
'260105-MULTI-Sunday-01',1704,81100,0,'',1,4500,0,'',1,8500,0,'',1,8500,0,'',1,8500,0,'',1,4500,0,'',1,8500,0,'',1,8500,0,'',1,8600,0,'',1,4500,0,'',1,8500,0,'',1,8500,0,'',1,8500,0,'',1,4500,0,'',1,8500,0,'',1,8500,0,'',1
'260105-MULTI-Weekday-01',1704,53100,0,'',1,8200,0,'',1,4600,0,'',1,8500,0,'',1,8500,0,'',1,8600,0,'',1,4400,0,'',1,8400,0,'',1,8700,0,'',1,8500,0,'',1,4300,0,'',1,8300,0,'',1,8600,0,'',1,1100,0,'',1,8400,0,'',1,8000,0,'',1,4500,0,'',1,8700,0,'',1,8400,0,'',1,8200,0,'',1
'251229-MULTI-Saturday-01',2302,55900,0,'',1,7000,0,'',1,3000,0,'',1,7200,0,'',1,7900,0,'',1,3200,0,'',1,7100,0,'',1,2800,0,'',1,6800,0,'',1,2700,0,'',1,6800,0,'',1,2700,0,'',1,6900,0,'',1,3000,0,'',1,2900,0,'',1,6700,0,'',1,2800,0,'',1,6700,0,'',1,2500,0,'',1,7000,0,'',1,3000,0,'',1,6800,0,'',1,3000,0,'',1,7100,0,'',1,2700,0,'',1,6500,0,'',1,2600,0,'',1,2600,0,'',1,7100,0,'',1,7000,0,'',1,3000,0,'',1,2800,0,'',1,7000,0,'',1,3000,0,'',1,6900,0,'',1,3000,0,'',1,7000,0,'',1,3000,0,'',1,7000,0,'',1
'251229-MULTI-Sunday-01',2302,80100,0,'',1,3000,0,'',1,2800,0,'',1,7300,0,'',1,6900,0,'',1,2800,0,'',1,2800,0,'',1,6900,0,'',1,2800,0,'',1,6800,0,'',1,2900,0,'',1,6800,0,'',1,2700,0,'',1,6700,0,'',1,3100,0,'',1,6900,0,'',1,2700,0,'',1,6800,0,'',1,2800,0,'',1,6800,0,'',1,2800,0,'',1,6800,0,'',1,2800,0,'',1,2700,0,'',1,6700,0,'',1,2800,0,'',1,6600,0,'',1,2800,0,'',1,6700,0,'',1,2800,0,'',1,6800,0,'',1,2700,0,'',1
'260105-MULTI-Holiday1-01',2302,80100,0,'',1,3000,0,'',1,2800,0,'',1,7300,0,'',1,6900,0,'',1,2800,0,'',1,2800,0,'',1,6900,0,'',1,2800,0,'',1,6800,0,'',1,2900,0,'',1,6800,0,'',1,2700,0,'',1,6700,0,'',1,3100,0,'',1,6900,0,'',1,2700,0,'',1,6800,0,'',1,2800,0,'',1,6800,0,'',1,2800,0,'',1,6800,0,'',1,2800,0,'',1,2700,0,'',1,6700,0,'',1,2800,0,'',1,6600,0,'',1,2800,0,'',1,6700,0,'',1,2800,0,'',1,6800,0,'',1,2700,0,'',1
'260105-MULTI-Saturday-01',2302,55900,0,'',1,7000,0,'',1,3000,0,'',1,7200,0,'',1,7900,0,'',1,3200,0,'',1,7100,0,'',1,2800,0,'',1,6800,0,'',1,2700,0,'',1,6800,0,'',1,2700,0,'',1,6900,0,'',1,3000,0,'',1,2900,0,'',1,6700,0,'',1,2800,0,'',1,6700,0,'',1,2500,0,'',1,7000,0,'',1,3000,0,'',1,6800,0,'',1,3000,0,'',1,7100,0,'',1,2700,0,'',1,6500,0,'',1,2600,0,'',1,2600,0,'',1,7100,0,'',1,7000,0,'',1,3000,0,'',1,2800,0,'',1,7000,0,'',1,3000,0,'',1,6900,0,'',1,3000,0,'',1,7000,0,'',1,3000,0,'',1,7000,0,'',1
'260105-MULTI-Sunday-01',2302,80100,0,'',1,3000,0,'',1,2800,0,'',1,7300,0,'',1,6900,0,'',1,2800,0,'',1,2800,0,'',1,6900,0,'',1,2800,0,'',1,6800,0,'',1,2900,0,'',1,6800,0,'',1,2700,0,'',1,6700,0,'',1,3100,0,'',1,6900,0,'',1,2700,0,'',1,6800,0,'',1,2800,0,'',1,6800,0,'',1,2800,0,'',1,6800,0,'',1,2800,0,'',1,2700,0,'',1,6700,0,'',1,2800,0,'',1,6600,0,'',1,2800,0,'',1,6700,0,'',1,2800,0,'',1,6800,0,'',1,2700,0,'',1
'260105-MULTI-Weekday-01',2302,51900,0,'',1,1600,0,'',1,1600,0,'',1,5500,0,'',1,1600,0,'',1,1600,0,'',1,1500,0,'',1,5500,0,'',1,1500,0,'',1,1500,0,'',1,1500,0,'',1,5600,0,'',1,1500,0,'',1,1600,0,'',1,1600,0,'',1,5600,0,'',1,1900,0,'',1,2400,0,'',1,6900,0,'',1,3100,0,'',1,6900,0,'',1,3100,0,'',1,7000,0,'',1,2900,0,'',1,7000,0,'',1,3100,0,'',1,7100,0,'',1,3000,0,'',1,5500,0,'',1,1700,0,'',1,1600,0,'',1,1500,0,'',1,5500,0,'',1,1900,0,'',1,1500,0,'',1,5500,0,'',1,1300,0,'',1,1500,0,'',1,1500,0,'',1,5500,0,'',1,1500,0,'',1,1500,0,'',1,1500,0,'',1,5500,0,'',1,1500,0,'',1,1300,0,'',1,1500,0,'',1,7400,0,'',1,3400,0,'',1,7500,0,'',1,3200,0,'',1,7100,0,'',1,7400,0,'',1,3400,0,'',1,7400,0,'',1
