'251229-MULTI-Saturday-01',1803,34300,0,'A',1,27200,0,'',1,2000,0,'',1,2000,0,'',1,6000,0,'',1,2000,0,'',1,2400,0,'',1,6600,0,'',1,2200,0,'',1,6000,0,'',1,2000,0,'',1,2000,0,'',1,6000,0,'',1,2000,0,'',1,2000,0,'',1,6000,0,'',1,2000,0,'',1,2000,0,'',1,300,0,'A',1,5700,0,'',1,1200,0,'A',1,800,0,'',1,1500,0,'',1,6500,0,'',1,2000,0,'',1,2000,0,'',1,6000,0,'',1,2000,0,'',1,2000,0,'',1,6000,0,'',1,2000,0,'',1,2000,0,'',1,6000,0,'',1,2000,0,'',1,2000,0,'',1,6000,0,'',1,2000,0,'',1,2000,0,'',1,6000,0,'',1,2000,0,'',1,2000,0,'',1,6000,0,'',1,2000,0,'',1,2000,0,'',1,6000,0,'',1,2000,0,'',1,2000,0,'',1,5600,0,'',1,2400,0,'',1,2600,0,'',1,5800,0,'',1,1600,0,'',1,7300,0,'',1,3000,0,'',1,7000,0,'',1,3000,0,'',1,7400,0,'',1
'251229-MULTI-Saturday-01',1804,61100,4,'',1,2000,4,'',1,2000,4,'',1,5800,4,'',1,2000,4,'',1,2000,4,'',1,6400,4,'',1,2100,4,'',1,2100,4,'',1,6100,4,'',1,2700,4,'',1,6100,4,'',1,100,4,'',1,1700,4,'',1,2000,4,'',1,1700,4,'',1,6000,4,'',1,2000,4,'',1,6100,4,'',1,2000,4,'',1,2000,4,'',1,6100,4,'',1,2000,4,'',1,2200,4,'',1,6000,4,'',1,2000,4,'',1,2000,4,'',1,6000,4,'',1,2000,4,'',1,2000,4,'',1,6000,4,'',1,1900,4,'',1,2000,4,'',1,6000,4,'',1,2000,4,'',1,2000,4,'',1,6000,4,'',1,2000,4,'',1,2000,4,'',1,6000,4,'',1,2000,4,'',1,1800,4,'',1,600,4,'',1,1100,4,'',1,5900,4,'',1,1500,4,'',1,500,4,'',1,2000,4,'',1,6000,4,'',1,2000,4,'',1,6500,4,'',1,2500,4,'',1,3000,4,'',1,6700,4,'',1,3000,4,'',1,6800,4,'',1,2700,4,'',1
'251229-MULTI-Sunday-01',1803,34600,0,'A',1,40200,0,'',1,7300,0,'',1,3300,0,'',1,7300,0,'',1,7300,0,'',1,2500,0,'',1,2000,0,'',1,6100,0,'',1,3300,0,'',1,1300,0,'A',1,6000,0,'',1,1000,0,'A',1,2300,0,'',1,7300,0,'',1,3300,0,'',1,7300,0,'',1,3300,0,'',1,7300,0,'',1,7300,0,'',1,3300,0,'',1,7300,0,'',1,3300,0,'',1,7300,0,'',1,3300,0,'',1,7300,0,'',1,3300,0,'',1,7300,0,'',1,7300,0,'',1,3300,0,'',1,7300,0,'',1,3300,0,'',1,7300,0,'',1,3300,0,'',1
'251229-MULTI-Sunday-01',1804,74200,4,'',1,7400,4,'',1,3200,4,'',1,7400,4,'',1,3400,4,'',1,4700,4,'',1,1900,4,'',1,1900,4,'',1,1800,4,'',1,7500,4,'',1,7300,4,'',1,1300,4,'',1,2200,4,'',1,7200,4,'',1,3300,4,'',1,7300,4,'',1,3300,4,'',1,7300,4,'',1,3300,4,'',1,7300,4,'',1,7300,4,'',1,3300,4,'',1,7400,4,'',1,3300,4,'',1,7300,4,'',1,3200,4,'',1,100,4,'',1,7200,4,'',1,1300,4,'',1,1900,4,'',1,7200,4,'',1,3100,4,'',1,7300,4,'',1,7300,4,'',1,3200,4,'',1
'260105-MULTI-Holiday1-01',1803,34600,0,'A',1,40200,0,'',1,7300,0,'',1,3300,0,'',1,7300,0,'',1,7300,0,'',1,2500,0,'',1,2000,0,'',1,6100,0,'',1,3300,0,'',1,1300,0,'A',1,6000,0,'',1,1000,0,'A',1,2300,0,'',1,7300,0,'',1,3300,0,'',1,7300,0,'',1,3300,0,'',1,7300,0,'',1,7300,0,'',1,3300,0,'',1,7300,0,'',1,3300,0,'',1,7300,0,'',1,3300,0,'',1,7300,0,'',1,3300,0,'',1,7300,0,'',1,7300,0,'',1,3300,0,'',1,7300,0,'',1,3300,0,'',1,7300,0,'',1,3300,0,'',1
'260105-MULTI-Holiday1-01',1804,74200,4,'',1,7400,4,'',1,3200,4,'',1,7400,4,'',1,3400,4,'',1,4700,4,'',1,1900,4,'',1,1900,4,'',1,1800,4,'',1,7500,4,'',1,7300,4,'',1,1300,4,'',1,2200,4,'',1,7200,4,'',1,3300,4,'',1,7300,4,'',1,3300,4,'',1,7300,4,'',1,3300,4,'',1,7300,4,'',1,7300,4,'',1,3300,4,'',1,7400,4,'',1,3300,4,'',1,7300,4,'',1,3200,4,'',1,100,4,'',1,7200,4,'',1,1300,4,'',1,1900,4,'',1,7200,4,'',1,3100,4,'',1,7300,4,'',1,7300,4,'',1,3200,4,'',1
'260105-MULTI-Saturday-01',1803,34300,0,'A',1,27200,0,'',1,2000,0,'',1,2000,0,'',1,6000,0,'',1,2000,0,'',1,2400,0,'',1,6600,0,'',1,2200,0,'',1,6000,0,'',1,2000,0,'',1,2000,0,'',1,6000,0,'',1,2000,0,'',1,2000,0,'',1,6000,0,'',1,2000,0,'',1,2000,0,'',1,300,0,'A',1,5700,0,'',1,1200,0,'A',1,800,0,'',1,1500,0,'',1,6500,0,'',1,2000,0,'',1,2000,0,'',1,6000,0,'',1,2000,0,'',1,2000,0,'',1,6000,0,'',1,2000,0,'',1,2000,0,'',1,6000,0,'',1,2000,0,'',1,2000,0,'',1,6000,0,'',1,2000,0,'',1,2000,0,'',1,6000,0,'',1,2000,0,'',1,2000,0,'',1,6000,0,'',1,2000,0,'',1,2000,0,'',1,6000,0,'',1,2000,0,'',1,2000,0,'',1,5600,0,'',1,2400,0,'',1,2600,0,'',1,5800,0,'',1,1600,0,'',1,7300,0,'',1,3000,0,'',1,7000,0,'',1,3000,0,'',1,7400,0,'',1
'260105-MULTI-Saturday-01',1804,61100,4,'',1,2000,4,'',1,2000,4,'',1,5800,4,'',1,2000,4,'',1,2000,4,'',1,6400,4,'',1,2100,4,'',1,2100,4,'',1,6100,4,'',1,2700,4,'',1,6100,4,'',1,100,4,'',1,1700,4,'',1,2000,4,'',1,1700,4,'',1,6000,4,'',1,2000,4,'',1,6100,4,'',1,2000,4,'',1,2000,4,'',1,6100,4,'',1,2000,4,'',1,2200,4,'',1,6000,4,'',1,2000,4,'',1,2000,4,'',1,6000,4,'',1,2000,4,'',1,2000,4,'',1,6000,4,'',1,1900,4,'',1,2000,4,'',1,6000,4,'',1,2000,4,'',1,2000,4,'',1,6000,4,'',1,2000,4,'',1,2000,4,'',1,6000,4,'',1,2000,4,'',1,1800,4,'',1,600,4,'',1,1100,4,'',1,5900,4,'',1,1500,4,'',1,500,4,'',1,2000,4,'',1,6000,4,'',1,2000,4,'',1,6500,4,'',1,2500,4,'',1,3000,4,'',1,6700,4,'',1,3000,4,'',1,6800,4,'',1,2700,4,'',1
'260105-MULTI-Sunday-01',1803,34600,0,'A',1,40200,0,'',1,7300,0,'',1,3300,0,'',1,7300,0,'',1,7300,0,'',1,2500,0,'',1,2000,0,'',1,6100,0,'',1,3300,0,'',1,1300,0,'A',1,6000,0,'',1,1000,0,'A',1,2300,0,'',1,7300,0,'',1,3300,0,'',1,7300,0,'',1,3300,0,'',1,7300,0,'',1,7300,0,'',1,3300,0,'',1,7300,0,'',1,3300,0,'',1,7300,0,'',1,3300,0,'',1,7300,0,'',1,3300,0,'',1,7300,0,'',1,7300,0,'',1,3300,0,'',1,7300,0,'',1,3300,0,'',1,7300,0,'',1,3300,0,'',1
'260105-MULTI-Sunday-01',1804,74200,4,'',1,7400,4,'',1,3200,4,'',1,7400,4,'',1,3400,4,'',1,4700,4,'',1,1900,4,'',1,1900,4,'',1,1800,4,'',1,7500,4,'',1,7300,4,'',1,1300,4,'',1,2200,4,'',1,7200,4,'',1,3300,4,'',1,7300,4,'',1,3300,4,'',1,7300,4,'',1,3300,4,'',1,7300,4,'',1,7300,4,'',1,3300,4,'',1,7400,4,'',1,3300,4,'',1,7300,4,'',1,3200,4,'',1,100,4,'',1,7200,4,'',1,1300,4,'',1,1900,4,'',1,7200,4,'',1,3100,4,'',1,7300,4,'',1,7300,4,'',1,3200,4,'',1
'260105-MULTI-Weekday-01',1803,34200,0,'A',1,11100,0,'',1,5000,0,'',1,1000,0,'',1,1000,0,'',1,1000,0,'',1,1000,0,'',1,1000,0,'',1,5000,0,'',1,1000,0,'',1,1000,0,'',1,1000,0,'',1,1000,0,'',1,1000,0,'',1,5000,0,'',1,1000,0,'',1,1000,0,'',1,1000,0,'',1,1000,0,'',1,1000,0,'',1,600,0,'',1,4500,0,'A',1,900,0,'',1,1000,0,'',1,1000,0,'',1,1000,0,'',1,1000,0,'',1,5200,0,'',1,1200,0,'',1,1700,0,'',1,1700,0,'',1,5700,0,'',1,1700,0,'',1,1700,0,'',1,1700,0,'',1,5600,0,'A',1,500,0,'',1,1300,0,'',1,1700,0,'',1,5700,0,'',1,1700,0,'',1,1700,0,'',1,1700,0,'',1,5700,0,'',1,1700,0,'',1,1700,0,'',1,5200,0,'',1,1200,0,'',1,1200,0,'',1,1200,0,'',1,1200,0,'',1,5200,0,'',1,1200,0,'',1,1200,0,'',1,800,0,'A',1,800,0,'',1,800,0,'',1,5200,0,'',1,1200,0,'',1,700,0,'A',1,800,0,'',1,900,0,'',1,1200,0,'',1,5200,0,'',1,1200,0,'',1,1200,0,'',1,1200,0,'',1,1200,0,'',1,5200,0,'',1,1200,0,'',1,1200,0,'',1,1200,0,'',1,1200,0,'',1,5500,0,'',1,1200,0,'',1,1200,0,'',1,1200,0,'',1,1200,0,'',1,5200,0,'',1,1200,0,'',1,1200,0,'',1,1200,0,'',1,1200,0,'',1,5000,0,'',1,1800,0,'',1,2000,0,'',1,6000,0,'',1,2000,0,'',1,1000,0,'',1,1000,0,'',1,6000,0,'',1,2000,0,'',1,2000,0,'',1,6000,0,'',1,2000,0,'',1,2000,0,'',1,6000,0,'',1,2200,0,'',1,1800,0,'',1,6000,0,'',1,2000,0,'',1
'260105-MULTI-Weekday-01',1804,45200,4,'',1,5000,4,'',1,900,4,'',1,1100,4,'',1,700,4,'',1,700,4,'',1,700,4,'',1,400,4,'',1,600,4,'',1,5000,4,'',1,1100,4,'',1,1200,4,'',1,1200,4,'',1,1000,4,'',1,1000,4,'',1,5000,4,'',1,1000,4,'',1,1000,4,'',1,1000,4,'',1,1000,4,'',1,900,4,'',1,5100,4,'',1,900,4,'',1,1000,4,'',1,1000,4,'',1,1000,4,'',1,1200,4,'',1,5000,4,'',1,1100,4,'',1,1000,4,'',1,1000,4,'',1,1000,4,'',1,900,4,'',1,5000,4,'',1,1100,4,'',1,1200,4,'',1,1500,4,'',1,800,4,'',1,5200,4,'',1,1700,4,'',1,1800,4,'',1,5800,4,'',1,1700,4,'',1,1700,4,'',1,1700,4,'',1,5700,4,'',1,1700,4,'',1,1700,4,'',1,1700,4,'',1,5700,4,'',1,1800,4,'',1,1700,4,'',1,5700,4,'',1,1400,4,'',1,1200,4,'',1,1300,4,'',1,5300,4,'',1,1200,4,'',1,1000,4,'',1,1200,4,'',1,1200,4,'',1,1200,4,'',1,5200,4,'',1,1100,4,'',1,1200,4,'',1,1200,4,'',1,1200,4,'',1,5000,4,'',1,1100,4,'',1,1000,4,'',1,1000,4,'',1,1100,4,'',1,500,4,'',1,4700,4,'',1,1200,4,'',1,1200,4,'',1,1200,4,'',1,1200,4,'',1,5200,4,'',1,1200,4,'',1,1200,4,'',1,1200,4,'',1,1200,4,'',1,5200,4,'',1,1200,4,'',1,1200,4,'',1,1100,4,'',1,1300,4,'',1,900,4,'',1,5700,4,'',1,1400,4,'',1,1800,4,'',1,5900,4,'',1,1900,4,'',1,1100,4,'',1,900,4,'',1,5900,4,'',1,2000,4,'',1,2000,4,'',1,600,4,'',1,5400,4,'',1,1600,4,'',1,1100,4,'',1,1300,4,'',1,6000,4,'',1,2000,4,'',1,2000,4,'',1,6000,4,'',1
