1300,'Saturday',823,,4207,3,,,1,100,,4208,3,,,1,100,,4209,3,,,1,100,,4210,3,,,1,101,,4213,3,,,1,100,,4214,3,,,1,100,,4215,3,,,1,100,,4212,3,,,1,100,,4216,3,,,1,100,,4217,3,,,1,100,,4211,3,,,1,100,,4206,3,,,1
1300,'Weekday',453,,4220,3,,,1,82,,4221,3,,,1,83,,4222,3,,,1,85,,4218,3,,,1,47,,4219,3,,,1,85,,4223,3,,,1,87,,4224,3,,,1,84,,4225,3,,,1,43,,4226,3,,,1,87,,4227,3,,,1,84,,4228,3,,,1,82,,4229,3,,,1,44,,4230,3,,,1,90,,4232,3,,,1,87,,4233,3,,,1,83,,4234,3,,,1,49,,4231,3,,,1,83,,4235,3,,,1,86,,4236,3,,,1,80,,4237,3,,,1
1500,'Holiday1',720,,4848,11,0,6,1,80,,4817,11,0,6,1,30,,4818,11,0,6,1,70,,4816,11,0,6,1,30,,4819,11,0,6,1,70,,4820,11,0,6,1,30,,4821,11,0,6,1,70,,4822,11,0,6,1,30,,4826,11,0,6,1,70,,4823,11,0,6,1,30,,4827,11,0,6,1,70,,4824,11,0,6,1,30,,4830,11,0,6,1,70,,4825,11,0,6,1,30,,4831,11,0,6,1,70,,4828,11,0,6,1,30,,4829,11,0,6,1,70,,4832,11,0,6,1,30,,4833,11,0,6,1,70,,4834,11,0,6,1,30,,4835,11,0,6,1,70,,4836,11,0,6,1,30,,4837,11,0,6,1,70,,4838,11,0,6,1,30,,4839,11,0,6,1,70,,4840,11,0,6,1,30,,4841,11,0,6,1,70,,4843,11,0,6,1,30,,4844,11,0,6,1,70,,4845,11,0,6,1,30,,4842,11,0,6,1,70,,4846,11,0,6,1,30,,4847,11,0,6,1,70,,4851,11,0,6,1,30,,4850,11,0,6,1
1500,'Saturday',600,,4852,11,0,6,1,22,,4853,11,0,6,1,22,,4867,11,0,6,1,62,,4868,11,0,6,1,22,,4869,11,0,6,1,22,,4866,11,0,6,1,62,,4870,11,0,6,1,22,,4871,11,0,6,1,22,,4872,11,0,6,1,62,,4875,11,0,6,1,22,,4876,11,0,6,1,62,,4873,11,0,6,1,22,,4874,11,0,6,1,22,,4877,11,0,6,1,62,,4878,11,0,6,1,22,,4879,11,0,6,1,22,,4881,11,0,6,1,62,,4882,11,0,6,1,22,,4883,11,0,6,1,22,,4880,11,0,6,1,62,,4885,11,0,6,1,22,,4886,11,0,6,1,62,,4887,11,0,6,1,22,,4884,11,0,6,1,22,,4888,11,0,6,1,62,,4890,11,0,6,1,22,,4891,11,0,6,1,22,,4892,11,0,6,1,62,,4889,11,0,6,1,22,,4893,11,0,6,1,62,,4894,11,0,6,1,22,,4895,11,0,6,1,22,,4897,11,0,6,1,62,,4898,11,0,6,1,22,,4899,11,0,6,1,22,,4896,11,0,6,1,62,,4900,11,0,6,1,22,,4901,11,0,6,1,22,,4902,11,0,6,1,62,,4904,11,0,6,1,22,,4905,11,0,6,1,62,,4906,11,0,6,1,22,,4865,11,0,6,1,22,,4864,11,0,6,1,62,,4858,11,0,6,1,22,,4863,11,0,6,1,22,,4859,11,0,6,1,62,,4862,11,0,6,1,22,,4860,11,0,6,1,22,,4861,11,0,6,1,65,,4854,11,0,6,1,19,,4903,11,,,1,60,,4856,11,,,1,25,,4857,11,,,1
1500,'Sunday',720,,4939,11,0,6,1,80,,4908,11,0,6,1,30,,4909,11,0,6,1,70,,4907,11,0,6,1,30,,4910,11,0,6,1,70,,4911,11,0,6,1,30,,4912,11,0,6,1,70,,4913,11,0,6,1,30,,4916,11,0,6,1,70,,4917,11,0,6,1,30,,4918,11,0,6,1,70,,4914,11,0,6,1,30,,4921,11,0,6,1,70,,4915,11,0,6,1,30,,4922,11,0,6,1,70,,4919,11,0,6,1,30,,4920,11,0,6,1,70,,4923,11,0,6,1,30,,4924,11,0,6,1,70,,4925,11,0,6,1,30,,4926,11,0,6,1,70,,4927,11,0,6,1,30,,4928,11,0,6,1,70,,4929,11,0,6,1,30,,4930,11,0,6,1,70,,4931,11,0,6,1,30,,4932,11,0,6,1,70,,4934,11,0,6,1,30,,4935,11,0,6,1,70,,4936,11,0,6,1,30,,4933,11,0,6,1,70,,4937,11,0,6,1,30,,4938,11,0,6,1,70,,4942,11,0,6,1,30,,4941,11,0,6,1
1500,'Weekday',535,,4943,3,0,6,1,18,,4971,3,0,5,1,48,,5003,11,0,6,1,25,,4956,3,0,5,1,5,,4993,11,0,6,1,12,,5006,11,0,6,1,8,,4952,3,0,5,1,50,,4950,3,0,5,1,1,,5004,11,0,6,1,17,,4953,3,0,5,1,8,,4990,11,0,6,1,13,,4954,3,0,5,1,14,,4955,3,0,5,1,3,,4983,11,0,6,1,68,,4995,11,0,6,1,6,,4951,3,0,5,1,12,,4999,11,0,6,1,1,,4973,3,0,5,1,14,,4967,3,0,5,1,46,,4996,11,0,6,1,13,,4969,3,0,5,1,7,,4981,11,0,6,1,17,,4963,3,0,5,1,13,,5029,11,0,6,1,55,,5032,3,0,5,1,20,,5035,3,0,5,1,1,,5028,11,0,6,1,70,,5034,11,0,6,1,12,,5036,3,0,5,1,8,,5031,11,0,6,1,23,,5026,3,0,5,1,6,,5018,11,0,6,1,55,,5021,3,0,5,1,17,,5022,11,0,6,1,28,,5019,3,0,5,1,8,,5025,11,0,6,1,63,,5020,3,0,5,1,19,,5023,3,0,5,1,7,,5024,11,0,6,1,68,,4966,3,0,5,1,7,,4965,11,0,6,1,7,,4974,3,0,5,1,23,,4972,3,0,5,1,60,,4960,3,0,5,1,9,,5005,11,0,6,1,22,,4964,3,0,5,1,6,,4988,11,0,6,1,56,,4945,3,0,5,1,12,,4985,11,0,6,1,8,,4989,11,0,6,1,2,,4946,3,0,5,1,19,,4947,3,0,5,1,12,,4997,11,0,6,1,47,,4948,3,0,5,1,9,,4984,11,0,6,1,1,,4949,3,0,5,1,7,,4979,11,0,6,1,15,,4957,3,0,5,1,12,,4980,11,0,6,1,54,,4961,3,0,5,1,9,,5013,11,0,6,1,10,,4962,3,0,5,1,2,,5009,11,0,6,1,16,,4958,3,0,5,1,9,,5015,11,0,6,1,54,,4976,3,0,5,1,9,,4992,11,0,6,1,6,,4982,11,0,6,1,19,,5037,3,0,5,1,10,,5000,11,0,6,1,6,,5038,3,0,5,1,64,,4987,11,0,6,1,11,,5039,3,0,5,1,11,,4986,11,0,6,1,62,,4991,11,0,6,1,19,,5030,3,0,5,1,17,,4998,11,0,6,1,17,,5040,3,0,5,1,57,,5002,11,0,6,1,26,,5001,11,0,6,1,65,,4970,11,0,6,1,30,,5008,11,0,6,1,71,,5007,11,0,6,1,29,,5017,11,0,6,1,70,,4944,11,,,1,30,,5014,11,0,6,1,25,,5033,11,,,1,62,,5011,11,,,1
1600,'Holiday1',838,,5267,3,,,1,81,,5268,3,,,1,40,,5263,3,,,1,80,,5265,3,,,1,80,,5269,3,,,1,40,,5264,3,,,1,80,,5266,3,,,1,80,,5270,3,,,1,40,,5272,3,,,1,80,,5271,3,,,1,82,,5273,3,,,1,38,,5274,3,,,1,80,,5275,3,,,1,80,,5276,3,,,1,40,,5277,3,,,1,79,,5278,3,,,1,80,,5280,3,,,1,40,,5279,3,,,1,80,,5281,3,,,1,80,,5282,3,,,1,40,,5283,3,,,1,80,,5284,3,,,1
1600,'Saturday',623,,5286,3,,,1,80,,5287,3,,,1,40,,5285,3,,,1,80,,5288,3,,,1,80,,5290,3,,,1,40,,5289,3,,,1,80,,5291,3,,,1,81,,5292,3,,,1,40,,5293,3,,,1,80,,5294,3,,,1,80,,5295,3,,,1,40,,5296,3,,,1,80,,5297,3,,,1,80,,5298,3,,,1,40,,5299,3,,,1,80,,5300,3,,,1,80,,5302,3,,,1,40,,5303,3,,,1,80,,5301,3,,,1,79,,5304,3,,,1,40,,5305,3,,,1,80,,5306,3,,,1,80,,5308,3,,,1,40,,5307,3,,,1,80,,5309,3,,,1,80,,5310,3,,,1,40,,5312,3,,,1,80,,5311,3,,,1
1600,'Sunday',838,,5317,3,,,1,81,,5318,3,,,1,40,,5313,3,,,1,80,,5315,3,,,1,80,,5319,3,,,1,40,,5314,3,,,1,80,,5316,3,,,1,80,,5320,3,,,1,40,,5322,3,,,1,80,,5321,3,,,1,82,,5323,3,,,1,38,,5324,3,,,1,80,,5325,3,,,1,80,,5326,3,,,1,40,,5327,3,,,1,79,,5328,3,,,1,80,,5330,3,,,1,40,,5329,3,,,1,80,,5331,3,,,1,80,,5332,3,,,1,40,,5333,3,,,1,80,,5334,3,,,1
1600,'Weekday',549,,5335,3,,,1,84,,5339,3,,,1,72,,5340,3,,,1,30,,5341,3,,,1,77,,5338,3,,,1,34,,5342,3,,,1,74,,5343,3,,,1,31,,5336,3,,,1,73,,5337,3,,,1,86,,5360,3,,,1,45,,5361,3,,,1,87,,5362,3,,,1,86,,5363,3,,,1,87,,5364,3,,,1,87,,5365,3,,,1,23,,5345,3,,,1,27,,5346,3,,,1,73,,5347,3,,,1,75,,5348,3,,,1,31,,5349,3,,,1,70,,5350,3,,,1,31,,5351,3,,,1,27,,5352,3,,,1,65,,5353,3,,,1,30,,5354,3,,,1,85,,5355,3,,,1,83,,5356,3,,,1,87,,5357,3,,,1,45,,5358,3,,,1,85,,5359,3,,,1,85,,5344,3,,,1
