502,'Holiday1',729,,2129,20,,,1,30,,2124,20,,,1,70,,2120,20,,,1,30,,2114,20,,,1,79,,2130,20,,,1,72,,2122,20,,,1,30,,2116,20,,,1,64,,2115,20,,,1,29,,2127,20,,,1,67,,2123,20,,,1,30,,2117,20,,,1,70,,2118,20,,,1,33,,2121,20,,,1,71,,2131,20,,,1,34,,2126,20,,,1,75,,2125,20,,,1,30,,2128,20,,,1,70,,2132,20,,,1,30,,2133,20,,,1,70,,2134,20,,,1,30,,2135,20,,,1,69,,2137,20,,,1,30,,2136,20,,,1,71,,2138,20,,,1,30,,2140,20,,,1,70,,2139,20,,,1,29,,2141,20,,,1,70,,2142,20,,,1,29,,2143,20,,,1,69,,2144,20,,,1,30,,2146,20,,,1,63,,2148,20,,,1,29,,2149,20,,,1,70,,2145,20,,,1,29,,2147,20,,,1
502,'Saturday',612,,2151,20,,,1,27,,2152,20,,,1,71,,2189,20,,,1,30,,2153,20,,,1,70,,2154,20,,,1,36,,2155,20,,,1,71,,2156,20,,,1,29,,2157,20,,,1,71,,2158,20,,,1,30,,2159,20,,,1,70,,2178,20,,,1,32,,2179,20,,,1,94,,2177,20,,,1,75,,2181,20,,,1,30,,2183,20,,,1,70,,2180,20,,,1,30,,2184,20,,,1,70,,2182,20,,,1,30,,2186,20,,,1,70,,2187,20,,,1,30,,2188,20,,,1,70,,2185,20,,,1,30,,2174,20,,,1,70,,2176,20,,,1,30,,2173,20,,,1,68,,2175,20,,,1,25,,2172,20,,,1,66,,2160,20,,,1,26,,2161,20,,,1,68,,2162,20,,,1,32,,2163,20,,,1,68,,2164,20,,,1,34,,2165,20,,,1,71,,2166,20,,,1,30,,2167,20,,,1,70,,2169,20,,,1,30,,2168,20,,,1,70,,2171,20,,,1,30,,2170,20,,,1
502,'Sunday',729,,2207,20,,,1,30,,2200,20,,,1,70,,2196,20,,,1,30,,2190,20,,,1,79,,2205,20,,,1,72,,2198,20,,,1,30,,2192,20,,,1,64,,2191,20,,,1,29,,2203,20,,,1,67,,2199,20,,,1,30,,2193,20,,,1,70,,2194,20,,,1,33,,2197,20,,,1,71,,2206,20,,,1,34,,2202,20,,,1,75,,2201,20,,,1,30,,2204,20,,,1,70,,2208,20,,,1,30,,2209,20,,,1,70,,2210,20,,,1,30,,2211,20,,,1,69,,2213,20,,,1,30,,2212,20,,,1,71,,2214,20,,,1,30,,2216,20,,,1,70,,2215,20,,,1,29,,2217,20,,,1,70,,2218,20,,,1,29,,2219,20,,,1,69,,2220,20,,,1,30,,2222,20,,,1,63,,2223,20,,,1,29,,2224,20,,,1,70,,2221,20,,,1,29,,2225,20,,,1
502,'Weekday',502,,2230,20,,,1,24,,2228,20,,,1,19,,2229,20,,,1,58,,2227,20,,,1,15,,2226,20,,,1,14,,2234,20,,,1,14,,2233,20,,,1,54,,2232,20,,,1,15,,2231,20,,,1,23,,2239,20,,,1,73,,2240,20,,,1,28,,2241,20,,,1,68,,2242,20,,,1,46,,2245,20,,,1,80,,2244,20,,,1,80,,2246,20,,,1,40,,2247,20,,,1,80,,2248,20,,,1,80,,2249,20,,,1,40,,2250,20,,,1,77,,2259,20,,,1,26,,2260,20,,,1,67,,2257,20,,,1,26,,2261,20,,,1,67,,2262,20,,,1,27,,2263,20,,,1,66,,2265,20,,,1,26,,2266,20,,,1,66,,2267,20,,,1,23,,2264,20,,,1,26,,2268,20,,,1,64,,2269,20,,,1,32,,2285,20,,,1,58,,2286,20,,,1,20,,2291,20,,,1,27,,2295,20,,,1,78,,2283,20,,,1,80,,2289,20,,,1,23,,2293,20,,,1,6,,2287,20,,,1,20,,2288,20,,,1,45,,2290,20,,,1,29,,2297,16,,,1,14,,2282,20,,,1,65,,2294,20,,,1,31,,2296,20,,,1,65,,2292,20,,,1,31,,2284,20,,,1
2302,'Holiday1',738,,6453,25,,,1,69,,6427,25,,,1,28,,6430,25,,,1,73,,6431,25,,,1,29,,6432,25,,,1,68,,6429,25,,,1,28,,6433,25,,,1,68,,6434,25,,,1,28,,6428,25,,,1,28,,6436,25,,,1,69,,6438,25,,,1,28,,6435,25,,,1,67,,6439,25,,,1,28,,6437,25,,,1,70,,6440,25,,,1,28,,6441,25,,,1,68,,6442,25,,,1,28,,6443,25,,,1,68,,6444,25,,,1,28,,6458,25,,,1,68,,6448,25,,,1,28,,6449,25,,,1,68,,6450,25,,,1,27,,6445,25,,,1,28,,6447,25,,,1,68,,6451,25,,,1,28,,6452,25,,,1,68,,6446,25,,,1,28,,6456,25,,,1,68,,6457,25,,,1,28,,6454,25,,,1,67,,6455,25,,,1
2302,'Saturday',536,,6459,25,,,1,70,,6461,25,,,1,30,,6481,25,,,1,72,,6480,25,,,1,40,,6484,25,,,1,72,,6483,25,,,1,28,,6486,25,,,1,68,,6487,25,,,1,28,,6488,25,,,1,67,,6485,25,,,1,28,,6489,25,,,1,68,,6492,25,,,1,29,,6493,25,,,1,68,,6490,25,,,1,29,,6491,25,,,1,68,,6482,25,,,1,28,,6471,25,,,1,28,,6473,25,,,1,66,,6474,25,,,1,28,,6475,25,,,1,69,,6476,25,,,1,28,,6472,25,,,1,69,,6478,25,,,1,30,,6479,25,,,1,69,,6477,25,,,1,26,,6463,25,,,1,66,,6464,25,,,1,26,,6460,25,,,1,73,,6470,25,,,1,30,,6462,25,,,1,72,,6466,25,,,1,28,,6468,25,,,1,70,,6465,25,,,1,30,,6467,25,,,1,69,,6469,25,,,1,30,,6497,25,,,1,70,,6496,25,,,1,30,,6495,25,,,1,70,,6494,25,,,1
2302,'Sunday',738,,6524,25,,,1,69,,6498,25,,,1,28,,6501,25,,,1,73,,6502,25,,,1,29,,6503,25,,,1,68,,6500,25,,,1,28,,6504,25,,,1,68,,6505,25,,,1,28,,6499,25,,,1,28,,6507,25,,,1,69,,6509,25,,,1,28,,6506,25,,,1,67,,6510,25,,,1,28,,6508,25,,,1,70,,6511,25,,,1,28,,6512,25,,,1,68,,6513,25,,,1,28,,6514,25,,,1,68,,6515,25,,,1,28,,6529,25,,,1,68,,6518,25,,,1,28,,6519,25,,,1,68,,6520,25,,,1,27,,6516,25,,,1,28,,6521,25,,,1,68,,6522,25,,,1,28,,6523,25,,,1,68,,6517,25,,,1,28,,6527,25,,,1,68,,6528,25,,,1,28,,6525,25,,,1,67,,6526,25,,,1
2302,'Weekday',458,,6530,25,,,1,56,,6540,25,,,1,16,,6541,25,,,1,15,,6539,25,,,1,55,,6543,25,,,1,16,,6545,25,,,1,15,,6546,25,,,1,15,,6547,25,,,1,55,,6544,25,,,1,15,,6548,25,,,1,15,,6542,25,,,1,15,,6549,25,,,1,55,,6550,25,,,1,16,,6551,25,,,1,16,,6552,25,,,1,17,,6536,25,,,1,58,,6533,25,,,1,24,,6535,25,,,1,69,,6553,25,,,1,31,,6554,25,,,1,69,,6555,25,,,1,31,,6556,25,,,1,70,,6557,25,,,1,29,,6558,25,,,1,70,,6559,25,,,1,31,,6560,25,,,1,70,,6538,25,,,1,30,,6584,25,,,1,15,,6581,25,,,1,55,,6583,25,,,1,16,,6580,25,,,1,15,,6582,25,,,1,15,,6579,25,,,1,59,,6561,25,,,1,15,,6562,25,,,1,15,,6563,25,,,1,15,,6564,25,,,1,55,,6565,25,,,1,15,,6566,25,,,1,15,,6567,25,,,1,15,,6568,25,,,1,55,,6569,25,,,1,15,,6570,25,,,1,15,,6531,25,,,1,17,,6537,25,,,1,53,,6534,25,,,1,15,,6532,25,,,1,34,,6571,25,,,1,74,,6572,25,,,1,74,,6573,25,,,1,32,,6574,25,,,1,73,,6575,25,,,1,34,,6576,25,,,1,74,,6577,25,,,1,34,,6578,25,,,1
3503,'Holiday1',828,,8542,34,,,1,85,,8541,34,,,1,46,,8549,34,,,1,87,,8544,34,,,1,85,,8546,34,,,1,85,,8548,34,,,1,85,,8543,34,,,1,45,,8550,34,,,1,85,,8540,34,,,1,85,,8545,34,,,1,85,,8547,34,,,1,45,,8552,34,,,1,85,,8553,34,,,1,85,,8555,34,,,1,85,,8554,34,,,1,45,,8551,34,,,1
3503,'Saturday',845,,8558,34,,,1,86,,8556,34,,,1,85,,8559,34,,,1,85,,8557,34,,,1,46,,8561,34,,,1,85,,8560,34,,,1,85,,8563,34,,,1,85,,8564,34,,,1,45,,8565,34,,,1,85,,8562,34,,,1,85,,8566,34,,,1,85,,8568,34,,,1,45,,8569,34,,,1,84,,8567,34,,,1,85,,8570,34,,,1,85,,8571,34,,,1,45,,8572,34,,,1
3503,'Sunday',828,,8575,34,,,1,85,,8574,34,,,1,46,,8582,34,,,1,87,,8577,34,,,1,85,,8579,34,,,1,85,,8581,34,,,1,85,,8576,34,,,1,45,,8583,34,,,1,85,,8573,34,,,1,85,,8578,34,,,1,85,,8580,34,,,1,45,,8584,34,,,1,85,,8585,34,,,1,85,,8588,34,,,1,85,,8586,34,,,1,45,,8587,34,,,1
3503,'Weekday',604,,8589,34,,,1,38,,8593,34,,,1,75,,8590,34,,,1,36,,8612,34,,,1,75,,8597,34,,,1,75,,8608,34,,,1,33,,8615,34,,,1,75,,8620,34,,,1,35,,8614,34,,,1,75,,8592,34,,,1,80,,8613,34,,,1,31,,8611,34,,,1,76,,8616,34,,,1,33,,8609,34,,,1,75,,8618,34,,,1,35,,8619,34,,,1,75,,8610,34,,,1,76,,8600,34,,,1,36,,8599,34,,,1,75,,8595,34,,,1,35,,8605,34,,,1,74,,8601,34,,,1,34,,8604,34,,,1,74,,8598,34,,,1,74,,8594,34,,,1,34,,8602,34,,,1,75,,8603,34,,,1,34,,8606,34,,,1,74,,8607,34,,,1,35,,8591,34,,,1,75,,8596,34,,,1,75,,8617,34,,,1
21101,'Weekday',725,,11240,1,,,1
21401,'Weekday',1530,,11246,34,,,1
