1102,'251229-MULTI-Saturday-01',602,,5484,0,,1,41,,5488,0,,1,85,,5489,0,,1,81,,5490,0,,1,43,,5491,0,,1,80,,5495,0,,1,81,,5497,0,,1,42,,5493,0,,1,83,,5498,0,,1,82,,5499,0,,1,81,,5500,0,,1,44,,5501,0,,1,83,,5502,0,,1,83,,5503,0,,1,46,,5519,0,,1,84,,5518,0,,1,82,,5520,0,,1,84,,5521,0,,1,44,,5522,0,,1,83,,5523,0,,1,84,,5524,0,,1,83,,5525,0,,1,51,,5526,0,,1,87,,5534,0,,1,90,,5535,0,,1,98,,5536,0,,1,94,,5537,0,,1
1102,'251229-MULTI-Sunday-01',721,,5541,0,,1,80,,5539,0,,1,40,,5542,0,,1,80,,5544,0,,1,82,,5546,0,,1,40,,5548,0,,1,80,,5550,0,,1,80,,5551,0,,1,41,,5554,0,,1,81,,5556,0,,1,80,,5559,0,,1,41,,5558,0,,1,80,,5562,0,,1,81,,5566,0,,1,42,,5565,0,,1,82,,5564,0,,1,82,,5569,0,,1,42,,5572,0,,1,94,,5576,0,,1,81,,5577,0,,1,90,,5578,0,,1,83,,5579,0,,1,46,,5580,0,,1,86,,5585,0,,1,86,,5587,0,,1
1102,'260105-MULTI-Holiday1-01',721,,5591,0,,1,80,,5589,0,,1,40,,5592,0,,1,80,,5594,0,,1,82,,5596,0,,1,40,,5598,0,,1,80,,5600,0,,1,80,,5601,0,,1,41,,5604,0,,1,81,,5606,0,,1,80,,5609,0,,1,41,,5608,0,,1,80,,5612,0,,1,81,,5616,0,,1,42,,5615,0,,1,82,,5614,0,,1,82,,5619,0,,1,42,,5622,0,,1,94,,5626,0,,1,81,,5627,0,,1,90,,5628,0,,1,83,,5629,0,,1,46,,5630,0,,1,86,,5635,0,,1,86,,5637,0,,1
1102,'260105-MULTI-Saturday-01',602,,5638,0,,1,41,,5642,0,,1,85,,5643,0,,1,81,,5644,0,,1,43,,5645,0,,1,80,,5649,0,,1,81,,5651,0,,1,42,,5647,0,,1,83,,5652,0,,1,82,,5653,0,,1,81,,5654,0,,1,44,,5655,0,,1,83,,5656,0,,1,83,,5657,0,,1,46,,5674,0,,1,84,,5672,0,,1,82,,5675,0,,1,84,,5676,0,,1,44,,5673,0,,1,83,,5677,0,,1,84,,5678,0,,1,83,,5679,0,,1,51,,5680,0,,1,87,,5688,0,,1,90,,5689,0,,1,98,,5690,0,,1,94,,5691,0,,1
1102,'260105-MULTI-Sunday-01',721,,5695,0,,1,80,,5693,0,,1,40,,5696,0,,1,80,,5698,0,,1,82,,5700,0,,1,40,,5702,0,,1,80,,5704,0,,1,80,,5705,0,,1,41,,5708,0,,1,81,,5710,0,,1,80,,5713,0,,1,41,,5712,0,,1,80,,5716,0,,1,81,,5720,0,,1,42,,5719,0,,1,82,,5718,0,,1,82,,5723,0,,1,42,,5726,0,,1,94,,5730,0,,1,81,,5731,0,,1,90,,5732,0,,1,83,,5733,0,,1,46,,5734,0,,1,86,,5739,0,,1,86,,5741,0,,1
1102,'260105-MULTI-Weekday-01',337,,5830,0,9 12,1,175,,5829,0,9 12,1,43,,5831,0,,1,52,,5834,0,,1,7,,5827,0,9 12,1,14,,5832,0,,1,20,,5833,0,,1,6,,5828,0,9 12,1,54,,5838,0,,1,20,,5840,0,,1,22,,5847,0,,1,61,,5837,0,,1,22,,5845,0,,1,17,,5824,0,,1,58,,5808,0,,1,21,,5810,0,,1,30,,5811,0,,1,56,,5793,0,,1,34,,5794,0,,1,69,,5792,0,,1,30,,5795,0,,1,63,,5777,0,9 12,1,10,,5782,0,,1,31,,5820,0,,1,61,,5825,0,,1,12,,5783,0,9 12,1,29,,5781,0,,1,70,,5791,0,,1,28,,5779,0,,1,56,,5773,0,9 12,1,22,,5778,0,,1,8,,5789,0,,1,20,,5767,0,,1,70,,5819,0,,1,23,,5768,0,,1,67,,5787,0,,1,24,,5753,0,,1,17,,5818,0,,1,66,,5802,0,,1,22,,5800,0,,1,64,,5751,0,,1,26,,5745,0,,1,21,,5749,0,,1,66,,5774,0,,1,24,,5759,0,,1,58,,5756,0,,1,24,,5786,0,,1,74,,5744,0,,1,47,,5750,0,,1,86,,5764,0,,1,70,,5743,0,,1,41,,5776,0,,1,89,,5763,0,,1
5102,'251229-MULTI-Saturday-01',629,,13455,0,,1,100,,13456,0,,1,100,,13457,0,,1,100,,13458,0,,1,100,,13459,0,,1,100,,13460,0,,1,101,,13461,0,,1,100,,13462,0,,1,100,,13463,0,,1,100,,13465,0,,1,100,,13467,0,,1,100,,13464,0,,1,100,,13466,0,,1,100,,13468,0,,1,100,,13469,0,,1,100,,13470,0,,1
5102,'251229-MULTI-Sunday-01',827,,13484,0,,1,102,,13483,0,,1,100,,13481,0,,1,100,,13482,0,,1,101,,13480,0,,1,100,,13478,0,,1,100,,13479,0,,1,100,,13477,0,,1,100,,13476,0,,1,100,,13475,0,,1,100,,13474,0,,1,100,,13473,0,,1,100,,13472,0,,1,100,,13471,0,,1
5102,'260105-MULTI-Holiday1-01',827,,13498,0,,1,102,,13497,0,,1,100,,13495,0,,1,100,,13496,0,,1,101,,13494,0,,1,100,,13492,0,,1,100,,13493,0,,1,100,,13491,0,,1,100,,13490,0,,1,100,,13489,0,,1,100,,13488,0,,1,100,,13487,0,,1,100,,13486,0,,1,100,,13485,0,,1
5102,'260105-MULTI-Saturday-01',629,,13499,0,,1,100,,13500,0,,1,100,,13501,0,,1,100,,13502,0,,1,100,,13503,0,,1,100,,13504,0,,1,101,,13505,0,,1,100,,13506,0,,1,100,,13507,0,,1,100,,13509,0,,1,100,,13511,0,,1,100,,13508,0,,1,100,,13510,0,,1,100,,13513,0,,1,100,,13512,0,,1,100,,13514,0,,1
5102,'260105-MULTI-Sunday-01',827,,13528,0,,1,102,,13527,0,,1,100,,13525,0,,1,100,,13526,0,,1,101,,13524,0,,1,100,,13522,0,,1,100,,13523,0,,1,100,,13521,0,,1,100,,13520,0,,1,100,,13519,0,,1,100,,13518,0,,1,100,,13517,0,,1,100,,13516,0,,1,100,,13515,0,,1
5102,'260105-MULTI-Weekday-01',441,,13529,0,,1,70,,13540,0,,1,30,,13531,0,,1,75,,13541,0,,1,24,,13532,0,,1,73,,13542,0,,1,27,,13533,0,,1,75,,13539,0,,1,25,,13530,0,,1,74,,13538,0,,1,30,,13559,0,,1,70,,13560,0,,1,30,,13561,0,,1,70,,13562,0,,1,30,,13563,0,,1,66,,13553,0,,1,32,,13554,0,,1,66,,13558,0,,1,33,,13557,0,,1,69,,13556,0,,1,30,,13555,0,,1,70,,13543,0,,1,33,,13535,0,,1,67,,13545,0,,1,31,,13536,0,,1,69,,13546,0,,1,33,,13537,0,,1,69,,13544,0,,1,30,,13534,0,,1,71,,13547,0,,1,100,,13548,0,,1,100,,13549,0,,1,100,,13550,0,,1,108,,13551,0,,1,92,,13552,0,,1
