'251229-MULTI-Saturday-01',902,80500,0,'',1,5000,0,'',1,9300,0,'',1,9000,0,'',1,9000,0,'',1,9000,0,'',1,9000,0,'',1,5000,0,'',1,9000,0,'',1,9200,0,'',1,9200,0,'',1,9000,0,'',1,8800,0,'',1,4700,0,'',1,9000,0,'',1
'251229-MULTI-Sunday-01',902,83600,0,'',1,10500,0,'',1,10800,0,'',1,10500,0,'',1,10500,0,'',1,14500,0,'',1,10800,0,'',1,10500,0,'',1,10700,0,'',1,10600,0,'',1,10700,0,'',1
'260105-MULTI-Holiday1-01',902,83600,0,'',1,10500,0,'',1,10800,0,'',1,10500,0,'',1,10500,0,'',1,14500,0,'',1,10800,0,'',1,10500,0,'',1,10700,0,'',1,10600,0,'',1,10700,0,'',1
'260105-MULTI-Saturday-01',902,80500,0,'',1,5000,0,'',1,9300,0,'',1,9000,0,'',1,9000,0,'',1,9000,0,'',1,9000,0,'',1,5000,0,'',1,9000,0,'',1,9200,0,'',1,9200,0,'',1,9000,0,'',1,8800,0,'',1,4700,0,'',1,9000,0,'',1
'260105-MULTI-Sunday-01',902,83600,0,'',1,10500,0,'',1,10800,0,'',1,10500,0,'',1,10500,0,'',1,14500,0,'',1,10800,0,'',1,10500,0,'',1,10700,0,'',1,10600,0,'',1,10700,0,'',1
'260105-MULTI-Weekday-01',902,65000,0,'',1,7900,0,'',1,7400,0,'',1,4500,0,'',1,9000,0,'',1,7800,0,'',1,8500,0,'',1,4500,0,'',1,8500,0,'',1,8800,0,'',1,2900,0,'',1,7500,0,'',1,3500,0,'',1,4600,0,'',1,3300,0,'',1,7500,0,'',1,3500,0,'',1,7500,0,'',1,3500,0,'',1,7600,0,'',1,7800,0,'',1,4200,0,'',1,8800,0,'',1,8600,0,'',1,11700,0,'',1
'260105-MULTI-Weekday-01',2503,52900,0,'',1,3000,0,'',1,7000,0,'',1,7600,0,'',1,3700,0,'',1,7700,0,'',1,3600,0,'',1,7600,0,'',1,7600,0,'',1,40900,0,'',1,3800,0,'',1,7900,0,'',1,7700,0,'',1,3400,0,'',1,7800,0,'',1,3600,0,'',1,7500,0,'',1,7500,0,'',1,3500,0,'',1
'260105-MULTI-Weekday-01',21200,143000,0,'',1
'260105-MULTI-Weekday-01',21501,150500,0,'',1
'260105-MULTI-Weekday-01',21600,153600,0,'',1
