501,'Holiday1',614,,15435,4,,,1,30,,15433,4,,,1,70,,15431,4,,,1,30,,15430,4,,,1,77,,15434,4,,,1,29,,15432,4,,,1,69,,15429,4,,,1,23,,15428,4,,,1,63,,15426,4,,,1,30,,15427,4,,,1,70,,15425,4,,,1,30,,15424,4,,,1,72,,15423,4,,,1,30,,15421,4,,,1,72,,15422,4,,,1,36,,15419,4,,,1,72,,15420,4,,,1,30,,15418,4,,,1,70,,15416,4,,,1,30,,15415,4,,,1,70,,15417,4,,,1,30,,15414,4,,,1,70,,15412,4,,,1,30,,15413,4,,,1,70,,15409,4,,,1,30,,15411,4,,,1,75,,15410,4,,,1,91,,15438,4,,,1,90,,15439,4,,,1,50,,15437,4,,,1,89,,15436,4,,,1
501,'Saturday',446,,15441,4,,,1,67,,15450,4,,,1,26,,15463,4,,,1,66,,15442,4,,,1,32,,15444,4,,,1,70,,15440,4,,,1,30,,15448,4,,,1,68,,15455,4,,,1,32,,15443,4,,,1,73,,15445,4,,,1,32,,15446,4,,,1,70,,15449,4,,,1,34,,15457,4,,,1,70,,15447,4,,,1,36,,15452,4,,,1,70,,15453,4,,,1,24,,15454,4,,,1,70,,15451,4,,,1,30,,15458,4,,,1,70,,15459,4,,,1,30,,15456,4,,,1,70,,15462,4,,,1,30,,15460,4,,,1,70,,15461,4,,,1,30,,15464,4,,,1,70,,15467,4,,,1,30,,15466,4,,,1,70,,15465,4,,,1,34,,15470,4,,,1,73,,15468,4,,,1,83,,15472,4,,,1,50,,15473,4,,,1,90,,15474,4,,,1,90,,15475,4,,,1,89,,15469,4,,,1,90,,15471,4,,,1
501,'Sunday',614,,15502,4,,,1,30,,15500,4,,,1,70,,15498,4,,,1,30,,15497,4,,,1,77,,15501,4,,,1,29,,15499,4,,,1,69,,15496,4,,,1,23,,15495,4,,,1,63,,15493,4,,,1,30,,15494,4,,,1,70,,15492,4,,,1,30,,15491,4,,,1,72,,15490,4,,,1,30,,15488,4,,,1,72,,15489,4,,,1,36,,15486,4,,,1,72,,15487,4,,,1,30,,15485,4,,,1,70,,15483,4,,,1,30,,15482,4,,,1,70,,15484,4,,,1,30,,15481,4,,,1,70,,15479,4,,,1,30,,15480,4,,,1,70,,15476,4,,,1,30,,15478,4,,,1,75,,15477,4,,,1,91,,15505,4,,,1,90,,15506,4,,,1,50,,15504,4,,,1,89,,15503,4,,,1
501,'Weekday',404,,15507,4,,,1,20,,15509,4,,,1,20,,15510,4,,,1,60,,15511,4,,,1,20,,15512,4,,,1,20,,15513,4,,,1,61,,15514,4,,,1,20,,15515,4,,,1,20,,15516,4,,,1,60,,15517,4,,,1,20,,15518,4,0,5,1,20,,15521,4,,,1,59,,15519,4,0,5,1,20,,15522,4,,,1,21,,15520,4,0,5,1,59,,15523,4,,,1,27,,15549,4,0,5,1,27,,15554,4,,,1,67,,15548,4,0,5,1,27,,15553,4,,,1,68,,15551,4,0,5,1,27,,15550,4,,,1,67,,15556,4,0,5,1,27,,15552,4,,,1,67,,15555,4,0,5,1,37,,15524,4,,,1,60,,15525,4,0,5,1,20,,15533,4,,,1,20,,15526,4,0,5,1,69,,15534,4,,,1,20,,15527,4,0,5,1,20,,15535,4,,,1,60,,15528,4,0,5,1,20,,15536,4,,,1,20,,15529,4,0,5,1,60,,15537,4,,,1,20,,15530,4,0,5,1,20,,15538,4,,,1,61,,15531,4,0,5,1,19,,15539,4,,,1,20,,15532,4,0,5,1,60,,15540,4,,,1,40,,15541,4,,,1,80,,15542,4,,,1,79,,15543,4,,,1,40,,15544,4,,,1,80,,15545,4,,,1,80,,15546,4,,,1,40,,15547,4,,,1,77,,15508,4,,,1
901,'Holiday1',754,,16732,4,,,1,105,,16739,4,,,1,146,,16740,4,,,1,105,,16741,4,,,1,105,,16742,4,,,1,105,,16738,4,,,1,106,,16734,4,,,1,105,,16735,4,,,1,107,,16736,4,,,1,107,,16733,4,,,1,106,,16737,4,,,1
901,'Saturday',705,,16743,4,,,1,50,,16744,4,,,1,90,,16745,4,,,1,90,,16746,4,,,1,90,,16747,4,,,1,90,,16748,4,,,1,90,,16749,4,,,1,50,,16750,4,,,1,90,,16751,4,,,1,90,,16752,4,,,1,91,,16753,4,,,1,90,,16754,4,,,1,90,,16755,4,,,1,50,,16756,4,,,1,89,,16757,4,,,1
901,'Sunday',754,,16758,4,,,1,105,,16765,4,,,1,146,,16766,4,,,1,105,,16767,4,,,1,105,,16768,4,,,1,105,,16764,4,,,1,106,,16760,4,,,1,105,,16761,4,,,1,107,,16762,4,,,1,107,,16759,4,,,1,106,,16763,4,,,1
901,'Weekday',506,,16769,4,,,1,34,,16772,4,,,1,74,,16773,4,,,1,34,,16774,4,,,1,63,,16771,4,,,1,39,,16775,4,,,1,76,,16786,4,,,1,85,,16787,4,,,1,48,,16788,4,,,1,82,,16789,4,,,1,87,,16790,4,,,1,86,,16791,4,,,1,42,,16776,4,,,1,83,,16785,4,,,1,72,,16782,4,,,1,35,,16778,4,,,1,78,,16783,4,,,1,35,,16780,4,,,1,75,,16777,4,,,1,75,,16779,4,,,1,37,,16784,4,,,1,75,,16781,4,,,1,35,,16792,4,,,1,79,,16794,4,,,1,81,,16793,4,,,1,85,,16770,4,,,1
21201,'Weekday',735,,24476,8,,,1
21500,'Weekday',725,,24481,4,,,1
