101,'Holiday1',604,,4,47,,,1,130,,1,47,,,1,20,,13,47,,,1,61,,14,47,,,1,20,,15,47,,,1,20,,16,47,,,1,60,,18,47,,,1,20,,19,47,,,1,20,,20,47,,,1,60,,17,47,,,1,20,,22,47,,,1,20,,23,47,,,1,60,,21,47,,,1,21,,25,47,,,1,20,,26,47,,,1,60,,24,47,,,1,20,,27,47,,,1,20,,28,47,,,1,60,,29,47,,,1,21,,30,47,,,1,20,,31,47,,,1,61,,32,47,,,1,20,,33,47,,,1,20,,34,47,,,1,60,,35,47,,,1,20,,36,47,,,1,20,,40,47,,,1,60,,41,47,,,1,20,,37,47,,,1,21,,38,47,,,1,60,,42,47,,,1,20,,39,47,,,1,20,,43,47,,,1,59,,44,47,,,1,18,,45,47,,,1,20,,46,47,,,1,60,,47,47,,,1,20,,49,47,,,1,20,,50,47,,,1,59,,51,47,,,1,20,,48,47,,,1,19,,52,47,,,1,60,,53,47,,,1,25,,54,47,,,1,20,,55,47,,,1,60,,56,47,,,1,20,,11,47,,,1,19,,8,47,,,1,60,,9,47,,,1,19,,5,47,,,1,15,,10,47,,,1,60,,12,47,,,1,23,,7,47,,,1
101,'Saturday',557,,60,21,,,1,61,,59,21,,,1,18,,62,21,,,1,18,,58,47,,,1,61,,68,47,,,1,20,,69,47,,,1,20,,70,47,,,1,63,,71,47,,,1,21,,72,47,,,1,20,,73,47,,,1,60,,74,47,,,1,20,,75,47,,,1,20,,76,47,,,1,60,,77,47,,,1,19,,78,47,,,1,62,,79,47,,,1,20,,80,47,,,1,20,,81,47,,,1,60,,82,47,,,1,20,,83,47,,,1,19,,84,47,,,1,20,,85,47,,,1,59,,86,47,,,1,25,,87,47,,,1,61,,88,47,,,1,22,,89,47,,,1,21,,90,47,,,1,63,,91,47,,,1,20,,92,47,,,1,20,,93,47,,,1,60,,94,47,,,1,20,,95,47,,,1,20,,96,47,,,1,61,,97,47,,,1,19,,98,47,,,1,19,,99,47,,,1,61,,100,47,,,1,19,,101,47,,,1,18,,102,47,,,1,60,,103,47,,,1,19,,67,47,,,1,17,,66,47,,,1,68,,106,47,,,1,30,,107,47,,,1,71,,108,47,,,1,29,,109,47,,,1,73,,110,47,,,1,30,,111,47,,,1,65,,112,47,,,1,29,,113,47,,,1,69,,104,47,,,1,29,,105,47,,,1,72,,63,47,,,1,42,,65,47,,,1
101,'Sunday',604,,117,47,,,1,130,,114,47,,,1,20,,126,47,,,1,61,,127,47,,,1,20,,128,47,,,1,20,,129,47,,,1,60,,130,47,,,1,20,,131,47,,,1,20,,132,47,,,1,60,,133,47,,,1,20,,135,47,,,1,20,,136,47,,,1,60,,134,47,,,1,21,,138,47,,,1,20,,139,47,,,1,60,,137,47,,,1,20,,140,47,,,1,20,,141,47,,,1,60,,142,47,,,1,21,,143,47,,,1,20,,144,47,,,1,61,,145,47,,,1,20,,146,47,,,1,20,,147,47,,,1,60,,148,47,,,1,20,,149,47,,,1,20,,153,47,,,1,60,,154,47,,,1,20,,150,47,,,1,21,,151,47,,,1,60,,155,47,,,1,20,,152,47,,,1,20,,156,47,,,1,59,,157,47,,,1,18,,158,47,,,1,20,,159,47,,,1,60,,160,47,,,1,20,,162,47,,,1,20,,163,47,,,1,59,,164,47,,,1,20,,161,47,,,1,19,,165,47,,,1,60,,166,47,,,1,25,,167,47,,,1,20,,168,47,,,1,60,,169,47,,,1,20,,124,47,,,1,19,,121,47,,,1,60,,122,47,,,1,19,,118,47,,,1,15,,123,47,,,1,60,,125,47,,,1,23,,120,47,,,1
101,'Weekday',406,,179,21,,,1,22,,176,21,,,1,20,,174,21,,,1,58,,173,21,,,1,30,,172,47,,,1,19,,175,47,,,1,65,,177,47,,,1,10,,171,42,0,5,1,13,,187,47,,,1,9,,190,42,0,5,1,53,,188,47,,,1,15,,191,42,0,5,1,11,,189,47,,,1,15,,192,42,0,5,1,12,,182,47,,,1,58,,185,47,,,1,11,,193,42,0,5,1,16,,181,47,,,1,13,,194,42,0,5,1,53,,186,47,,,1,13,,195,42,0,5,1,12,,183,47,,,1,14,,184,42,0,5,1,56,,207,42,0,5,1,16,,196,47,,,1,10,,208,42,0,5,1,19,,197,47,,,1,62,,209,42,0,5,1,19,,198,47,,,1,13,,210,42,0,5,1,14,,199,47,,,1,52,,211,42,0,5,1,13,,200,47,,,1,21,,212,42,0,5,1,9,,201,47,,,1,67,,213,42,0,5,1,20,,202,51,0,7,1,13,,214,42,0,5,1,48,,203,47,,,1,28,,216,42,0,5,1,14,,204,47,,,1,12,,217,46,0,5 7,1,55,,205,47,,,1,16,,218,42,0,5,1,14,,206,51,0,7,1,20,,215,47,,,1,55,,234,42,0,5,1,11,,219,47,,,1,15,,235,42,0,5,1,19,,236,42,0,5,1,49,,220,47,,,1,16,,237,42,0,5,1,17,,221,47,,,1,12,,238,42,0,5,1,52,,222,47,,,1,14,,239,42,0,5,1,11,,223,47,,,1,19,,224,47,,,1,10,,240,42,0,5,1,50,,225,47,,,1,9,,241,42,0,5,1,12,,226,47,,,1,8,,242,42,0,5,1,9,,227,47,,,1,58,,228,47,,,1,24,,229,47,,,1,21,,230,47,,,1,65,,231,47,,,1,20,,232,47,,,1,22,,233,47,,,1,63,,243,47,,,1,37,,244,47,,,1,67,,246,47,,,1,82,,247,47,,,1,33,,248,47,,,1,73,,245,47,,,1,32,,249,47,,,1
1003,'Weekday',609,,3462,24,,,1,32,,3457,24,,,1,62,,3467,24,,,1,32,,3459,24,,,1,23,,3454,24,,,1,55,,3460,24,,,1,31,,3456,24,,,1,67,,3465,24,,,1,24,,3458,24,,,1,24,,3455,24,,,1,62,,3461,24,,,1,86,,3470,24,,,1,96,,3464,24,,,1,55,,3469,24,,,1,94,,3463,24,,,1,87,,3468,24,,,1,70,,3466,24,,,1,28,,3472,24,,,1,18,,3471,24,,,1,64,,3473,24,,,1,27,,3474,24,,,1,70,,3475,24,,,1,29,,3476,24,,,1,57,,3477,24,,,1,29,,3478,24,,,1,22,,3479,24,,,1,66,,3480,24,,,1,23,,3481,24,,,1
1303,'Saturday',833,,4207,21,,,1,100,,4208,21,,,1,101,,4209,21,,,1,100,,4210,21,,,1,101,,4213,21,,,1,100,,4214,21,,,1,100,,4215,21,,,1,100,,4212,21,,,1,100,,4216,21,,,1,99,,4217,21,,,1,100,,4211,21,,,1,100,,4206,21,,,1
1303,'Weekday',504,,4220,21,,,1,42,,4221,21,,,1,86,,4222,21,,,1,86,,4218,21,,,1,87,,4219,21,,,1,44,,4223,21,,,1,84,,4224,21,,,1,85,,4225,21,,,1,83,,4226,21,,,1,47,,4227,21,,,1,84,,4228,21,,,1,82,,4229,21,,,1,44,,4230,21,,,1,90,,4232,21,,,1,88,,4233,21,,,1,84,,4234,21,,,1,89,,4231,21,,,1,43,,4235,21,,,1,86,,4236,21,,,1,79,,4237,21,,,1
1603,'Holiday1',850,,5267,24,,,1,81,,5268,24,,,1,81,,5263,24,,,1,40,,5265,24,,,1,79,,5269,24,,,1,80,,5264,24,,,1,40,,5266,24,,,1,80,,5270,24,,,1,81,,5272,24,,,1,40,,5271,24,,,1,81,,5273,24,,,1,78,,5274,24,,,1,40,,5275,24,,,1,80,,5276,24,,,1,80,,5277,24,,,1,39,,5278,24,,,1,80,,5280,24,,,1,80,,5279,24,,,1,40,,5281,24,,,1,80,,5282,24,,,1,79,,5283,24,,,1,40,,5284,24,,,1
1603,'Saturday',635,,5286,24,,,1,80,,5287,24,,,1,40,,5285,24,,,1,80,,5288,24,,,1,80,,5290,24,,,1,40,,5289,24,,,1,80,,5291,24,,,1,82,,5292,24,,,1,40,,5293,24,,,1,79,,5294,24,,,1,80,,5295,24,,,1,40,,5296,24,,,1,80,,5297,24,,,1,81,,5298,24,,,1,40,,5299,24,,,1,79,,5300,24,,,1,80,,5302,24,,,1,40,,5303,24,,,1,80,,5301,24,,,1,79,,5304,24,,,1,40,,5305,24,,,1,80,,5306,24,,,1,80,,5308,24,,,1,40,,5307,24,,,1,80,,5309,24,,,1,79,,5310,24,,,1,40,,5312,24,,,1,80,,5311,24,,,1
1603,'Sunday',850,,5317,24,,,1,81,,5318,24,,,1,81,,5313,24,,,1,40,,5315,24,,,1,79,,5319,24,,,1,80,,5314,24,,,1,40,,5316,24,,,1,80,,5320,24,,,1,81,,5322,24,,,1,40,,5321,24,,,1,81,,5323,24,,,1,78,,5324,24,,,1,40,,5325,24,,,1,80,,5326,24,,,1,80,,5327,24,,,1,39,,5328,24,,,1,80,,5330,24,,,1,80,,5329,24,,,1,40,,5331,24,,,1,80,,5332,24,,,1,79,,5333,24,,,1,40,,5334,24,,,1
1603,'Weekday',601,,5335,24,,,1,45,,5339,24,,,1,72,,5340,24,,,1,30,,5341,24,,,1,77,,5338,24,,,1,34,,5342,24,,,1,73,,5343,24,,,1,71,,5336,24,,,1,33,,5337,24,,,1,86,,5360,24,,,1,85,,5361,24,,,1,47,,5362,24,,,1,87,,5363,24,,,1,88,,5364,24,,,1,88,,5365,24,,,1,23,,5345,24,,,1,67,,5346,24,,,1,33,,5347,24,,,1,75,,5348,24,,,1,31,,5349,24,,,1,69,,5350,24,,,1,31,,5351,24,,,1,66,,5352,24,,,1,24,,5353,24,,,1,70,,5354,24,,,1,45,,5355,24,,,1,83,,5356,24,,,1,87,,5357,24,,,1,85,,5358,24,,,1,45,,5359,24,,,1,85,,5344,24,,,1
1803,'Holiday1',407,,5638,23,0,5,1,402,,5605,23,,,1,33,,5608,23,,,1,73,,5617,23,,,1,33,,5610,23,,,1,73,,5612,23,,,1,25,,5636,23,,,1,60,,5628,23,,,1,22,,5609,23,,,1,73,,5629,23,,,1,14,,5639,23,0,5,1,20,,5634,23,,,1,10,,5640,23,0,5,1,63,,5625,23,,,1,34,,5623,23,,,1,73,,5621,23,,,1,33,,5611,23,,,1,73,,5613,23,,,1,33,,5615,23,,,1,73,,5635,23,,,1,73,,5631,23,,,1,33,,5626,23,,,1,73,,5624,23,,,1,33,,5619,23,,,1,73,,5620,23,,,1,33,,5616,23,,,1,71,,5607,23,,,1,33,,5614,23,,,1,72,,5632,23,,,1,33,,5630,23,,,1,72,,5633,23,,,1,33,,5627,23,,,1,71,,5622,23,,,1,73,,5618,23,,,1
1803,'Saturday',404,,5692,23,0,5,1,232,,5668,23,,,1,20,,5648,23,,,1,60,,5695,23,,,1,20,,5645,23,,,1,20,,5696,23,,,1,64,,5672,23,,,1,26,,5671,23,,,1,62,,5656,23,,,1,20,,5647,23,,,1,20,,5649,23,,,1,60,,5658,23,,,1,20,,5641,23,,,1,20,,5670,23,,,1,60,,5652,23,,,1,21,,5643,23,,,1,20,,5644,23,,,1,61,,5650,23,,,1,3,,5699,23,0,5,1,17,,5659,23,,,1,12,,5700,23,0,5,1,8,,5642,23,,,1,55,,5661,23,,,1,25,,5653,23,,,1,20,,5646,23,,,1,60,,5655,23,,,1,20,,5654,23,,,1,20,,5667,23,,,1,60,,5651,23,,,1,20,,5666,23,,,1,20,,5663,23,,,1,60,,5669,23,,,1,20,,5662,23,,,1,20,,5660,23,,,1,60,,5664,23,,,1,20,,5665,23,,,1,20,,5678,23,,,1,61,,5673,23,,,1,21,,5674,23,,,1,20,,5676,23,,,1,58,,5675,23,,,1,20,,5679,23,,,1,20,,5677,23,,,1,60,,5681,23,,,1,19,,5684,23,,,1,20,,5682,23,,,1,60,,5693,23,,,1,16,,5680,23,,,1,24,,5685,23,,,1,65,,5683,23,,,1,17,,5694,23,,,1,16,,5687,23,,,1,73,,5686,23,,,1,30,,5690,23,,,1,70,,5688,23,,,1,30,,5689,23,,,1,74,,5691,23,,,1
1803,'Sunday',407,,5735,23,0,5,1,402,,5702,23,,,1,33,,5705,23,,,1,73,,5714,23,,,1,33,,5707,23,,,1,73,,5709,23,,,1,25,,5733,23,,,1,60,,5725,23,,,1,22,,5706,23,,,1,73,,5726,23,,,1,14,,5736,23,0,5,1,20,,5731,23,,,1,10,,5737,23,0,5,1,63,,5722,23,,,1,34,,5720,23,,,1,73,,5718,23,,,1,33,,5708,23,,,1,73,,5710,23,,,1,33,,5712,23,,,1,73,,5732,23,,,1,73,,5728,23,,,1,33,,5723,23,,,1,73,,5721,23,,,1,33,,5716,23,,,1,73,,5717,23,,,1,33,,5713,23,,,1,71,,5704,23,,,1,33,,5711,23,,,1,72,,5729,23,,,1,33,,5727,23,,,1,72,,5730,23,,,1,33,,5724,23,,,1,71,,5719,23,,,1,73,,5715,23,,,1
1803,'Weekday',401,,5744,23,0,5,1,111,,5743,23,,,1,10,,5794,23,,,1,10,,5786,23,,,1,10,,5785,23,,,1,10,,5784,23,,,1,51,,5783,23,,,1,11,,5793,23,,,1,10,,5797,23,,,1,10,,5796,23,,,1,10,,5806,23,,,1,10,,5803,23,,,1,50,,5804,23,,,1,10,,5801,23,,,1,10,,5788,23,,,1,10,,5798,23,,,1,10,,5800,23,,,1,10,,5795,23,,,1,50,,5790,23,,,1,11,,5791,23,,,1,7,,5789,23,,,1,5,,5844,23,0,5,1,9,,5792,23,,,1,10,,5805,23,,,1,10,,5802,23,,,1,50,,5799,23,,,1,9,,5787,23,,,1,12,,5746,23,,,1,12,,5748,23,,,1,17,,5749,23,,,1,58,,5750,23,,,1,17,,5751,23,,,1,17,,5752,23,,,1,57,,5753,23,,,1,17,,5754,23,,,1,17,,5775,23,0,5,1,4,,5755,23,,,1,13,,5757,23,,,1,59,,5756,23,,,1,16,,5758,23,,,1,17,,5759,23,,,1,57,,5760,23,,,1,18,,5761,23,,,1,17,,5762,23,,,1,17,,5763,23,,,1,57,,5764,23,,,1,14,,5809,23,,,1,12,,5810,23,,,1,12,,5811,23,,,1,53,,5812,23,,,1,14,,5813,23,,,1,12,,5814,23,,,1,12,,5815,23,,,1,12,,5816,23,,,1,48,,5845,23,0,5,1,8,,5817,23,,,1,9,,5818,23,,,1,14,,5819,23,,,1,12,,5820,23,,,1,7,,5846,23,0,5,1,48,,5821,23,,,1,9,,5822,23,,,1,13,,5823,23,,,1,11,,5824,23,,,1,12,,5825,23,,,1,12,,5826,23,,,1,51,,5827,23,,,1,11,,5828,23,,,1,12,,5829,23,,,1,12,,5830,23,,,1,12,,5831,23,,,1,51,,5832,23,,,1,10,,5833,23,,,1,12,,5834,23,,,1,12,,5835,23,,,1,12,,5836,23,,,1,52,,5837,23,,,1,12,,5838,23,,,1,12,,5839,23,,,1,12,,5840,23,,,1,12,,5841,23,,,1,51,,5842,23,,,1,10,,5843,23,,,1,10,,5765,23,,,1,18,,5768,23,,,1,60,,5773,23,,,1,20,,5767,23,,,1,20,,5778,23,,,1,10,,5782,23,,,1,50,,5777,23,,,1,20,,5747,23,,,1,20,,5774,23,,,1,60,,5770,23,,,1,20,,5769,23,,,1,20,,5776,23,,,1,60,,5772,23,,,1,20,,5781,23,,,1,22,,5779,23,,,1,58,,5766,23,,,1,20,,5780,23,,,1,20,,5771,23,,,1
1804,'Holiday1',709,,5848,32,,,1,34,,5850,32,,,1,72,,5853,32,,,1,33,,5854,32,,,1,73,,5852,32,,,1,7,,5880,32,0,5,1,19,,5879,32,,,1,58,,5855,32,,,1,18,,5851,32,,,1,34,,5857,32,,,1,73,,5858,32,,,1,13,,5882,32,,,1,62,,5859,32,,,1,32,,5856,32,,,1,73,,5860,32,,,1,33,,5861,32,,,1,73,,5863,32,,,1,33,,5865,32,,,1,73,,5866,32,,,1,33,,5867,32,,,1,73,,5864,32,,,1,73,,5868,32,,,1,33,,5862,32,,,1,73,,5871,32,,,1,33,,5872,32,,,1,72,,5873,32,,,1,1,,5883,32,0,5,1,32,,5869,32,,,1,13,,5881,32,0,5,1,59,,5870,32,,,1,35,,5874,32,,,1,72,,5875,32,,,1,33,,5876,32,,,1,73,,5877,32,,,1,74,,5878,32,,,1,31,,5849,32,,,1,73,,5847,32,,,1
1804,'Saturday',632,,5890,32,,,1,20,,5944,32,,,1,60,,5942,32,,,1,25,,5940,32,,,1,20,,5941,32,,,1,61,,5939,32,,,1,21,,5899,32,,,1,67,,5912,32,,,1,21,,5937,32,,,1,1,,5938,32,,,1,18,,5911,32,,,1,60,,5895,32,,,1,17,,5887,32,,,1,20,,5885,32,,,1,60,,5894,32,,,1,20,,5900,32,,,1,20,,5884,32,,,1,60,,5901,32,,,1,21,,5891,32,,,1,20,,5886,32,,,1,62,,5888,32,,,1,20,,5896,32,,,1,20,,5903,32,,,1,60,,5898,32,,,1,20,,5902,32,,,1,20,,5897,32,,,1,60,,5893,32,,,1,20,,5892,32,,,1,20,,5908,32,,,1,60,,5905,32,,,1,20,,5906,32,,,1,20,,5907,32,,,1,60,,5909,32,,,1,20,,5910,32,,,1,20,,5915,32,,,1,60,,5913,32,,,1,20,,5916,32,,,1,20,,5914,32,,,1,60,,5917,32,,,1,6,,5945,32,,,1,11,,5918,32,,,1,19,,5919,32,,,1,15,,5936,32,,,1,45,,5920,32,,,1,20,,5921,32,,,1,20,,5927,32,,,1,60,,5922,32,,,1,13,,5926,32,,,1,13,,5923,32,,,1,26,,5925,32,,,1,70,,5924,32,,,1,27,,5929,32,,,1,70,,5930,32,,,1,30,,5931,32,,,1,68,,5928,32,,,1,30,,5932,32,,,1,70,,5933,32,,,1,30,,5935,32,,,1,67,,5934,32,,,1
1804,'Sunday',709,,5947,32,,,1,34,,5949,32,,,1,72,,5951,32,,,1,33,,5953,32,,,1,73,,5950,32,,,1,7,,5979,32,0,5,1,19,,5978,32,,,1,58,,5954,32,,,1,18,,5952,32,,,1,34,,5956,32,,,1,73,,5957,32,,,1,13,,5981,32,,,1,62,,5958,32,,,1,32,,5955,32,,,1,73,,5959,32,,,1,33,,5960,32,,,1,73,,5962,32,,,1,33,,5964,32,,,1,73,,5965,32,,,1,33,,5966,32,,,1,73,,5963,32,,,1,73,,5967,32,,,1,33,,5961,32,,,1,73,,5970,32,,,1,33,,5971,32,,,1,72,,5972,32,,,1,1,,5982,32,0,5,1,32,,5968,32,,,1,13,,5980,32,0,5,1,59,,5969,32,,,1,35,,5973,32,,,1,72,,5974,32,,,1,33,,5975,32,,,1,73,,5976,32,,,1,74,,5977,32,,,1,31,,5948,32,,,1,73,,5946,32,,,1
1804,'Weekday',441,,5986,32,,,1,7,,5987,32,,,1,7,,5989,32,,,1,47,,5988,32,,,1,4,,6090,32,,,1,6,,6045,32,,,1,10,,6046,32,,,1,10,,6047,32,,,1,10,,6048,32,,,1,10,,6049,32,,,1,50,,6050,32,,,1,10,,6051,32,,,1,10,,6052,32,,,1,10,,6053,32,,,1,10,,6054,32,,,1,10,,6055,32,,,1,50,,6056,32,,,1,9,,6031,32,,,1,11,,6030,32,,,1,10,,6042,32,,,1,10,,6041,32,,,1,10,,6044,32,,,1,50,,6043,32,,,1,12,,6039,32,,,1,11,,6037,32,,,1,11,,6038,32,,,1,10,,6035,32,,,1,10,,6034,32,,,1,50,,6033,32,,,1,9,,6032,32,,,1,10,,6040,32,,,1,11,,6036,32,,,1,12,,5991,32,,,1,55,,6020,32,0,5,1,8,,5992,32,,,1,11,,5993,32,,,1,17,,5994,32,,,1,17,,5995,32,,,1,58,,5996,32,,,1,17,,5997,32,,,1,17,,5998,32,,,1,57,,5999,32,,,1,17,,6000,32,,,1,17,,6001,32,,,1,17,,6002,32,,,1,57,,6003,32,,,1,17,,6004,32,,,1,17,,6005,32,,,1,57,,6006,32,,,1,17,,6007,32,,,1,14,,6057,32,,,1,12,,6058,32,,,1,12,,6059,32,,,1,53,,6060,32,,,1,12,,6061,32,,,1,10,,6062,32,,,1,12,,6063,32,,,1,12,,6064,32,,,1,52,,6065,32,,,1,12,,6066,32,,,1,12,,6067,32,,,1,12,,6068,32,,,1,12,,6069,32,,,1,52,,6070,32,,,1,11,,6071,32,,,1,12,,6072,32,,,1,12,,6073,32,,,1,12,,6074,32,,,1,51,,6075,32,,,1,5,,6091,32,,,1,7,,6076,32,,,1,12,,6077,32,,,1,12,,6078,32,,,1,12,,6079,32,,,1,52,,6080,32,,,1,12,,6081,32,,,1,12,,6082,32,,,1,12,,6083,32,,,1,12,,6084,32,,,1,52,,6085,32,,,1,12,,6086,32,,,1,12,,6087,32,,,1,12,,6088,32,,,1,12,,6029,32,,,1,53,,6009,32,,,1,9,,6010,32,,,1,17,,6008,32,,,1,14,,6016,32,,,1,58,,6023,32,,,1,20,,6017,32,,,1,20,,6018,32,,,1,11,,6025,32,,,1,49,,6024,32,,,1,19,,6027,32,,,1,20,,6021,32,,,1,60,,6013,32,,,1,6,,6014,32,,,1,14,,6026,32,,,1,16,,6028,32,,,1,11,,6012,32,,,1,53,,6022,32,,,1,20,,6015,32,,,1,20,,6011,32,,,1,60,,5990,32,,,1,20,,6019,32,,,1
20801,'Weekday',1506,,11236,26,,,1
