1301,'Saturday',812,,4238,17,,,1,100,,4240,17,,,1,100,,4239,17,,,1,100,,4241,17,,,1,101,,4242,17,,,1,100,,4243,17,,,1,100,,4244,17,,,1,100,,4245,17,,,1,100,,4246,17,,,1,100,,4247,17,,,1,100,,4248,17,,,1,100,,4249,17,,,1
1301,'Weekday',523,,4250,17,,,1,82,,4251,17,,,1,45,,4252,17,,,1,86,,4253,17,,,1,86,,4254,17,,,1,85,,4255,17,,,1,44,,4256,17,,,1,85,,4257,17,,,1,85,,4258,17,,,1,85,,4259,17,,,1,44,,4260,17,,,1,84,,4261,17,,,1,84,,4263,17,,,1,89,,4264,17,,,1,47,,4265,17,,,1,83,,4262,17,,,1,88,,4266,17,,,1,86,,4267,17,,,1,42,,4268,17,,,1,81,,4269,17,,,1
1501,'Holiday1',733,,5074,34,,,1,70,,5041,34,,,1,31,,5044,34,,,1,69,,5045,34,,,1,30,,5046,34,,,1,70,,5047,34,,,1,30,,5048,34,,,1,70,,5052,34,,,1,30,,5053,34,,,1,70,,5050,34,,,1,30,,5054,34,,,1,70,,5049,34,,,1,30,,5055,34,,,1,70,,5056,34,,,1,30,,5059,34,,,1,70,,5051,34,,,1,30,,5057,34,,,1,70,,5060,34,,,1,30,,5058,34,,,1,70,,5061,34,,,1,30,,5062,34,,,1,70,,5063,34,,,1,30,,5064,34,,,1,70,,5065,34,,,1,35,,5066,34,,,1,65,,5067,34,,,1,30,,5069,34,,,1,70,,5070,34,,,1,30,,5071,34,,,1,70,,5068,34,,,1,30,,5072,34,,,1,70,,5073,34,,,1,30,,5042,34,,,1,70,,5043,34,,,1
1501,'Saturday',533,,5080,9,,,1,24,,5081,9,,,1,82,,5079,34,,,1,62,,5077,34,,,1,22,,5084,34,,,1,22,,5085,34,,,1,62,,5083,34,,,1,22,,5089,34,,,1,22,,5090,34,,,1,62,,5086,34,,,1,22,,5088,34,,,1,22,,5087,34,,,1,62,,5091,34,,,1,22,,5092,34,,,1,62,,5093,34,,,1,22,,5094,34,,,1,22,,5096,34,,,1,62,,5097,34,,,1,22,,5098,34,,,1,22,,5095,34,,,1,62,,5099,34,,,1,22,,5100,34,,,1,22,,5102,34,,,1,62,,5103,34,,,1,22,,5104,34,,,1,62,,5101,34,,,1,22,,5106,34,,,1,22,,5107,34,,,1,62,,5109,34,,,1,22,,5110,34,,,1,22,,5111,34,,,1,62,,5108,34,,,1,22,,5105,34,,,1,62,,5113,34,,,1,22,,5114,34,,,1,22,,5115,34,,,1,62,,5112,34,,,1,22,,5116,34,,,1,22,,5118,34,,,1,62,,5119,34,,,1,22,,5120,34,,,1,22,,5117,34,,,1,62,,5121,34,,,1,22,,5122,34,,,1,62,,5123,34,,,1,22,,5125,34,,,1,22,,5126,34,,,1,62,,5127,34,,,1,22,,5124,34,,,1,22,,5128,34,,,1,62,,5129,34,,,1,22,,5130,34,,,1,66,,5078,34,,,1
1501,'Sunday',733,,5164,34,,,1,70,,5131,34,,,1,31,,5134,34,,,1,69,,5135,34,,,1,30,,5136,34,,,1,70,,5137,34,,,1,30,,5138,34,,,1,70,,5141,34,,,1,30,,5143,34,,,1,70,,5139,34,,,1,30,,5144,34,,,1,70,,5142,34,,,1,30,,5145,34,,,1,70,,5146,34,,,1,30,,5149,34,,,1,70,,5140,34,,,1,30,,5147,34,,,1,70,,5150,34,,,1,30,,5148,34,,,1,70,,5151,34,,,1,30,,5152,34,,,1,70,,5153,34,,,1,30,,5154,34,,,1,70,,5155,34,,,1,35,,5156,34,,,1,65,,5157,34,,,1,30,,5159,34,,,1,70,,5160,34,,,1,30,,5161,34,,,1,70,,5158,34,,,1,30,,5162,34,,,1,70,,5163,34,,,1,30,,5132,34,,,1,70,,5133,34,,,1
1501,'Weekday',521,,5167,37,0,5,1,8,,5223,34,,,1,16,,5185,37,0,5,1,13,,5222,34,,,1,55,,5197,37,0,5,1,3,,5236,34,,,1,16,,5237,37,0,5,1,15,,5193,37,0,5,1,9,,5235,34,,,1,50,,5168,37,0,5,1,5,,5196,34,,,1,12,,5190,37,0,5,1,1,,5212,34,,,1,17,,5175,37,0,5,1,14,,5210,34,,,1,52,,5171,37,0,5,1,1,,5226,34,,,1,18,,5173,37,0,5,1,6,,5227,34,,,1,11,,5179,37,0,5,1,10,,5202,34,,,1,50,,5192,37,0,5,1,20,,5200,34,,,1,3,,5199,37,0,5,1,19,,5198,34,,,1,6,,5194,37,0,5,1,52,,5246,34,,,1,12,,5187,37,0,5,1,16,,5184,32,,,1,15,,5240,34,,,1,11,,5243,37,0,5,1,58,,5250,34,,,1,13,,5254,37,0,5,1,19,,5251,37,0,5,1,1,,5242,34,,,1,76,,5244,34,,,1,8,,5252,37,0,5,1,13,,5238,34,,,1,59,,5249,37,0,5,1,11,,5241,34,,,1,9,,5253,37,0,5,1,21,,5245,34,,,1,67,,5248,37,0,5,1,8,,5247,34,,,1,19,,5189,37,0,5,1,4,,5205,34,,,1,14,,5169,37,0,5,1,56,,5204,34,,,1,16,,5182,37,0,5,1,10,,5188,34,,,1,9,,5191,34,,,1,2,,5186,37,0,5,1,60,,5177,37,0,5,1,7,,5221,34,,,1,14,,5178,37,0,5,1,7,,5201,34,,,1,8,,5217,34,,,1,1,,5180,37,0,5,1,55,,5181,37,0,5,1,11,,5213,34,,,1,11,,5174,37,0,5,1,13,,5215,34,,,1,10,,5172,37,0,5,1,2,,5224,34,,,1,58,,5170,37,0,5,1,10,,5219,34,,,1,10,,5176,37,0,5,1,10,,5203,34,,,1,9,,5214,34,,,1,4,,5183,37,0,5,1,60,,5225,34,,,1,9,,5256,37,0,5,1,18,,5261,37,0,5,1,9,,5206,34,,,1,10,,5257,37,0,5,1,48,,5207,34,,,1,12,,5258,37,0,5,1,12,,5208,34,,,1,26,,5259,37,0,5,1,50,,5216,34,,,1,4,,5260,37,0,5,1,28,,5209,34,,,1,8,,5262,37,0,5,1,60,,5211,34,,,1,22,,5220,34,,,1,30,,5228,34,,,1,68,,5229,34,,,1,30,,5231,34,,,1,69,,5195,34,,,1,30,,5230,34,,,1,69,,5255,34,,,1,29,,5232,34,,,1
1601,'Holiday1',828,,5370,20,,,1,81,,5374,20,,,1,40,,5366,20,,,1,80,,5368,20,,,1,80,,5373,20,,,1,40,,5367,20,,,1,80,,5369,20,,,1,80,,5371,20,,,1,40,,5372,20,,,1,80,,5376,20,,,1,82,,5375,20,,,1,38,,5378,20,,,1,80,,5377,20,,,1,80,,5379,20,,,1,40,,5381,20,,,1,80,,5380,20,,,1,80,,5382,20,,,1,40,,5384,20,,,1,80,,5383,20,,,1,80,,5385,20,,,1,40,,5386,20,,,1,80,,5387,20,,,1,80,,5388,20,,,1
1601,'Saturday',613,,5389,20,,,1,40,,5390,20,,,1,80,,5391,20,,,1,80,,5392,20,,,1,40,,5393,20,,,1,80,,5394,20,,,1,81,,5395,20,,,1,40,,5396,20,,,1,80,,5397,20,,,1,80,,5398,20,,,1,40,,5400,20,,,1,80,,5399,20,,,1,80,,5402,20,,,1,40,,5401,20,,,1,80,,5403,20,,,1,80,,5404,20,,,1,40,,5406,20,,,1,80,,5405,20,,,1,80,,5407,20,,,1,40,,5408,20,,,1,80,,5409,20,,,1,80,,5411,20,,,1,40,,5413,20,,,1,80,,5410,20,,,1,80,,5412,20,,,1,40,,5414,20,,,1,80,,5415,20,,,1,79,,5416,20,,,1
1601,'Sunday',828,,5421,20,,,1,81,,5425,20,,,1,40,,5417,20,,,1,80,,5419,20,,,1,80,,5424,20,,,1,40,,5418,20,,,1,80,,5420,20,,,1,80,,5422,20,,,1,40,,5423,20,,,1,80,,5427,20,,,1,82,,5426,20,,,1,38,,5429,20,,,1,80,,5428,20,,,1,80,,5430,20,,,1,40,,5432,20,,,1,80,,5431,20,,,1,80,,5433,20,,,1,40,,5435,20,,,1,80,,5434,20,,,1,80,,5436,20,,,1,40,,5437,20,,,1,80,,5438,20,,,1,80,,5439,20,,,1
1601,'Weekday',540,,5440,20,,,1,79,,5441,20,,,1,29,,5442,20,,,1,63,,5443,20,,,1,89,,5444,20,,,1,35,,5445,20,,,1,74,,5446,20,,,1,31,,5447,20,,,1,73,,5448,20,,,1,87,,5465,20,,,1,45,,5466,20,,,1,87,,5467,20,,,1,86,,5468,20,,,1,88,,5469,20,,,1,47,,5470,20,,,1,63,,5449,20,,,1,27,,5450,20,,,1,72,,5451,20,,,1,30,,5452,20,,,1,69,,5453,20,,,1,30,,5454,20,,,1,69,,5455,20,,,1,30,,5456,20,,,1,70,,5457,20,,,1,28,,5458,20,,,1,89,,5459,20,,,1,82,,5460,20,,,1,47,,5461,20,,,1,85,,5462,20,,,1,85,,5463,20,,,1,85,,5464,20,,,1
