'241223-MULTI-Weekday-01',1504,44700,0,'A',1,6400,0,'A',1,2800,0,'A',1,1300,0,'A',1,6000,0,'A',1,1800,0,'A',1,1600,0,'A',1,6200,0,'A',1,2100,0,'A',1,1800,0,'A',1,6300,0,'A',1,2100,0,'A',1,2100,0,'A',1,6400,0,'A',1,3100,0,'A',1,7500,0,'A',1,3200,0,'A',1,7300,0,'A',1,3000,0,'A',1,7100,0,'A',1,7200,0,'A',1,3600,0,'A',1,7100,0,'A',1,2600,0,'A',1,2100,0,'A',1,6100,0,'A',1,2000,0,'A',1,2200,0,'A',1,5600,0,'A',1,2000,0,'A',1,2200,0,'A',1,5800,0,'A',1,2000,0,'A',1,2000,0,'A',1,6300,0,'A',1,3000,0,'A',1,5800,0,'A',1,1900,0,'A',1,1800,0,'A',1,8000,0,'A',1,2200,0,'A',1,6800,0,'A',1
'241230-MULTI-Holiday3-01',1504,44700,0,'A',1,6400,0,'A',1,2800,0,'A',1,1300,0,'A',1,6000,0,'A',1,1800,0,'A',1,1600,0,'A',1,6200,0,'A',1,2100,0,'A',1,1800,0,'A',1,6300,0,'A',1,2100,0,'A',1,2100,0,'A',1,6400,0,'A',1,3100,0,'A',1,7500,0,'A',1,3200,0,'A',1,7300,0,'A',1,3000,0,'A',1,7100,0,'A',1,7200,0,'A',1,3600,0,'A',1,7100,0,'A',1,2600,0,'A',1,2100,0,'A',1,6100,0,'A',1,2000,0,'A',1,2200,0,'A',1,5600,0,'A',1,2000,0,'A',1,2200,0,'A',1,5800,0,'A',1,2000,0,'A',1,2000,0,'A',1,6300,0,'A',1,3000,0,'A',1,5800,0,'A',1,1900,0,'A',1,1800,0,'A',1,8000,0,'A',1,2200,0,'A',1,6800,0,'A',1
'241230-MULTI-Weekday-01',1504,44700,0,'A',1,6400,0,'A',1,2800,0,'A',1,1300,0,'A',1,6000,0,'A',1,1800,0,'A',1,1600,0,'A',1,6200,0,'A',1,2100,0,'A',1,1800,0,'A',1,6300,0,'A',1,2100,0,'A',1,2100,0,'A',1,6400,0,'A',1,3100,0,'A',1,7500,0,'A',1,3200,0,'A',1,7300,0,'A',1,3000,0,'A',1,7100,0,'A',1,7200,0,'A',1,3600,0,'A',1,7100,0,'A',1,2600,0,'A',1,2100,0,'A',1,6100,0,'A',1,2000,0,'A',1,2200,0,'A',1,5600,0,'A',1,2000,0,'A',1,2200,0,'A',1,5800,0,'A',1,2000,0,'A',1,2000,0,'A',1,6300,0,'A',1,3000,0,'A',1,5800,0,'A',1,1900,0,'A',1,1800,0,'A',1,8000,0,'A',1,2200,0,'A',1,6800,0,'A',1
'241223-MULTI-Holiday1-03',3200,81000,,'',1,9000,,'',1,5000,,'',1,9000,,'',1,9000,,'',1,9100,,'',1,9100,,'',1,9000,,'',1,5100,,'',1,9200,,'',1,9000,,'',1,9000,,'',1,9000,,'',1,8900,,'',1,4600,,'',1,9000,,'',1
'241223-MULTI-Holiday2-03',3200,81100,,'',1,4400,,'',1,9600,,'',1,9000,,'',1,9000,,'',1,9000,,'',1,9100,,'',1,9000,,'',1,5000,,'',1,9100,,'',1,9000,,'',1,9000,,'',1,9000,,'',1,9000,,'',1,5000,,'',1
'241223-MULTI-Saturday-01',3200,81100,,'',1,4400,,'',1,9600,,'',1,9000,,'',1,9000,,'',1,9000,,'',1,9100,,'',1,9000,,'',1,5000,,'',1,9100,,'',1,9000,,'',1,9000,,'',1,9000,,'',1,9000,,'',1,5000,,'',1
'241223-MULTI-Sunday-01',3200,81000,,'',1,9000,,'',1,5000,,'',1,9000,,'',1,9000,,'',1,9100,,'',1,9100,,'',1,9000,,'',1,5100,,'',1,9200,,'',1,9000,,'',1,9000,,'',1,9000,,'',1,8900,,'',1,4600,,'',1,9000,,'',1
'241223-MULTI-Weekday-01',3200,61100,,'',1,3400,,'',1,7400,,'',1,3400,,'',1,7400,,'',1,7600,,'',1,5600,,'',1,8500,,'',1,8500,,'',1,8500,,'',1,4500,,'',1,8800,,'',1,6600,,'',1,3400,,'',1,7700,,'',1,7700,,'',1,3400,,'',1,7200,,'',1,3600,,'',1,7400,,'',1,3400,,'',1,7400,,'',1,8400,,'',1
'241230-MULTI-Holiday1-03',3200,81000,,'',1,9000,,'',1,5000,,'',1,9000,,'',1,9000,,'',1,9100,,'',1,9100,,'',1,9000,,'',1,5100,,'',1,9200,,'',1,9000,,'',1,9000,,'',1,9000,,'',1,8900,,'',1,4600,,'',1,9000,,'',1
'241230-MULTI-Holiday3-01',3200,61100,,'',1,3400,,'',1,7400,,'',1,3400,,'',1,7400,,'',1,7600,,'',1,5600,,'',1,8500,,'',1,8500,,'',1,8500,,'',1,4500,,'',1,8800,,'',1,6600,,'',1,3400,,'',1,7700,,'',1,7700,,'',1,3400,,'',1,7200,,'',1,3600,,'',1,7400,,'',1,3400,,'',1,7400,,'',1,8400,,'',1
'241230-MULTI-Saturday-01',3200,81100,,'',1,4400,,'',1,9600,,'',1,9000,,'',1,9000,,'',1,9000,,'',1,9100,,'',1,9000,,'',1,5000,,'',1,9100,,'',1,9000,,'',1,9000,,'',1,9000,,'',1,9000,,'',1,5000,,'',1
'241230-MULTI-Sunday-01',3200,81000,,'',1,9000,,'',1,5000,,'',1,9000,,'',1,9000,,'',1,9100,,'',1,9100,,'',1,9000,,'',1,5100,,'',1,9200,,'',1,9000,,'',1,9000,,'',1,9000,,'',1,8900,,'',1,4600,,'',1,9000,,'',1
'241230-MULTI-Weekday-01',3200,61100,,'',1,3400,,'',1,7400,,'',1,3400,,'',1,7400,,'',1,7600,,'',1,5600,,'',1,8500,,'',1,8500,,'',1,8500,,'',1,4500,,'',1,8800,,'',1,6600,,'',1,3400,,'',1,7700,,'',1,7700,,'',1,3400,,'',1,7200,,'',1,3600,,'',1,7400,,'',1,3400,,'',1,7400,,'',1,8400,,'',1
