2403,'Holiday1',841,,6585,45,4,,1,85,,6586,45,4,,1,85,,6587,45,4,,1,45,,6588,45,4,,1,85,,6590,45,4,,1,85,,6591,45,4,,1,85,,6592,45,4,,1,45,,6589,45,4,,1,85,,6594,45,4,,1,85,,6596,45,4,,1,85,,6597,45,4,,1,45,,6593,45,4,,1,85,,6598,45,4,,1,85,,6595,45,4,,1,85,,6599,45,4,,1
2403,'Saturday',841,,6607,45,4,,1,85,,6608,45,4,,1,85,,6609,45,4,,1,45,,6606,45,4,,1,85,,6610,45,4,,1,85,,6611,45,4,,1,85,,6612,45,4,,1,45,,6613,45,4,,1,85,,6614,45,4,,1,85,,6600,45,4,,1,85,,6603,45,4,,1,45,,6601,45,4,,1,85,,6605,45,4,,1,85,,6602,45,4,,1,85,,6604,45,4,,1
2403,'Sunday',841,,6615,45,4,,1,85,,6616,45,4,,1,85,,6617,45,4,,1,45,,6618,45,4,,1,85,,6620,45,4,,1,85,,6621,45,4,,1,85,,6622,45,4,,1,45,,6619,45,4,,1,85,,6624,45,4,,1,85,,6625,45,4,,1,85,,6626,45,4,,1,45,,6623,45,4,,1,85,,6627,45,4,,1,85,,6628,45,4,,1,85,,6629,45,4,,1
2403,'Weekday',503,,6634,45,4,,1,26,,6632,45,4,,1,30,,6630,45,4,,1,74,,6636,45,4,,1,77,,6652,45,4,,1,36,,6646,45,4,,1,76,,6647,45,4,,1,35,,6645,45,4,,1,74,,6643,45,4,,1,76,,6644,45,4,,1,41,,6631,45,4,,1,75,,6633,45,4,,1,36,,6649,45,4,,1,76,,6650,45,4,,1,77,,6648,45,4,,1,38,,6651,45,4,,1,70,,6635,45,4,,1,34,,6639,45,4,,1,76,,6640,45,4,,1,77,,6654,45,4,,1,38,,6656,45,4,,1,76,,6657,45,4,,1,36,,6658,45,4,,1,76,,6655,45,4,,1,76,,6659,45,4,,1,34,,6653,45,4,,1,73,,6637,45,4,,1,35,,6638,45,4,,1,73,,6641,45,4,,1,85,,6642,45,4,,1
2404,'Holiday1',800,,6661,1,,,1,45,,6660,1,,,1,85,,6662,1,,,1,85,,6663,1,,,1,85,,6664,1,,,1,45,,6666,1,,,1,85,,6667,1,,,1,85,,6665,1,,,1,85,,6670,1,,,1,45,,6671,1,,,1,85,,6668,1,,,1,85,,6669,1,,,1,85,,6673,1,,,1,45,,6674,1,,,1,85,,6672,1,,,1
2404,'Saturday',800,,6675,1,,,1,45,,6676,1,,,1,85,,6681,1,,,1,85,,6677,1,,,1,85,,6678,1,,,1,45,,6679,1,,,1,85,,6682,1,,,1,85,,6683,1,,,1,85,,6684,1,,,1,45,,6685,1,,,1,85,,6680,1,,,1,85,,6686,1,,,1,85,,6687,1,,,1,45,,6688,1,,,1,85,,6689,1,,,1
2404,'Sunday',800,,6691,1,,,1,45,,6690,1,,,1,85,,6692,1,,,1,85,,6693,1,,,1,85,,6694,1,,,1,45,,6696,1,,,1,85,,6697,1,,,1,85,,6695,1,,,1,85,,6700,1,,,1,45,,6701,1,,,1,85,,6698,1,,,1,85,,6699,1,,,1,85,,6703,1,,,1,45,,6704,1,,,1,85,,6702,1,,,1
2404,'Weekday',515,,6707,1,,,1,17,,6706,1,,,1,73,,6710,1,,,1,36,,6719,1,,,1,76,,6720,1,,,1,36,,6721,1,,,1,76,,6717,1,,,1,76,,6718,1,,,1,35,,6726,1,,,1,77,,6705,1,,,1,35,,6708,1,,,1,76,,6724,1,,,1,74,,6722,1,,,1,37,,6723,1,,,1,77,,6725,1,,,1,37,,6709,1,,,1,72,,6712,1,,,1,76,,6727,1,,,1,36,,6728,1,,,1,76,,6729,1,,,1,36,,6730,1,,,1,76,,6731,1,,,1,76,,6732,1,,,1,36,,6733,1,,,1,78,,6714,1,,,1,32,,6711,1,,,1,72,,6713,1,,,1,36,,6716,1,,,1,75,,6715,1,,,1
8104,'Holiday1',626,,10761,7,,,1,85,,10762,7,,,1,45,,10763,7,,,1,87,,10765,7,,,1,85,,10766,7,,,1,85,,10767,7,,,1,45,,10764,7,,,1,85,,10768,7,,,1,85,,10769,7,,,1,85,,10770,7,,,1,45,,10771,7,,,1,85,,10772,7,,,1,83,,10773,7,,,1,85,,10774,7,,,1,45,,10775,7,,,1,85,,10776,7,,,1,85,,10777,7,,,1,85,,10778,7,,,1
8104,'Saturday',626,,10779,7,,,1,85,,10780,7,,,1,45,,10781,7,,,1,87,,10782,7,,,1,85,,10783,7,,,1,85,,10784,7,,,1,45,,10785,7,,,1,85,,10786,7,,,1,85,,10787,7,,,1,85,,10788,7,,,1,45,,10789,7,,,1,85,,10791,7,,,1,83,,10793,7,,,1,85,,10794,7,,,1,45,,10790,7,,,1,85,,10795,7,,,1,85,,10792,7,,,1,85,,10796,7,,,1
8104,'Sunday',626,,10797,7,,,1,85,,10798,7,,,1,45,,10799,7,,,1,87,,10801,7,,,1,85,,10802,7,,,1,85,,10803,7,,,1,45,,10800,7,,,1,85,,10804,7,,,1,85,,10805,7,,,1,85,,10806,7,,,1,45,,10807,7,,,1,85,,10808,7,,,1,83,,10809,7,,,1,85,,10810,7,,,1,45,,10811,7,,,1,85,,10812,7,,,1,85,,10813,7,,,1,85,,10814,7,,,1
8104,'Weekday',627,,10818,7,,,1,85,,10817,7,,,1,45,,10816,7,,,1,87,,10815,7,,,1,85,,10825,7,,,1,85,,10826,7,,,1,45,,10827,7,,,1,85,,10828,7,,,1,85,,10829,7,,,1,85,,10830,7,,,1,45,,10831,7,,,1,85,,10832,7,,,1,83,,10820,7,,,1,85,,10822,7,,,1,45,,10823,7,,,1,85,,10824,7,,,1,85,,10821,7,,,1,85,,10819,7,,,1,45,,10833,7,,,1,85,,10834,7,,,1
20401,'Weekday',1451,,11227,4,,,1
