603,'Holiday1',913,,2299,36,,,1,45,,2298,36,,,1,86,,2301,36,,,1,85,,2302,36,,,1,85,,2303,36,,,1,45,,2304,36,,,1,88,,2305,36,,,1,85,,2300,36,,,1,85,,2306,36,,,1,85,,2307,36,,,1,45,,2308,36,,,1,85,,2309,36,,,1,85,,2310,36,,,1,85,,2311,36,,,1,44,,2312,36,,,1
603,'Saturday',800,,2328,36,,,1,45,,2313,36,,,1,85,,2314,36,,,1,84,,2316,36,,,1,45,,2317,36,,,1,85,,2315,36,,,1,86,,2319,36,,,1,85,,2318,36,,,1,86,,2321,36,,,1,46,,2322,36,,,1,86,,2320,36,,,1,85,,2323,36,,,1,85,,2324,36,,,1,45,,2325,36,,,1,85,,2326,36,,,1,85,,2327,36,,,1
603,'Sunday',913,,2330,36,,,1,45,,2329,36,,,1,86,,2332,36,,,1,85,,2333,36,,,1,85,,2334,36,,,1,45,,2335,36,,,1,88,,2336,36,,,1,85,,2331,36,,,1,85,,2337,36,,,1,85,,2338,36,,,1,45,,2339,36,,,1,85,,2340,36,,,1,85,,2341,36,,,1,85,,2342,36,,,1,44,,2343,36,,,1
603,'Weekday',635,,2344,36,,,1,19,,2346,36,,,1,61,,2350,36,,,1,20,,2351,36,,,1,19,,2347,36,,,1,61,,2352,36,,,1,22,,2349,36,,,1,17,,2354,36,,,1,61,,2348,36,,,1,20,,2353,36,,,1,23,,2345,36,,,1,70,,2368,36,,,1,22,,2366,36,,,1,59,,2359,36,,,1,21,,2362,36,,,1,26,,2364,36,,,1,62,,2360,36,,,1,20,,2356,36,,,1,63,,2363,36,,,1,24,,2355,36,,,1,22,,2361,36,,,1,60,,2357,36,,,1,25,,2367,36,,,1,25,,2358,36,,,1,67,,2365,36,,,1,25,,2370,36,,,1,60,,2371,36,,,1,21,,2369,36,,,1,20,,2372,36,,,1,60,,2373,36,,,1,20,,2374,36,,,1,20,,2375,36,,,1,60,,2376,36,,,1,20,,2377,36,,,1,19,,2378,36,,,1,60,,2379,36,,,1,14,,2380,36,,,1,20,,2381,36,,,1,60,,2385,36,,,1,21,,2382,36,,,1,22,,2383,36,,,1,66,,2384,36,,,1,25,,2386,36,,,1,22,,2387,36,,,1,67,,2388,36,,,1,27,,2389,36,,,1,72,,2390,36,,,1,30,,2391,36,,,1
2902,'Holiday1',722,,7530,49,,,1,35,,7531,49,,,1,78,,7534,49,,,1,76,,7535,49,,,1,35,,7536,49,,,1,75,,7532,49,,,1,36,,7533,49,,,1,75,,7538,49,,,1,75,,7540,49,,,1,35,,7537,49,,,1,75,,7541,49,,,1,35,,7539,49,,,1,76,,7542,49,,,1,75,,7544,49,,,1,35,,7545,49,,,1,76,,7546,49,,,1,35,,7543,49,,,1,75,,7547,49,,,1,35,,7548,49,,,1,75,,7549,49,,,1,75,,7550,49,,,1,33,,7551,49,,,1,75,,7553,49,,,1,32,,7552,49,,,1,75,,7554,49,,,1,34,,7558,49,,,1,90,,7556,49,,,1,90,,7557,49,,,1,90,,7555,49,,,1
2902,'Saturday',652,,7565,49,,,1,65,,7573,49,,,1,26,,7575,49,,,1,67,,7576,49,,,1,25,,7574,49,,,1,66,,7577,49,,,1,26,,7578,49,,,1,25,,7579,49,,,1,66,,7580,49,,,1,31,,7581,49,,,1,64,,7584,49,,,1,26,,7582,49,,,1,65,,7583,49,,,1,25,,7585,49,,,1,25,,7586,49,,,1,65,,7587,49,,,1,25,,7588,49,,,1,66,,7589,49,,,1,25,,7590,49,,,1,65,,7591,49,,,1,25,,7592,49,,,1,25,,7594,49,,,1,67,,7595,49,,,1,25,,7596,49,,,1,65,,7593,49,,,1,25,,7572,49,,,1,25,,7569,49,,,1,64,,7571,49,,,1,23,,7570,49,,,1,67,,7568,49,,,1,28,,7567,49,,,1,82,,7560,49,,,1,35,,7561,49,,,1,72,,7559,49,,,1,29,,7563,49,,,1,79,,7564,49,,,1,90,,7562,49,,,1,90,,7566,49,,,1
2902,'Sunday',722,,7597,49,,,1,35,,7598,49,,,1,78,,7601,49,,,1,76,,7602,49,,,1,35,,7603,49,,,1,75,,7599,49,,,1,36,,7600,49,,,1,75,,7604,49,,,1,75,,7606,49,,,1,35,,7607,49,,,1,75,,7608,49,,,1,35,,7605,49,,,1,76,,7609,49,,,1,75,,7611,49,,,1,35,,7612,49,,,1,76,,7613,49,,,1,35,,7610,49,,,1,75,,7614,49,,,1,35,,7615,49,,,1,75,,7616,49,,,1,75,,7617,49,,,1,33,,7618,49,,,1,75,,7620,49,,,1,32,,7619,49,,,1,75,,7621,49,,,1,34,,7625,49,,,1,90,,7623,49,,,1,90,,7624,49,,,1,90,,7622,49,,,1
2902,'Weekday',624,,7627,49,,,1,32,,7626,58,0,5,1,56,,7662,58,0,5,1,16,,7659,58,0,5,1,17,,7658,58,0,5,1,56,,7655,58,0,5,1,16,,7654,58,0,5,1,16,,7657,58,0,5,1,16,,7656,58,0,5,1,55,,7661,58,0,5,1,15,,7660,58,0,5,1,14,,7664,58,0,5,1,14,,7663,58,0,5,1,58,,7666,58,0,5,1,16,,7665,58,0,5,1,24,,7628,49,,,1,65,,7629,49,,,1,25,,7630,49,,,1,66,,7631,49,,,1,27,,7632,49,,,1,22,,7633,49,,,1,65,,7634,49,,,1,25,,7635,49,,,1,65,,7636,49,,,1,29,,7637,49,,,1,79,,7638,49,,,1,19,,7640,58,0,5,1,4,,7652,36,,,1,10,,7641,58,0,5,1,59,,7667,58,0,5,1,18,,7668,58,0,5,1,18,,7669,58,0,5,1,14,,7653,58,0,5,1,4,,7670,58,0,5,1,58,,7671,58,0,5,1,18,,7672,58,0,5,1,18,,7673,58,0,5,1,57,,7674,58,0,5,1,16,,7675,58,0,5,1,18,,7676,58,0,5,1,56,,7677,58,0,5,1,18,,7678,58,0,5,1,16,,7679,58,0,5,1,17,,7680,58,0,5,1,57,,7681,58,0,5,1,15,,7682,58,0,5,1,17,,7683,58,0,5,1,15,,7639,58,0,5,1,65,,7644,49,,,1,33,,7645,49,,,1,72,,7646,49,,,1,32,,7647,49,,,1,68,,7648,49,,,1,29,,7649,49,,,1,70,,7650,49,,,1,30,,7651,49,,,1,70,,7642,49,,,1,30,,7643,49,,,1
6003,'Holiday1',843,,10516,27,,,1,104,,10514,27,,,1,105,,10517,27,,,1,105,,10513,27,,,1,145,,10519,27,,,1,105,,10520,27,,,1,106,,10521,27,,,1,105,,10518,27,,,1,105,,10522,27,,,1,104,,10523,27,,,1,106,,10524,27,,,1,104,,10515,27,,,1
6003,'Saturday',758,,10547,27,,,1,70,,10525,27,,,1,76,,10539,27,,,1,33,,10540,27,,,1,75,,10541,27,,,1,35,,10542,27,,,1,75,,10543,27,,,1,35,,10544,27,,,1,75,,10545,27,,,1,75,,10546,27,,,1,35,,10530,27,,,1,75,,10527,27,,,1,35,,10531,27,,,1,75,,10528,27,,,1,75,,10526,27,,,1,35,,10529,27,,,1,75,,10532,27,,,1,35,,10533,27,,,1,75,,10536,27,,,1,35,,10538,27,,,1,75,,10535,27,,,1,75,,10534,27,,,1,35,,10537,27,,,1
6003,'Sunday',843,,10551,27,,,1,104,,10549,27,,,1,105,,10552,27,,,1,105,,10548,27,,,1,145,,10554,27,,,1,105,,10555,27,,,1,106,,10556,27,,,1,105,,10553,27,,,1,105,,10557,27,,,1,104,,10558,27,,,1,106,,10559,27,,,1,104,,10550,27,,,1
6003,'Weekday',519,,10560,21,,,1,26,,10561,27,,,1,61,,10562,27,,,1,27,,10563,27,,,1,25,,10564,27,,,1,67,,10565,27,,,1,31,,10566,27,,,1,67,,10567,27,,,1,26,,10568,27,,,1,66,,10569,27,,,1,26,,10570,27,,,1,66,,10571,27,,,1,26,,10572,27,,,1,26,,10574,27,,,1,69,,10575,27,,,1,29,,10576,27,,,1,66,,10573,27,,,1,26,,10577,27,,,1,66,,10578,27,,,1,26,,10579,27,,,1,69,,10580,27,,,1,27,,10581,27,,,1,69,,10582,27,,,1,31,,10583,27,,,1,64,,10584,27,,,1,23,,10586,27,,,1,27,,10588,27,,,1,64,,10589,27,,,1,26,,10585,27,,,1,67,,10590,27,,,1,27,,10587,27,,,1,68,,10591,27,,,1,28,,10592,27,,,1,85,,10593,27,,,1,40,,10594,27,,,1,80,,10595,27,,,1,80,,10596,27,,,1,40,,10597,27,,,1,80,,10598,27,,,1,80,,10599,27,,,1,40,,10600,27,,,1
