1101,'Holiday1',507,,17150,,,1,40,,17148,,,1,80,,17146,,,1,80,,17144,,,1,40,,17151,,,1,80,,17153,,,1,80,,17156,,,1,40,,17157,,,1,80,,17160,,,1,80,,17159,,,1,40,,17163,,,1,80,,17166,,,1,80,,17167,,,1,40,,17168,,,1,80,,17170,,,1,82,,17173,,,1,42,,17177,,,1,82,,17178,,,1,82,,17182,,,1,40,,17180,,,1,81,,17179,,,1,86,,17184,,,1,86,,17185,,,1,44,,17193,,,1,85,,17190,,,1,89,,17189,,,1,86,,17196,,,1,40,,17197,,,1
1101,'Saturday',426,,17198,,,1,80,,17201,,,1,40,,17202,,,1,80,,17200,,,1,80,,17199,,,1,40,,17203,,,1,82,,17210,,,1,88,,17212,,,1,39,,17213,,,1,82,,17214,,,1,82,,17216,,,1,82,,17217,,,1,41,,17218,,,1,82,,17215,,,1,81,,17219,,,1,46,,17233,,,1,84,,17234,,,1,85,,17235,,,1,84,,17236,,,1,44,,17237,,,1,85,,17238,,,1,87,,17242,,,1,84,,17243,,,1,47,,17244,,,1,95,,17246,,,1,94,,17249,,,1,105,,17250,,,1
1101,'Sunday',507,,17257,,,1,40,,17255,,,1,80,,17253,,,1,80,,17251,,,1,40,,17258,,,1,80,,17260,,,1,80,,17263,,,1,40,,17264,,,1,80,,17267,,,1,80,,17266,,,1,40,,17270,,,1,80,,17272,,,1,80,,17274,,,1,40,,17275,,,1,80,,17277,,,1,82,,17280,,,1,42,,17284,,,1,82,,17285,,,1,82,,17289,,,1,40,,17287,,,1,81,,17286,,,1,86,,17291,,,1,86,,17292,,,1,44,,17300,,,1,85,,17297,,,1,89,,17296,,,1,86,,17303,,,1,40,,17304,,,1
1101,'Weekday',413,,17377,,,1,33,,17378,,,1,73,,17376,,,1,30,,17374,,,1,66,,17383,,,1,28,,17380,,,1,68,,17379,,,1,28,,17359,,,1,68,,17357,,,1,31,,17358,,,1,66,,17371,,,1,34,,17362,,,1,73,,17363,,,1,32,,17348,,,1,79,,17349,,,1,81,,17336,,,1,30,,17337,,,1,5,,17334,0,9 10,1,67,,17365,,,1,35,,17368,,,1,67,,17329,,,1,30,,17330,,,1,99,,17345,,,1,23,,17335,0,9 11,1,72,,17346,,,1,25,,17320,,,1,69,,17366,,,1,31,,17318,,,1,66,,17340,,,1,24,,17351,,,1,69,,17350,,,1,31,,17311,,,1,74,,17309,,,1,34,,17314,,,1,57,,17325,0,9 11,1,27,,17323,,,1,77,,17312,,,1,90,,17316,,,1,54,,17322,,,1,73,,17308,,,1,75,,17332,,,1
1102,'Holiday1',737,,17391,4,,1,80,,17389,4,,1,40,,17392,4,,1,82,,17394,4,,1,82,,17396,4,,1,80,,17398,4,,1,40,,17400,4,,1,80,,17401,4,,1,81,,17404,4,,1,41,,17406,4,,1,80,,17408,4,,1,81,,17409,4,,1,40,,17412,4,,1,81,,17416,4,,1,82,,17415,4,,1,42,,17414,4,,1,81,,17419,4,,1,82,,17422,4,,1,94,,17426,4,,1,41,,17427,4,,1,88,,17428,4,,1,83,,17429,4,,1,86,,17430,4,,1,46,,17435,4,,1,86,,17437,4,,1
1102,'Saturday',618,,17438,4,,1,41,,17442,4,,1,85,,17443,4,,1,81,,17444,4,,1,85,,17445,4,,1,40,,17449,4,,1,81,,17451,4,,1,84,,17447,4,,1,43,,17452,4,,1,82,,17453,4,,1,80,,17454,4,,1,84,,17455,4,,1,45,,17456,4,,1,83,,17457,4,,1,86,,17474,4,,1,84,,17472,4,,1,40,,17475,4,,1,84,,17476,4,,1,84,,17473,4,,1,42,,17477,4,,1,83,,17478,4,,1,83,,17479,4,,1,91,,17480,4,,1,47,,17488,4,,1,88,,17489,4,,1,98,,17490,4,,1,94,,17491,4,,1
1102,'Sunday',737,,17495,4,,1,80,,17493,4,,1,40,,17496,4,,1,82,,17498,4,,1,82,,17500,4,,1,80,,17502,4,,1,40,,17504,4,,1,80,,17505,4,,1,81,,17508,4,,1,41,,17510,4,,1,80,,17512,4,,1,81,,17513,4,,1,40,,17516,4,,1,81,,17520,4,,1,82,,17519,4,,1,42,,17518,4,,1,81,,17523,4,,1,82,,17526,4,,1,94,,17530,4,,1,41,,17531,4,,1,88,,17532,4,,1,83,,17533,4,,1,86,,17534,4,,1,46,,17539,4,,1,86,,17541,4,,1
1102,'Weekday',404,,17610,4,,1,135,,17609,4,,1,71,,17611,4,,1,17,,17614,4,,1,10,,17624,4,,1,10,,17612,4,,1,56,,17613,4,,1,14,,17625,4,,1,5,,17618,4,,1,28,,17619,4,,1,61,,17622,4,,1,24,,17617,4,,1,65,,17621,4,,1,28,,17606,4,,1,28,,17594,4,,1,68,,17595,4,,1,34,,17584,4,,1,77,,17583,4,,1,71,,17585,4,,1,28,,17571,4,,1,6,,17574,4,,1,65,,17602,4,,1,29,,17607,4,,1,19,,17575,4,,1,55,,17573,4,,1,39,,17582,4,,1,70,,17572,4,,1,14,,17567,4,,1,14,,17581,4,,1,70,,17563,4,,1,26,,17601,4,,1,69,,17564,4,,1,30,,17579,4,,1,66,,17552,4,,1,28,,17600,4,,1,68,,17590,4,,1,22,,17551,4,,1,28,,17545,4,,1,64,,17549,4,,1,25,,17568,4,,1,67,,17555,4,,1,13,,17554,4,,1,34,,17578,4,,1,65,,17544,4,,1,87,,17550,4,,1,46,,17560,4,,1,66,,17543,4,,1,81,,17570,4,,1,49,,17559,4,,1
51101,'Holiday1',545,,26470,,,1,60,,26473,,,1,32,,26471,,,1,63,,26439,,,1,10,,26474,,,1,10,,26472,,,1,20,,26442,,,1,75,,26440,,,1,85,,26443,,,1,40,,26444,,,1,80,,26441,,,1,80,,26446,,,1,40,,26447,,,1,80,,26448,,,1,80,,26445,,,1,43,,26449,,,1,82,,26450,,,1,80,,26451,,,1,40,,26452,,,1,80,,26453,,,1,80,,26454,,,1,43,,26455,,,1,77,,26457,,,1,80,,26458,,,1,37,,26459,,,1,78,,26456,,,1,80,,26460,,,1,40,,26461,,,1
51101,'Saturday',500,,26475,,,1,34,,26483,,,1,11,,26479,,,1,59,,26477,,,1,30,,26487,,,1,66,,26481,0,13,1,12,,26500,0,13,1,3,,26485,,,1,85,,26486,,,1,45,,26482,,,1,85,,26492,,,1,86,,26495,,,1,90,,26502,,,1,50,,26501,,,1,90,,26508,,,1,90,,26507,,,1,90,,26514,,,1,90,,26521,,,1,90,,26527,,,1,50,,26533,,,1,78,,26534,0,13,1,8,,26539,0,13,1,2,,26537,,,1,60,,26540,0,13,1,11,,26555,0,13,1,21,,26543,,,1,73,,26556,0,13,1,17,,26549,,,1
51101,'Sunday',545,,26621,,,1,60,,26622,,,1,32,,26619,,,1,63,,26588,,,1,10,,26623,,,1,10,,26620,,,1,20,,26591,,,1,75,,26589,,,1,85,,26592,,,1,40,,26593,,,1,80,,26590,,,1,80,,26595,,,1,40,,26596,,,1,80,,26597,,,1,80,,26594,,,1,43,,26598,,,1,82,,26599,,,1,80,,26600,,,1,40,,26601,,,1,80,,26602,,,1,80,,26603,,,1,43,,26604,,,1,77,,26605,,,1,80,,26606,,,1,37,,26607,,,1,78,,26608,,,1,80,,26609,,,1,40,,26610,,,1
51101,'Weekday',533,,26633,,,1,13,,26636,,,1,12,,26639,,,1,48,,26645,0,8,1,7,,26655,,,1,15,,26651,,,1,14,,26630,,,1,15,,26634,,,1,55,,26632,,,1,15,,26637,,,1,16,,26635,,,1,15,,26638,,,1,55,,26647,,,1,15,,26659,,,1,15,,26662,,,1,59,,26643,,,1,28,,26729,,,1,25,,26730,,,1,64,,26731,,,1,24,,26732,,,1,65,,26733,,,1,24,,26734,,,1,23,,26735,,,1,64,,26736,,,1,24,,26737,,,1,62,,26738,,,1,26,,26739,,,1,24,,26667,,,1,60,,26676,,,1,15,,26674,,,1,15,,26672,,,1,14,,26678,,,1,55,,26709,,,1,15,,26680,,,1,15,,26700,,,1,15,,26679,,,1,55,,26696,,,1,15,,26687,,,1,15,,26686,,,1,15,,26697,,,1,55,,26693,,,1,15,,26688,,,1,16,,26692,,,1,55,,26701,,,1,15,,26711,,,1,15,,26708,,,1,15,,26704,,,1,55,,26712,,,1,15,,26705,,,1,15,,26714,,,1,15,,26713,,,1,62,,26716,,,1,21,,26717,,,1,20,,26719,,,1,60,,26720,,,1,22,,26723,,,1,20,,26726,,,1,62,,26721,,,1,18,,26725,,,1,23,,26724,,,1,56,,26722,,,1,17,,26661,,,1,27,,26727,,,1,60,,26728,,,1,20,,26663,,,1
51102,'Holiday1',548,,26789,4,,1,75,,26788,4,,1,27,,26784,4,,1,55,,26790,4,,1,25,,26791,4,,1,70,,26792,4,,1,44,,26766,4,,1,83,,26767,4,,1,79,,26768,4,,1,44,,26770,4,,1,85,,26771,4,,1,82,,26772,4,,1,40,,26769,4,,1,80,,26773,4,,1,83,,26774,4,,1,80,,26775,4,,1,40,,26777,4,,1,80,,26778,4,,1,80,,26785,4,,1,42,,26779,4,,1,78,,26786,4,,1,39,,26787,4,,1,79,,26776,4,,1,77,,26780,4,,1,42,,26781,4,,1,69,,26782,4,,1,82,,26783,4,,1
51102,'Saturday',545,,26793,4,,1,70,,26797,4,,1,30,,26795,4,,1,60,,26796,4,,1,9,,26811,4,,1,14,,26822,4,,1,24,,26799,4,,1,91,,26804,4,,1,85,,26802,4,,1,85,,26800,4,,1,87,,26809,4,,1,45,,26812,4,,1,94,,26817,4,,1,90,,26814,4,,1,90,,26824,4,,1,90,,26823,4,,1,50,,26831,4,,1,90,,26837,4,,1,90,,26844,4,,1,8,,26850,4,,1,10,,26857,4,,1,57,,26862,4,,1,15,,26851,4,,1,93,,26855,4,,1,3,,26863,4,,1,85,,26858,4,,1,41,,26867,4,,1
51102,'Sunday',548,,26924,4,,1,75,,26923,4,,1,27,,26919,4,,1,55,,26925,4,,1,25,,26926,4,,1,70,,26927,4,,1,44,,26901,4,,1,83,,26902,4,,1,79,,26903,4,,1,44,,26905,4,,1,85,,26906,4,,1,82,,26907,4,,1,40,,26904,4,,1,80,,26908,4,,1,83,,26909,4,,1,80,,26910,4,,1,40,,26912,4,,1,80,,26913,4,,1,80,,26920,4,,1,42,,26914,4,,1,78,,26921,4,,1,39,,26922,4,,1,79,,26911,4,,1,77,,26915,4,,1,42,,26916,4,,1,69,,26917,4,,1,82,,26918,4,,1
51102,'Weekday',620,,26945,4,,1,15,,26930,4,,1,15,,26935,4,,1,55,,26928,4,,1,15,,26929,4,,1,15,,26932,4,,1,15,,26933,4,,1,53,,26940,4,,1,17,,26951,4,,1,15,,26950,4,,1,15,,26946,4,,1,55,,26958,4,,1,12,,26957,4,,1,13,,26938,4,,1,15,,26954,4,,1,14,,26949,4,,1,56,,26941,4,,1,22,,27027,4,,1,64,,27028,4,,1,25,,27029,4,,1,25,,27030,4,,1,64,,27031,4,,1,24,,27032,4,,1,64,,27033,4,,1,26,,27034,4,,1,23,,26956,4,,1,60,,26968,4,,1,16,,26962,4,,1,15,,26963,4,,1,15,,26987,4,,1,56,,26966,4,,1,15,,27000,4,,1,16,,26973,4,,1,55,,26998,4,,1,15,,26985,4,,1,15,,26970,4,,1,15,,26984,4,,1,55,,26982,4,,1,15,,26981,4,,1,15,,26976,4,,1,15,,26980,4,,1,55,,26988,4,,1,12,,27005,4,,1,13,,26996,4,,1,14,,26999,4,,1,15,,27002,4,,1,55,,26994,4,,1,15,,26993,4,,1,15,,27009,4,,1,15,,27011,4,,1,53,,27003,4,,1,17,,27012,4,,1,16,,27004,4,,1,65,,27014,4,,1,22,,27015,4,,1,19,,27016,4,,1,62,,27017,4,,1,16,,27019,4,,1,20,,27020,4,,1,60,,27023,4,,1,20,,27022,4,,1,20,,27021,4,,1,60,,27018,4,,1,20,,27024,4,,1,20,,27025,4,,1,60,,27026,4,,1,20,,26955,4,,1
