2302,'Holiday1',833,,19857,94,,,1,70,,19831,94,,,1,29,,19834,94,,,1,73,,19835,94,,,1,30,,19836,94,,,1,68,,19833,94,,,1,27,,19837,94,,,1,29,,19838,94,,,1,69,,19832,94,,,1,29,,19840,94,,,1,71,,19842,94,,,1,28,,19839,94,,,1,69,,19843,94,,,1,25,,19841,94,,,1,71,,19844,94,,,1,32,,19845,94,,,1,67,,19846,94,,,1,28,,19847,94,,,1,68,,19848,94,,,1,28,,19862,94,,,1,68,,19851,94,,,1,27,,19852,94,,,1,68,,19853,94,,,1,27,,19849,94,,,1,67,,19854,94,,,1,26,,19855,94,,,1,25,,19856,94,,,1,67,,19850,94,,,1,25,,19860,94,,,1,67,,19861,94,,,1,27,,19858,94,,,1,67,,19859,94,,,1
2302,'Saturday',629,,19863,94,,,1,30,,19865,94,,,1,70,,19885,94,,,1,72,,19884,94,,,1,42,,19888,94,,,1,72,,19887,94,,,1,30,,19890,94,,,1,68,,19891,94,,,1,29,,19892,94,,,1,67,,19889,94,,,1,31,,19893,94,,,1,67,,19896,94,,,1,26,,19897,94,,,1,70,,19894,94,,,1,31,,19895,94,,,1,67,,19886,94,,,1,30,,19875,94,,,1,27,,19877,94,,,1,65,,19878,94,,,1,30,,19879,94,,,1,70,,19880,94,,,1,29,,19876,94,,,1,70,,19882,94,,,1,31,,19883,94,,,1,68,,19881,94,,,1,25,,19867,94,,,1,65,,19868,94,,,1,25,,19864,94,,,1,71,,19874,94,,,1,29,,19866,94,,,1,70,,19870,94,,,1,25,,19872,94,,,1,70,,19869,94,,,1,29,,19871,94,,,1,29,,19873,94,,,1,70,,19901,94,,,1,30,,19900,94,,,1,70,,19899,94,,,1,30,,19898,94,,,1
2302,'Sunday',833,,19928,94,,,1,70,,19902,94,,,1,29,,19905,94,,,1,73,,19906,94,,,1,30,,19907,94,,,1,68,,19904,94,,,1,27,,19908,94,,,1,29,,19909,94,,,1,69,,19903,94,,,1,29,,19911,94,,,1,71,,19913,94,,,1,28,,19910,94,,,1,69,,19914,94,,,1,25,,19912,94,,,1,71,,19915,94,,,1,32,,19916,94,,,1,67,,19917,94,,,1,28,,19918,94,,,1,68,,19919,94,,,1,28,,19933,94,,,1,68,,19922,94,,,1,27,,19923,94,,,1,68,,19924,94,,,1,27,,19920,94,,,1,67,,19925,94,,,1,26,,19926,94,,,1,25,,19927,94,,,1,67,,19921,94,,,1,25,,19931,94,,,1,67,,19932,94,,,1,27,,19929,94,,,1,67,,19930,94,,,1
2302,'Weekday',557,,19934,94,,,1,56,,19944,94,,,1,15,,19945,94,,,1,14,,19943,94,,,1,16,,19947,94,,,1,56,,19949,94,,,1,15,,19950,94,,,1,15,,19951,94,,,1,15,,19948,94,,,1,56,,19952,94,,,1,15,,19946,94,,,1,16,,19953,94,,,1,55,,19954,94,,,1,16,,19955,94,,,1,18,,19956,94,,,1,16,,19940,94,,,1,59,,19937,94,,,1,21,,19939,94,,,1,69,,19957,94,,,1,32,,19958,94,,,1,69,,19959,94,,,1,32,,19960,94,,,1,70,,19961,94,,,1,29,,19962,94,,,1,70,,19963,94,,,1,32,,19964,94,,,1,71,,19942,94,,,1,26,,19988,94,,,1,18,,19985,94,,,1,60,,19987,94,,,1,15,,19984,94,,,1,16,,19986,94,,,1,15,,19983,94,,,1,59,,19965,94,,,1,16,,19966,94,,,1,14,,19967,94,,,1,13,,19968,94,,,1,55,,19969,94,,,1,15,,19970,94,,,1,16,,19971,94,,,1,15,,19972,94,,,1,55,,19973,94,,,1,13,,19974,94,,,1,14,,19935,94,,,1,15,,19941,94,,,1,53,,19938,94,,,1,15,,19936,94,,,1,34,,19975,94,,,1,73,,19976,94,,,1,75,,19977,94,,,1,29,,19978,94,,,1,71,,19979,94,,,1,33,,19980,94,,,1,74,,19981,94,,,1,34,,19982,94,,,1
2604,'Holiday1',726,,20292,21,,,1,100,,20295,21,,,1,100,,20296,21,,,1,100,,20293,21,,,1,100,,20294,21,,,1,100,,20297,21,,,1,101,,20299,21,,,1,100,,20300,21,,,1,100,,20301,21,,,1,100,,20298,21,,,1,100,,20302,21,,,1,99,,20303,21,,,1,99,,20304,21,,,1,100,,20305,21,,,1
2604,'Saturday',726,,20309,21,,,1,30,,20306,21,,,1,70,,20311,21,,,1,30,,20313,21,,,1,70,,20310,21,,,1,30,,20314,21,,,1,70,,20312,21,,,1,30,,20315,21,,,1,70,,20316,21,,,1,30,,20317,21,,,1,70,,20318,21,,,1,30,,20319,21,,,1,71,,20320,21,,,1,30,,20321,21,,,1,70,,20335,21,,,1,30,,20323,21,,,1,70,,20324,21,,,1,30,,20325,21,,,1,70,,20322,21,,,1,30,,20326,21,,,1,70,,20327,21,,,1,30,,20328,21,,,1,69,,20329,21,,,1,30,,20330,21,,,1,69,,20331,21,,,1,30,,20332,21,,,1,70,,20333,21,,,1,30,,20334,21,,,1,70,,20307,21,,,1,30,,20308,21,,,1
2604,'Sunday',726,,20336,21,,,1,100,,20339,21,,,1,100,,20340,21,,,1,100,,20337,21,,,1,100,,20338,21,,,1,100,,20341,21,,,1,101,,20343,21,,,1,100,,20344,21,,,1,100,,20345,21,,,1,100,,20342,21,,,1,100,,20346,21,,,1,99,,20347,21,,,1,99,,20348,21,,,1,100,,20349,21,,,1
2604,'Weekday',507,,20350,21,,,1,22,,20351,21,,,1,22,,20352,21,,,1,58,,20354,21,,,1,19,,20355,21,,,1,29,,20356,21,,,1,62,,20353,21,,,1,20,,20357,21,,,1,17,,20358,21,,,1,71,,20359,21,,,1,21,,20360,21,,,1,63,,20361,21,,,1,22,,20362,21,,,1,22,,20363,21,,,1,60,,20364,21,,,1,21,,20365,21,,,1,22,,20366,21,,,1,62,,20367,21,,,1,22,,20368,21,,,1,62,,20369,21,,,1,22,,20370,21,,,1,22,,20371,21,,,1,62,,20372,21,,,1,22,,20373,21,,,1,22,,20374,21,,,1,62,,20375,21,,,1,22,,20376,21,,,1,62,,20377,21,,,1,25,,20378,21,,,1,22,,20379,21,,,1,62,,20380,21,,,1,22,,20381,21,,,1,22,,20382,21,,,1,65,,20383,21,,,1,19,,20384,21,,,1,22,,20385,21,,,1,65,,20386,21,,,1,18,,20387,21,,,1,61,,20389,21,,,1,22,,20390,21,,,1,28,,20391,21,,,1,58,,20388,21,,,1,20,,20392,21,,,1,22,,20393,21,,,1,62,,20394,21,,,1,22,,20395,21,,,1,22,,20396,21,,,1,62,,20397,21,,,1,22,,20398,21,,,1,62,,20399,21,,,1,21,,20400,21,,,1,22,,20401,21,,,1,62,,20402,21,,,1,22,,20403,21,,,1,22,,20404,21,,,1
2704,'Saturday',821,,20449,14,,,1,35,,20451,14,,,1,75,,20452,14,,,1,75,,20453,14,,,1,35,,20455,14,,,1,75,,20450,14,,,1,35,,20454,14,,,1,75,,20456,14,,,1,75,,20458,14,,,1,35,,20459,14,,,1,75,,20460,14,,,1,35,,20461,14,,,1,75,,20462,14,,,1,35,,20463,14,,,1,75,,20457,14,,,1,75,,20464,14,,,1,35,,20465,14,,,1,75,,20466,14,,,1
2704,'Weekday',610,,20469,14,,,1,34,,20467,14,,,1,75,,20470,14,,,1,35,,20468,14,,,1,74,,20471,14,,,1,73,,20472,14,,,1,36,,20473,14,,,1,74,,20475,14,,,1,34,,20476,14,,,1,75,,20477,14,,,1,35,,20474,14,,,1,74,,20478,14,,,1,74,,20479,14,,,1,33,,20481,14,,,1,72,,20482,14,,,1,35,,20483,14,,,1,74,,20480,14,,,1,34,,20484,14,,,1,74,,20486,14,,,1,33,,20488,14,,,1,77,,20489,14,,,1,70,,20487,14,,,1,33,,20492,14,,,1,70,,20490,14,,,1,31,,20491,14,,,1,70,,20485,14,,,1
2802,'Holiday1',557,,20646,36,0,5,1,65,,20636,32,,,1,25,,20633,36,0,5,1,65,,20642,32,,,1,25,,20638,36,0,5,1,65,,20632,32,,,1,25,,20645,36,0,5,1,25,,20635,32,,,1,65,,20634,36,0,5,1,25,,20640,32,,,1,65,,20639,36,0,5,1,25,,20637,32,,,1,25,,20644,36,0,5,1,65,,20641,32,,,1,25,,20648,36,0,5,1,65,,20643,32,,,1,25,,20649,36,0,5,1,65,,20647,32,,,1,25,,20650,36,0,5,1,25,,20651,32,,,1,65,,20652,36,0,5,1,25,,20653,32,,,1,65,,20654,36,0,5,1,25,,20656,32,,,1,25,,20655,36,0,5,1,65,,20657,32,,,1,25,,20658,36,0,5,1,65,,20659,32,,,1,25,,20660,36,0,5,1,65,,20661,32,,,1,25,,20662,36,0,5,1,25,,20663,32,,,1,65,,20664,36,0,5,1
2802,'Saturday',557,,20667,36,0,5,1,65,,20682,32,,,1,25,,20668,36,0,5,1,65,,20683,32,,,1,25,,20665,36,0,5,1,65,,20686,32,,,1,25,,20666,36,0,5,1,25,,20687,32,,,1,65,,20669,36,0,5,1,25,,20688,32,,,1,65,,20671,36,0,5,1,25,,20684,32,,,1,25,,20672,36,0,5,1,65,,20685,32,,,1,25,,20673,36,0,5,1,65,,20689,32,,,1,25,,20670,36,0,5,1,65,,20691,32,,,1,25,,20674,36,0,5,1,25,,20692,32,,,1,65,,20675,36,0,5,1,25,,20693,32,,,1,65,,20676,36,0,5,1,25,,20690,32,,,1,25,,20677,36,0,5,1,65,,20694,32,,,1,25,,20678,36,0,5,1,65,,20695,32,,,1,25,,20679,36,0,5,1,65,,20696,32,,,1,25,,20680,36,0,5,1,25,,20697,32,,,1,65,,20681,36,0,5,1
2802,'Sunday',557,,20712,36,0,5,1,65,,20702,32,,,1,25,,20699,36,0,5,1,65,,20708,32,,,1,25,,20704,36,0,5,1,65,,20698,32,,,1,25,,20711,36,0,5,1,25,,20701,32,,,1,65,,20700,36,0,5,1,25,,20706,32,,,1,65,,20705,36,0,5,1,25,,20703,32,,,1,25,,20710,36,0,5,1,65,,20707,32,,,1,25,,20714,36,0,5,1,65,,20709,32,,,1,25,,20715,36,0,5,1,65,,20713,32,,,1,25,,20716,36,0,5,1,25,,20717,32,,,1,65,,20718,36,0,5,1,25,,20719,32,,,1,65,,20720,36,0,5,1,25,,20722,32,,,1,25,,20721,36,0,5,1,65,,20723,32,,,1,25,,20724,36,0,5,1,65,,20725,32,,,1,25,,20726,36,0,5,1,65,,20727,32,,,1,25,,20728,36,0,5,1,25,,20729,32,,,1,65,,20730,36,0,5,1
2802,'Weekday',537,,20771,32,,,1,16,,20731,36,0,5,1,66,,20751,32,,,1,20,,20733,36,0,5,1,20,,20752,32,,,1,60,,20734,36,0,5,1,20,,20753,32,,,1,20,,20732,36,0,5,1,60,,20754,32,,,1,20,,20735,36,0,5,1,20,,20755,32,,,1,60,,20736,36,0,5,1,20,,20756,32,,,1,20,,20737,36,0,5,1,63,,20757,32,,,1,17,,20738,36,0,5,1,20,,20758,32,,,1,59,,20739,36,0,5,1,21,,20759,32,,,1,20,,20740,36,0,5,1,59,,20760,32,,,1,21,,20741,36,0,5,1,20,,20761,32,,,1,59,,20742,36,0,5,1,21,,20762,32,,,1,20,,20743,36,0,5,1,60,,20763,32,,,1,20,,20744,36,0,5,1,20,,20764,32,,,1,60,,20745,36,0,5,1,20,,20765,32,,,1,20,,20746,36,0,5,1,60,,20766,32,,,1,20,,20747,36,0,5,1,19,,20767,32,,,1,61,,20748,36,0,5,1,20,,20768,32,,,1,66,,20749,36,0,5,1,14,,20769,32,,,1,20,,20750,36,0,5,1,20,,20770,32,,,1
