2901,'251229-MULTI-Saturday-01',526,,10659,0,,1,25,,10650,0,,1,65,,10660,0,,1,25,,10661,0,,1,65,,10662,0,,1,25,,10663,0,,1,26,,10664,0,,1,65,,10665,0,,1,25,,10666,0,,1,65,,10667,0,,1,25,,10668,0,,1,65,,10669,0,,1,25,,10670,0,,1,25,,10671,0,,1,65,,10673,0,,1,25,,10674,0,,1,65,,10675,0,,1,25,,10672,0,,1,25,,10676,0,,1,65,,10677,0,,1,25,,10678,0,,1,65,,10679,0,,1,25,,10681,0,,1,65,,10682,0,,1,25,,10683,0,,1,25,,10680,0,,1,65,,10684,0,,1,25,,10685,0,,1,65,,10686,0,,1,25,,10687,0,,1,24,,10688,0,,1,65,,10689,0,,1,32,,10652,0,,1,73,,10651,0,,1,75,,10653,0,,1,29,,10655,0,,1,81,,10654,0,,1,93,,10656,0,,1,47,,10657,0,,1,90,,10658,0,,1
2901,'251229-MULTI-Sunday-01',551,,10715,0,,1,75,,10714,0,,1,75,,10704,0,,1,35,,10706,0,,1,75,,10707,0,,1,35,,10702,0,,1,76,,10703,0,,1,35,,10708,0,,1,75,,10705,0,,1,75,,10709,0,,1,35,,10701,0,,1,75,,10694,0,,1,35,,10700,0,,1,75,,10696,0,,1,75,,10699,0,,1,35,,10698,0,,1,75,,10697,0,,1,35,,10695,0,,1,75,,10693,0,,1,35,,10692,0,,1,75,,10690,0,,1,74,,10691,0,,1,35,,10710,0,,1,75,,10711,0,,1,35,,10713,0,,1,75,,10712,0,,1,90,,10717,0,,1,90,,10716,0,,1,50,,10718,0,,1,90,,10719,0,,1
2901,'260105-MULTI-Holiday1-01',551,,10745,0,,1,75,,10744,0,,1,75,,10731,0,,1,35,,10736,0,,1,75,,10737,0,,1,35,,10733,0,,1,76,,10734,0,,1,35,,10738,0,,1,75,,10735,0,,1,75,,10739,0,,1,35,,10732,0,,1,75,,10724,0,,1,35,,10730,0,,1,75,,10726,0,,1,75,,10729,0,,1,35,,10728,0,,1,75,,10727,0,,1,35,,10725,0,,1,75,,10723,0,,1,35,,10722,0,,1,75,,10720,0,,1,74,,10721,0,,1,35,,10740,0,,1,75,,10741,0,,1,35,,10743,0,,1,75,,10742,0,,1,90,,10747,0,,1,90,,10746,0,,1,50,,10748,0,,1,90,,10749,0,,1
2901,'260105-MULTI-Saturday-01',526,,10759,0,,1,25,,10750,0,,1,65,,10760,0,,1,25,,10761,0,,1,65,,10762,0,,1,25,,10763,0,,1,26,,10764,0,,1,65,,10765,0,,1,25,,10766,0,,1,65,,10767,0,,1,25,,10768,0,,1,65,,10769,0,,1,25,,10770,0,,1,25,,10771,0,,1,65,,10773,0,,1,25,,10774,0,,1,65,,10775,0,,1,25,,10772,0,,1,25,,10776,0,,1,65,,10778,0,,1,25,,10779,0,,1,65,,10780,0,,1,25,,10781,0,,1,65,,10782,0,,1,25,,10783,0,,1,25,,10777,0,,1,65,,10784,0,,1,25,,10785,0,,1,65,,10786,0,,1,25,,10787,0,,1,24,,10788,0,,1,65,,10789,0,,1,32,,10752,0,,1,73,,10751,0,,1,75,,10753,0,,1,29,,10755,0,,1,81,,10754,0,,1,93,,10756,0,,1,47,,10757,0,,1,90,,10758,0,,1
2901,'260105-MULTI-Sunday-01',551,,10815,0,,1,75,,10814,0,,1,75,,10801,0,,1,35,,10806,0,,1,75,,10807,0,,1,35,,10803,0,,1,76,,10804,0,,1,35,,10808,0,,1,75,,10805,0,,1,75,,10809,0,,1,35,,10802,0,,1,75,,10794,0,,1,35,,10800,0,,1,75,,10796,0,,1,75,,10799,0,,1,35,,10798,0,,1,75,,10797,0,,1,35,,10795,0,,1,75,,10793,0,,1,35,,10792,0,,1,75,,10790,0,,1,74,,10791,0,,1,35,,10810,0,,1,75,,10811,0,,1,35,,10813,0,,1,75,,10812,0,,1,90,,10817,0,,1,90,,10816,0,,1,50,,10818,0,,1,90,,10819,0,,1
2901,'260105-MULTI-Weekday-01',503,,10821,0,5,1,14,,10820,0,5,1,14,,10828,0,5,1,14,,10827,0,5,1,5,,10886,0,5,1,9,,10824,0,5,1,54,,10826,0,5,1,14,,10823,0,5,1,14,,10825,0,5,1,14,,10837,0,5,1,54,,10834,0,5,1,14,,10838,0,5,1,9,,10885,0,5,1,5,,10830,0,5,1,14,,10839,0,5,1,54,,10829,0,5,1,14,,10833,0,5,1,14,,10831,0,5,1,14,,10836,0,5,1,54,,10835,0,5,1,14,,10832,0,5,1,15,,10822,0,,1,25,,10840,0,,1,65,,10841,0,,1,25,,10842,0,,1,65,,10843,0,,1,25,,10844,0,,1,65,,10845,0,,1,25,,10846,0,,1,25,,10847,0,,1,65,,10848,0,,1,25,,10849,0,,1,62,,10850,0,5,1,15,,10851,0,5,1,15,,10852,0,5,1,15,,10853,0,5,1,55,,10854,0,5,1,15,,10855,0,5,1,15,,10857,0,5,1,15,,10858,0,5,1,55,,10859,0,5,1,15,,10856,0,5,1,15,,10860,0,5,1,15,,10861,0,5,1,55,,10862,0,5,1,15,,10863,0,5,1,15,,10864,0,5,1,15,,10865,0,5,1,55,,10866,0,5,1,15,,10867,0,5,1,15,,10868,0,5,1,15,,10869,0,5,1,55,,10870,0,5,1,15,,10871,0,5,1,19,,10872,0,5,1,15,,10873,0,5,1,54,,10874,0,5,1,23,,10875,0,,1,30,,10876,0,,1,75,,10877,0,,1,70,,10878,0,,1,32,,10879,0,,1,70,,10880,0,,1,30,,10881,0,,1,70,,10882,0,,1,30,,10883,0,,1,70,,10884,0,,1
6004,'251229-MULTI-Saturday-01',701,,15261,0,,1,30,,15239,0,,1,76,,15253,0,,1,32,,15254,0,,1,76,,15251,0,,1,35,,15255,0,,1,75,,15252,0,,1,75,,15257,0,,1,35,,15258,0,,1,75,,15259,0,,1,35,,15256,0,,1,75,,15260,0,,1,36,,15250,0,,1,75,,15249,0,,1,75,,15240,0,,1,35,,15247,0,,1,75,,15246,0,,1,35,,15245,0,,1,74,,15244,0,,1,77,,15243,0,,1,35,,15242,0,,1,75,,15241,0,,1,35,,15248,0,,1
6004,'251229-MULTI-Sunday-01',747,,15262,0,,1,105,,15263,0,,1,105,,15264,0,,1,145,,15265,0,,1,105,,15266,0,,1,105,,15267,0,,1,105,,15269,0,,1,105,,15270,0,,1,105,,15271,0,,1,105,,15268,0,,1,105,,15272,0,,1,105,,15273,0,,1
6004,'260105-MULTI-Holiday1-01',747,,15274,0,,1,105,,15275,0,,1,105,,15276,0,,1,145,,15277,0,,1,105,,15278,0,,1,105,,15279,0,,1,105,,15281,0,,1,105,,15282,0,,1,105,,15283,0,,1,105,,15280,0,,1,105,,15284,0,,1,105,,15285,0,,1
6004,'260105-MULTI-Saturday-01',701,,15308,0,,1,30,,15286,0,,1,76,,15300,0,,1,32,,15301,0,,1,76,,15298,0,,1,35,,15302,0,,1,75,,15299,0,,1,75,,15304,0,,1,35,,15305,0,,1,75,,15306,0,,1,35,,15303,0,,1,75,,15307,0,,1,36,,15297,0,,1,75,,15296,0,,1,75,,15287,0,,1,35,,15294,0,,1,75,,15293,0,,1,35,,15292,0,,1,74,,15291,0,,1,77,,15290,0,,1,35,,15289,0,,1,75,,15288,0,,1,35,,15295,0,,1
6004,'260105-MULTI-Sunday-01',747,,15309,0,,1,105,,15310,0,,1,105,,15311,0,,1,145,,15312,0,,1,105,,15313,0,,1,105,,15314,0,,1,105,,15316,0,,1,105,,15317,0,,1,105,,15318,0,,1,105,,15315,0,,1,105,,15319,0,,1,105,,15320,0,,1
6004,'260105-MULTI-Weekday-01',537,,15321,0,,1,64,,15322,0,,1,26,,15326,0,,1,28,,15327,0,,1,66,,15328,0,,1,26,,15329,0,,1,66,,15330,0,,1,26,,15331,0,,1,66,,15332,0,,1,26,,15333,0,,1,26,,15334,0,,1,66,,15335,0,,1,26,,15336,0,,1,66,,15337,0,,1,29,,15338,0,,1,69,,15339,0,,1,26,,15340,0,,1,66,,15342,0,,1,26,,15341,0,,1,27,,15343,0,,1,74,,15344,0,,1,24,,15345,0,,1,61,,15346,0,,1,27,,15347,0,,1,64,,15348,0,,1,25,,15349,0,,1,26,,15325,0,,1,63,,15323,0,,1,26,,15324,0,,1,68,,15350,0,,1,28,,15351,0,,1,68,,15352,0,,1,35,,15353,0,,1,86,,15354,0,,1,80,,15356,0,,1,40,,15357,0,,1,80,,15358,0,,1,80,,15355,0,,1,40,,15359,0,,1
