502,'Holiday1',649,,15577,12,,,1,155,,15581,47,,,1,30,,15579,47,,,1,70,,15580,47,,,1,30,,15578,47,,,1,81,,15576,47,,,1,33,,15575,47,,,1,70,,15574,47,,,1,25,,15573,47,,,1,69,,15572,47,,,1,27,,15571,47,,,1,70,,15570,47,,,1,33,,15568,47,,,1,73,,15569,47,,,1,32,,15567,47,,,1,74,,15566,47,,,1,35,,15561,47,,,1,70,,15564,47,,,1,30,,15565,47,,,1,70,,15563,47,,,1,30,,15559,47,,,1,70,,15560,47,,,1,29,,15562,47,,,1,70,,15558,47,,,1,30,,15557,47,,,1,87,,15586,47,,,1,87,,15587,47,,,1,88,,15584,47,,,1,89,,15583,47,,,1,50,,15582,47,,,1,88,,15585,47,,,1
502,'Saturday',551,,15591,12,,,1,93,,15588,47,,,1,67,,15596,47,,,1,31,,15609,47,,,1,70,,15589,47,,,1,31,,15592,47,,,1,76,,15590,47,,,1,31,,15597,47,,,1,70,,15601,47,,,1,30,,15593,47,,,1,74,,15594,47,,,1,31,,15595,47,,,1,72,,15600,47,,,1,95,,15599,47,,,1,35,,15598,47,,,1,70,,15605,47,,,1,31,,15602,47,,,1,70,,15604,47,,,1,30,,15607,47,,,1,70,,15606,47,,,1,31,,15603,47,,,1,72,,15608,47,,,1,70,,15612,47,,,1,29,,15610,47,,,1,70,,15611,47,,,1,35,,15617,47,,,1,89,,15616,47,,,1,92,,15615,47,,,1,85,,15613,47,,,1,48,,15614,47,,,1,87,,15621,47,,,1,89,,15620,47,,,1,90,,15618,47,,,1,90,,15619,47,,,1
502,'Sunday',649,,15642,12,,,1,155,,15646,47,,,1,30,,15644,47,,,1,70,,15645,47,,,1,30,,15643,47,,,1,81,,15641,47,,,1,33,,15640,47,,,1,70,,15639,47,,,1,25,,15638,47,,,1,69,,15637,47,,,1,27,,15636,47,,,1,70,,15635,47,,,1,33,,15633,47,,,1,73,,15634,47,,,1,32,,15632,47,,,1,74,,15631,47,,,1,35,,15626,47,,,1,70,,15629,47,,,1,30,,15630,47,,,1,70,,15628,47,,,1,30,,15624,47,,,1,70,,15625,47,,,1,29,,15627,47,,,1,70,,15623,47,,,1,30,,15622,47,,,1,87,,15651,47,,,1,87,,15652,47,,,1,88,,15649,47,,,1,89,,15648,47,,,1,50,,15647,47,,,1,88,,15650,47,,,1
502,'Weekday',536,,15653,47,,,1,20,,15663,47,,,1,63,,15664,47,,,1,24,,15665,47,,,1,61,,15666,47,,,1,23,,15667,47,,,1,20,,15668,47,,,1,58,,15669,48,0,5,1,19,,15672,47,,,1,21,,15670,48,0,5,1,58,,15673,47,,,1,20,,15671,48,0,5,1,16,,15674,47,,,1,66,,15697,48,0,5,1,28,,15696,47,,,1,24,,15692,48,0,5,1,71,,15695,47,,,1,25,,15691,48,0,5,1,67,,15700,47,,,1,29,,15694,48,0,5,1,66,,15699,47,,,1,31,,15693,48,0,5,1,68,,15698,47,,,1,36,,15675,47,,,1,63,,15676,48,0,5,1,18,,15684,47,,,1,22,,15677,48,0,5,1,60,,15685,47,,,1,22,,15678,48,0,5,1,18,,15686,47,,,1,62,,15679,48,0,5,1,18,,15687,47,,,1,21,,15680,48,0,5,1,62,,15688,47,,,1,20,,15681,48,0,5,1,15,,15689,47,,,1,61,,15682,48,0,5,1,15,,15690,47,,,1,24,,15683,48,0,5,1,86,,15661,47,,,1,81,,15660,47,,,1,39,,15657,47,,,1,77,,15662,47,,,1,79,,15659,47,,,1,40,,15656,47,,,1,80,,15658,47,,,1,80,,15655,47,,,1,34,,15654,47,,,1
902,'Holiday1',839,,16795,57,,,1,105,,16797,57,,,1,108,,16798,57,,,1,105,,16799,57,,,1,145,,16800,57,,,1,105,,16801,57,,,1,108,,16802,57,,,1,105,,16803,57,,,1,107,,16804,57,,,1,106,,16805,57,,,1,107,,16796,57,,,1
902,'Saturday',807,,16806,57,,,1,50,,16813,57,,,1,94,,16816,57,,,1,90,,16814,57,,,1,90,,16818,57,,,1,90,,16819,57,,,1,90,,16820,57,,,1,90,,16817,57,,,1,50,,16812,57,,,1,92,,16807,57,,,1,92,,16809,57,,,1,90,,16811,57,,,1,88,,16815,57,,,1,87,,16808,57,,,1,50,,16810,57,,,1
902,'Sunday',839,,16821,57,,,1,105,,16823,57,,,1,108,,16824,57,,,1,105,,16825,57,,,1,145,,16826,57,,,1,105,,16827,57,,,1,108,,16828,57,,,1,105,,16829,57,,,1,107,,16830,57,,,1,106,,16831,57,,,1,107,,16822,57,,,1
902,'Weekday',652,,16832,57,,,1,79,,16841,57,,,1,75,,16842,57,,,1,45,,16840,57,,,1,90,,16838,57,,,1,78,,16844,57,,,1,85,,16849,57,,,1,45,,16846,57,,,1,85,,16839,57,,,1,88,,16835,57,,,1,29,,16850,57,,,1,75,,16851,57,,,1,75,,16852,57,,,1,6,,16847,57,,,1,33,,16853,57,,,1,75,,16854,57,,,1,35,,16845,57,,,1,75,,16843,57,,,1,75,,16848,57,,,1,36,,16836,57,,,1,78,,16837,57,,,1,42,,16855,57,,,1,87,,16856,57,,,1,86,,16834,57,,,1,117,,16833,57,,,1
21200,'Weekday',1432,,24475,10,,,1
21501,'Weekday',1507,,24482,43,,,1
