'251229-MULTI-Saturday-01',2801,62800,0,'A',1,2500,0,'',1,6500,0,'A',1,2500,0,'',1,6500,0,'A',1,2500,0,'',1,2500,0,'A',1,6500,0,'',1,2500,0,'A',1,6500,0,'',1,2500,0,'A',1,6500,0,'',1,2500,0,'A',1,2500,0,'',1,6500,0,'A',1,2500,0,'',1,6500,0,'A',1,2500,0,'',1,2500,0,'A',1,6500,0,'',1,2500,0,'A',1,6500,0,'',1,2500,0,'A',1,6500,0,'',1,2500,0,'A',1,2500,0,'',1,6500,0,'A',1,2500,0,'',1,6500,0,'A',1,2500,0,'',1,2500,0,'A',1,6500,0,'',1
'251229-MULTI-Sunday-01',2801,62800,0,'A',1,2500,0,'',1,6500,0,'A',1,2500,0,'',1,6500,0,'A',1,2500,0,'',1,2500,0,'A',1,6500,0,'',1,2500,0,'A',1,6500,0,'',1,2500,0,'A',1,6500,0,'',1,2500,0,'A',1,2500,0,'',1,6500,0,'A',1,2500,0,'',1,6500,0,'A',1,2500,0,'',1,2500,0,'A',1,6500,0,'',1,2500,0,'A',1,6500,0,'',1,2500,0,'A',1,6500,0,'',1,2500,0,'A',1,2500,0,'',1,6500,0,'A',1,2500,0,'',1,6500,0,'A',1,2500,0,'',1,2500,0,'A',1,6500,0,'',1
'260105-MULTI-Holiday1-01',2801,62800,0,'A',1,2500,0,'',1,6500,0,'A',1,2500,0,'',1,6500,0,'A',1,2500,0,'',1,2500,0,'A',1,6500,0,'',1,2500,0,'A',1,6500,0,'',1,2500,0,'A',1,6500,0,'',1,2500,0,'A',1,2500,0,'',1,6500,0,'A',1,2500,0,'',1,6500,0,'A',1,2500,0,'',1,2500,0,'A',1,6500,0,'',1,2500,0,'A',1,6500,0,'',1,2500,0,'A',1,6500,0,'',1,2500,0,'A',1,2500,0,'',1,6500,0,'A',1,2500,0,'',1,6500,0,'A',1,2500,0,'',1,2500,0,'A',1,6500,0,'',1
'260105-MULTI-Saturday-01',2801,62800,0,'A',1,2500,0,'',1,6500,0,'A',1,2500,0,'',1,6500,0,'A',1,2500,0,'',1,2500,0,'A',1,6500,0,'',1,2500,0,'A',1,6500,0,'',1,2500,0,'A',1,6500,0,'',1,2500,0,'A',1,2500,0,'',1,6500,0,'A',1,2500,0,'',1,6500,0,'A',1,2500,0,'',1,2500,0,'A',1,6500,0,'',1,2500,0,'A',1,6500,0,'',1,2500,0,'A',1,6500,0,'',1,2500,0,'A',1,2500,0,'',1,6500,0,'A',1,2500,0,'',1,6500,0,'A',1,2500,0,'',1,2500,0,'A',1,6500,0,'',1
'260105-MULTI-Sunday-01',2801,62800,0,'A',1,2500,0,'',1,6500,0,'A',1,2500,0,'',1,6500,0,'A',1,2500,0,'',1,2500,0,'A',1,6500,0,'',1,2500,0,'A',1,6500,0,'',1,2500,0,'A',1,6500,0,'',1,2500,0,'A',1,2500,0,'',1,6500,0,'A',1,2500,0,'',1,6500,0,'A',1,2500,0,'',1,2500,0,'A',1,6500,0,'',1,2500,0,'A',1,6500,0,'',1,2500,0,'A',1,6500,0,'',1,2500,0,'A',1,2500,0,'',1,6500,0,'A',1,2500,0,'',1,6500,0,'A',1,2500,0,'',1,2500,0,'A',1,6500,0,'',1
'260105-MULTI-Weekday-01',2801,45300,0,'',1,8000,0,'',1,8000,0,'',1,1800,0,'A',1,2000,0,'',1,6200,0,'A',1,1900,0,'',1,2000,0,'A',1,5800,0,'',1,1900,0,'A',1,2000,0,'',1,5900,0,'A',1,2100,0,'',1,2100,0,'A',1,6100,0,'',1,1800,0,'A',1,2400,0,'',1,6000,0,'A',1,2000,0,'',1,2000,0,'A',1,6000,0,'',1,2000,0,'A',1,2000,0,'',1,6000,0,'A',1,2000,0,'',1,2000,0,'A',1,6000,0,'',1,2000,0,'A',1,2100,0,'',1,5900,0,'A',1,2000,0,'',1,2100,0,'A',1,6100,0,'',1,1800,0,'A',1,2100,0,'',1,5900,0,'A',1,2000,0,'',1,2100,0,'A',1,5900,0,'',1,2300,0,'A',1,1900,0,'',1,6000,0,'A',1,2000,0,'',1
'251229-MULTI-Saturday-01',8104,62900,0,'',1,8500,0,'',1,4500,0,'',1,8700,0,'',1,8500,0,'',1,8500,0,'',1,8500,0,'',1,4500,0,'',1,8500,0,'',1,8500,0,'',1,8500,0,'',1,4500,0,'',1,8300,0,'',1,8500,0,'',1,4500,0,'',1,8500,0,'',1,8500,0,'',1,8500,0,'',1
'251229-MULTI-Sunday-01',8104,62900,0,'',1,8500,0,'',1,4500,0,'',1,8700,0,'',1,8500,0,'',1,8500,0,'',1,8500,0,'',1,4500,0,'',1,8500,0,'',1,8500,0,'',1,8500,0,'',1,4500,0,'',1,8300,0,'',1,8500,0,'',1,4500,0,'',1,8500,0,'',1,8500,0,'',1,8500,0,'',1
'260105-MULTI-Holiday1-01',8104,62900,0,'',1,8500,0,'',1,4500,0,'',1,8700,0,'',1,8500,0,'',1,8500,0,'',1,8500,0,'',1,4500,0,'',1,8500,0,'',1,8500,0,'',1,8500,0,'',1,4500,0,'',1,8300,0,'',1,8500,0,'',1,4500,0,'',1,8500,0,'',1,8500,0,'',1,8500,0,'',1
'260105-MULTI-Saturday-01',8104,62900,0,'',1,8500,0,'',1,4500,0,'',1,8700,0,'',1,8500,0,'',1,8500,0,'',1,8500,0,'',1,4500,0,'',1,8500,0,'',1,8500,0,'',1,8500,0,'',1,4500,0,'',1,8300,0,'',1,8500,0,'',1,4500,0,'',1,8500,0,'',1,8500,0,'',1,8500,0,'',1
'260105-MULTI-Sunday-01',8104,62900,0,'',1,8500,0,'',1,4500,0,'',1,8700,0,'',1,8500,0,'',1,8500,0,'',1,8500,0,'',1,4500,0,'',1,8500,0,'',1,8500,0,'',1,8500,0,'',1,4500,0,'',1,8300,0,'',1,8500,0,'',1,4500,0,'',1,8500,0,'',1,8500,0,'',1,8500,0,'',1
'260105-MULTI-Weekday-01',8104,63000,0,'',1,8500,0,'',1,8500,0,'',1,4700,0,'',1,8500,0,'',1,8500,0,'',1,8500,0,'',1,4500,0,'',1,8500,0,'',1,8500,0,'',1,8500,0,'',1,4500,0,'',1,8300,0,'',1,8500,0,'',1,8500,0,'',1,4500,0,'',1,8500,0,'',1,8500,0,'',1,8500,0,'',1,4500,0,'',1
