101,'Holiday1',621,,259,27,,,1,83,,257,27,,,1,16,,283,27,,,1,20,,284,27,,,1,60,,285,27,,,1,20,,286,27,,,1,20,,288,27,,,1,60,,289,27,,,1,20,,290,27,,,1,20,,287,27,,,1,60,,292,27,,,1,20,,293,27,,,1,20,,278,27,,,1,60,,279,27,,,1,20,,266,27,,,1,20,,272,27,,,1,60,,261,27,,,1,21,,271,27,,,1,20,,264,27,,,1,60,,270,27,,,1,21,,277,27,,,1,20,,273,27,,,1,60,,260,27,,,1,20,,276,27,,,1,20,,269,27,,,1,66,,262,27,,,1,20,,265,27,,,1,20,,281,27,,,1,60,,263,27,,,1,20,,280,27,,,1,20,,274,27,,,1,60,,282,27,,,1,21,,275,27,,,1,20,,267,27,,,1,60,,268,27,,,1,20,,291,27,,,1,20,,295,27,,,1,60,,296,27,,,1,19,,294,27,,,1,20,,297,27,,,1,60,,298,27,,,1,19,,299,27,,,1,20,,300,27,,,1,60,,301,27,,,1,20,,302,27,,,1,20,,303,27,,,1,60,,304,27,,,1,13,,305,27,,,1,20,,306,27,,,1,67,,309,27,,,1,25,,310,27,,,1,26,,307,27,,,1,59,,308,27,,,1
101,'Saturday',531,,359,3,,,1,26,,314,3,,,1,63,,315,3,,,1,18,,313,27,,,1,20,,332,27,,,1,61,,333,27,,,1,20,,334,27,,,1,20,,335,27,,,1,60,,336,27,,,1,20,,337,27,,,1,20,,338,27,,,1,64,,339,27,,,1,20,,340,27,,,1,60,,341,27,,,1,21,,342,27,,,1,19,,343,27,,,1,60,,344,27,,,1,20,,345,27,,,1,20,,346,27,,,1,61,,347,27,,,1,20,,348,27,,,1,20,,349,27,,,1,60,,350,27,,,1,22,,351,27,,,1,18,,352,27,,,1,60,,353,27,,,1,20,,354,27,,,1,19,,355,27,,,1,59,,356,27,,,1,23,,357,27,,,1,21,,358,27,,,1,59,,331,27,,,1,19,,329,27,,,1,20,,328,27,,,1,60,,325,27,,,1,21,,326,27,,,1,20,,323,27,,,1,60,,321,27,,,1,20,,324,27,,,1,20,,322,27,,,1,59,,327,27,,,1,19,,320,27,,,1,16,,330,27,,,1,70,,361,27,,,1,35,,362,27,,,1,68,,363,27,,,1,26,,364,27,,,1,70,,365,27,,,1,30,,366,27,,,1,72,,367,27,,,1,30,,368,27,,,1,91,,318,27,,,1,69,,316,27,,,1
101,'Sunday',621,,373,27,,,1,83,,371,27,,,1,16,,397,27,,,1,20,,398,27,,,1,60,,399,27,,,1,20,,400,27,,,1,20,,401,27,,,1,60,,402,27,,,1,20,,403,27,,,1,20,,404,27,,,1,60,,406,27,,,1,20,,407,27,,,1,20,,392,27,,,1,60,,393,27,,,1,20,,380,27,,,1,20,,386,27,,,1,60,,375,27,,,1,21,,385,27,,,1,20,,378,27,,,1,60,,384,27,,,1,21,,391,27,,,1,20,,387,27,,,1,60,,374,27,,,1,20,,390,27,,,1,20,,383,27,,,1,66,,376,27,,,1,20,,379,27,,,1,20,,395,27,,,1,60,,377,27,,,1,20,,394,27,,,1,20,,388,27,,,1,60,,396,27,,,1,21,,389,27,,,1,20,,381,27,,,1,60,,382,27,,,1,20,,405,27,,,1,20,,409,27,,,1,60,,410,27,,,1,19,,408,27,,,1,20,,411,27,,,1,60,,412,27,,,1,19,,413,27,,,1,20,,414,27,,,1,60,,415,27,,,1,20,,416,27,,,1,20,,417,27,,,1,60,,418,27,,,1,13,,419,27,,,1,20,,420,27,,,1,67,,423,27,,,1,25,,424,27,,,1,26,,421,27,,,1,59,,422,27,,,1
101,'Weekday',422,,428,3,,,1,25,,429,27,,,1,59,,430,27,,,1,22,,427,27,,,1,21,,433,27,,,1,60,,434,27,,,1,21,,432,27,,,1,19,,431,27,,,1,58,,443,27,,,1,14,,440,17,0,5,1,9,,437,27,,,1,13,,447,17,0,5,1,10,,439,27,,,1,50,,438,17,0,5,1,15,,442,27,0,7,1,14,,441,17,0,5,1,12,,445,27,,,1,11,,435,17,0,5,1,53,,446,27,,,1,8,,444,17,0,5 7,1,15,,436,27,,,1,14,,459,17,0,5,1,56,,448,27,,,1,10,,460,17,0,5 7,1,12,,449,27,,,1,13,,461,17,0,5,1,12,,450,27,,,1,68,,462,17,0,5,1,20,,451,27,,,1,18,,463,17,0,5,1,47,,452,27,,,1,25,,464,17,0,5,1,17,,454,27,,,1,16,,465,17,0,5,1,52,,455,27,,,1,24,,466,17,0,5,1,10,,456,27,0,7,1,61,,467,17,0,5,1,7,,453,27,,,1,24,,468,17,0,5,1,18,,457,27,,,1,63,,469,17,0,5,1,7,,458,27,,,1,16,,490,17,0,5,1,8,,475,27,,,1,7,,491,17,0,5,1,56,,476,27,,,1,14,,492,17,0,5,1,12,,473,27,,,1,21,,477,27,,,1,54,,493,17,0,5,1,9,,478,27,,,1,9,,479,27,,,1,9,,494,17,0,5,1,12,,480,27,,,1,49,,471,17,0,5,1,15,,470,17,0,5,1,14,,481,27,,,1,13,,474,17,0,5,1,14,,482,27,,,1,52,,483,27,,,1,9,,472,17,0,5,1,8,,484,27,,,1,24,,485,27,,,1,65,,486,27,,,1,20,,487,27,,,1,22,,488,27,,,1,57,,489,27,,,1,20,,497,27,,,1,24,,496,27,,,1,62,,495,27,,,1,39,,498,27,,,1,70,,499,27,,,1,77,,500,27,,,1,28,,501,27,,,1,75,,502,27,,,1,32,,503,27,,,1,72,,504,27,,,1
1001,'Weekday',526,,3488,2,,,1,30,,3484,2,,,1,61,,3496,2,,,1,33,,3486,2,,,1,62,,3482,2,,,1,15,,3492,2,,,1,32,,3485,2,,,1,68,,3498,2,,,1,24,,3487,2,,,1,64,,3483,2,,,1,20,,3491,2,,,1,86,,3495,2,,,1,95,,3489,2,,,1,94,,3493,2,,,1,95,,3490,2,,,1,46,,3494,2,,,1,70,,3499,2,,,1,25,,3497,2,,,1,56,,3501,2,,,1,25,,3500,2,,,1,26,,3502,2,,,1,69,,3503,2,,,1,30,,3504,2,,,1,56,,3505,2,,,1,31,,3506,2,,,1,20,,3507,2,,,1,72,,3508,2,,,1,25,,3509,2,,,1
1301,'Saturday',801,,4238,3,,,1,100,,4240,3,,,1,100,,4239,3,,,1,100,,4241,3,,,1,100,,4242,3,,,1,100,,4243,3,,,1,100,,4244,3,,,1,100,,4245,3,,,1,100,,4246,3,,,1,100,,4247,3,,,1,100,,4248,3,,,1,100,,4249,3,,,1
1301,'Weekday',512,,4250,3,,,1,42,,4251,3,,,1,84,,4252,3,,,1,86,,4253,3,,,1,86,,4254,3,,,1,45,,4255,3,,,1,85,,4256,3,,,1,85,,4257,3,,,1,85,,4258,3,,,1,45,,4259,3,,,1,84,,4260,3,,,1,83,,4261,3,,,1,84,,4263,3,,,1,49,,4264,3,,,1,87,,4265,3,,,1,83,,4262,3,,,1,88,,4266,3,,,1,46,,4267,3,,,1,82,,4268,3,,,1,82,,4269,3,,,1
1601,'Holiday1',817,,5370,2,,,1,40,,5374,2,,,1,80,,5366,2,,,1,80,,5368,2,,,1,40,,5373,2,,,1,80,,5367,2,,,1,80,,5369,2,,,1,40,,5371,2,,,1,80,,5372,2,,,1,80,,5376,2,,,1,42,,5375,2,,,1,78,,5378,2,,,1,80,,5377,2,,,1,40,,5379,2,,,1,80,,5381,2,,,1,80,,5380,2,,,1,40,,5382,2,,,1,80,,5384,2,,,1,80,,5383,2,,,1,40,,5385,2,,,1,80,,5386,2,,,1,80,,5387,2,,,1,40,,5388,2,,,1
1601,'Saturday',602,,5389,2,,,1,40,,5390,2,,,1,80,,5391,2,,,1,80,,5392,2,,,1,40,,5393,2,,,1,80,,5394,2,,,1,80,,5395,2,,,1,40,,5396,2,,,1,80,,5397,2,,,1,80,,5398,2,,,1,40,,5400,2,,,1,80,,5399,2,,,1,80,,5402,2,,,1,40,,5401,2,,,1,80,,5403,2,,,1,80,,5404,2,,,1,40,,5406,2,,,1,80,,5405,2,,,1,80,,5407,2,,,1,40,,5408,2,,,1,80,,5409,2,,,1,80,,5411,2,,,1,40,,5413,2,,,1,80,,5410,2,,,1,80,,5412,2,,,1,40,,5414,2,,,1,80,,5415,2,,,1,80,,5416,2,,,1
1601,'Sunday',817,,5421,2,,,1,40,,5425,2,,,1,80,,5417,2,,,1,80,,5419,2,,,1,40,,5424,2,,,1,80,,5418,2,,,1,80,,5420,2,,,1,40,,5422,2,,,1,80,,5423,2,,,1,80,,5427,2,,,1,42,,5426,2,,,1,78,,5429,2,,,1,80,,5428,2,,,1,40,,5430,2,,,1,80,,5432,2,,,1,80,,5431,2,,,1,40,,5433,2,,,1,80,,5435,2,,,1,80,,5434,2,,,1,40,,5436,2,,,1,80,,5437,2,,,1,80,,5438,2,,,1,40,,5439,2,,,1
1601,'Weekday',527,,5440,2,,,1,78,,5441,2,,,1,29,,5442,2,,,1,23,,5443,2,,,1,88,,5444,2,,,1,75,,5445,2,,,1,36,,5446,2,,,1,71,,5447,2,,,1,73,,5448,2,,,1,47,,5465,2,,,1,84,,5466,2,,,1,87,,5467,2,,,1,86,,5468,2,,,1,48,,5469,2,,,1,86,,5470,2,,,1,63,,5449,2,,,1,27,,5450,2,,,1,72,,5451,2,,,1,30,,5452,2,,,1,70,,5453,2,,,1,30,,5454,2,,,1,70,,5455,2,,,1,30,,5456,2,,,1,70,,5457,2,,,1,28,,5458,2,,,1,89,,5459,2,,,1,83,,5460,2,,,1,47,,5461,2,,,1,85,,5462,2,,,1,85,,5463,2,,,1,85,,5464,2,,,1
1800,'Holiday1',411,,5638,28,0,5,1,240,,5606,3,,,1,79,,5604,3,,,1,83,,5605,28,,,1,33,,5608,28,,,1,10,,5637,3,,,1,63,,5617,28,,,1,33,,5610,28,,,1,73,,5612,28,,,1,25,,5636,28,,,1,61,,5628,28,,,1,22,,5609,28,,,1,73,,5629,28,,,1,14,,5639,28,0,5,1,20,,5634,28,,,1,10,,5640,28,0,5,1,63,,5625,28,,,1,34,,5623,28,,,1,73,,5621,28,,,1,33,,5611,28,,,1,73,,5613,28,,,1,33,,5615,28,,,1,73,,5635,28,,,1,73,,5631,28,,,1,33,,5626,28,,,1,73,,5624,28,,,1,33,,5619,28,,,1,73,,5620,28,,,1,33,,5616,28,,,1,70,,5607,28,,,1,33,,5614,28,,,1,72,,5632,28,,,1,33,,5630,28,,,1,72,,5633,28,,,1,73,,5627,28,,,1,31,,5622,28,,,1,73,,5618,28,,,1
1800,'Saturday',408,,5692,28,0,5,1,128,,5657,3,,,1,20,,5697,3,,,1,60,,5698,3,,,1,24,,5668,28,,,1,60,,5648,28,,,1,20,,5695,28,,,1,20,,5645,28,,,1,60,,5696,28,,,1,24,,5672,28,,,1,26,,5671,28,,,1,62,,5656,28,,,1,20,,5647,28,,,1,20,,5649,28,,,1,60,,5658,28,,,1,20,,5641,28,,,1,20,,5670,28,,,1,60,,5652,28,,,1,21,,5643,28,,,1,20,,5644,28,,,1,62,,5650,28,,,1,3,,5699,28,0,5,1,17,,5659,28,,,1,12,,5700,28,0,5,1,8,,5642,28,,,1,55,,5661,28,,,1,25,,5653,28,,,1,20,,5646,28,,,1,60,,5655,28,,,1,20,,5654,28,,,1,20,,5667,28,,,1,60,,5651,28,,,1,20,,5666,28,,,1,20,,5663,28,,,1,60,,5669,28,,,1,20,,5662,28,,,1,20,,5660,28,,,1,60,,5664,28,,,1,20,,5665,28,,,1,20,,5678,28,,,1,61,,5673,28,,,1,21,,5674,28,,,1,20,,5676,28,,,1,58,,5675,28,,,1,20,,5679,28,,,1,20,,5677,28,,,1,60,,5681,28,,,1,19,,5684,28,,,1,20,,5682,28,,,1,60,,5693,28,,,1,16,,5680,28,,,1,24,,5685,28,,,1,64,,5683,28,,,1,17,,5694,28,,,1,16,,5687,28,,,1,73,,5686,28,,,1,30,,5690,28,,,1,70,,5688,28,,,1,30,,5689,28,,,1,74,,5691,28,,,1
1800,'Sunday',411,,5735,28,0,5,1,240,,5703,3,,,1,79,,5701,3,,,1,83,,5702,28,,,1,33,,5705,28,,,1,10,,5734,3,,,1,63,,5714,28,,,1,33,,5707,28,,,1,73,,5709,28,,,1,25,,5733,28,,,1,61,,5725,28,,,1,22,,5706,28,,,1,73,,5726,28,,,1,14,,5736,28,0,5,1,20,,5731,28,,,1,10,,5737,28,0,5,1,63,,5722,28,,,1,34,,5720,28,,,1,73,,5718,28,,,1,33,,5708,28,,,1,73,,5710,28,,,1,33,,5712,28,,,1,73,,5732,28,,,1,73,,5728,28,,,1,33,,5723,28,,,1,73,,5721,28,,,1,33,,5716,28,,,1,73,,5717,28,,,1,33,,5713,28,,,1,70,,5704,28,,,1,33,,5711,28,,,1,72,,5729,28,,,1,33,,5727,28,,,1,72,,5730,28,,,1,73,,5724,28,,,1,31,,5719,28,,,1,73,,5715,28,,,1
1800,'Weekday',405,,5744,28,0,5,1,111,,5743,28,,,1,10,,5794,28,,,1,10,,5786,28,,,1,10,,5785,28,,,1,10,,5784,28,,,1,51,,5783,28,,,1,12,,5793,28,,,1,10,,5797,28,,,1,10,,5796,28,,,1,10,,5806,28,,,1,10,,5803,28,,,1,50,,5804,28,,,1,10,,5801,28,,,1,10,,5788,28,,,1,10,,5798,28,,,1,10,,5800,28,,,1,10,,5795,28,,,1,50,,5790,28,,,1,11,,5791,28,,,1,7,,5789,28,,,1,5,,5844,28,0,5,1,9,,5792,28,,,1,10,,5805,28,,,1,50,,5802,28,,,1,10,,5799,28,,,1,9,,5787,28,,,1,12,,5746,28,,,1,12,,5748,28,,,1,57,,5749,28,,,1,18,,5750,28,,,1,17,,5751,28,,,1,17,,5752,28,,,1,57,,5753,28,,,1,17,,5754,28,,,1,17,,5775,28,0,5,1,4,,5755,28,,,1,53,,5757,28,,,1,19,,5756,28,,,1,16,,5758,28,,,1,17,,5759,28,,,1,57,,5760,28,,,1,18,,5761,28,,,1,17,,5762,28,,,1,58,,5763,28,,,1,17,,5764,28,,,1,14,,5809,28,,,1,12,,5810,28,,,1,12,,5811,28,,,1,53,,5812,28,,,1,14,,5813,28,,,1,12,,5814,28,,,1,12,,5815,28,,,1,52,,5816,28,,,1,8,,5845,28,0,5,1,8,,5817,28,,,1,9,,5818,28,,,1,14,,5819,28,,,1,12,,5820,28,,,1,7,,5846,28,0,5,1,48,,5821,28,,,1,9,,5822,28,,,1,13,,5823,28,,,1,11,,5824,28,,,1,12,,5825,28,,,1,52,,5826,28,,,1,11,,5827,28,,,1,11,,5828,28,,,1,12,,5829,28,,,1,12,,5830,28,,,1,51,,5831,28,,,1,11,,5832,28,,,1,10,,5833,28,,,1,12,,5834,28,,,1,12,,5835,28,,,1,12,,5836,28,,,1,52,,5837,28,,,1,12,,5838,28,,,1,12,,5839,28,,,1,12,,5840,28,,,1,12,,5841,28,,,1,51,,5842,28,,,1,10,,5843,28,,,1,10,,5765,28,,,1,18,,5768,28,,,1,60,,5773,28,,,1,20,,5767,28,,,1,20,,5778,28,,,1,10,,5782,28,,,1,50,,5777,28,,,1,20,,5747,28,,,1,20,,5774,28,,,1,60,,5770,28,,,1,20,,5769,28,,,1,20,,5776,28,,,1,60,,5772,28,,,1,20,,5781,28,,,1,22,,5779,28,,,1,58,,5766,28,,,1,20,,5780,28,,,1,20,,5771,28,,,1
1801,'Holiday1',713,,5848,37,,,1,34,,5850,37,,,1,72,,5853,37,,,1,33,,5854,37,,,1,74,,5852,37,,,1,7,,5880,37,0,5,1,19,,5879,37,,,1,58,,5855,37,,,1,18,,5851,37,,,1,74,,5857,37,,,1,33,,5858,37,,,1,13,,5882,37,,,1,62,,5859,37,,,1,32,,5856,37,,,1,73,,5860,37,,,1,33,,5861,37,,,1,73,,5863,37,,,1,33,,5865,37,,,1,73,,5866,37,,,1,73,,5867,37,,,1,33,,5864,37,,,1,73,,5868,37,,,1,33,,5862,37,,,1,73,,5871,37,,,1,33,,5872,37,,,1,72,,5873,37,,,1,1,,5883,37,0,5,1,32,,5869,37,,,1,53,,5881,37,0,5,1,19,,5870,37,,,1,35,,5874,37,,,1,72,,5875,37,,,1,73,,5876,37,,,1,33,,5877,37,,,1,73,,5878,37,,,1
1801,'Saturday',538,,5904,3,,,1,20,,5889,3,,,1,60,,5943,3,,,1,18,,5890,37,,,1,20,,5944,37,,,1,60,,5942,37,,,1,25,,5940,37,,,1,60,,5941,37,,,1,21,,5939,37,,,1,21,,5899,37,,,1,67,,5912,37,,,1,21,,5937,37,,,1,1,,5938,37,,,1,18,,5911,37,,,1,60,,5895,37,,,1,17,,5887,37,,,1,20,,5885,37,,,1,60,,5894,37,,,1,21,,5900,37,,,1,20,,5884,37,,,1,60,,5901,37,,,1,21,,5891,37,,,1,20,,5886,37,,,1,62,,5888,37,,,1,20,,5896,37,,,1,20,,5903,37,,,1,60,,5898,37,,,1,20,,5902,37,,,1,20,,5897,37,,,1,60,,5893,37,,,1,20,,5892,37,,,1,20,,5908,37,,,1,60,,5905,37,,,1,20,,5906,37,,,1,20,,5907,37,,,1,60,,5909,37,,,1,20,,5910,37,,,1,20,,5915,37,,,1,60,,5913,37,,,1,20,,5916,37,,,1,20,,5914,37,,,1,59,,5917,37,,,1,6,,5945,37,,,1,11,,5918,37,,,1,19,,5919,37,,,1,55,,5936,37,,,1,5,,5920,37,,,1,20,,5921,37,,,1,20,,5927,37,,,1,60,,5922,37,,,1,26,,5923,37,,,1,26,,5925,37,,,1,70,,5924,37,,,1,27,,5929,37,,,1,70,,5930,37,,,1,30,,5931,37,,,1,68,,5928,37,,,1
1801,'Sunday',713,,5947,37,,,1,34,,5949,37,,,1,72,,5951,37,,,1,33,,5953,37,,,1,74,,5950,37,,,1,7,,5979,37,0,5,1,19,,5978,37,,,1,58,,5954,37,,,1,18,,5952,37,,,1,74,,5956,37,,,1,33,,5957,37,,,1,13,,5981,37,,,1,62,,5958,37,,,1,32,,5955,37,,,1,73,,5959,37,,,1,33,,5960,37,,,1,73,,5962,37,,,1,33,,5964,37,,,1,73,,5965,37,,,1,73,,5966,37,,,1,33,,5963,37,,,1,73,,5967,37,,,1,33,,5961,37,,,1,73,,5970,37,,,1,33,,5971,37,,,1,72,,5972,37,,,1,1,,5982,37,0,5,1,32,,5968,37,,,1,53,,5980,37,0,5,1,19,,5969,37,,,1,35,,5973,37,,,1,72,,5974,37,,,1,73,,5975,37,,,1,33,,5976,37,,,1,73,,5977,37,,,1
1801,'Weekday',416,,5983,3,,,1,10,,5984,3,,,1,9,,5985,3,,,1,11,,5986,37,,,1,7,,5987,37,,,1,47,,5989,37,,,1,7,,5988,37,,,1,4,,6090,37,,,1,6,,6045,37,,,1,10,,6046,37,,,1,10,,6047,37,,,1,10,,6048,37,,,1,10,,6049,37,,,1,50,,6050,37,,,1,10,,6051,37,,,1,10,,6052,37,,,1,10,,6053,37,,,1,10,,6054,37,,,1,10,,6055,37,,,1,50,,6056,37,,,1,9,,6031,37,,,1,11,,6030,37,,,1,10,,6042,37,,,1,10,,6041,37,,,1,10,,6044,37,,,1,50,,6043,37,,,1,12,,6039,37,,,1,11,,6037,37,,,1,11,,6038,37,,,1,10,,6035,37,,,1,50,,6034,37,,,1,10,,6033,37,,,1,9,,6032,37,,,1,10,,6040,37,,,1,11,,6036,37,,,1,12,,5991,37,,,1,55,,6020,37,0,5,1,8,,5992,37,,,1,11,,5993,37,,,1,17,,5994,37,,,1,57,,5995,37,,,1,18,,5996,37,,,1,17,,5997,37,,,1,17,,5998,37,,,1,57,,5999,37,,,1,17,,6000,37,,,1,17,,6001,37,,,1,57,,6002,37,,,1,17,,6003,37,,,1,17,,6004,37,,,1,17,,6005,37,,,1,57,,6006,37,,,1,17,,6007,37,,,1,14,,6057,37,,,1,12,,6058,37,,,1,52,,6059,37,,,1,13,,6060,37,,,1,12,,6061,37,,,1,10,,6062,37,,,1,12,,6063,37,,,1,52,,6064,37,,,1,12,,6065,37,,,1,12,,6066,37,,,1,12,,6067,37,,,1,12,,6068,37,,,1,52,,6069,37,,,1,12,,6070,37,,,1,11,,6071,37,,,1,12,,6072,37,,,1,12,,6073,37,,,1,52,,6074,37,,,1,11,,6075,37,,,1,5,,6091,37,,,1,7,,6076,37,,,1,12,,6077,37,,,1,12,,6078,37,,,1,52,,6079,37,,,1,12,,6080,37,,,1,12,,6081,37,,,1,12,,6082,37,,,1,12,,6083,37,,,1,52,,6084,37,,,1,12,,6085,37,,,1,12,,6086,37,,,1,12,,6087,37,,,1,12,,6088,37,,,1,52,,6029,37,,,1,13,,6009,37,,,1,9,,6010,37,,,1,17,,6008,37,,,1,14,,6016,37,,,1,58,,6023,37,,,1,20,,6017,37,,,1,20,,6018,37,,,1,51,,6025,37,,,1,9,,6024,37,,,1,19,,6027,37,,,1,20,,6021,37,,,1,60,,6013,37,,,1,6,,6014,37,,,1,14,,6026,37,,,1,16,,6028,37,,,1,11,,6012,37,,,1,53,,6022,37,,,1,20,,6015,37,,,1,20,,6011,37,,,1,60,,5990,37,,,1,20,,6019,37,,,1
20800,'Weekday',718,,11235,2,,,1
