'251229-MULTI-Saturday-01',3504,92300,0,'',1,8500,0,'',1,4500,0,'',1,8500,0,'',1,8500,0,'',1,8500,0,'',1,4500,0,'',1,8600,0,'',1,8500,0,'',1,8500,0,'',1,4500,0,'',1,8500,0,'',1,8400,0,'',1,8500,0,'',1,4500,0,'',1,8500,0,'',1
'251229-MULTI-Sunday-01',3504,90700,0,'',1,4500,0,'',1,8500,0,'',1,8500,0,'',1,8500,0,'',1,4500,0,'',1,8500,0,'',1,8500,0,'',1,8500,0,'',1,4500,0,'',1,8500,0,'',1,8500,0,'',1,8500,0,'',1,4500,0,'',1,8500,0,'',1,8500,0,'',1
'260105-MULTI-Holiday1-01',3504,90700,0,'',1,4500,0,'',1,8500,0,'',1,8500,0,'',1,8500,0,'',1,4500,0,'',1,8500,0,'',1,8500,0,'',1,8500,0,'',1,4500,0,'',1,8500,0,'',1,8500,0,'',1,8500,0,'',1,4500,0,'',1,8500,0,'',1,8500,0,'',1
'260105-MULTI-Saturday-01',3504,92300,0,'',1,8500,0,'',1,4500,0,'',1,8500,0,'',1,8500,0,'',1,8500,0,'',1,4500,0,'',1,8600,0,'',1,8500,0,'',1,8500,0,'',1,4500,0,'',1,8500,0,'',1,8400,0,'',1,8500,0,'',1,4500,0,'',1,8500,0,'',1
'260105-MULTI-Sunday-01',3504,90700,0,'',1,4500,0,'',1,8500,0,'',1,8500,0,'',1,8500,0,'',1,4500,0,'',1,8500,0,'',1,8500,0,'',1,8500,0,'',1,4500,0,'',1,8500,0,'',1,8500,0,'',1,8500,0,'',1,4500,0,'',1,8500,0,'',1,8500,0,'',1
'260105-MULTI-Weekday-01',3504,53300,0,'',1,7700,0,'',1,3600,0,'',1,7600,0,'',1,3500,0,'',1,7500,0,'',1,7500,0,'',1,3500,0,'',1,7500,0,'',1,3500,0,'',1,7600,0,'',1,7500,0,'',1,3900,0,'',1,7100,0,'',1,3500,0,'',1,7500,0,'',1,3500,0,'',1,8100,0,'',1,7600,0,'',1,3600,0,'',1,7500,0,'',1,7500,0,'',1,3500,0,'',1,7500,0,'',1,3600,0,'',1,7300,0,'',1,3400,0,'',1,7500,0,'',1,7500,0,'',1,3500,0,'',1,7500,0,'',1,3400,0,'',1
'251229-MULTI-Saturday-01',5004,44900,0,'',1,8000,0,'',1,8000,0,'',1,4000,0,'',1,8000,0,'',1,8100,0,'',1,4000,0,'',1,8500,0,'',1,6800,0,'',1,2700,0,'',1,7000,0,'',1,3000,0,'',1,2900,0,'',1,7000,0,'',1,3000,0,'',1,7000,0,'',1,2700,0,'',1,7300,0,'',1,3000,0,'',1,7000,0,'',1,3000,0,'',1,7000,0,'',1,7500,0,'',1,2500,0,'',1,2800,0,'',1,7400,0,'',1,2800,0,'',1,6800,0,'',1,8900,0,'',1,3300,0,'',1,8100,0,'',1,8200,0,'',1,3500,0,'',1,8200,0,'',1
'251229-MULTI-Sunday-01',5004,65900,0,'',1,7000,0,'',1,3000,0,'',1,7000,0,'',1,3000,0,'',1,7100,0,'',1,7000,0,'',1,3000,0,'',1,2900,0,'',1,7700,0,'',1,1900,0,'',1,7400,0,'',1,7700,0,'',1,2300,0,'',1,3000,0,'',1,7400,0,'',1,2600,0,'',1,7000,0,'',1,7500,0,'',1,2500,0,'',1,7100,0,'',1,3000,0,'',1,2900,0,'',1,7000,0,'',1,8700,0,'',1,3800,0,'',1,8000,0,'',1,8200,0,'',1,3800,0,'',1,8000,0,'',1
'260105-MULTI-Holiday1-01',5004,65900,0,'',1,7000,0,'',1,3000,0,'',1,7000,0,'',1,3000,0,'',1,7100,0,'',1,7000,0,'',1,3000,0,'',1,2900,0,'',1,7700,0,'',1,1900,0,'',1,7400,0,'',1,7700,0,'',1,2300,0,'',1,3000,0,'',1,7400,0,'',1,2600,0,'',1,7000,0,'',1,7500,0,'',1,2500,0,'',1,7100,0,'',1,3000,0,'',1,2900,0,'',1,7000,0,'',1,8700,0,'',1,3800,0,'',1,8000,0,'',1,8200,0,'',1,3800,0,'',1,8000,0,'',1
'260105-MULTI-Saturday-01',5004,44900,0,'',1,8000,0,'',1,8000,0,'',1,4000,0,'',1,8000,0,'',1,8100,0,'',1,4000,0,'',1,8500,0,'',1,6800,0,'',1,2700,0,'',1,7000,0,'',1,3000,0,'',1,2900,0,'',1,7000,0,'',1,3000,0,'',1,7000,0,'',1,2700,0,'',1,7300,0,'',1,3000,0,'',1,7000,0,'',1,3000,0,'',1,7000,0,'',1,7500,0,'',1,2500,0,'',1,2800,0,'',1,7400,0,'',1,2800,0,'',1,6800,0,'',1,8900,0,'',1,3300,0,'',1,8100,0,'',1,8200,0,'',1,3500,0,'',1,8200,0,'',1
'260105-MULTI-Sunday-01',5004,65900,0,'',1,7000,0,'',1,3000,0,'',1,7000,0,'',1,3000,0,'',1,7100,0,'',1,7000,0,'',1,3000,0,'',1,2900,0,'',1,7700,0,'',1,1900,0,'',1,7400,0,'',1,7700,0,'',1,2300,0,'',1,3000,0,'',1,7400,0,'',1,2600,0,'',1,7000,0,'',1,7500,0,'',1,2500,0,'',1,7100,0,'',1,3000,0,'',1,2900,0,'',1,7000,0,'',1,8700,0,'',1,3800,0,'',1,8000,0,'',1,8200,0,'',1,3800,0,'',1,8000,0,'',1
'260105-MULTI-Weekday-01',5004,45000,0,'',1,5500,0,'',1,1500,0,'',1,1500,0,'',1,1500,0,'',1,5600,0,'',1,1500,0,'',1,1500,0,'',1,1500,0,'',1,5500,0,'',1,1500,0,'',1,1500,0,'',1,1500,0,'',1,5600,0,'',1,1500,0,'',1,1500,0,'',1,1500,0,'',1,5400,0,'',1,1500,0,'',1,1600,0,'',1,1400,0,'',1,5500,0,'',1,1400,0,'',1,1500,0,'',1,1500,0,'',1,5600,0,'',1,2000,0,'',1,2000,0,'',1,5900,0,'',1,2000,0,'',1,2000,0,'',1,6000,0,'',1,2000,0,'',1,2000,0,'',1,6100,0,'',1,1500,0,'',1,1500,0,'',1,1500,0,'',1,5500,0,'',1,1500,0,'',1,1500,0,'',1,1500,0,'',1,5500,0,'',1,1500,0,'',1,1500,0,'',1,1500,0,'',1,5500,0,'',1,1500,0,'',1,1500,0,'',1,1500,0,'',1,5400,0,'',1,1500,0,'',1,1500,0,'',1,1500,0,'',1,5600,0,'',1,1500,0,'',1,1500,0,'',1,1500,0,'',1,5400,0,'',1,3000,0,'',1,7000,0,'',1,3000,0,'',1,7000,0,'',1,3000,0,'',1,7000,0,'',1,3000,0,'',1,7000,0,'',1,3000,0,'',1
'260105-MULTI-Weekday-01',21401,150600,0,'',1
