11503,'251229-MULTI-Saturday-01',559,,15694,0,,1,75,,15711,0,,1,75,,15699,0,,1,34,,15697,0,,1,76,,15693,0,,1,35,,15696,0,,1,74,,15703,0,,1,75,,15719,0,,1,35,,15714,0,,1,75,,15708,0,,1,35,,15692,0,,1,75,,15700,0,,1,35,,15715,0,,1,77,,15716,0,,1,72,,15698,0,,1,38,,15704,0,,1,75,,15701,0,,1,38,,15720,0,,1,75,,15709,0,,1,78,,15705,0,,1,35,,15702,0,,1,78,,15707,0,,1,35,,15689,0,,1,77,,15712,0,,1,74,,15718,0,,1,36,,15695,0,,1,70,,15691,0,,1,36,,15713,0,,1,70,,15690,0,,1,35,,15710,0,,1,68,,15706,0,,1,75,,15717,0,,1
11503,'251229-MULTI-Sunday-01',700,,15726,0,,1,35,,15723,0,,1,75,,15729,0,,1,35,,15721,0,,1,75,,15730,0,,1,35,,15724,0,,1,75,,15728,0,,1,75,,15725,0,,1,35,,15731,0,,1,75,,15722,0,,1,35,,15733,0,,1,75,,15727,0,,1,75,,15732,0,,1,35,,15734,0,,1,75,,15735,0,,1,35,,15738,0,,1,75,,15736,0,,1,35,,15737,0,,1,75,,15739,0,,1,75,,15740,0,,1,35,,15741,0,,1,75,,15742,0,,1,35,,15743,0,,1,75,,15744,0,,1,75,,15745,0,,1,35,,15747,0,,1,75,,15746,0,,1,35,,15748,0,,1,75,,15749,0,,1,35,,15750,0,,1
11503,'260105-MULTI-Holiday1-01',700,,15756,0,,1,35,,15753,0,,1,75,,15759,0,,1,35,,15751,0,,1,75,,15760,0,,1,35,,15754,0,,1,75,,15758,0,,1,75,,15755,0,,1,35,,15761,0,,1,75,,15752,0,,1,35,,15763,0,,1,75,,15757,0,,1,75,,15762,0,,1,35,,15764,0,,1,75,,15765,0,,1,35,,15768,0,,1,75,,15766,0,,1,35,,15767,0,,1,75,,15769,0,,1,75,,15770,0,,1,35,,15771,0,,1,75,,15772,0,,1,35,,15773,0,,1,75,,15774,0,,1,75,,15775,0,,1,35,,15777,0,,1,75,,15776,0,,1,35,,15778,0,,1,75,,15779,0,,1,35,,15780,0,,1
11503,'260105-MULTI-Saturday-01',559,,15786,0,,1,75,,15803,0,,1,75,,15791,0,,1,34,,15789,0,,1,76,,15785,0,,1,35,,15788,0,,1,74,,15795,0,,1,75,,15811,0,,1,35,,15806,0,,1,75,,15800,0,,1,35,,15784,0,,1,75,,15792,0,,1,35,,15807,0,,1,77,,15808,0,,1,72,,15790,0,,1,38,,15796,0,,1,75,,15793,0,,1,38,,15812,0,,1,75,,15801,0,,1,78,,15797,0,,1,35,,15794,0,,1,78,,15799,0,,1,35,,15781,0,,1,77,,15804,0,,1,74,,15810,0,,1,36,,15787,0,,1,70,,15783,0,,1,36,,15805,0,,1,70,,15782,0,,1,35,,15802,0,,1,68,,15798,0,,1,75,,15809,0,,1
11503,'260105-MULTI-Sunday-01',700,,15818,0,,1,35,,15815,0,,1,75,,15821,0,,1,35,,15813,0,,1,75,,15822,0,,1,35,,15816,0,,1,75,,15820,0,,1,75,,15817,0,,1,35,,15823,0,,1,75,,15814,0,,1,35,,15825,0,,1,75,,15819,0,,1,75,,15824,0,,1,35,,15826,0,,1,75,,15827,0,,1,35,,15830,0,,1,75,,15828,0,,1,35,,15829,0,,1,75,,15831,0,,1,75,,15832,0,,1,35,,15833,0,,1,75,,15834,0,,1,35,,15835,0,,1,75,,15836,0,,1,75,,15837,0,,1,35,,15839,0,,1,75,,15838,0,,1,35,,15840,0,,1,75,,15841,0,,1,35,,15842,0,,1
11503,'260105-MULTI-Weekday-01',530,,15846,0,,1,22,,15844,0,,1,70,,15843,0,,1,26,,15847,0,,1,61,,15845,0,,1,31,,15848,0,,1,68,,15850,0,,1,20,,15851,0,,1,73,,15849,0,,1,27,,15852,0,,1,18,,15880,0,,1,72,,15881,0,,1,85,,15882,0,,1,35,,15879,0,,1,86,,15878,0,,1,16,,15853,0,,1,63,,15854,0,,1,43,,15855,0,,1,60,,15856,0,,1,23,,15857,0,,1,83,,15858,0,,1,26,,15859,0,,1,64,,15860,0,,1,44,,15862,0,,1,68,,15861,0,,1,20,,15863,0,,1,84,,15864,0,,1,26,,15865,0,,1,57,,15867,0,,1,41,,15868,0,,1,64,,15869,0,,1,12,,15866,0,,1,41,,15870,0,,1,77,,15871,0,,1,79,,15872,0,,1,38,,15873,0,,1,76,,15875,0,,1,77,,15874,0,,1,36,,15876,0,,1,75,,15877,0,,1
11504,'251229-MULTI-Saturday-01',556,,15890,4,,1,75,,15904,4,,1,75,,15889,4,,1,34,,15901,4,,1,76,,15885,4,,1,35,,15896,4,,1,74,,15888,4,,1,75,,15891,4,,1,35,,15894,4,,1,75,,15911,4,,1,35,,15897,4,,1,75,,15887,4,,1,35,,15907,4,,1,77,,15895,4,,1,73,,15910,4,,1,38,,15902,4,,1,75,,15912,4,,1,38,,15903,4,,1,75,,15908,4,,1,78,,15898,4,,1,35,,15913,4,,1,78,,15893,4,,1,35,,15892,4,,1,77,,15884,4,,1,74,,15906,4,,1,36,,15900,4,,1,70,,15886,4,,1,36,,15899,4,,1,70,,15914,4,,1,35,,15883,4,,1,69,,15909,4,,1,35,,15905,4,,1
11504,'251229-MULTI-Sunday-01',654,,15924,4,,1,75,,15916,4,,1,75,,15922,4,,1,35,,15915,4,,1,75,,15921,4,,1,36,,15918,4,,1,75,,15923,4,,1,75,,15917,4,,1,35,,15925,4,,1,76,,15919,4,,1,35,,15926,4,,1,75,,15920,4,,1,35,,15927,4,,1,75,,15929,4,,1,75,,15928,4,,1,35,,15930,4,,1,75,,15934,4,,1,35,,15932,4,,1,75,,15931,4,,1,75,,15933,4,,1,35,,15935,4,,1,75,,15936,4,,1,35,,15937,4,,1,75,,15940,4,,1,35,,15938,4,,1,75,,15939,4,,1,75,,15941,4,,1,35,,15942,4,,1,75,,15943,4,,1,35,,15944,4,,1
11504,'260105-MULTI-Holiday1-01',654,,15954,4,,1,75,,15946,4,,1,75,,15952,4,,1,35,,15945,4,,1,75,,15951,4,,1,36,,15948,4,,1,75,,15953,4,,1,75,,15947,4,,1,35,,15955,4,,1,76,,15949,4,,1,35,,15957,4,,1,75,,15950,4,,1,35,,15958,4,,1,75,,15959,4,,1,75,,15956,4,,1,35,,15960,4,,1,75,,15964,4,,1,35,,15962,4,,1,75,,15961,4,,1,75,,15963,4,,1,35,,15965,4,,1,75,,15966,4,,1,35,,15967,4,,1,75,,15970,4,,1,35,,15968,4,,1,75,,15969,4,,1,75,,15971,4,,1,35,,15972,4,,1,75,,15973,4,,1,35,,15974,4,,1
11504,'260105-MULTI-Saturday-01',556,,15982,4,,1,75,,15996,4,,1,75,,15981,4,,1,34,,15994,4,,1,76,,15977,4,,1,35,,15988,4,,1,74,,15980,4,,1,75,,15983,4,,1,35,,15986,4,,1,75,,16003,4,,1,35,,15989,4,,1,75,,15979,4,,1,35,,15999,4,,1,77,,15987,4,,1,73,,16002,4,,1,38,,15992,4,,1,75,,16004,4,,1,38,,15995,4,,1,75,,16000,4,,1,78,,15990,4,,1,35,,16005,4,,1,78,,15985,4,,1,35,,15984,4,,1,77,,15976,4,,1,74,,15998,4,,1,36,,15993,4,,1,70,,15978,4,,1,36,,15991,4,,1,70,,16006,4,,1,35,,15975,4,,1,69,,16001,4,,1,35,,15997,4,,1
11504,'260105-MULTI-Sunday-01',654,,16016,4,,1,75,,16008,4,,1,75,,16014,4,,1,35,,16007,4,,1,75,,16013,4,,1,36,,16010,4,,1,75,,16015,4,,1,75,,16009,4,,1,35,,16017,4,,1,76,,16011,4,,1,35,,16019,4,,1,75,,16012,4,,1,35,,16020,4,,1,75,,16021,4,,1,75,,16018,4,,1,35,,16022,4,,1,75,,16026,4,,1,35,,16024,4,,1,75,,16023,4,,1,75,,16025,4,,1,35,,16027,4,,1,75,,16028,4,,1,35,,16029,4,,1,75,,16032,4,,1,35,,16030,4,,1,75,,16031,4,,1,75,,16033,4,,1,35,,16034,4,,1,75,,16035,4,,1,35,,16036,4,,1
11504,'260105-MULTI-Weekday-01',528,,16041,4,,1,21,,16038,4,,1,70,,16037,4,,1,25,,16042,4,,1,62,,16040,4,,1,32,,16039,4,,1,67,,16043,4,,1,21,,16044,4,,1,32,,16045,4,,1,66,,16046,4,,1,19,,16047,4,,1,73,,16076,4,,1,85,,16075,4,,1,34,,16074,4,,1,85,,16073,4,,1,16,,16048,4,,1,22,,16049,4,,1,84,,16050,4,,1,59,,16052,4,,1,25,,16051,4,,1,83,,16053,4,,1,25,,16054,4,,1,24,,16056,4,,1,84,,16055,4,,1,67,,16057,4,,1,21,,16058,4,,1,84,,16059,4,,1,26,,16060,4,,1,17,,16062,4,,1,81,,16072,4,,1,64,,16061,4,,1,12,,16063,4,,1,41,,16064,4,,1,76,,16065,4,,1,80,,16066,4,,1,38,,16067,4,,1,77,,16068,4,,1,76,,16069,4,,1,36,,16070,4,,1,75,,16071,4,,1
