901,'251229-MULTI-Saturday-01',710,,4873,0,,1,90,,4874,0,,1,50,,4875,0,,1,90,,4876,0,,1,90,,4877,0,,1,90,,4878,0,,1,90,,4879,0,,1,90,,4880,0,,1,50,,4881,0,,1,90,,4882,0,,1,91,,4883,0,,1,90,,4884,0,,1,90,,4885,0,,1,90,,4886,0,,1,49,,4887,0,,1
901,'251229-MULTI-Sunday-01',759,,4888,0,,1,144,,4895,0,,1,107,,4896,0,,1,105,,4897,0,,1,105,,4898,0,,1,105,,4894,0,,1,106,,4890,0,,1,105,,4891,0,,1,107,,4892,0,,1,107,,4889,0,,1,106,,4893,0,,1
901,'260105-MULTI-Holiday1-01',759,,4899,0,,1,144,,4906,0,,1,107,,4907,0,,1,105,,4908,0,,1,105,,4909,0,,1,105,,4905,0,,1,106,,4901,0,,1,105,,4902,0,,1,107,,4903,0,,1,107,,4900,0,,1,106,,4904,0,,1
901,'260105-MULTI-Saturday-01',710,,4910,0,,1,90,,4911,0,,1,50,,4912,0,,1,90,,4913,0,,1,90,,4914,0,,1,90,,4915,0,,1,90,,4916,0,,1,90,,4917,0,,1,50,,4918,0,,1,90,,4919,0,,1,91,,4920,0,,1,90,,4921,0,,1,90,,4922,0,,1,90,,4923,0,,1,49,,4924,0,,1
901,'260105-MULTI-Sunday-01',759,,4925,0,,1,144,,4932,0,,1,107,,4933,0,,1,105,,4934,0,,1,105,,4935,0,,1,105,,4931,0,,1,106,,4927,0,,1,105,,4928,0,,1,107,,4929,0,,1,107,,4926,0,,1,106,,4930,0,,1
901,'260105-MULTI-Weekday-01',511,,4936,0,,1,34,,4939,0,,1,74,,4940,0,,1,34,,4941,0,,1,63,,4938,0,,1,39,,4942,0,,1,76,,4953,0,,1,85,,4954,0,,1,88,,4955,0,,1,42,,4956,0,,1,87,,4957,0,,1,86,,4958,0,,1,82,,4943,0,,1,43,,4952,0,,1,72,,4949,0,,1,35,,4945,0,,1,78,,4950,0,,1,75,,4947,0,,1,35,,4944,0,,1,75,,4946,0,,1,37,,4951,0,,1,75,,4948,0,,1,75,,4959,0,,1,39,,4961,0,,1,81,,4960,0,,1,85,,4937,0,,1
2504,'260105-MULTI-Weekday-01',614,,9779,0,,1,30,,9781,0,,1,77,,9787,0,,1,36,,9786,0,,1,78,,9785,0,,1,75,,9784,0,,1,35,,9788,0,,1,76,,9789,0,,1,483,,9780,0,,1,36,,9790,0,,1,76,,9791,0,,1,37,,9792,0,,1,76,,9793,0,,1,77,,9794,0,,1,36,,9795,0,,1,75,,9796,0,,1,36,,9783,0,,1,73,,9782,0,,1
21201,'260105-MULTI-Weekday-01',740,,16111,0,,1
21500,'260105-MULTI-Weekday-01',729,,16116,0,,1
21601,'260105-MULTI-Weekday-01',808,,16119,0,,1
