1101,'Holiday1',516,,3516,5,,,1,40,,3514,5,,,1,80,,3512,5,,,1,80,,3510,5,,,1,40,,3517,5,,,1,80,,3519,5,,,1,80,,3522,5,,,1,40,,3523,5,,,1,80,,3526,5,,,1,80,,3525,5,,,1,40,,3529,5,,,1,80,,3532,5,,,1,80,,3533,5,,,1,40,,3534,5,,,1,80,,3536,5,,,1,82,,3539,5,,,1,82,,3543,5,,,1,42,,3544,5,,,1,82,,3548,5,,,1,80,,3546,5,,,1,41,,3545,5,,,1,86,,3550,5,,,1,86,,3551,5,,,1,84,,3559,5,,,1,45,,3556,5,,,1,89,,3555,5,,,1,86,,3562,5,,,1,80,,3563,5,,,1
1101,'Saturday',434,,3564,5,,,1,81,,3567,5,,,1,40,,3568,5,,,1,81,,3566,5,,,1,80,,3565,5,,,1,40,,3569,5,,,1,82,,3576,5,,,1,88,,3578,5,,,1,79,,3579,5,,,1,42,,3580,5,,,1,82,,3582,5,,,1,82,,3583,5,,,1,41,,3584,5,,,1,82,,3581,5,,,1,81,,3585,5,,,1,86,,3599,5,,,1,44,,3600,5,,,1,87,,3601,5,,,1,83,,3602,5,,,1,44,,3603,5,,,1,85,,3604,5,,,1,87,,3608,5,,,1,84,,3609,5,,,1,87,,3610,5,,,1,54,,3612,5,,,1,94,,3615,5,,,1,105,,3616,5,,,1
1101,'Sunday',516,,3623,5,,,1,40,,3621,5,,,1,80,,3619,5,,,1,80,,3617,5,,,1,40,,3624,5,,,1,80,,3626,5,,,1,80,,3629,5,,,1,40,,3630,5,,,1,80,,3633,5,,,1,80,,3632,5,,,1,40,,3636,5,,,1,80,,3638,5,,,1,80,,3640,5,,,1,40,,3641,5,,,1,80,,3643,5,,,1,82,,3646,5,,,1,82,,3650,5,,,1,42,,3651,5,,,1,82,,3655,5,,,1,80,,3653,5,,,1,41,,3652,5,,,1,86,,3657,5,,,1,86,,3658,5,,,1,84,,3666,5,,,1,45,,3663,5,,,1,89,,3662,5,,,1,86,,3669,5,,,1,80,,3670,5,,,1
1101,'Weekday',421,,3743,5,,,1,33,,3744,5,,,1,74,,3742,5,,,1,30,,3740,5,,,1,68,,3749,5,,,1,28,,3746,5,,,1,68,,3745,5,,,1,28,,3725,5,,,1,68,,3723,5,,,1,31,,3724,5,,,1,66,,3737,5,,,1,34,,3728,5,,,1,73,,3729,5,,,1,32,,3714,5,,,1,79,,3715,5,,,1,81,,3702,5,,,1,30,,3703,5,,,1,10,,3700,7,0,9 10,1,62,,3731,5,,,1,35,,3734,5,,,1,67,,3695,5,,,1,30,,3696,5,,,1,99,,3711,5,,,1,68,,3701,7,0,9 11,1,27,,3712,5,,,1,66,,3686,5,,,1,29,,3732,5,,,1,71,,3684,5,,,1,25,,3706,5,,,1,24,,3717,5,,,1,68,,3716,5,,,1,31,,3677,5,,,1,74,,3675,5,,,1,74,,3680,5,,,1,23,,3691,7,0,9 11,1,21,,3689,5,,,1,77,,3678,5,,,1,89,,3682,5,,,1,35,,3672,4,0,9 10,1,59,,3688,5,,,1,18,,3671,4,0,9 10,1,15,,3674,5,,,1,75,,3698,5,,,1
5101,'Holiday1',847,,9282,2,,,1,101,,9284,2,,,1,99,,9283,2,,,1,100,,9281,2,,,1,102,,9280,2,,,1,100,,9279,2,,,1,100,,9278,2,,,1,100,,9277,2,,,1,100,,9276,2,,,1,100,,9274,2,,,1,99,,9275,2,,,1,100,,9273,2,,,1,100,,9272,2,,,1,100,,9271,2,,,1
5101,'Saturday',648,,9286,2,,,1,100,,9287,2,,,1,100,,9288,2,,,1,100,,9292,2,,,1,100,,9290,2,,,1,100,,9289,2,,,1,100,,9291,2,,,1,100,,9294,2,,,1,100,,9293,2,,,1,100,,9296,2,,,1,100,,9295,2,,,1,100,,9297,2,,,1,100,,9285,2,,,1,100,,9300,2,,,1,100,,9298,2,,,1,100,,9299,2,,,1
5101,'Sunday',847,,9312,2,,,1,101,,9314,2,,,1,99,,9313,2,,,1,100,,9311,2,,,1,102,,9310,2,,,1,100,,9309,2,,,1,100,,9308,2,,,1,100,,9307,2,,,1,100,,9306,2,,,1,100,,9304,2,,,1,99,,9305,2,,,1,100,,9303,2,,,1,100,,9302,2,,,1,100,,9301,2,,,1
5101,'Weekday',457,,9315,2,,,1,73,,9328,2,,,1,70,,9316,2,,,1,37,,9326,2,,,1,63,,9317,2,,,1,32,,9325,2,,,1,68,,9319,2,,,1,34,,9327,2,,,1,68,,9323,2,,,1,31,,9338,2,,,1,69,,9340,2,,,1,30,,9341,2,,,1,70,,9342,2,,,1,30,,9339,2,,,1,70,,9343,2,,,1,26,,9344,2,,,1,72,,9345,2,,,1,27,,9346,2,,,1,73,,9347,2,,,1,32,,9348,2,,,1,68,,9320,2,,,1,30,,9330,2,,,1,73,,9321,2,,,1,27,,9331,2,,,1,71,,9318,2,,,1,29,,9332,2,,,1,74,,9324,2,,,1,28,,9329,2,,,1,101,,9322,2,,,1,100,,9334,2,,,1,99,,9335,2,,,1,100,,9336,2,,,1,108,,9337,2,,,1,92,,9333,2,,,1
51101,'Holiday1',444,,12828,2,,,1,70,,12830,2,,,1,40,,12836,5,,,1,60,,12839,5,,,1,32,,12837,5,,,1,63,,12805,5,,,1,10,,12840,5,,,1,10,,12838,5,,,1,20,,12808,5,,,1,75,,12806,5,,,1,85,,12809,5,,,1,40,,12810,5,,,1,80,,12807,5,,,1,80,,12812,5,,,1,40,,12813,5,,,1,80,,12814,5,,,1,80,,12811,5,,,1,43,,12815,5,,,1,2,,12831,2,,,1,80,,12816,5,,,1,80,,12817,5,,,1,40,,12818,5,,,1,80,,12819,5,,,1,80,,12820,5,,,1,30,,12832,2,,,1,10,,12829,2,,,1,3,,12821,5,,,1,57,,12833,2,,,1,20,,12823,5,,,1,80,,12824,5,,,1,5,,12834,2,,,1,32,,12825,5,,,1,79,,12822,5,,,1,80,,12826,5,,,1,40,,12827,5,,,1,194,,12835,2,,,1
51101,'Saturday',447,,12842,2,,,1,62,,12841,5,,,1,5,,12844,2,0,13,1,29,,12849,5,,,1,11,,12845,5,,,1,59,,12843,5,,,1,30,,12853,5,,,1,66,,12847,5,0,13,1,12,,12866,5,0,13,1,3,,12851,5,,,1,85,,12852,5,,,1,45,,12848,5,,,1,85,,12858,5,,,1,86,,12861,5,,,1,90,,12868,5,,,1,90,,12867,5,,,1,50,,12874,5,,,1,90,,12873,5,,,1,9,,12892,2,0,13,1,81,,12880,5,,,1,90,,12887,5,,,1,90,,12893,5,,,1,90,,12899,5,,,1,38,,12900,5,0,13,1,1,,12908,2,0,13,1,7,,12905,5,0,13,1,2,,12903,5,,,1,1,,12913,2,0,13,1,59,,12906,5,0,13,1,1,,12918,2,0,13,1,10,,12921,5,0,13,1,21,,12909,5,,,1,73,,12922,5,0,13,1,1,,12923,2,0,13,1,16,,12915,5,,,1,409,,12932,2,0,13,1
51101,'Sunday',444,,12977,2,,,1,70,,12979,2,,,1,40,,12987,5,,,1,60,,12988,5,,,1,32,,12985,5,,,1,63,,12954,5,,,1,10,,12989,5,,,1,10,,12986,5,,,1,20,,12957,5,,,1,75,,12955,5,,,1,85,,12958,5,,,1,40,,12959,5,,,1,80,,12956,5,,,1,80,,12961,5,,,1,40,,12962,5,,,1,80,,12963,5,,,1,80,,12960,5,,,1,43,,12964,5,,,1,2,,12980,2,,,1,80,,12965,5,,,1,80,,12966,5,,,1,40,,12967,5,,,1,80,,12968,5,,,1,80,,12969,5,,,1,30,,12981,2,,,1,10,,12978,2,,,1,3,,12970,5,,,1,57,,12982,2,,,1,20,,12971,5,,,1,80,,12972,5,,,1,5,,12983,2,,,1,32,,12973,5,,,1,79,,12974,5,,,1,80,,12975,5,,,1,40,,12976,5,,,1,194,,12984,2,,,1
51101,'Weekday',444,,12991,2,,,1,70,,12995,2,,,1,29,,12999,5,,,1,13,,13002,5,,,1,54,,13005,5,,,1,8,,13011,5,0,8,1,7,,13021,5,,,1,15,,13017,5,,,1,14,,12996,5,,,1,55,,13000,5,,,1,15,,12998,5,,,1,15,,13003,5,,,1,16,,13001,5,,,1,55,,13004,5,,,1,15,,13013,5,,,1,15,,13025,5,,,1,15,,13028,5,,,1,58,,13009,5,,,1,28,,13095,5,,,1,65,,13096,5,,,1,24,,13097,5,,,1,24,,13098,5,,,1,65,,13099,5,,,1,24,,13100,5,,,1,63,,13101,5,,,1,24,,13102,5,,,1,24,,13103,5,,,1,62,,13104,5,,,1,26,,13105,5,,,1,64,,13033,5,,,1,20,,13042,5,,,1,15,,13040,5,,,1,15,,13038,5,,,1,54,,13044,5,,,1,15,,13075,5,,,1,15,,13046,5,,,1,15,,13066,5,,,1,55,,13045,5,,,1,15,,13062,5,,,1,15,,13053,5,,,1,15,,13052,5,,,1,55,,13063,5,,,1,15,,13059,5,,,1,15,,13054,5,,,1,14,,13065,2,,,1,2,,13058,5,,,1,55,,13067,5,,,1,13,,13081,2,,,1,2,,13077,5,,,1,15,,13074,5,,,1,15,,13070,5,,,1,55,,13078,5,,,1,15,,13084,2,,,1,15,,13080,5,,,1,15,,13079,5,,,1,62,,13082,5,,,1,21,,13083,5,,,1,20,,13085,5,,,1,60,,13086,5,,,1,22,,13089,5,,,1,60,,13092,5,,,1,22,,13087,5,,,1,18,,13091,5,,,1,63,,13090,5,,,1,16,,13088,5,,,1,17,,13027,5,,,1,14,,13023,2,,,1,53,,13093,5,,,1,20,,13094,5,,,1,20,,13029,5,,,1
