403,'251229-MULTI-Saturday-01',640,,1826,0,,1,64,,1864,0,,1,24,,1865,0,,1,24,,1866,0,,1,65,,1867,0,,1,24,,1868,0,,1,64,,1870,0,,1,26,,1871,0,,1,24,,1872,0,,1,63,,1869,0,,1,24,,1873,0,,1,64,,1874,0,,1,24,,1875,0,,1,25,,1876,0,,1,64,,1877,0,,1,24,,1878,0,,1,64,,1879,0,,1,25,,1880,0,,1,24,,1881,0,,1,64,,1882,0,,1,24,,1883,0,,1,65,,1884,0,,1,24,,1885,0,,1,18,,1887,0,,1,64,,1888,0,,1,27,,1889,0,,1,64,,1886,0,,1,24,,1890,0,,1,25,,1829,0,,1,64,,1831,0,,1,24,,1828,0,,1,64,,1830,0,,1,37,,1903,0,,1,69,,1904,0,,1,28,,1906,0,,1,69,,1907,0,,1,29,,1908,0,,1,70,,1905,0,,1,30,,1909,0,,1,70,,1910,0,,1,29,,1911,0,,1,70,,1912,0,,1,33,,1913,0,,1,71,,1914,0,,1
403,'251229-MULTI-Sunday-01',746,,1915,0,,1,70,,1956,0,,1,31,,1957,0,,1,70,,1958,0,,1,30,,1959,0,,1,70,,1960,0,,1,29,,1961,0,,1,70,,1962,0,,1,31,,1963,0,,1,70,,1964,0,,1,31,,1965,0,,1,70,,1966,0,,1,30,,1967,0,,1,70,,1968,0,,1,31,,1969,0,,1,71,,1970,0,,1,30,,1971,0,,1,70,,1972,0,,1,32,,1973,0,,1,73,,1974,0,,1,30,,1976,0,,1,70,,1977,0,,1,28,,1978,0,,1,70,,1975,0,,1,30,,1979,0,,1,70,,1980,0,,1,29,,1981,0,,1,67,,1982,0,,1,28,,1983,0,,1,69,,1984,0,,1,31,,1985,0,,1,70,,1986,0,,1,30,,1917,0,,1,70,,1920,0,,1,30,,1918,0,,1,70,,1919,0,,1
403,'260105-MULTI-Holiday1-01',746,,1987,0,,1,70,,2028,0,,1,31,,2029,0,,1,70,,2030,0,,1,30,,2032,0,,1,70,,2033,0,,1,29,,2034,0,,1,70,,2031,0,,1,31,,2035,0,,1,70,,2036,0,,1,31,,2037,0,,1,70,,2038,0,,1,30,,2039,0,,1,70,,2040,0,,1,31,,2041,0,,1,71,,2042,0,,1,30,,2043,0,,1,70,,2044,0,,1,32,,2045,0,,1,73,,2046,0,,1,30,,2048,0,,1,70,,2049,0,,1,28,,2050,0,,1,70,,2047,0,,1,30,,2051,0,,1,70,,2052,0,,1,29,,2053,0,,1,67,,2054,0,,1,28,,2055,0,,1,69,,2056,0,,1,31,,2057,0,,1,70,,2058,0,,1,30,,1989,0,,1,70,,1992,0,,1,30,,1990,0,,1,70,,1991,0,,1
403,'260105-MULTI-Saturday-01',640,,2059,0,,1,64,,2097,0,,1,24,,2098,0,,1,24,,2099,0,,1,65,,2100,0,,1,24,,2101,0,,1,64,,2103,0,,1,26,,2105,0,,1,24,,2106,0,,1,63,,2102,0,,1,24,,2107,0,,1,64,,2104,0,,1,24,,2108,0,,1,25,,2109,0,,1,64,,2110,0,,1,24,,2111,0,,1,64,,2112,0,,1,25,,2113,0,,1,24,,2114,0,,1,64,,2115,0,,1,24,,2116,0,,1,65,,2117,0,,1,24,,2118,0,,1,18,,2120,0,,1,64,,2121,0,,1,27,,2122,0,,1,64,,2119,0,,1,24,,2123,0,,1,25,,2063,0,,1,64,,2064,0,,1,24,,2061,0,,1,64,,2062,0,,1,37,,2136,0,,1,69,,2137,0,,1,28,,2139,0,,1,69,,2141,0,,1,29,,2142,0,,1,70,,2138,0,,1,30,,2143,0,,1,70,,2140,0,,1,29,,2144,0,,1,70,,2145,0,,1,33,,2146,0,,1,71,,2147,0,,1
403,'260105-MULTI-Sunday-01',746,,2148,0,,1,70,,2189,0,,1,31,,2190,0,,1,70,,2191,0,,1,30,,2193,0,,1,70,,2194,0,,1,29,,2195,0,,1,70,,2192,0,,1,31,,2196,0,,1,70,,2197,0,,1,31,,2198,0,,1,70,,2199,0,,1,30,,2200,0,,1,70,,2201,0,,1,31,,2202,0,,1,71,,2203,0,,1,30,,2204,0,,1,70,,2205,0,,1,32,,2206,0,,1,73,,2207,0,,1,30,,2209,0,,1,70,,2210,0,,1,28,,2211,0,,1,70,,2208,0,,1,30,,2212,0,,1,70,,2213,0,,1,29,,2214,0,,1,67,,2215,0,,1,28,,2216,0,,1,69,,2217,0,,1,31,,2218,0,,1,70,,2219,0,,1,30,,2150,0,,1,70,,2153,0,,1,30,,2151,0,,1,70,,2152,0,,1
403,'260105-MULTI-Weekday-01',535,,2220,0,,1,23,,2221,0,,1,61,,2222,0,,1,18,,2223,0,,1,21,,2224,0,,1,62,,2225,0,,1,21,,2226,0,,1,60,,2227,0,,1,20,,2228,0,,1,20,,2229,0,,1,60,,2230,0,,1,19,,2231,0,,1,19,,2232,0,,1,20,,2233,0,,1,59,,2234,0,,1,20,,2235,0,,1,20,,2236,0,,1,60,,2237,0,,1,22,,2239,0,,1,18,,2238,0,,1,61,,2240,0,,1,20,,2241,0,,1,20,,2242,0,,1,64,,2243,0,,1,20,,2244,0,,1,58,,2245,0,,1,18,,2246,0,,1,21,,2247,0,,1,60,,2248,0,,1,25,,2249,0,,1,18,,2250,0,,1,60,,2251,0,,1,20,,2252,0,,1,20,,2253,0,,1,60,,2254,0,,1,20,,2255,0,,1,21,,2256,0,,1,62,,2257,0,,1,20,,2258,0,,1,20,,2259,0,,1,63,,2260,0,,1,20,,2261,0,,1,20,,2262,0,,1,56,,2321,0,,1,20,,2322,0,,1,19,,2323,0,,1,66,,2324,0,,1,23,,2325,0,,1,24,,2326,0,,1,64,,2327,0,,1,23,,2328,0,,1,64,,2329,0,,1,24,,2330,0,,1,24,,2331,0,,1,64,,2332,0,,1,24,,2333,0,,1,64,,2334,0,,1,24,,2335,0,,1,24,,2336,0,,1
2802,'251229-MULTI-Saturday-01',614,,10461,0,,1,90,,10462,0,,1,50,,10464,0,,1,90,,10465,0,,1,90,,10466,0,,1,90,,10463,0,,1,90,,10467,0,,1,90,,10468,0,,1,50,,10469,0,,1,90,,10470,0,,1,90,,10471,0,,1,90,,10472,0,,1,90,,10473,0,,1,90,,10474,0,,1,50,,10475,0,,1,90,,10476,0,,1
2802,'251229-MULTI-Sunday-01',614,,10481,0,,1,90,,10486,0,,1,50,,10477,0,,1,90,,10480,0,,1,90,,10487,0,,1,90,,10482,0,,1,90,,10485,0,,1,90,,10488,0,,1,50,,10492,0,,1,90,,10496,0,,1,90,,10498,0,,1,90,,10500,0,,1,90,,10502,0,,1,90,,10504,0,,1,50,,10506,0,,1,90,,10508,0,,1
2802,'260105-MULTI-Holiday1-01',614,,10514,0,,1,90,,10520,0,,1,50,,10510,0,,1,90,,10513,0,,1,90,,10518,0,,1,90,,10515,0,,1,90,,10519,0,,1,90,,10521,0,,1,50,,10525,0,,1,90,,10529,0,,1,90,,10531,0,,1,90,,10533,0,,1,90,,10535,0,,1,90,,10537,0,,1,50,,10539,0,,1,90,,10541,0,,1
2802,'260105-MULTI-Saturday-01',614,,10560,0,,1,90,,10561,0,,1,50,,10564,0,,1,90,,10565,0,,1,90,,10566,0,,1,90,,10562,0,,1,90,,10563,0,,1,90,,10567,0,,1,50,,10568,0,,1,90,,10569,0,,1,90,,10570,0,,1,90,,10571,0,,1,90,,10572,0,,1,90,,10573,0,,1,50,,10574,0,,1,90,,10575,0,,1
2802,'260105-MULTI-Sunday-01',614,,10580,0,,1,90,,10586,0,,1,50,,10576,0,,1,90,,10579,0,,1,90,,10584,0,,1,90,,10581,0,,1,90,,10585,0,,1,90,,10587,0,,1,50,,10591,0,,1,90,,10595,0,,1,90,,10597,0,,1,90,,10599,0,,1,90,,10601,0,,1,90,,10603,0,,1,50,,10605,0,,1,90,,10607,0,,1
2802,'260105-MULTI-Weekday-01',530,,10649,0,,1,81,,10629,0,,1,40,,10630,0,,1,80,,10631,0,,1,80,,10632,0,,1,40,,10633,0,,1,80,,10634,0,,1,83,,10635,0,,1,37,,10636,0,,1,80,,10637,0,,1,79,,10638,0,,1,41,,10639,0,,1,80,,10640,0,,1,80,,10641,0,,1,40,,10642,0,,1,80,,10643,0,,1,80,,10644,0,,1,39,,10645,0,,1,81,,10646,0,,1,80,,10647,0,,1,40,,10648,0,,1
