203,'Holiday1',738,,505,17,,,1,73,,506,17,,,1,33,,507,17,,,1,73,,508,17,,,1,33,,509,17,,,1,74,,511,17,,,1,33,,512,17,,,1,74,,513,17,,,1,73,,510,17,,,1,33,,515,17,,,1,73,,517,17,,,1,33,,518,17,,,1,73,,514,17,,,1,33,,519,17,,,1,73,,516,17,,,1,33,,520,17,,,1,73,,521,17,,,1,73,,523,17,,,1,33,,524,17,,,1,73,,525,17,,,1,33,,522,17,,,1,72,,527,17,,,1,33,,528,17,,,1,73,,529,17,,,1,33,,526,17,,,1,71,,531,17,,,1,33,,532,17,,,1,73,,534,17,,,1,73,,535,17,,,1,32,,533,17,,,1,73,,536,17,,,1,33,,530,17,,,1
203,'Saturday',547,,537,17,,,1,70,,538,17,,,1,30,,541,17,,,1,72,,542,17,,,1,25,,540,17,,,1,78,,539,17,,,1,29,,545,17,,,1,91,,546,17,,,1,71,,543,17,,,1,30,,544,17,,,1,70,,547,17,,,1,30,,549,17,,,1,72,,551,17,,,1,30,,552,17,,,1,70,,548,17,,,1,30,,553,17,,,1,70,,550,17,,,1,30,,554,17,,,1,70,,555,17,,,1,30,,558,17,,,1,70,,559,17,,,1,30,,560,17,,,1,70,,556,17,,,1,30,,557,17,,,1,70,,561,17,,,1,30,,563,17,,,1,69,,564,17,,,1,28,,565,17,,,1,68,,562,17,,,1,29,,566,17,,,1,70,,567,17,,,1,29,,570,17,,,1,70,,571,17,,,1,30,,568,17,,,1,70,,569,17,,,1,30,,573,17,,,1,70,,574,17,,,1,30,,572,17,,,1,70,,575,17,,,1,30,,576,17,,,1
203,'Sunday',738,,577,17,,,1,73,,578,17,,,1,33,,579,17,,,1,73,,580,17,,,1,33,,581,17,,,1,74,,583,17,,,1,33,,584,17,,,1,74,,585,17,,,1,73,,582,17,,,1,33,,587,17,,,1,73,,588,17,,,1,33,,589,17,,,1,73,,586,17,,,1,33,,590,17,,,1,73,,591,17,,,1,33,,592,17,,,1,73,,593,17,,,1,73,,595,17,,,1,33,,596,17,,,1,73,,597,17,,,1,33,,594,17,,,1,72,,599,17,,,1,33,,600,17,,,1,73,,601,17,,,1,33,,598,17,,,1,71,,603,17,,,1,33,,604,17,,,1,73,,606,17,,,1,73,,607,17,,,1,32,,605,17,,,1,73,,608,17,,,1,33,,602,17,,,1
203,'Weekday',433,,609,17,,,1,22,,611,17,,,1,62,,612,17,,,1,22,,613,17,,,1,61,,610,17,,,1,23,,614,17,,,1,18,,615,17,,,1,59,,616,17,,,1,25,,617,17,,,1,31,,618,17,,,1,62,,619,17,,,1,15,,620,17,,,1,19,,622,17,,,1,69,,623,17,,,1,27,,624,17,,,1,62,,621,17,,,1,19,,625,17,,,1,19,,626,17,,,1,63,,627,17,,,1,25,,628,17,,,1,22,,629,17,,,1,58,,630,17,,,1,18,,632,17,,,1,66,,633,17,,,1,26,,634,17,,,1,22,,631,17,,,1,55,,636,17,,,1,19,,637,17,,,1,26,,638,17,,,1,66,,635,17,,,1,21,,639,17,,,1,16,,641,17,,,1,60,,642,17,,,1,27,,643,17,,,1,68,,640,17,,,1,22,,644,17,,,1,19,,646,17,,,1,64,,647,17,,,1,25,,648,17,,,1,67,,645,17,,,1,20,,649,17,,,1,19,,650,17,,,1,67,,651,17,,,1,23,,652,17,,,1,19,,653,17,,,1,63,,654,17,,,1,21,,655,17,,,1,21,,657,17,,,1,60,,658,17,,,1,16,,659,17,,,1,69,,656,17,,,1,32,,660,17,,,1,72,,661,17,,,1,32,,662,17,,,1,68,,663,17,,,1,28,,664,17,,,1
2403,'Holiday1',808,,6585,5,,,1,45,,6586,5,,,1,85,,6587,5,,,1,85,,6588,5,,,1,85,,6590,5,,,1,45,,6591,5,,,1,85,,6592,5,,,1,85,,6589,5,,,1,85,,6594,5,,,1,45,,6596,5,,,1,85,,6597,5,,,1,85,,6593,5,,,1,85,,6598,5,,,1,45,,6595,5,,,1,85,,6599,5,,,1
2403,'Saturday',808,,6607,5,,,1,45,,6608,5,,,1,85,,6609,5,,,1,85,,6606,5,,,1,85,,6610,5,,,1,45,,6611,5,,,1,85,,6612,5,,,1,85,,6613,5,,,1,85,,6614,5,,,1,45,,6600,5,,,1,85,,6603,5,,,1,85,,6601,5,,,1,85,,6605,5,,,1,45,,6602,5,,,1,85,,6604,5,,,1
2403,'Sunday',808,,6615,5,,,1,45,,6616,5,,,1,85,,6617,5,,,1,85,,6618,5,,,1,85,,6620,5,,,1,45,,6621,5,,,1,85,,6622,5,,,1,85,,6619,5,,,1,85,,6624,5,,,1,45,,6625,5,,,1,85,,6626,5,,,1,85,,6623,5,,,1,85,,6627,5,,,1,45,,6628,5,,,1,85,,6629,5,,,1
2403,'Weekday',439,,6634,5,,,1,65,,6632,5,,,1,30,,6630,5,,,1,71,,6636,5,,,1,36,,6652,5,,,1,76,,6646,5,,,1,36,,6647,5,,,1,76,,6645,5,,,1,76,,6643,5,,,1,36,,6644,5,,,1,81,,6631,5,,,1,35,,6633,5,,,1,76,,6649,5,,,1,76,,6650,5,,,1,37,,6648,5,,,1,77,,6651,5,,,1,27,,6635,5,,,1,73,,6639,5,,,1,35,,6640,5,,,1,77,,6654,5,,,1,77,,6656,5,,,1,36,,6657,5,,,1,76,,6658,5,,,1,76,,6655,5,,,1,36,,6659,5,,,1,75,,6653,5,,,1,33,,6637,5,,,1,75,,6638,5,,,1,33,,6641,5,,,1,85,,6642,5,,,1
2503,'Weekday',520,,6735,5,,,1,30,,6734,5,,,1,70,,6738,5,,,1,36,,6744,5,,,1,76,,6743,5,,,1,76,,6741,5,,,1,36,,6740,5,,,1,77,,6742,5,,,1,36,,6745,5,,,1,448,,6736,5,,,1,38,,6737,5,,,1,78,,6746,5,,,1,36,,6747,5,,,1,74,,6748,5,,,1,78,,6749,5,,,1,36,,6750,5,,,1,75,,6751,5,,,1,36,,6752,5,,,1,75,,6739,5,,,1
21601,'Weekday',753,,11250,2,,,1
