5203,'Holiday1',725,,9428,1,,,1,25,,9429,1,,,1,65,,9430,1,,,1,25,,9431,1,,,1,65,,9432,1,,,1,25,,9433,1,,,1,25,,9434,1,,,1,65,,9435,1,,,1,25,,9437,1,,,1,65,,9438,1,,,1,25,,9436,1,,,1,65,,9439,1,,,1,25,,9440,1,,,1,25,,9442,1,,,1,66,,9441,1,,,1,24,,9443,1,,,1,63,,9446,1,,,1,27,,9445,1,,,1,23,,9444,1,,,1,67,,9449,1,,,1,23,,9447,1,,,1,67,,9450,1,,,1,23,,9448,1,,,1,67,,9454,1,,,1,25,,9452,1,,,1,25,,9453,1,,,1,65,,9451,1,,,1,25,,9456,1,,,1,70,,9457,1,,,1,45,,9455,1,,,1,85,,9458,1,,,1
5203,'Saturday',530,,9478,1,,,1,25,,9481,1,,,1,65,,9474,1,,,1,25,,9482,1,,,1,65,,9460,1,,,1,25,,9483,1,,,1,65,,9475,1,,,1,25,,9484,1,,,1,25,,9477,1,,,1,65,,9485,1,,,1,25,,9459,1,,,1,65,,9486,1,,,1,25,,9462,1,,,1,25,,9487,1,,,1,65,,9472,1,,,1,25,,9488,1,,,1,65,,9464,1,,,1,25,,9489,1,,,1,65,,9471,1,,,1,25,,9490,1,,,1,25,,9463,1,,,1,65,,9491,1,,,1,25,,9469,1,,,1,65,,9492,1,,,1,24,,9466,1,,,1,26,,9493,1,,,1,64,,9467,1,,,1,26,,9494,1,,,1,65,,9465,1,,,1,25,,9479,1,,,1,24,,9476,1,,,1,66,,9480,1,,,1,25,,9470,1,,,1,85,,9461,1,,,1,85,,9473,1,,,1,87,,9468,1,,,1
5203,'Sunday',725,,9495,1,,,1,25,,9496,1,,,1,65,,9497,1,,,1,25,,9498,1,,,1,65,,9499,1,,,1,25,,9500,1,,,1,25,,9501,1,,,1,65,,9502,1,,,1,25,,9504,1,,,1,65,,9505,1,,,1,25,,9503,1,,,1,65,,9506,1,,,1,25,,9507,1,,,1,25,,9509,1,,,1,66,,9508,1,,,1,24,,9510,1,,,1,63,,9513,1,,,1,27,,9512,1,,,1,23,,9511,1,,,1,67,,9516,1,,,1,23,,9515,1,,,1,67,,9517,1,,,1,23,,9514,1,,,1,67,,9521,1,,,1,25,,9519,1,,,1,25,,9520,1,,,1,65,,9518,1,,,1,25,,9523,1,,,1,70,,9524,1,,,1,45,,9522,1,,,1,85,,9525,1,,,1
5203,'Weekday',500,,9570,1,,,1,20,,9569,1,,,1,19,,9568,1,,,1,80,,9567,1,,,1,16,,9566,1,,,1,66,,9565,1,,,1,39,,9564,1,,,1,9,,9563,1,,,1,72,,9561,1,,,1,17,,9562,1,,,1,67,,9560,1,,,1,23,,9559,1,,,1,27,,9558,1,,,1,61,,9557,1,,,1,33,,9556,1,,,1,58,,9555,1,,,1,33,,9554,1,,,1,15,,9553,1,,,1,74,,9552,1,,,1,26,,9551,1,,,1,65,,9550,1,,,1,27,,9549,1,,,1,64,,9548,1,,,1,25,,9547,1,,,1,64,,9546,1,,,1,25,,9545,1,,,1,25,,9544,1,,,1,65,,9543,1,,,1,25,,9542,1,,,1,65,,9541,1,,,1,25,,9540,1,,,1,27,,9539,1,,,1,63,,9538,1,,,1,25,,9536,1,,,1,65,,9537,1,,,1,25,,9535,1,,,1,65,,9534,1,,,1,25,,9533,1,,,1,26,,9532,1,,,1,64,,9531,1,,,1,27,,9530,1,,,1,62,,9529,1,,,1,45,,9528,1,,,1,85,,9527,1,,,1,85,,9526,1,,,1
5204,'Holiday1',720,,9571,22,4,,1,25,,9572,22,4,,1,65,,9573,22,4,,1,25,,9574,22,4,,1,65,,9575,22,4,,1,24,,9577,22,4,,1,25,,9576,22,4,,1,65,,9579,22,4,,1,28,,9578,22,4,,1,63,,9581,22,4,,1,25,,9580,22,4,,1,25,,9582,22,4,,1,65,,9583,22,4,,1,25,,9584,22,4,,1,65,,9585,22,4,,1,25,,9587,22,4,,1,65,,9586,22,4,,1,25,,9590,22,4,,1,25,,9588,22,4,,1,65,,9589,22,4,,1,25,,9591,22,4,,1,65,,9593,22,4,,1,25,,9592,22,4,,1,25,,9594,22,4,,1,67,,9595,22,4,,1,25,,9597,22,4,,1,65,,9598,22,4,,1,25,,9596,22,4,,1,65,,9601,22,4,,1,48,,9600,22,4,,1,86,,9599,22,4,,1,83,,9602,22,4,,1
5204,'Saturday',520,,9610,22,4,,1,28,,9623,22,4,,1,65,,9609,22,4,,1,24,,9624,22,4,,1,65,,9605,22,4,,1,26,,9626,22,4,,1,25,,9622,22,4,,1,64,,9627,22,4,,1,25,,9603,22,4,,1,65,,9628,22,4,,1,25,,9606,22,4,,1,25,,9629,22,4,,1,65,,9607,22,4,,1,25,,9625,22,4,,1,65,,9604,22,4,,1,25,,9630,22,4,,1,65,,9620,22,4,,1,26,,9631,22,4,,1,27,,9608,22,4,,1,63,,9632,22,4,,1,25,,9619,22,4,,1,65,,9633,22,4,,1,25,,9613,22,4,,1,25,,9634,22,4,,1,65,,9611,22,4,,1,25,,9635,22,4,,1,65,,9621,22,4,,1,26,,9636,22,4,,1,65,,9614,22,4,,1,25,,9637,22,4,,1,25,,9617,22,4,,1,65,,9638,22,4,,1,24,,9616,22,4,,1,65,,9639,22,4,,1,26,,9618,22,4,,1,83,,9615,22,4,,1,88,,9612,22,4,,1
5204,'Sunday',720,,9640,22,4,,1,25,,9641,22,4,,1,65,,9642,22,4,,1,25,,9643,22,4,,1,65,,9644,22,4,,1,24,,9646,22,4,,1,25,,9645,22,4,,1,65,,9648,22,4,,1,28,,9647,22,4,,1,63,,9651,22,4,,1,25,,9649,22,4,,1,25,,9650,22,4,,1,65,,9652,22,4,,1,25,,9653,22,4,,1,65,,9654,22,4,,1,25,,9656,22,4,,1,65,,9655,22,4,,1,25,,9659,22,4,,1,25,,9657,22,4,,1,65,,9658,22,4,,1,25,,9660,22,4,,1,65,,9662,22,4,,1,25,,9661,22,4,,1,25,,9663,22,4,,1,67,,9664,22,4,,1,25,,9666,22,4,,1,65,,9667,22,4,,1,25,,9665,22,4,,1,65,,9670,22,4,,1,48,,9669,22,4,,1,86,,9668,22,4,,1,83,,9671,22,4,,1
5204,'Weekday',516,,9716,22,4,,1,21,,9715,22,4,,1,63,,9714,22,4,,1,25,,9713,22,4,,1,31,,9712,22,4,,1,63,,9711,22,4,,1,20,,9710,22,4,,1,80,,9709,22,4,,1,9,,9708,22,4,,1,73,,9707,22,4,,1,16,,9706,22,4,,1,31,,9705,22,4,,1,57,,9704,22,4,,1,35,,9703,22,4,,1,14,,9702,22,4,,1,76,,9701,22,4,,1,13,,9699,22,4,,1,77,,9700,22,4,,1,14,,9698,22,4,,1,76,,9697,22,4,,1,23,,9696,22,4,,1,67,,9695,22,4,,1,29,,9694,22,4,,1,23,,9693,22,4,,1,65,,9692,22,4,,1,25,,9691,22,4,,1,65,,9689,22,4,,1,25,,9690,22,4,,1,27,,9688,22,4,,1,63,,9687,22,4,,1,28,,9686,22,4,,1,65,,9685,22,4,,1,25,,9684,22,4,,1,62,,9683,22,4,,1,25,,9682,22,4,,1,25,,9681,22,4,,1,64,,9680,22,4,,1,25,,9679,22,4,,1,65,,9678,22,4,,1,25,,9677,22,4,,1,27,,9676,22,4,,1,82,,9675,22,4,,1,85,,9674,22,4,,1,85,,9673,22,4,,1,45,,9672,22,4,,1
20000,'Weekday',745,,11220,14,,,1
20001,'Weekday',1523,,11221,18,4,,1
