902,'Holiday1',812,2,16795,25,,,1,105,2,16797,25,,,1,106,2,16798,25,,,1,105,2,16799,25,,,1,105,2,16800,25,,,1,105,2,16801,25,,,1,104,2,16802,25,,,1,106,2,16803,25,,,1,107,2,16804,25,,,1,146,42,16805,25,,,1,107,2,16796,25,,,1
902,'Saturday',741,2,16806,25,,,1,90,2,16813,25,,,1,91,2,16816,25,,,1,90,2,16814,25,,,1,90,2,16818,25,,,1,50,2,16819,25,,,1,90,2,16820,25,,,1,90,2,16817,25,,,1,90,2,16812,25,,,1,90,2,16807,25,,,1,90,2,16809,25,,,1,50,2,16811,25,,,1,89,2,16815,25,,,1,90,2,16808,25,,,1,90,2,16810,25,,,1
902,'Sunday',812,2,16821,25,,,1,105,2,16823,25,,,1,106,2,16824,25,,,1,105,2,16825,25,,,1,105,2,16826,25,,,1,105,2,16827,25,,,1,104,2,16828,25,,,1,106,2,16829,25,,,1,107,2,16830,25,,,1,146,42,16831,25,,,1,107,2,16822,25,,,1
902,'Weekday',626,3,16832,25,,,1,74,43,16841,25,,,1,34,3,16842,25,,,1,85,3,16840,25,,,1,93,3,16838,25,,,1,38,3,16844,25,,,1,85,3,16849,25,,,1,85,3,16846,25,,,1,85,3,16839,25,,,1,45,3,16835,25,,,1,68,3,16850,25,,,1,35,3,16851,25,,,1,75,3,16852,25,,,1,6,3,16847,25,,,1,73,3,16853,25,,,1,35,3,16854,25,,,1,75,3,16845,25,,,1,35,3,16843,25,,,1,75,3,16848,25,,,1,76,3,16836,25,,,1,40,3,16837,25,,,1,84,3,16855,25,,,1,91,3,16856,25,,,1,86,3,16834,25,,,1,117,3,16833,25,,,1
1903,'Holiday1',800,,19496,1,,,1,100,,19497,1,,,1,100,,19498,1,,,1,100,,19499,1,,,1,100,,19500,1,,,1,100,,19501,1,,,1,100,,19502,1,,,1,100,,19504,1,,,1,100,,19506,1,,,1,100,,19503,1,,,1,100,,19507,1,,,1,100,,19505,1,,,1
1903,'Saturday',830,,19509,1,,,1,100,,19512,1,,,1,100,,19513,1,,,1,100,,19514,1,,,1,100,,19510,1,,,1,100,,19508,1,,,1,100,,19515,1,,,1,100,,19516,1,,,1,100,,19511,1,,,1,100,,19517,1,,,1,100,,19518,1,,,1
1903,'Sunday',800,,19519,1,,,1,100,,19520,1,,,1,100,,19521,1,,,1,100,,19522,1,,,1,100,,19523,1,,,1,100,,19524,1,,,1,100,,19525,1,,,1,100,,19527,1,,,1,100,,19529,1,,,1,100,,19526,1,,,1,100,,19530,1,,,1,100,,19528,1,,,1
1903,'Weekday',507,,19538,1,,,1,43,,19533,1,,,1,80,,19536,1,,,1,80,,19532,1,,,1,40,,19534,1,,,1,80,,19531,1,,,1,100,,19535,1,,,1,100,,19537,1,,,1,100,,19539,1,,,1,100,,19540,1,,,1,100,,19541,1,,,1,97,,19542,1,,,1,80,,19543,1,,,1,40,,19544,1,,,1,73,,19546,1,,,1,80,,19545,1,,,1,40,,19547,1,,,1,80,,19548,1,,,1,80,,19550,1,,,1,40,,19549,1,,,1
1904,'Holiday1',855,,19551,40,4,,1,100,,19552,40,4,,1,103,,19553,40,4,,1,100,,19554,40,4,,1,100,,19555,40,4,,1,99,,19556,40,4,,1,101,,19558,40,4,,1,100,,19559,40,4,,1,100,,19560,40,4,,1,97,,19557,40,4,,1,101,,19561,40,4,,1,101,,19562,40,4,,1
1904,'Saturday',824,,19563,40,4,,1,103,,19565,40,4,,1,100,,19567,40,4,,1,99,,19564,40,4,,1,100,,19568,40,4,,1,100,,19566,40,4,,1,100,,19569,40,4,,1,101,,19570,40,4,,1,100,,19572,40,4,,1,100,,19573,40,4,,1,99,,19574,40,4,,1,98,,19571,40,4,,1
1904,'Sunday',855,,19575,40,4,,1,100,,19576,40,4,,1,103,,19577,40,4,,1,100,,19578,40,4,,1,100,,19579,40,4,,1,99,,19580,40,4,,1,101,,19582,40,4,,1,100,,19583,40,4,,1,100,,19584,40,4,,1,97,,19581,40,4,,1,101,,19585,40,4,,1,101,,19586,40,4,,1
1904,'Weekday',553,,19589,40,4,,1,93,,19588,40,4,,1,81,,19591,40,4,,1,80,,19587,40,4,,1,40,,19590,40,4,,1,79,,19592,40,4,,1,100,,19593,40,4,,1,99,,19595,40,4,,1,100,,19594,40,4,,1,100,,19596,40,4,,1,100,,19597,40,4,,1,103,,19598,40,4,,1,85,,19599,40,4,,1,35,,19600,40,4,,1,80,,19601,40,4,,1,80,,19602,40,4,,1,38,,19603,40,4,,1,80,,19604,40,4,,1,80,,19605,40,4,,1
20800,'Weekday',717,,24469,1,,,1
20801,'Weekday',1507,,24470,27,4,,1
