403,'251229-MULTI-Saturday-01',643,,1826,0,,1,64,,1864,0,,1,24,,1865,0,,1,24,,1866,0,,1,65,,1867,0,,1,24,,1868,0,,1,64,,1870,0,,1,26,,1871,0,,1,24,,1872,0,,1,63,,1869,0,,1,24,,1873,0,,1,64,,1874,0,,1,24,,1875,0,,1,25,,1876,0,,1,64,,1877,0,,1,24,,1878,0,,1,64,,1879,0,,1,25,,1880,0,,1,24,,1881,0,,1,64,,1882,0,,1,24,,1883,0,,1,65,,1884,0,,1,24,,1885,0,,1,18,,1887,0,,1,64,,1888,0,,1,27,,1889,0,,1,64,,1886,0,,1,24,,1890,0,,1,25,,1829,0,,1,64,,1831,0,,1,24,,1828,0,,1,64,,1830,0,,1,37,,1903,0,,1,69,,1904,0,,1,28,,1906,0,,1,69,,1907,0,,1,29,,1908,0,,1,70,,1905,0,,1,30,,1909,0,,1,70,,1910,0,,1,29,,1911,0,,1,70,,1912,0,,1,33,,1913,0,,1,71,,1914,0,,1
403,'251229-MULTI-Sunday-01',749,,1915,0,,1,70,,1956,0,,1,31,,1957,0,,1,70,,1958,0,,1,30,,1959,0,,1,70,,1960,0,,1,29,,1961,0,,1,70,,1962,0,,1,31,,1963,0,,1,70,,1964,0,,1,31,,1965,0,,1,70,,1966,0,,1,30,,1967,0,,1,70,,1968,0,,1,31,,1969,0,,1,71,,1970,0,,1,30,,1971,0,,1,70,,1972,0,,1,32,,1973,0,,1,73,,1974,0,,1,30,,1976,0,,1,70,,1977,0,,1,28,,1978,0,,1,70,,1975,0,,1,30,,1979,0,,1,70,,1980,0,,1,29,,1981,0,,1,67,,1982,0,,1,28,,1983,0,,1,69,,1984,0,,1,31,,1985,0,,1,70,,1986,0,,1,30,,1917,0,,1,70,,1920,0,,1,30,,1918,0,,1,70,,1919,0,,1
403,'260105-MULTI-Holiday1-01',749,,1987,0,,1,70,,2028,0,,1,31,,2029,0,,1,70,,2030,0,,1,30,,2032,0,,1,70,,2033,0,,1,29,,2034,0,,1,70,,2031,0,,1,31,,2035,0,,1,70,,2036,0,,1,31,,2037,0,,1,70,,2038,0,,1,30,,2039,0,,1,70,,2040,0,,1,31,,2041,0,,1,71,,2042,0,,1,30,,2043,0,,1,70,,2044,0,,1,32,,2045,0,,1,73,,2046,0,,1,30,,2048,0,,1,70,,2049,0,,1,28,,2050,0,,1,70,,2047,0,,1,30,,2051,0,,1,70,,2052,0,,1,29,,2053,0,,1,67,,2054,0,,1,28,,2055,0,,1,69,,2056,0,,1,31,,2057,0,,1,70,,2058,0,,1,30,,1989,0,,1,70,,1992,0,,1,30,,1990,0,,1,70,,1991,0,,1
403,'260105-MULTI-Saturday-01',643,,2059,0,,1,64,,2097,0,,1,24,,2098,0,,1,24,,2099,0,,1,65,,2100,0,,1,24,,2101,0,,1,64,,2103,0,,1,26,,2105,0,,1,24,,2106,0,,1,63,,2102,0,,1,24,,2107,0,,1,64,,2104,0,,1,24,,2108,0,,1,25,,2109,0,,1,64,,2110,0,,1,24,,2111,0,,1,64,,2112,0,,1,25,,2113,0,,1,24,,2114,0,,1,64,,2115,0,,1,24,,2116,0,,1,65,,2117,0,,1,24,,2118,0,,1,18,,2120,0,,1,64,,2121,0,,1,27,,2122,0,,1,64,,2119,0,,1,24,,2123,0,,1,25,,2063,0,,1,64,,2064,0,,1,24,,2061,0,,1,64,,2062,0,,1,37,,2136,0,,1,69,,2137,0,,1,28,,2139,0,,1,69,,2141,0,,1,29,,2142,0,,1,70,,2138,0,,1,30,,2143,0,,1,70,,2140,0,,1,29,,2144,0,,1,70,,2145,0,,1,33,,2146,0,,1,71,,2147,0,,1
403,'260105-MULTI-Sunday-01',749,,2148,0,,1,70,,2189,0,,1,31,,2190,0,,1,70,,2191,0,,1,30,,2193,0,,1,70,,2194,0,,1,29,,2195,0,,1,70,,2192,0,,1,31,,2196,0,,1,70,,2197,0,,1,31,,2198,0,,1,70,,2199,0,,1,30,,2200,0,,1,70,,2201,0,,1,31,,2202,0,,1,71,,2203,0,,1,30,,2204,0,,1,70,,2205,0,,1,32,,2206,0,,1,73,,2207,0,,1,30,,2209,0,,1,70,,2210,0,,1,28,,2211,0,,1,70,,2208,0,,1,30,,2212,0,,1,70,,2213,0,,1,29,,2214,0,,1,67,,2215,0,,1,28,,2216,0,,1,69,,2217,0,,1,31,,2218,0,,1,70,,2219,0,,1,30,,2150,0,,1,70,,2153,0,,1,30,,2151,0,,1,70,,2152,0,,1
403,'260105-MULTI-Weekday-01',538,,2220,0,,1,63,,2221,0,,1,21,,2222,0,,1,18,,2223,0,,1,61,,2224,0,,1,22,,2225,0,,1,21,,2226,0,,1,60,,2227,0,,1,20,,2228,0,,1,20,,2229,0,,1,60,,2230,0,,1,19,,2231,0,,1,19,,2232,0,,1,60,,2233,0,,1,19,,2234,0,,1,20,,2235,0,,1,60,,2236,0,,1,20,,2237,0,,1,22,,2239,0,,1,58,,2238,0,,1,21,,2240,0,,1,20,,2241,0,,1,60,,2242,0,,1,24,,2243,0,,1,20,,2244,0,,1,58,,2245,0,,1,18,,2246,0,,1,21,,2247,0,,1,60,,2248,0,,1,25,,2249,0,,1,18,,2250,0,,1,60,,2251,0,,1,20,,2252,0,,1,20,,2253,0,,1,60,,2254,0,,1,20,,2255,0,,1,21,,2256,0,,1,62,,2257,0,,1,20,,2258,0,,1,20,,2259,0,,1,63,,2260,0,,1,20,,2261,0,,1,20,,2262,0,,1,56,,2321,0,,1,20,,2322,0,,1,19,,2323,0,,1,66,,2324,0,,1,23,,2325,0,,1,64,,2326,0,,1,24,,2327,0,,1,23,,2328,0,,1,64,,2329,0,,1,24,,2330,0,,1,24,,2331,0,,1,64,,2332,0,,1,24,,2333,0,,1,64,,2334,0,,1,24,,2335,0,,1,24,,2336,0,,1
2603,'251229-MULTI-Saturday-01',710,,9797,0,,1,23,,9799,0,,1,70,,9800,0,,1,30,,9798,0,,1,70,,9801,0,,1,30,,9802,0,,1,70,,9803,0,,1,29,,9805,0,,1,70,,9806,0,,1,30,,9807,0,,1,70,,9804,0,,1,31,,9808,0,,1,70,,9810,0,,1,31,,9811,0,,1,70,,9812,0,,1,30,,9809,0,,1,70,,9813,0,,1,30,,9814,0,,1,70,,9815,0,,1,30,,9816,0,,1,70,,9817,0,,1,30,,9818,0,,1,70,,9819,0,,1,30,,9821,0,,1,70,,9822,0,,1,29,,9823,0,,1,70,,9820,0,,1,30,,9824,0,,1,70,,9825,0,,1,30,,9826,0,,1,70,,9827,0,,1
2603,'251229-MULTI-Sunday-01',709,,9828,0,,1,94,,9829,0,,1,100,,9830,0,,1,100,,9831,0,,1,99,,9832,0,,1,100,,9833,0,,1,101,,9834,0,,1,101,,9835,0,,1,100,,9836,0,,1,100,,9837,0,,1,100,,9838,0,,1,100,,9839,0,,1,100,,9840,0,,1,99,,9841,0,,1,100,,9842,0,,1
2603,'260105-MULTI-Holiday1-01',709,,9843,0,,1,94,,9844,0,,1,100,,9845,0,,1,100,,9846,0,,1,99,,9847,0,,1,100,,9848,0,,1,101,,9849,0,,1,101,,9851,0,,1,100,,9852,0,,1,100,,9853,0,,1,100,,9850,0,,1,100,,9854,0,,1,100,,9855,0,,1,99,,9856,0,,1,100,,9857,0,,1
2603,'260105-MULTI-Saturday-01',710,,9858,0,,1,23,,9860,0,,1,70,,9861,0,,1,30,,9859,0,,1,70,,9862,0,,1,30,,9863,0,,1,70,,9864,0,,1,29,,9866,0,,1,70,,9867,0,,1,30,,9868,0,,1,70,,9865,0,,1,31,,9870,0,,1,70,,9872,0,,1,31,,9869,0,,1,70,,9873,0,,1,30,,9871,0,,1,70,,9874,0,,1,30,,9875,0,,1,70,,9876,0,,1,30,,9877,0,,1,70,,9878,0,,1,30,,9879,0,,1,70,,9880,0,,1,30,,9882,0,,1,70,,9883,0,,1,29,,9884,0,,1,70,,9881,0,,1,30,,9885,0,,1,70,,9886,0,,1,30,,9887,0,,1,70,,9888,0,,1
2603,'260105-MULTI-Sunday-01',709,,9889,0,,1,94,,9890,0,,1,100,,9891,0,,1,100,,9892,0,,1,99,,9893,0,,1,100,,9894,0,,1,101,,9895,0,,1,101,,9897,0,,1,100,,9898,0,,1,100,,9899,0,,1,100,,9896,0,,1,100,,9900,0,,1,100,,9901,0,,1,99,,9902,0,,1,100,,9903,0,,1
2603,'260105-MULTI-Weekday-01',440,,9904,0,,1,62,,9905,0,,1,22,,9906,0,,1,22,,9907,0,,1,62,,9908,0,,1,22,,9909,0,,1,22,,9910,0,,1,63,,9911,0,,1,22,,9912,0,,1,22,,9913,0,,1,62,,9914,0,,1,22,,9915,0,,1,62,,9916,0,,1,21,,9917,0,,1,22,,9918,0,,1,62,,9919,0,,1,22,,9920,0,,1,22,,9921,0,,1,62,,9922,0,,1,22,,9923,0,,1,62,,9924,0,,1,24,,9926,0,,1,22,,9927,0,,1,62,,9928,0,,1,22,,9925,0,,1,22,,9929,0,,1,62,,9930,0,,1,22,,9931,0,,1,22,,9932,0,,1,61,,9933,0,,1,22,,9934,0,,1,62,,9935,0,,1,22,,9936,0,,1,22,,9937,0,,1,62,,9938,0,,1,22,,9939,0,,1,25,,9940,0,,1,59,,9941,0,,1,22,,9942,0,,1,22,,9943,0,,1,62,,9944,0,,1,22,,9945,0,,1,62,,9946,0,,1,21,,9947,0,,1,22,,9948,0,,1,62,,9949,0,,1,22,,9950,0,,1,22,,9951,0,,1,64,,9952,0,,1,22,,9953,0,,1,62,,9954,0,,1,22,,9955,0,,1,22,,9956,0,,1,61,,9957,0,,1,22,,9958,0,,1,22,,9959,0,,1
