902,'Holiday1',833,,3392,50,,,1,105,,3394,50,,,1,108,,3395,50,,,1,105,,3396,50,,,1,105,,3397,50,,,1,145,,3399,50,,,1,107,,3400,50,,,1,105,,3401,50,,,1,107,,3398,50,,,1,106,,3402,50,,,1,107,,3393,50,,,1
902,'Saturday',802,,3403,50,,,1,50,,3410,50,,,1,93,,3413,50,,,1,90,,3411,50,,,1,90,,3415,50,,,1,90,,3416,50,,,1,90,,3417,50,,,1,50,,3414,50,,,1,90,,3409,50,,,1,92,,3404,50,,,1,92,,3406,50,,,1,90,,3408,50,,,1,88,,3412,50,,,1,47,,3405,50,,,1,90,,3407,50,,,1
902,'Sunday',833,,3418,50,,,1,105,,3420,50,,,1,108,,3421,50,,,1,105,,3422,50,,,1,105,,3423,50,,,1,145,,3424,50,,,1,107,,3425,50,,,1,105,,3426,50,,,1,107,,3427,50,,,1,106,,3428,50,,,1,107,,3419,50,,,1
902,'Weekday',647,,3429,50,,,1,79,,3438,50,,,1,74,,3439,50,,,1,45,,3437,50,,,1,90,,3435,50,,,1,78,,3441,50,,,1,45,,3446,50,,,1,85,,3443,50,,,1,85,,3436,50,,,1,88,,3432,50,,,1,29,,3447,50,,,1,75,,3448,50,,,1,35,,3449,50,,,1,46,,3444,50,,,1,33,,3450,50,,,1,75,,3451,50,,,1,35,,3442,50,,,1,75,,3440,50,,,1,35,,3445,50,,,1,76,,3433,50,,,1,78,,3434,50,,,1,42,,3452,50,,,1,88,,3453,50,,,1,86,,3431,50,,,1,117,,3430,50,,,1
2503,'Weekday',526,,6735,13,,,1,30,,6734,13,,,1,70,,6738,13,,,1,76,,6744,13,,,1,37,,6743,13,,,1,77,,6741,13,,,1,36,,6740,13,,,1,76,,6742,13,,,1,76,,6745,13,,,1,408,,6736,13,,,1,38,,6737,13,,,1,79,,6746,13,,,1,77,,6747,13,,,1,34,,6748,13,,,1,78,,6749,13,,,1,36,,6750,13,,,1,75,,6751,13,,,1,75,,6752,13,,,1,35,,6739,13,,,1
2902,'Holiday1',713,,7530,37,,,1,35,,7531,37,,,1,78,,7534,37,,,1,76,,7535,37,,,1,35,,7536,37,,,1,75,,7532,37,,,1,36,,7533,37,,,1,75,,7538,37,,,1,35,,7540,37,,,1,75,,7537,37,,,1,75,,7541,37,,,1,35,,7539,37,,,1,76,,7542,37,,,1,35,,7544,37,,,1,75,,7545,37,,,1,76,,7546,37,,,1,35,,7543,37,,,1,75,,7547,37,,,1,35,,7548,37,,,1,75,,7549,37,,,1,75,,7550,37,,,1,33,,7551,37,,,1,75,,7553,37,,,1,32,,7552,37,,,1,75,,7554,37,,,1,34,,7558,37,,,1,90,,7556,37,,,1,90,,7557,37,,,1,90,,7555,37,,,1
2902,'Saturday',645,,7565,37,,,1,65,,7573,37,,,1,26,,7575,37,,,1,65,,7576,37,,,1,25,,7574,37,,,1,26,,7577,37,,,1,66,,7578,37,,,1,25,,7579,37,,,1,66,,7580,37,,,1,31,,7581,37,,,1,65,,7584,37,,,1,26,,7582,37,,,1,25,,7583,37,,,1,65,,7585,37,,,1,25,,7586,37,,,1,65,,7587,37,,,1,25,,7588,37,,,1,65,,7589,37,,,1,25,,7590,37,,,1,25,,7591,37,,,1,65,,7592,37,,,1,25,,7594,37,,,1,66,,7595,37,,,1,25,,7596,37,,,1,25,,7593,37,,,1,65,,7572,37,,,1,25,,7569,37,,,1,64,,7571,37,,,1,23,,7570,37,,,1,67,,7568,37,,,1,28,,7567,37,,,1,83,,7560,37,,,1,35,,7561,37,,,1,72,,7559,37,,,1,29,,7563,37,,,1,79,,7564,37,,,1,90,,7562,37,,,1,90,,7566,37,,,1
2902,'Sunday',713,,7597,37,,,1,35,,7598,37,,,1,78,,7601,37,,,1,76,,7602,37,,,1,35,,7603,37,,,1,75,,7599,37,,,1,36,,7600,37,,,1,75,,7604,37,,,1,35,,7606,37,,,1,75,,7607,37,,,1,75,,7608,37,,,1,35,,7605,37,,,1,76,,7609,37,,,1,35,,7611,37,,,1,75,,7612,37,,,1,76,,7613,37,,,1,35,,7610,37,,,1,75,,7614,37,,,1,35,,7615,37,,,1,75,,7616,37,,,1,75,,7617,37,,,1,33,,7618,37,,,1,75,,7620,37,,,1,32,,7619,37,,,1,75,,7621,37,,,1,34,,7625,37,,,1,90,,7623,37,,,1,90,,7624,37,,,1,90,,7622,37,,,1
2902,'Weekday',613,,7627,37,,,1,32,,7626,46,0,5,1,56,,7662,46,0,5,1,16,,7659,46,0,5,1,17,,7658,46,0,5,1,16,,7655,46,0,5,1,56,,7654,46,0,5,1,16,,7657,46,0,5,1,16,,7656,46,0,5,1,16,,7661,46,0,5,1,55,,7660,46,0,5,1,14,,7664,46,0,5,1,14,,7663,46,0,5,1,18,,7666,46,0,5,1,56,,7665,46,0,5,1,24,,7628,37,,,1,65,,7629,37,,,1,25,,7630,37,,,1,25,,7631,37,,,1,67,,7632,37,,,1,22,,7633,37,,,1,65,,7634,37,,,1,25,,7635,37,,,1,25,,7636,37,,,1,69,,7637,37,,,1,81,,7638,37,,,1,16,,7640,46,0,5,1,7,,7652,24,,,1,7,,7641,46,0,5,1,19,,7667,46,0,5,1,58,,7668,46,0,5,1,18,,7669,46,0,5,1,14,,7653,46,0,5,1,4,,7670,46,0,5,1,58,,7671,46,0,5,1,18,,7672,46,0,5,1,18,,7673,46,0,5,1,18,,7674,46,0,5,1,56,,7675,46,0,5,1,18,,7676,46,0,5,1,16,,7677,46,0,5,1,58,,7678,46,0,5,1,16,,7679,46,0,5,1,17,,7680,46,0,5,1,18,,7681,46,0,5,1,55,,7682,46,0,5,1,17,,7683,46,0,5,1,15,,7639,46,0,5,1,65,,7644,37,,,1,33,,7645,37,,,1,72,,7646,37,,,1,32,,7647,37,,,1,69,,7648,37,,,1,29,,7649,37,,,1,70,,7650,37,,,1,30,,7651,37,,,1,70,,7642,37,,,1,30,,7643,37,,,1
21501,'Weekday',1502,,11248,36,,,1
