'251229-MULTI-Saturday-01',5003,55500,4,'',1,8000,4,'',1,8000,4,'',1,4000,4,'',1,8000,4,'',1,7900,4,'',1,3800,4,'',1,9100,4,'',1,6600,4,'',1,2800,4,'',1,7000,4,'',1,3000,4,'',1,7000,4,'',1,3100,4,'',1,7000,4,'',1,2900,4,'',1,7100,4,'',1,3000,4,'',1,7000,4,'',1,3800,4,'',1,6400,4,'',1,2800,4,'',1,7600,4,'',1,2400,4,'',1,6900,4,'',1,3800,4,'',1,6200,4,'',1,2900,4,'',1,8500,4,'',1,8200,4,'',1,3700,4,'',1,7100,4,'',1,8900,4,'',1,2900,4,'',1
'251229-MULTI-Saturday-01',5004,44500,0,'',1,8000,0,'',1,8000,0,'',1,4000,0,'',1,6600,0,'A',1,1400,0,'',1,3100,0,'A',1,4900,0,'',1,3600,0,'A',1,400,0,'',1,8100,0,'A',1,400,0,'',1,2800,0,'',1,5300,0,'A',1,1400,0,'',1,3000,0,'A',1,7000,0,'',1,1600,0,'A',1,1400,0,'',1,7000,0,'A',1,3000,0,'',1,5600,0,'A',1,1400,0,'',1,2700,0,'',1,200,0,'A',1,7100,0,'',1,1600,0,'A',1,1400,0,'',1,7000,0,'',1,100,0,'A',1,2900,0,'',1,5600,0,'A',1,1400,0,'',1,3100,0,'A',1,4400,0,'',1,2500,0,'',1,1600,0,'A',1,1200,0,'',1,7000,0,'A',1,400,0,'',1,2800,0,'',1,5600,0,'A',1,1200,0,'',1,3300,0,'A',1,5600,0,'',1,2900,0,'A',1,400,0,'',1,7900,0,'A',1,200,0,'',1,7800,0,'A',1,400,0,'',1,3500,0,'',1,1300,0,'A',1,6900,0,'',1,1600,0,'A',1
'251229-MULTI-Sunday-01',5003,74100,4,'',1,7000,4,'',1,2500,4,'',1,6900,4,'',1,3000,4,'',1,7000,4,'',1,3100,4,'',1,7700,4,'',1,2400,4,'',1,7200,4,'',1,3700,4,'',1,6100,4,'',1,3100,4,'',1,8000,4,'',1,1900,4,'',1,7100,4,'',1,3500,4,'',1,6500,4,'',1,3000,4,'',1,7900,4,'',1,2100,4,'',1,7000,4,'',1,3500,4,'',1,6400,4,'',1,3100,4,'',1,8700,4,'',1,8300,4,'',1,3900,4,'',1,6900,4,'',1,3900,4,'',1,8200,4,'',1
'251229-MULTI-Sunday-01',5004,65500,0,'',1,7000,0,'',1,2200,0,'A',1,800,0,'',1,7000,0,'',1,200,0,'A',1,2800,0,'',1,6200,0,'A',1,800,0,'',1,2600,0,'A',1,400,0,'',1,7000,0,'',1,2200,0,'A',1,800,0,'',1,7100,0,'A',1,600,0,'',1,1900,0,'',1,6600,0,'A',1,800,0,'',1,2800,0,'A',1,4900,0,'',1,2300,0,'',1,2200,0,'A',1,800,0,'',1,6800,0,'A',1,600,0,'',1,2600,0,'',1,6200,0,'A',1,800,0,'',1,2900,0,'A',1,4600,0,'',1,2500,0,'',1,2200,0,'A',1,800,0,'',1,6200,0,'A',1,800,0,'',1,3000,0,'',1,6200,0,'A',1,800,0,'',1,3400,0,'A',1,5300,0,'',1,2800,0,'A',1,1000,0,'',1,7400,0,'A',1,600,0,'',1,7900,0,'A',1,300,0,'',1,3800,0,'',1,5300,0,'A',1,2700,0,'',1,1700,0,'A',1,8000,0,'A',1
'260105-MULTI-Holiday1-01',5003,74100,4,'',1,7000,4,'',1,2500,4,'',1,6900,4,'',1,3000,4,'',1,7000,4,'',1,3100,4,'',1,7700,4,'',1,2400,4,'',1,7200,4,'',1,3700,4,'',1,6100,4,'',1,3100,4,'',1,8000,4,'',1,1900,4,'',1,7100,4,'',1,3500,4,'',1,6500,4,'',1,3000,4,'',1,7900,4,'',1,2100,4,'',1,7000,4,'',1,3500,4,'',1,6400,4,'',1,3100,4,'',1,8700,4,'',1,8300,4,'',1,3900,4,'',1,6900,4,'',1,3900,4,'',1,8200,4,'',1
'260105-MULTI-Holiday1-01',5004,65500,0,'',1,7000,0,'',1,2200,0,'A',1,800,0,'',1,7000,0,'',1,200,0,'A',1,2800,0,'',1,6200,0,'A',1,800,0,'',1,2600,0,'A',1,400,0,'',1,7000,0,'',1,2200,0,'A',1,800,0,'',1,7100,0,'A',1,600,0,'',1,1900,0,'',1,6600,0,'A',1,800,0,'',1,2800,0,'A',1,4900,0,'',1,2300,0,'',1,2200,0,'A',1,800,0,'',1,6800,0,'A',1,600,0,'',1,2600,0,'',1,6200,0,'A',1,800,0,'',1,2900,0,'A',1,4600,0,'',1,2500,0,'',1,2200,0,'A',1,800,0,'',1,6200,0,'A',1,800,0,'',1,3000,0,'',1,6200,0,'A',1,800,0,'',1,3400,0,'A',1,5300,0,'',1,2800,0,'A',1,1000,0,'',1,7400,0,'A',1,600,0,'',1,7900,0,'A',1,300,0,'',1,3800,0,'',1,5300,0,'A',1,2700,0,'',1,1700,0,'A',1,8000,0,'A',1
'260105-MULTI-Saturday-01',5003,55500,4,'',1,8000,4,'',1,8000,4,'',1,4000,4,'',1,8000,4,'',1,7900,4,'',1,3800,4,'',1,9100,4,'',1,6600,4,'',1,2800,4,'',1,7000,4,'',1,3000,4,'',1,7000,4,'',1,3100,4,'',1,7000,4,'',1,2900,4,'',1,7100,4,'',1,3000,4,'',1,7000,4,'',1,3800,4,'',1,6400,4,'',1,2800,4,'',1,7600,4,'',1,2400,4,'',1,6900,4,'',1,3800,4,'',1,6200,4,'',1,2900,4,'',1,8500,4,'',1,8200,4,'',1,3700,4,'',1,7100,4,'',1,8900,4,'',1,2900,4,'',1
'260105-MULTI-Saturday-01',5004,44500,0,'',1,8000,0,'',1,8000,0,'',1,4000,0,'',1,6600,0,'A',1,1400,0,'',1,3100,0,'A',1,4900,0,'',1,3600,0,'A',1,400,0,'',1,8100,0,'A',1,400,0,'',1,2800,0,'',1,5300,0,'A',1,1400,0,'',1,3000,0,'A',1,7000,0,'',1,1600,0,'A',1,1400,0,'',1,7000,0,'A',1,3000,0,'',1,5600,0,'A',1,1400,0,'',1,2700,0,'',1,200,0,'A',1,7100,0,'',1,1600,0,'A',1,1400,0,'',1,7000,0,'',1,100,0,'A',1,2900,0,'',1,5600,0,'A',1,1400,0,'',1,3100,0,'A',1,4400,0,'',1,2500,0,'',1,1600,0,'A',1,1200,0,'',1,7000,0,'A',1,400,0,'',1,2800,0,'',1,5600,0,'A',1,1200,0,'',1,3300,0,'A',1,5600,0,'',1,2900,0,'A',1,400,0,'',1,7900,0,'A',1,200,0,'',1,7800,0,'A',1,400,0,'',1,3500,0,'',1,1300,0,'A',1,6900,0,'',1,1600,0,'A',1
'260105-MULTI-Sunday-01',5003,74100,4,'',1,7000,4,'',1,2500,4,'',1,6900,4,'',1,3000,4,'',1,7000,4,'',1,3100,4,'',1,7700,4,'',1,2400,4,'',1,7200,4,'',1,3700,4,'',1,6100,4,'',1,3100,4,'',1,8000,4,'',1,1900,4,'',1,7100,4,'',1,3500,4,'',1,6500,4,'',1,3000,4,'',1,7900,4,'',1,2100,4,'',1,7000,4,'',1,3500,4,'',1,6400,4,'',1,3100,4,'',1,8700,4,'',1,8300,4,'',1,3900,4,'',1,6900,4,'',1,3900,4,'',1,8200,4,'',1
'260105-MULTI-Sunday-01',5004,65500,0,'',1,7000,0,'',1,2200,0,'A',1,800,0,'',1,7000,0,'',1,200,0,'A',1,2800,0,'',1,6200,0,'A',1,800,0,'',1,2600,0,'A',1,400,0,'',1,7000,0,'',1,2200,0,'A',1,800,0,'',1,7100,0,'A',1,600,0,'',1,1900,0,'',1,6600,0,'A',1,800,0,'',1,2800,0,'A',1,4900,0,'',1,2300,0,'',1,2200,0,'A',1,800,0,'',1,6800,0,'A',1,600,0,'',1,2600,0,'',1,6200,0,'A',1,800,0,'',1,2900,0,'A',1,4600,0,'',1,2500,0,'',1,2200,0,'A',1,800,0,'',1,6200,0,'A',1,800,0,'',1,3000,0,'',1,6200,0,'A',1,800,0,'',1,3400,0,'A',1,5300,0,'',1,2800,0,'A',1,1000,0,'',1,7400,0,'A',1,600,0,'',1,7900,0,'A',1,300,0,'',1,3800,0,'',1,5300,0,'A',1,2700,0,'',1,1700,0,'A',1,8000,0,'A',1
'260105-MULTI-Weekday-01',5003,60700,4,'',1,1700,4,'',1,1500,4,'',1,1700,4,'',1,5700,4,'',1,1500,4,'',1,1500,4,'',1,1400,4,'',1,5300,4,'',1,1500,4,'',1,1400,4,'',1,1600,4,'',1,5400,4,'',1,1500,4,'',1,1400,4,'',1,1500,4,'',1,5500,4,'',1,1500,4,'',1,1500,4,'',1,1500,4,'',1,5500,4,'',1,1600,4,'',1,2100,4,'',1,6100,4,'',1,2100,4,'',1,2000,4,'',1,5900,4,'',1,2000,4,'',1,2000,4,'',1,6100,4,'',1,2500,4,'',1,1700,4,'',1,5500,4,'',1,1500,4,'',1,1400,4,'',1,1500,4,'',1,5500,4,'',1,1500,4,'',1,1600,4,'',1,1600,4,'',1,5600,4,'',1,1500,4,'',1,1500,4,'',1,1500,4,'',1,5400,4,'',1,1500,4,'',1,1300,4,'',1,1400,4,'',1,5500,4,'',1,1400,4,'',1,1400,4,'',1,1500,4,'',1,5500,4,'',1,1300,4,'',1,1400,4,'',1,2900,4,'',1,6800,4,'',1,3000,4,'',1,7000,4,'',1,3000,4,'',1,7100,4,'',1,3000,4,'',1,7000,4,'',1,3400,4,'',1
'260105-MULTI-Weekday-01',5004,44500,0,'',1,5500,0,'',1,700,0,'A',1,800,0,'',1,1500,0,'',1,700,0,'A',1,800,0,'',1,5500,0,'',1,700,0,'A',1,800,0,'',1,1500,0,'',1,600,0,'A',1,900,0,'',1,5500,0,'',1,700,0,'A',1,800,0,'',1,1500,0,'',1,800,0,'A',1,700,0,'',1,5500,0,'',1,800,0,'A',1,700,0,'',1,1500,0,'',1,800,0,'A',1,700,0,'',1,5500,0,'',1,900,0,'A',1,600,0,'',1,1600,0,'',1,900,0,'A',1,500,0,'',1,5600,0,'',1,900,0,'A',1,500,0,'',1,1500,0,'',1,1300,0,'A',1,200,0,'',1,5500,0,'',1,1800,0,'A',1,200,0,'',1,2000,0,'',1,1800,0,'A',1,4200,0,'',1,2000,0,'',1,1900,0,'A',1,100,0,'',1,6000,0,'',1,1900,0,'A',1,100,0,'',1,2000,0,'',1,900,0,'A',1,5100,0,'',1,1500,0,'',1,400,0,'A',1,1100,0,'',1,1500,0,'',1,700,0,'A',1,4800,0,'',1,1500,0,'',1,1000,0,'A',1,500,0,'',1,1500,0,'',1,700,0,'A',1,4800,0,'',1,1500,0,'',1,700,0,'A',1,800,0,'',1,1500,0,'',1,800,0,'A',1,4700,0,'',1,1500,0,'',1,1000,0,'A',1,500,0,'',1,1500,0,'',1,1100,0,'A',1,4400,0,'',1,1500,0,'',1,1000,0,'A',1,500,0,'',1,1500,0,'',1,700,0,'A',1,4800,0,'',1,1500,0,'',1,500,0,'A',1,1000,0,'',1,1500,0,'',1,500,0,'A',1,5000,0,'',1,2200,0,'A',1,800,0,'',1,2000,0,'A',1,5000,0,'',1,1900,0,'A',1,1100,0,'',1,1900,0,'A',1,5100,0,'',1,1800,0,'A',1,1200,0,'',1,1700,0,'A',1,5300,0,'',1,1600,0,'A',1,1400,0,'',1,7000,0,'',1,1100,0,'A',1,1900,0,'',1
