203,'Holiday1',741,,14139,,,1,73,,14140,,,1,33,,14141,,,1,73,,14142,,,1,33,,14143,,,1,74,,14145,,,1,73,,14146,,,1,34,,14147,,,1,73,,14144,,,1,33,,14149,,,1,73,,14151,,,1,33,,14152,,,1,73,,14148,,,1,33,,14153,,,1,73,,14150,,,1,33,,14154,,,1,73,,14155,,,1,73,,14157,,,1,33,,14158,,,1,73,,14159,,,1,33,,14156,,,1,72,,14161,,,1,33,,14162,,,1,73,,14163,,,1,33,,14160,,,1,70,,14165,,,1,33,,14166,,,1,73,,14168,,,1,73,,14169,,,1,32,,14167,,,1,73,,14170,,,1,33,,14164,,,1
203,'Saturday',549,,14171,,,1,70,,14172,,,1,30,,14175,,,1,73,,14176,,,1,25,,14174,,,1,78,,14173,,,1,29,,14179,,,1,91,,14180,,,1,71,,14177,,,1,30,,14178,,,1,74,,14181,,,1,30,,14183,,,1,68,,14185,,,1,30,,14186,,,1,70,,14182,,,1,30,,14187,,,1,70,,14184,,,1,30,,14188,,,1,70,,14189,,,1,30,,14192,,,1,70,,14193,,,1,30,,14194,,,1,70,,14190,,,1,30,,14191,,,1,70,,14195,,,1,30,,14197,,,1,69,,14198,,,1,28,,14199,,,1,68,,14196,,,1,29,,14200,,,1,70,,14201,,,1,29,,14204,,,1,70,,14205,,,1,30,,14202,,,1,70,,14203,,,1,30,,14207,,,1,70,,14208,,,1,30,,14206,,,1,70,,14209,,,1,30,,14210,,,1
203,'Sunday',741,,14211,,,1,73,,14212,,,1,33,,14213,,,1,73,,14214,,,1,33,,14215,,,1,74,,14217,,,1,73,,14218,,,1,34,,14219,,,1,73,,14216,,,1,33,,14221,,,1,73,,14222,,,1,33,,14223,,,1,73,,14220,,,1,33,,14224,,,1,73,,14225,,,1,33,,14226,,,1,73,,14227,,,1,73,,14229,,,1,33,,14230,,,1,73,,14231,,,1,33,,14228,,,1,72,,14233,,,1,33,,14234,,,1,73,,14235,,,1,33,,14232,,,1,70,,14237,,,1,33,,14238,,,1,73,,14240,,,1,73,,14241,,,1,32,,14239,,,1,73,,14242,,,1,33,,14236,,,1
203,'Weekday',435,,14243,,,1,22,,14245,,,1,62,,14246,,,1,22,,14247,,,1,62,,14244,,,1,23,,14248,,,1,18,,14249,,,1,59,,14250,,,1,25,,14251,,,1,31,,14252,,,1,62,,14253,,,1,15,,14254,,,1,19,,14256,,,1,69,,14257,,,1,27,,14258,,,1,62,,14255,,,1,19,,14259,,,1,19,,14260,,,1,63,,14261,,,1,25,,14262,,,1,62,,14263,,,1,18,,14264,,,1,18,,14266,,,1,66,,14267,,,1,26,,14268,,,1,22,,14265,,,1,55,,14270,,,1,19,,14271,,,1,26,,14272,,,1,66,,14269,,,1,21,,14273,,,1,16,,14275,,,1,60,,14276,,,1,27,,14277,,,1,68,,14274,,,1,22,,14278,,,1,20,,14280,,,1,64,,14281,,,1,25,,14282,,,1,67,,14279,,,1,20,,14283,,,1,19,,14284,,,1,67,,14285,,,1,22,,14286,,,1,19,,14287,,,1,63,,14288,,,1,21,,14289,,,1,21,,14291,,,1,60,,14292,,,1,16,,14293,,,1,69,,14290,,,1,32,,14294,,,1,71,,14295,,,1,32,,14296,,,1,68,,14297,,,1,28,,14298,,,1
2403,'Holiday1',811,,20219,,,1,45,,20220,,,1,85,,20221,,,1,85,,20222,,,1,85,,20224,,,1,45,,20225,,,1,85,,20226,,,1,85,,20223,,,1,85,,20228,,,1,45,,20230,,,1,85,,20231,,,1,85,,20227,,,1,85,,20232,,,1,45,,20229,,,1,85,,20233,,,1
2403,'Saturday',811,,20241,,,1,45,,20242,,,1,85,,20243,,,1,85,,20240,,,1,85,,20244,,,1,45,,20245,,,1,85,,20246,,,1,85,,20247,,,1,85,,20248,,,1,45,,20234,,,1,85,,20237,,,1,85,,20235,,,1,85,,20239,,,1,45,,20236,,,1,85,,20238,,,1
2403,'Sunday',811,,20249,,,1,45,,20250,,,1,85,,20251,,,1,85,,20252,,,1,85,,20254,,,1,45,,20255,,,1,85,,20256,,,1,85,,20253,,,1,85,,20258,,,1,45,,20259,,,1,85,,20260,,,1,85,,20257,,,1,85,,20261,,,1,45,,20262,,,1,85,,20263,,,1
2403,'Weekday',441,,20268,,,1,65,,20266,,,1,30,,20264,,,1,72,,20270,,,1,36,,20286,,,1,76,,20280,,,1,36,,20281,,,1,75,,20279,,,1,76,,20277,,,1,36,,20278,,,1,81,,20265,,,1,35,,20267,,,1,76,,20283,,,1,76,,20284,,,1,37,,20282,,,1,77,,20285,,,1,27,,20269,,,1,74,,20273,,,1,75,,20274,,,1,37,,20288,,,1,77,,20290,,,1,36,,20291,,,1,76,,20292,,,1,76,,20289,,,1,36,,20293,,,1,75,,20287,,,1,33,,20271,,,1,75,,20272,,,1,33,,20275,,,1,85,,20276,,,1
21601,'Weekday',755,,24884,,,1
50203,'Holiday1',931,,25532,,,1,20,,25493,,,1,59,,25494,,,1,22,,25492,,,1,20,,25481,,,1,60,,25482,,,1,20,,25480,,,1,21,,25483,,,1,55,,25511,,,1,15,,25513,,,1,15,,25514,,,1,15,,25510,,,1,55,,25536,,,1,15,,25515,,,1,15,,25512,,,1,15,,25516,,,1,55,,25517,,,1,15,,25518,,,1,16,,25519,,,1,14,,25522,,,1,52,,25523,,,1,12,,25520,,,1,12,,25521,,,1,12,,25524,,,1,12,,25525,,,1,52,,25526,,,1,12,,25527,,,1,12,,25528,,,1,12,,25529,,,1,12,,25531,,,1,52,,25533,,,1,12,,25534,,,1,12,,25498,,,1,12,,25497,,,1,12,,25509,,,1,52,,25499,,,1,12,,25500,,,1,12,,25506,,,1,12,,25503,,,1,12,,25501,,,1,52,,25508,,,1,11,,25504,,,1,12,,25502,,,1,11,,25505,,,1,12,,25507,,,1,52,,25496,,,1,12,,25537,,,1,12,,25535,,,1,12,,25495,,,1,12,,25484,,,1,60,,25485,,,1,20,,25486,,,1,22,,25487,,,1,57,,25488,,,1,20,,25489,,,1,20,,25490,,,1,60,,25491,,,1,20,,25530,,,1
50203,'Saturday',824,,25583,,,1,12,,25569,,,1,12,,25570,,,1,52,,25551,,,1,12,,25549,,,1,12,,25538,,,1,12,,25599,,,1,12,,25603,,,1,52,,25604,,,1,12,,25605,,,1,12,,25606,,,1,12,,25607,,,1,13,,25608,,,1,52,,25609,,,1,12,,25610,,,1,12,,25611,,,1,12,,25612,,,1,12,,25613,,,1,52,,25614,,,1,13,,25615,,,1,12,,25598,,,1,12,,25601,,,1,12,,25602,,,1,52,,25597,,,1,12,,25600,,,1,12,,25595,,,1,12,,25596,,,1,13,,25594,,,1,56,,25539,,,1,11,,25544,,,1,11,,25581,,,1,10,,25543,,,1,10,,25567,,,1,10,,25541,,,1,50,,25562,,,1,11,,25555,,,1,9,,25540,,,1,11,,25553,,,1,10,,25546,,,1,51,,25542,,,1,8,,25545,,,1,10,,25554,,,1,10,,25579,,,1,9,,25548,,,1,12,,25564,,,1,52,,25557,,,1,12,,25568,,,1,10,,25552,,,1,10,,25550,,,1,10,,25556,,,1,10,,25547,,,1,50,,25565,,,1,9,,25563,,,1,10,,25566,,,1,11,,25559,,,1,14,,25575,,,1,54,,25560,,,1,10,,25561,,,1,15,,25558,,,1,12,,25571,,,1,13,,25578,,,1,59,,25580,,,1,14,,25576,,,1,14,,25574,,,1,17,,25573,,,1,55,,25577,,,1,17,,25572,,,1,15,,25584,,,1,9,,25587,,,1,54,,25582,,,1,14,,25589,,,1,14,,25586,,,1,15,,25588,,,1,56,,25585,,,1,14,,25593,,,1,14,,25591,,,1,14,,25592,,,1,55,,25590,,,1
50203,'Sunday',931,,25670,,,1,20,,25629,,,1,59,,25630,,,1,22,,25628,,,1,20,,25617,,,1,60,,25618,,,1,20,,25616,,,1,21,,25619,,,1,55,,25647,,,1,15,,25649,,,1,15,,25650,,,1,15,,25646,,,1,55,,25672,,,1,15,,25651,,,1,15,,25648,,,1,15,,25652,,,1,55,,25653,,,1,15,,25654,,,1,16,,25655,,,1,14,,25658,,,1,52,,25659,,,1,12,,25656,,,1,12,,25657,,,1,12,,25660,,,1,12,,25661,,,1,52,,25662,,,1,12,,25663,,,1,12,,25664,,,1,12,,25665,,,1,12,,25667,,,1,52,,25668,,,1,12,,25669,,,1,12,,25636,,,1,12,,25633,,,1,12,,25645,,,1,52,,25634,,,1,12,,25635,,,1,12,,25642,,,1,12,,25639,,,1,12,,25637,,,1,52,,25644,,,1,11,,25640,,,1,12,,25638,,,1,11,,25641,,,1,12,,25643,,,1,52,,25632,,,1,12,,25673,,,1,12,,25671,,,1,12,,25631,,,1,12,,25620,,,1,60,,25621,,,1,20,,25622,,,1,22,,25623,,,1,57,,25624,,,1,20,,25625,,,1,20,,25626,,,1,60,,25627,,,1,20,,25666,,,1
50203,'Weekday',621,,25675,,,1,10,,25674,,,1,6,,25676,,,1,8,,25780,,,1,8,,25781,,,1,48,,25782,,,1,9,,25783,,,1,8,,25736,,,1,8,,25745,,,1,9,,25728,,,1,8,,25750,,,1,8,,25740,,,1,8,,25742,,,1,49,,25729,,,1,8,,25732,,,1,8,,25749,,,1,8,,25755,,,1,9,,25760,,,1,10,,25762,,,1,6,,25773,,,1,48,,25724,,,1,7,,25751,,,1,8,,25769,,,1,8,,25754,,,1,8,,25771,,,1,8,,25767,,,1,7,,25763,,,1,55,,25764,,,1,15,,25761,,,1,14,,25752,,,1,17,,25778,,,1,55,,25753,,,1,14,,25756,,,1,16,,25725,,,1,15,,25776,,,1,55,,25772,,,1,15,,25765,,,1,15,,25759,,,1,15,,25768,,,1,55,,25757,,,1,16,,25770,,,1,16,,25779,,,1,15,,25775,,,1,56,,25758,,,1,16,,25777,,,1,15,,25766,,,1,12,,25774,,,1,48,,25678,,,1,10,,25686,,,1,7,,25677,,,1,8,,25679,,,1,5,,25684,,,1,7,,25681,,,1,6,,25680,,,1,6,,25682,,,1,8,,25685,,,1,48,,25683,,,1,8,,25687,,,1,8,,25688,,,1,8,,25689,,,1,8,,25691,,,1,8,,25690,,,1,9,,25694,,,1,48,,25697,,,1,10,,25692,,,1,8,,25695,,,1,9,,25693,,,1,7,,25699,,,1,6,,25696,,,1,7,,25701,,,1,6,,25698,,,1,46,,25700,,,1,8,,25704,,,1,9,,25705,,,1,8,,25702,,,1,7,,25707,,,1,7,,25708,,,1,7,,25703,,,1,7,,25709,,,1,47,,25706,,,1,7,,25711,,,1,8,,25712,,,1,8,,25710,,,1,8,,25713,,,1,7,,25715,,,1,8,,25714,,,1,7,,25716,,,1,52,,25738,,,1,16,,25734,,,1,14,,25735,,,1,14,,25744,,,1,54,,25730,,,1,14,,25731,,,1,14,,25747,,,1,13,,25727,,,1,55,,25726,,,1,13,,25733,,,1,17,,25743,,,1,15,,25741,,,1,12,,25746,,,1,58,,25737,,,1,14,,25739,,,1,15,,25748,,,1,14,,25721,,,1,55,,25717,,,1,15,,25722,,,1,15,,25719,,,1,15,,25723,,,1,55,,25718,,,1,15,,25720,,,1
