204,'Holiday1',701,,665,2,,,1,33,,667,2,,,1,73,,669,2,,,1,33,,671,2,,,1,73,,672,2,,,1,33,,668,2,,,1,73,,673,2,,,1,33,,670,2,,,1,73,,674,2,,,1,33,,675,2,,,1,73,,677,2,,,1,73,,678,2,,,1,33,,679,2,,,1,73,,676,2,,,1,33,,681,2,,,1,73,,682,2,,,1,33,,683,2,,,1,73,,680,2,,,1,33,,695,2,,,1,73,,691,2,,,1,73,,694,2,,,1,33,,690,2,,,1,73,,693,2,,,1,33,,692,2,,,1,73,,688,2,,,1,33,,687,2,,,1,73,,689,2,,,1,33,,684,2,,,1,72,,686,2,,,1,33,,685,2,,,1,73,,666,2,,,1
204,'Saturday',610,,696,2,,,1,27,,734,2,,,1,73,,731,2,,,1,29,,730,2,,,1,72,,733,2,,,1,30,,732,2,,,1,70,,729,2,,,1,30,,728,2,,,1,70,,724,2,,,1,30,,727,2,,,1,70,,726,2,,,1,30,,735,2,,,1,70,,725,2,,,1,30,,723,2,,,1,70,,719,2,,,1,30,,718,2,,,1,70,,722,2,,,1,30,,721,2,,,1,70,,720,2,,,1,30,,717,2,,,1,70,,716,2,,,1,30,,712,2,,,1,70,,715,2,,,1,30,,710,2,,,1,70,,714,2,,,1,30,,713,2,,,1,70,,711,2,,,1,30,,709,2,,,1,69,,706,2,,,1,30,,705,2,,,1,70,,708,2,,,1,30,,707,2,,,1,70,,701,2,,,1,30,,702,2,,,1,70,,704,2,,,1,30,,703,2,,,1,70,,699,2,,,1,30,,700,2,,,1
204,'Sunday',701,,736,2,,,1,33,,738,2,,,1,73,,740,2,,,1,33,,741,2,,,1,73,,742,2,,,1,33,,739,2,,,1,73,,743,2,,,1,33,,744,2,,,1,73,,745,2,,,1,33,,746,2,,,1,73,,748,2,,,1,73,,749,2,,,1,33,,750,2,,,1,73,,747,2,,,1,33,,752,2,,,1,73,,753,2,,,1,33,,754,2,,,1,73,,751,2,,,1,33,,766,2,,,1,73,,762,2,,,1,73,,765,2,,,1,33,,761,2,,,1,73,,764,2,,,1,33,,763,2,,,1,73,,759,2,,,1,33,,758,2,,,1,73,,760,2,,,1,33,,755,2,,,1,72,,757,2,,,1,33,,756,2,,,1,73,,737,2,,,1
204,'Weekday',440,,821,2,,,1,62,,820,2,,,1,22,,819,2,,,1,16,,817,2,,,1,69,,816,2,,,1,22,,815,2,,,1,18,,811,2,,,1,60,,822,2,,,1,19,,814,2,,,1,26,,809,2,,,1,68,,813,2,,,1,20,,818,2,,,1,60,,812,2,,,1,22,,807,2,,,1,22,,810,2,,,1,65,,808,2,,,1,21,,806,2,,,1,20,,805,2,,,1,58,,804,2,,,1,27,,803,2,,,1,64,,799,2,,,1,22,,802,2,,,1,16,,801,2,,,1,17,,800,2,,,1,69,,798,2,,,1,27,,797,2,,,1,60,,796,2,,,1,15,,795,2,,,1,19,,794,2,,,1,68,,793,2,,,1,24,,792,2,,,1,62,,788,2,,,1,17,,791,2,,,1,23,,790,2,,,1,67,,789,2,,,1,26,,787,2,,,1,23,,783,2,,,1,61,,786,2,,,1,24,,785,2,,,1,66,,784,2,,,1,26,,782,2,,,1,20,,781,2,,,1,62,,780,2,,,1,23,,779,2,,,1,18,,778,2,,,1,59,,774,2,,,1,23,,777,2,,,1,20,,776,2,,,1,62,,775,2,,,1,34,,773,2,,,1,71,,772,2,,,1,32,,771,2,,,1,68,,770,2,,,1
2301,'Holiday1',734,,6293,28,,,1,71,,6266,28,,,1,31,,6268,28,,,1,22,,6265,28,,,1,68,,6269,28,,,1,31,,6267,28,,,1,74,,6270,28,,,1,28,,6271,28,,,1,68,,6272,28,,,1,28,,6273,28,,,1,68,,6274,28,,,1,28,,6278,28,,,1,68,,6279,28,,,1,28,,6280,28,,,1,68,,6275,28,,,1,28,,6277,28,,,1,68,,6281,28,,,1,28,,6282,28,,,1,68,,6276,28,,,1,28,,6284,28,,,1,68,,6285,28,,,1,28,,6287,28,,,1,28,,6283,28,,,1,67,,6288,28,,,1,28,,6286,28,,,1,67,,6290,28,,,1,28,,6291,28,,,1,67,,6289,28,,,1,28,,6294,28,,,1,67,,6292,28,,,1,27,,6296,28,,,1,69,,6295,28,,,1
2301,'Saturday',644,,6298,28,,,1,70,,6297,28,,,1,28,,6307,28,,,1,68,,6311,28,,,1,30,,6312,28,,,1,68,,6309,28,,,1,28,,6308,28,,,1,67,,6310,28,,,1,28,,6313,28,,,1,28,,6314,28,,,1,70,,6315,28,,,1,29,,6316,28,,,1,68,,6318,28,,,1,28,,6319,28,,,1,69,,6320,28,,,1,28,,6317,28,,,1,68,,6321,28,,,1,29,,6323,28,,,1,68,,6324,28,,,1,27,,6325,28,,,1,68,,6322,28,,,1,26,,6326,28,,,1,68,,6327,28,,,1,27,,6328,28,,,1,74,,6329,28,,,1,39,,6301,28,,,1,70,,6299,28,,,1,31,,6302,28,,,1,69,,6300,28,,,1,30,,6304,28,,,1,69,,6306,28,,,1,30,,6303,28,,,1,69,,6305,28,,,1,29,,6330,28,,,1,70,,6332,28,,,1,30,,6331,28,,,1,70,,6333,28,,,1,30,,6334,28,,,1
2301,'Sunday',734,,6363,28,,,1,71,,6336,28,,,1,31,,6338,28,,,1,22,,6335,28,,,1,68,,6339,28,,,1,31,,6337,28,,,1,74,,6340,28,,,1,28,,6341,28,,,1,68,,6342,28,,,1,28,,6343,28,,,1,68,,6344,28,,,1,28,,6347,28,,,1,68,,6348,28,,,1,28,,6349,28,,,1,68,,6345,28,,,1,28,,6350,28,,,1,68,,6351,28,,,1,28,,6352,28,,,1,68,,6346,28,,,1,28,,6354,28,,,1,68,,6355,28,,,1,28,,6357,28,,,1,28,,6353,28,,,1,67,,6358,28,,,1,28,,6356,28,,,1,67,,6360,28,,,1,28,,6361,28,,,1,67,,6359,28,,,1,28,,6364,28,,,1,67,,6362,28,,,1,27,,6366,28,,,1,69,,6365,28,,,1
2301,'Weekday',435,,6367,28,,,1,15,,6368,28,,,1,55,,6369,28,,,1,16,,6370,28,,,1,16,,6371,28,,,1,15,,6372,28,,,1,54,,6373,28,,,1,14,,6374,28,,,1,16,,6375,28,,,1,15,,6376,28,,,1,55,,6377,28,,,1,17,,6379,28,,,1,15,,6380,28,,,1,16,,6381,28,,,1,55,,6378,28,,,1,16,,6383,28,,,1,15,,6384,28,,,1,15,,6385,28,,,1,55,,6382,28,,,1,14,,6386,28,,,1,31,,6387,28,,,1,68,,6388,28,,,1,31,,6389,28,,,1,75,,6390,28,,,1,30,,6391,28,,,1,66,,6392,28,,,1,27,,6393,28,,,1,70,,6394,28,,,1,28,,6395,28,,,1,60,,6426,28,,,1,20,,6396,28,,,1,15,,6425,28,,,1,55,,6422,28,,,1,15,,6424,28,,,1,14,,6423,28,,,1,15,,6398,28,,,1,15,,6397,28,,,1,55,,6399,28,,,1,15,,6401,28,,,1,15,,6403,28,,,1,15,,6404,28,,,1,55,,6405,28,,,1,15,,6402,28,,,1,15,,6406,28,,,1,15,,6400,28,,,1,55,,6407,28,,,1,15,,6408,28,,,1,15,,6409,28,,,1,15,,6410,28,,,1,54,,6411,28,,,1,20,,6412,28,,,1,73,,6413,28,,,1,33,,6414,28,,,1,73,,6416,28,,,1,34,,6417,28,,,1,74,,6418,28,,,1,34,,6415,28,,,1,72,,6419,28,,,1,74,,6420,28,,,1,34,,6421,28,,,1
2802,'Holiday1',531,,7242,2,0,5,1,25,,7233,2,,,1,65,,7229,2,0,5,1,25,,7238,2,,,1,65,,7234,2,0,5,1,25,,7228,2,,,1,65,,7241,2,0,5,1,25,,7232,2,,,1,25,,7230,2,0,5,1,65,,7236,2,,,1,25,,7235,2,0,5,1,65,,7231,2,,,1,25,,7240,2,0,5,1,25,,7237,2,,,1,65,,7244,2,0,5,1,25,,7239,2,,,1,65,,7245,2,0,5,1,25,,7243,2,,,1,65,,7246,2,0,5,1,25,,7247,2,,,1,25,,7248,2,0,5,1,65,,7249,2,,,1,25,,7251,2,0,5,1,65,,7250,2,,,1,25,,7252,2,0,5,1,25,,7253,2,,,1,65,,7254,2,0,5,1,25,,7255,2,,,1,65,,7256,2,0,5,1,25,,7257,2,,,1,65,,7258,2,0,5,1,25,,7259,2,,,1,25,,7260,2,0,5,1
2802,'Saturday',531,,7263,2,0,5,1,25,,7278,2,,,1,65,,7264,2,0,5,1,25,,7279,2,,,1,65,,7261,2,0,5,1,25,,7282,2,,,1,65,,7262,2,0,5,1,25,,7283,2,,,1,25,,7265,2,0,5,1,65,,7284,2,,,1,25,,7267,2,0,5,1,65,,7280,2,,,1,25,,7268,2,0,5,1,25,,7281,2,,,1,65,,7269,2,0,5,1,25,,7285,2,,,1,65,,7266,2,0,5,1,25,,7287,2,,,1,65,,7270,2,0,5,1,25,,7288,2,,,1,25,,7271,2,0,5,1,65,,7289,2,,,1,25,,7272,2,0,5,1,65,,7286,2,,,1,25,,7273,2,0,5,1,25,,7290,2,,,1,65,,7274,2,0,5,1,25,,7291,2,,,1,65,,7275,2,0,5,1,25,,7292,2,,,1,65,,7276,2,0,5,1,25,,7293,2,,,1,25,,7277,2,0,5,1
2802,'Sunday',531,,7308,2,0,5,1,25,,7298,2,,,1,65,,7295,2,0,5,1,25,,7304,2,,,1,65,,7300,2,0,5,1,25,,7294,2,,,1,65,,7307,2,0,5,1,25,,7297,2,,,1,25,,7296,2,0,5,1,65,,7302,2,,,1,25,,7301,2,0,5,1,65,,7299,2,,,1,25,,7306,2,0,5,1,25,,7303,2,,,1,65,,7310,2,0,5,1,25,,7305,2,,,1,65,,7311,2,0,5,1,25,,7309,2,,,1,65,,7312,2,0,5,1,25,,7313,2,,,1,25,,7314,2,0,5,1,65,,7315,2,,,1,25,,7316,2,0,5,1,65,,7318,2,,,1,25,,7317,2,0,5,1,25,,7319,2,,,1,65,,7320,2,0,5,1,25,,7321,2,,,1,65,,7322,2,0,5,1,25,,7323,2,,,1,65,,7324,2,0,5,1,25,,7325,2,,,1,25,,7326,2,0,5,1
2802,'Weekday',511,,7367,2,,,1,24,,7327,2,0,5,1,18,,7347,2,,,1,60,,7329,2,0,5,1,20,,7348,2,,,1,20,,7330,2,0,5,1,60,,7349,2,,,1,20,,7328,2,0,5,1,20,,7350,2,,,1,60,,7331,2,0,5,1,20,,7351,2,,,1,20,,7332,2,0,5,1,60,,7352,2,,,1,20,,7333,2,0,5,1,23,,7353,2,,,1,57,,7334,2,0,5,1,20,,7354,2,,,1,19,,7335,2,0,5,1,61,,7355,2,,,1,20,,7336,2,0,5,1,19,,7356,2,,,1,61,,7337,2,0,5,1,20,,7357,2,,,1,19,,7338,2,0,5,1,61,,7358,2,,,1,20,,7339,2,0,5,1,20,,7359,2,,,1,60,,7340,2,0,5,1,20,,7360,2,,,1,20,,7341,2,0,5,1,60,,7361,2,,,1,20,,7342,2,0,5,1,20,,7362,2,,,1,60,,7343,2,0,5,1,19,,7363,2,,,1,21,,7344,2,0,5,1,60,,7364,2,,,1,19,,7345,2,0,5,1,21,,7365,2,,,1,60,,7346,2,0,5,1,20,,7366,2,,,1
20100,'Weekday',725,,11222,2,,,1
