1904,'251229-MULTI-Saturday-01',816,,8948,0,,1,103,,8950,0,,1,100,,8952,0,,1,99,,8949,0,,1,100,,8953,0,,1,100,,8951,0,,1,100,,8954,0,,1,101,,8955,0,,1,100,,8957,0,,1,100,,8958,0,,1,99,,8959,0,,1,99,,8956,0,,1
1904,'251229-MULTI-Sunday-01',849,,8960,0,,1,98,,8961,0,,1,102,,8962,0,,1,100,,8963,0,,1,102,,8964,0,,1,98,,8965,0,,1,100,,8966,0,,1,100,,8967,0,,1,101,,8968,0,,1,98,,8969,0,,1,100,,8970,0,,1,100,,8971,0,,1
1904,'260105-MULTI-Holiday1-01',849,,8972,0,,1,98,,8973,0,,1,102,,8974,0,,1,100,,8975,0,,1,102,,8976,0,,1,98,,8977,0,,1,100,,8978,0,,1,100,,8979,0,,1,101,,8980,0,,1,98,,8981,0,,1,100,,8982,0,,1,100,,8983,0,,1
1904,'260105-MULTI-Saturday-01',816,,8984,0,,1,103,,8986,0,,1,100,,8988,0,,1,99,,8985,0,,1,100,,8989,0,,1,100,,8987,0,,1,100,,8990,0,,1,101,,8991,0,,1,100,,8993,0,,1,100,,8994,0,,1,99,,8995,0,,1,99,,8992,0,,1
1904,'260105-MULTI-Sunday-01',849,,8996,0,,1,98,,8997,0,,1,102,,8998,0,,1,100,,8999,0,,1,102,,9000,0,,1,98,,9001,0,,1,100,,9002,0,,1,100,,9003,0,,1,101,,9004,0,,1,98,,9005,0,,1,100,,9006,0,,1,100,,9007,0,,1
1904,'260105-MULTI-Weekday-01',556,,9010,0,,1,82,,9009,0,,1,81,,9012,0,,1,40,,9008,0,,1,80,,9011,0,,1,79,,9013,0,,1,100,,9014,0,,1,99,,9016,0,,1,100,,9015,0,,1,100,,9017,0,,1,100,,9018,0,,1,103,,9019,0,,1,85,,9020,0,,1,35,,9021,0,,1,80,,9022,0,,1,80,,9023,0,,1,38,,9024,0,,1,80,,9025,0,,1,40,,9026,0,,1
2901,'251229-MULTI-Saturday-01',553,,10659,0,,1,65,,10650,0,,1,25,,10660,0,,1,66,,10661,0,,1,26,,10662,0,,1,65,,10663,0,,1,27,,10664,0,,1,25,,10665,0,,1,66,,10666,0,,1,25,,10667,0,,1,64,,10668,0,,1,25,,10669,0,,1,25,,10670,0,,1,65,,10671,0,,1,25,,10673,0,,1,66,,10674,0,,1,25,,10675,0,,1,65,,10672,0,,1,25,,10676,0,,1,25,,10677,0,,1,65,,10678,0,,1,25,,10679,0,,1,65,,10681,0,,1,25,,10682,0,,1,25,,10683,0,,1,65,,10680,0,,1,25,,10684,0,,1,65,,10685,0,,1,25,,10686,0,,1,65,,10687,0,,1,24,,10688,0,,1,25,,10689,0,,1,71,,10652,0,,1,33,,10651,0,,1,73,,10653,0,,1,29,,10655,0,,1,79,,10654,0,,1,93,,10656,0,,1,87,,10657,0,,1,90,,10658,0,,1
2901,'251229-MULTI-Sunday-01',617,,10715,0,,1,35,,10714,0,,1,75,,10704,0,,1,75,,10706,0,,1,37,,10707,0,,1,76,,10702,0,,1,36,,10703,0,,1,76,,10708,0,,1,75,,10705,0,,1,35,,10709,0,,1,76,,10701,0,,1,35,,10694,0,,1,75,,10700,0,,1,35,,10696,0,,1,75,,10699,0,,1,75,,10698,0,,1,35,,10697,0,,1,75,,10695,0,,1,35,,10693,0,,1,75,,10692,0,,1,75,,10690,0,,1,33,,10691,0,,1,75,,10710,0,,1,35,,10711,0,,1,75,,10713,0,,1,35,,10712,0,,1,88,,10717,0,,1,90,,10716,0,,1,90,,10718,0,,1,90,,10719,0,,1
2901,'260105-MULTI-Holiday1-01',617,,10745,0,,1,35,,10744,0,,1,75,,10731,0,,1,75,,10736,0,,1,37,,10737,0,,1,76,,10733,0,,1,36,,10734,0,,1,76,,10738,0,,1,75,,10735,0,,1,35,,10739,0,,1,76,,10732,0,,1,35,,10724,0,,1,75,,10730,0,,1,35,,10726,0,,1,75,,10729,0,,1,75,,10728,0,,1,35,,10727,0,,1,75,,10725,0,,1,35,,10723,0,,1,75,,10722,0,,1,75,,10720,0,,1,33,,10721,0,,1,75,,10740,0,,1,35,,10741,0,,1,75,,10743,0,,1,35,,10742,0,,1,88,,10747,0,,1,90,,10746,0,,1,90,,10748,0,,1,90,,10749,0,,1
2901,'260105-MULTI-Saturday-01',553,,10759,0,,1,65,,10750,0,,1,25,,10760,0,,1,66,,10761,0,,1,26,,10762,0,,1,65,,10763,0,,1,27,,10764,0,,1,25,,10765,0,,1,66,,10766,0,,1,25,,10767,0,,1,64,,10768,0,,1,25,,10769,0,,1,25,,10770,0,,1,65,,10771,0,,1,25,,10773,0,,1,66,,10774,0,,1,25,,10775,0,,1,65,,10772,0,,1,25,,10776,0,,1,25,,10778,0,,1,65,,10779,0,,1,25,,10780,0,,1,65,,10781,0,,1,25,,10782,0,,1,25,,10783,0,,1,65,,10777,0,,1,25,,10784,0,,1,65,,10785,0,,1,25,,10786,0,,1,65,,10787,0,,1,24,,10788,0,,1,25,,10789,0,,1,71,,10752,0,,1,33,,10751,0,,1,73,,10753,0,,1,29,,10755,0,,1,79,,10754,0,,1,93,,10756,0,,1,87,,10757,0,,1,90,,10758,0,,1
2901,'260105-MULTI-Sunday-01',617,,10815,0,,1,35,,10814,0,,1,75,,10801,0,,1,75,,10806,0,,1,37,,10807,0,,1,76,,10803,0,,1,36,,10804,0,,1,76,,10808,0,,1,75,,10805,0,,1,35,,10809,0,,1,76,,10802,0,,1,35,,10794,0,,1,75,,10800,0,,1,35,,10796,0,,1,75,,10799,0,,1,75,,10798,0,,1,35,,10797,0,,1,75,,10795,0,,1,35,,10793,0,,1,75,,10792,0,,1,75,,10790,0,,1,33,,10791,0,,1,75,,10810,0,,1,35,,10811,0,,1,75,,10813,0,,1,35,,10812,0,,1,88,,10817,0,,1,90,,10816,0,,1,90,,10818,0,,1,90,,10819,0,,1
2901,'260105-MULTI-Weekday-01',531,,10821,0,5,1,14,,10820,0,5,1,14,,10828,0,5,1,55,,10827,0,5,1,5,,10886,0,5,1,10,,10824,0,5,1,14,,10826,0,5,1,14,,10823,0,5,1,55,,10825,0,5,1,16,,10837,0,5,1,14,,10834,0,5,1,14,,10838,0,5,1,49,,10885,0,5,1,5,,10830,0,5,1,14,,10839,0,5,1,14,,10829,0,5,1,14,,10833,0,5,1,53,,10831,0,5,1,12,,10836,0,5,1,13,,10835,0,5,1,14,,10832,0,5,1,15,,10822,0,,1,65,,10840,0,,1,25,,10841,0,,1,65,,10842,0,,1,25,,10843,0,,1,65,,10844,0,,1,26,,10845,0,,1,25,,10846,0,,1,65,,10847,0,,1,25,,10848,0,,1,66,,10849,0,,1,24,,10850,0,5,1,9,,10887,0,5,1,6,,10851,0,5,1,55,,10852,0,5,1,14,,10853,0,5,1,14,,10854,0,5,1,15,,10855,0,5,1,55,,10857,0,5,1,15,,10858,0,5,1,15,,10859,0,5,1,15,,10856,0,5,1,55,,10860,0,5,1,15,,10861,0,5,1,15,,10862,0,5,1,15,,10863,0,5,1,55,,10864,0,5,1,15,,10865,0,5,1,15,,10866,0,5,1,15,,10867,0,5,1,55,,10868,0,5,1,13,,10869,0,5,1,14,,10870,0,5,1,15,,10871,0,5,1,59,,10872,0,5,1,15,,10873,0,5,1,14,,10874,0,5,1,23,,10875,0,,1,70,,10876,0,,1,75,,10877,0,,1,30,,10878,0,,1,71,,10879,0,,1,27,,10880,0,,1,30,,10881,0,,1,70,,10882,0,,1,30,,10883,0,,1,70,,10884,0,,1
