102,'Holiday1',540,,276,0,,1,94,,274,0,,1,16,,300,0,,1,60,,301,0,,1,20,,302,0,,1,20,,303,0,,1,60,,304,0,,1,20,,305,0,,1,20,,306,0,,1,60,,307,0,,1,20,,309,0,,1,20,,310,0,,1,60,,295,0,,1,20,,296,0,,1,20,,283,0,,1,60,,289,0,,1,20,,278,0,,1,20,,288,0,,1,60,,281,0,,1,20,,287,0,,1,20,,294,0,,1,60,,290,0,,1,20,,277,0,,1,20,,293,0,,1,60,,286,0,,1,26,,279,0,,1,20,,282,0,,1,60,,298,0,,1,20,,280,0,,1,20,,297,0,,1,60,,291,0,,1,20,,299,0,,1,20,,292,0,,1,60,,284,0,,1,20,,285,0,,1,20,,308,0,,1,60,,312,0,,1,20,,313,0,,1,20,,311,0,,1,60,,314,0,,1,20,,315,0,,1,20,,316,0,,1,60,,317,0,,1,20,,318,0,,1,20,,319,0,,1,60,,320,0,,1,20,,321,0,,1,14,,322,0,,1,60,,323,0,,1,27,,326,0,,1,65,,327,0,,1,26,,324,0,,1,20,,325,0,,1,60,,328,0,,1,15,,273,0,,1,20,,329,0,,1,61,,275,0,,1
102,'Saturday',553,,330,0,,1,57,,334,0,,1,20,,331,0,,1,21,,332,0,,1,62,,335,0,,1,19,,333,0,,1,21,,337,0,,1,60,,338,0,,1,21,,339,0,,1,24,,336,0,,1,58,,342,0,,1,18,,343,0,,1,18,,344,0,,1,55,,366,0,,1,15,,367,0,,1,15,,368,0,,1,15,,369,0,,1,55,,371,0,,1,15,,372,0,,1,15,,373,0,,1,15,,370,0,,1,55,,374,0,,1,15,,375,0,,1,15,,376,0,,1,15,,380,0,,1,55,,377,0,,1,15,,378,0,,1,15,,379,0,,1,15,,381,0,,1,55,,383,0,,1,15,,384,0,,1,15,,382,0,,1,15,,386,0,,1,55,,387,0,,1,15,,385,0,,1,15,,388,0,,1,15,,363,0,,1,55,,360,0,,1,15,,354,0,,1,15,,362,0,,1,15,,356,0,,1,55,,364,0,,1,15,,365,0,,1,15,,355,0,,1,15,,361,0,,1,55,,353,0,,1,15,,359,0,,1,15,,358,0,,1,15,,357,0,,1,60,,389,0,,1,20,,390,0,,1,20,,391,0,,1,60,,392,0,,1,20,,393,0,,1,20,,394,0,,1,60,,395,0,,1,20,,396,0,,1,20,,397,0,,1,61,,345,0,,1,30,,346,0,,1,70,,351,0,,1,30,,352,0,,1,70,,347,0,,1,30,,349,0,,1,60,,398,0,,1,28,,350,0,,1,70,,348,0,,1
102,'Sunday',540,,402,0,,1,94,,400,0,,1,16,,426,0,,1,60,,427,0,,1,20,,428,0,,1,20,,429,0,,1,60,,430,0,,1,20,,431,0,,1,20,,432,0,,1,60,,433,0,,1,20,,435,0,,1,20,,436,0,,1,60,,421,0,,1,20,,422,0,,1,20,,409,0,,1,60,,415,0,,1,20,,404,0,,1,20,,414,0,,1,60,,407,0,,1,20,,413,0,,1,20,,420,0,,1,60,,416,0,,1,20,,403,0,,1,20,,419,0,,1,60,,412,0,,1,26,,405,0,,1,20,,408,0,,1,60,,424,0,,1,20,,406,0,,1,20,,423,0,,1,60,,417,0,,1,20,,425,0,,1,20,,418,0,,1,60,,410,0,,1,20,,411,0,,1,20,,434,0,,1,60,,438,0,,1,20,,439,0,,1,20,,437,0,,1,60,,440,0,,1,20,,441,0,,1,20,,442,0,,1,60,,443,0,,1,20,,444,0,,1,20,,445,0,,1,60,,446,0,,1,20,,447,0,,1,14,,448,0,,1,60,,449,0,,1,27,,452,0,,1,65,,453,0,,1,26,,450,0,,1,20,,451,0,,1,60,,454,0,,1,15,,399,0,,1,20,,455,0,,1,61,,401,0,,1
102,'Weekday',416,,459,0,,1,20,,460,0,,1,20,,457,0,,1,60,,463,0,,1,13,,464,0,,1,27,,462,0,,1,59,,461,0,,1,20,,473,0,,1,14,,467,0,,1,70,,469,0,,1,22,,472,0,7,1,69,,475,0,,1,21,,476,0,,1,19,,466,0,,1,74,,478,0,,1,24,,479,0,,1,65,,480,0,,1,88,,481,0,,1,25,,482,0,,1,87,,484,0,,1,28,,485,0,,1,69,,486,0,7,1,27,,483,0,,1,82,,487,0,,1,27,,488,0,,1,62,,506,0,,1,23,,507,0,,1,19,,504,0,,1,67,,508,0,,1,24,,509,0,,1,9,,510,0,,1,72,,511,0,,1,15,,512,0,,1,72,,513,0,,1,22,,514,0,,1,16,,515,0,,1,64,,516,0,,1,26,,517,0,,1,22,,518,0,,1,62,,519,0,,1,15,,520,0,,1,67,,529,0,,1,24,,528,0,,1,21,,527,0,,1,79,,530,0,,1,30,,531,0,,1,77,,532,0,,1,69,,533,0,,1,40,,534,0,,1,72,,535,0,,1,35,,536,0,,1
2301,'Holiday1',819,,6415,0,,1,32,,6388,0,,1,72,,6390,0,,1,23,,6387,0,,1,68,,6391,0,,1,31,,6389,0,,1,74,,6392,0,,1,28,,6393,0,,1,67,,6394,0,,1,29,,6395,0,,1,70,,6396,0,,1,29,,6398,0,,1,68,,6399,0,,1,30,,6400,0,,1,67,,6397,0,,1,26,,6402,0,,1,71,,6403,0,,1,28,,6404,0,,1,68,,6401,0,,1,28,,6406,0,,1,28,,6407,0,,1,68,,6409,0,,1,26,,6405,0,,1,67,,6410,0,,1,28,,6408,0,,1,65,,6412,0,,1,25,,6413,0,,1,67,,6411,0,,1,28,,6416,0,,1,27,,6414,0,,1,67,,6418,0,,1,28,,6417,0,,1
2301,'Saturday',730,,6420,0,,1,70,,6419,0,,1,28,,6429,0,,1,29,,6433,0,,1,71,,6434,0,,1,29,,6431,0,,1,67,,6430,0,,1,27,,6432,0,,1,68,,6435,0,,1,28,,6436,0,,1,71,,6437,0,,1,29,,6438,0,,1,68,,6440,0,,1,29,,6441,0,,1,70,,6442,0,,1,29,,6439,0,,1,68,,6443,0,,1,30,,6445,0,,1,69,,6446,0,,1,26,,6447,0,,1,69,,6444,0,,1,25,,6448,0,,1,28,,6449,0,,1,66,,6450,0,,1,32,,6451,0,,1,78,,6423,0,,1,69,,6421,0,,1,30,,6424,0,,1,69,,6422,0,,1,29,,6426,0,,1,28,,6428,0,,1,70,,6425,0,,1,29,,6427,0,,1,69,,6452,0,,1,30,,6454,0,,1,70,,6453,0,,1,30,,6455,0,,1,70,,6456,0,,1
2301,'Sunday',819,,6485,0,,1,32,,6458,0,,1,72,,6460,0,,1,23,,6457,0,,1,68,,6461,0,,1,31,,6459,0,,1,74,,6462,0,,1,28,,6463,0,,1,67,,6464,0,,1,29,,6465,0,,1,70,,6466,0,,1,29,,6468,0,,1,68,,6469,0,,1,30,,6470,0,,1,67,,6467,0,,1,26,,6472,0,,1,71,,6473,0,,1,28,,6474,0,,1,68,,6471,0,,1,28,,6476,0,,1,28,,6477,0,,1,68,,6479,0,,1,26,,6475,0,,1,67,,6480,0,,1,28,,6478,0,,1,65,,6482,0,,1,25,,6483,0,,1,67,,6481,0,,1,28,,6486,0,,1,27,,6484,0,,1,67,,6488,0,,1,28,,6487,0,,1
2301,'Weekday',524,,6489,0,,1,15,,6490,0,,1,15,,6491,0,,1,58,,6492,0,,1,17,,6493,0,,1,15,,6494,0,,1,14,,6495,0,,1,54,,6496,0,,1,16,,6497,0,,1,15,,6498,0,,1,16,,6499,0,,1,56,,6501,0,,1,15,,6502,0,,1,18,,6503,0,,1,56,,6500,0,,1,15,,6505,0,,1,13,,6506,0,,1,15,,6507,0,,1,55,,6504,0,,1,13,,6508,0,,1,30,,6509,0,,1,68,,6510,0,,1,31,,6511,0,,1,77,,6512,0,,1,30,,6513,0,,1,65,,6514,0,,1,29,,6515,0,,1,72,,6516,0,,1,29,,6517,0,,1,61,,6548,0,,1,20,,6518,0,,1,16,,6547,0,,1,15,,6544,0,,1,53,,6546,0,,1,13,,6545,0,,1,14,,6520,0,,1,15,,6519,0,,1,55,,6521,0,,1,15,,6523,0,,1,14,,6525,0,,1,15,,6526,0,,1,55,,6527,0,,1,15,,6524,0,,1,14,,6528,0,,1,15,,6522,0,,1,55,,6529,0,,1,15,,6530,0,,1,15,,6531,0,,1,14,,6532,0,,1,54,,6533,0,,1,20,,6534,0,,1,33,,6535,0,,1,73,,6536,0,,1,72,,6538,0,,1,34,,6539,0,,1,73,,6540,0,,1,31,,6537,0,,1,72,,6541,0,,1,34,,6542,0,,1,74,,6543,0,,1
3503,'Holiday1',755,,8670,0,,1,85,,8669,0,,1,85,,8677,0,,1,85,,8672,0,,1,45,,8674,0,,1,85,,8676,0,,1,85,,8671,0,,1,85,,8678,0,,1,45,,8668,0,,1,85,,8673,0,,1,85,,8675,0,,1,85,,8679,0,,1,45,,8680,0,,1,85,,8683,0,,1,85,,8681,0,,1,85,,8682,0,,1
3503,'Saturday',810,,8686,0,,1,45,,8684,0,,1,85,,8687,0,,1,85,,8685,0,,1,85,,8689,0,,1,45,,8688,0,,1,85,,8690,0,,1,85,,8692,0,,1,85,,8693,0,,1,45,,8691,0,,1,85,,8694,0,,1,85,,8696,0,,1,85,,8697,0,,1,45,,8695,0,,1,85,,8698,0,,1,85,,8699,0,,1,85,,8700,0,,1
3503,'Sunday',755,,8703,0,,1,85,,8702,0,,1,85,,8710,0,,1,85,,8705,0,,1,45,,8707,0,,1,85,,8709,0,,1,85,,8704,0,,1,85,,8711,0,,1,45,,8701,0,,1,85,,8706,0,,1,85,,8708,0,,1,85,,8712,0,,1,45,,8713,0,,1,85,,8716,0,,1,85,,8714,0,,1,85,,8715,0,,1
3503,'Weekday',525,,8717,0,,1,75,,8721,0,,1,35,,8718,0,,1,75,,8740,0,,1,35,,8725,0,,1,75,,8736,0,,1,35,,8743,0,,1,75,,8748,0,,1,75,,8742,0,,1,35,,8720,0,,1,80,,8741,0,,1,30,,8739,0,,1,75,,8744,0,,1,75,,8737,0,,1,35,,8746,0,,1,75,,8747,0,,1,35,,8738,0,,1,75,,8728,0,,1,35,,8727,0,,1,75,,8723,0,,1,75,,8733,0,,1,35,,8729,0,,1,75,,8732,0,,1,35,,8726,0,,1,75,,8722,0,,1,75,,8730,0,,1,35,,8731,0,,1,75,,8734,0,,1,35,,8735,0,,1,75,,8719,0,,1,35,,8724,0,,1,75,,8745,0,,1
