902,'251229-MULTI-Saturday-01',747,,4962,0,,1,90,,4969,0,,1,91,,4971,0,,1,90,,4972,0,,1,90,,4973,0,,1,50,,4974,0,,1,90,,4975,0,,1,90,,4976,0,,1,90,,4968,0,,1,90,,4963,0,,1,91,,4965,0,,1,50,,4967,0,,1,89,,4970,0,,1,89,,4964,0,,1,90,,4966,0,,1
902,'251229-MULTI-Sunday-01',817,,4977,0,,1,105,,4979,0,,1,107,,4980,0,,1,105,,4981,0,,1,105,,4982,0,,1,105,,4983,0,,1,105,,4984,0,,1,106,,4985,0,,1,147,,4986,0,,1,106,,4987,0,,1,107,,4978,0,,1
902,'260105-MULTI-Holiday1-01',817,,4988,0,,1,105,,4990,0,,1,107,,4991,0,,1,105,,4992,0,,1,105,,4993,0,,1,105,,4994,0,,1,105,,4995,0,,1,106,,4996,0,,1,147,,4997,0,,1,106,,4998,0,,1,107,,4989,0,,1
902,'260105-MULTI-Saturday-01',747,,4999,0,,1,90,,5006,0,,1,91,,5009,0,,1,90,,5007,0,,1,90,,5010,0,,1,50,,5011,0,,1,90,,5012,0,,1,90,,5013,0,,1,90,,5005,0,,1,90,,5000,0,,1,91,,5002,0,,1,50,,5004,0,,1,89,,5008,0,,1,89,,5001,0,,1,90,,5003,0,,1
902,'260105-MULTI-Sunday-01',817,,5014,0,,1,105,,5016,0,,1,107,,5017,0,,1,105,,5018,0,,1,105,,5019,0,,1,105,,5020,0,,1,105,,5021,0,,1,106,,5022,0,,1,147,,5023,0,,1,106,,5024,0,,1,107,,5015,0,,1
902,'260105-MULTI-Weekday-01',632,,5025,0,,1,76,,5034,0,,1,34,,5035,0,,1,85,,5033,0,,1,92,,5031,0,,1,38,,5037,0,,1,85,,5042,0,,1,85,,5039,0,,1,85,,5032,0,,1,45,,5028,0,,1,69,,5043,0,,1,75,,5044,0,,1,35,,5045,0,,1,6,,5040,0,,1,73,,5046,0,,1,35,,5047,0,,1,75,,5038,0,,1,75,,5036,0,,1,35,,5041,0,,1,76,,5029,0,,1,40,,5030,0,,1,83,,5048,0,,1,90,,5049,0,,1,86,,5027,0,,1,117,,5026,0,,1
1703,'251229-MULTI-Saturday-01',805,,7991,0,,1,45,,7993,0,,1,86,,7992,0,,1,84,,7994,0,,1,85,,7995,0,,1,45,,7997,0,,1,85,,7998,0,,1,86,,7999,0,,1,85,,8000,0,,1,45,,8001,0,,1,85,,8002,0,,1,85,,7996,0,,1,85,,8003,0,,1,45,,8004,0,,1,85,,8005,0,,1
1703,'251229-MULTI-Sunday-01',755,,8007,0,,1,85,,8009,0,,1,85,,8010,0,,1,85,,8011,0,,1,45,,8008,0,,1,85,,8012,0,,1,85,,8013,0,,1,85,,8014,0,,1,45,,8015,0,,1,85,,8006,0,,1,85,,8016,0,,1,85,,8017,0,,1,45,,8018,0,,1,85,,8019,0,,1,85,,8020,0,,1,85,,8021,0,,1
1703,'260105-MULTI-Holiday1-01',755,,8023,0,,1,85,,8025,0,,1,85,,8026,0,,1,85,,8027,0,,1,45,,8024,0,,1,85,,8028,0,,1,85,,8029,0,,1,85,,8031,0,,1,45,,8032,0,,1,85,,8022,0,,1,85,,8033,0,,1,85,,8030,0,,1,45,,8034,0,,1,85,,8035,0,,1,85,,8036,0,,1,85,,8037,0,,1
1703,'260105-MULTI-Saturday-01',805,,8038,0,,1,45,,8040,0,,1,86,,8039,0,,1,84,,8041,0,,1,85,,8042,0,,1,45,,8044,0,,1,85,,8045,0,,1,86,,8047,0,,1,85,,8048,0,,1,45,,8049,0,,1,85,,8046,0,,1,85,,8043,0,,1,85,,8050,0,,1,45,,8051,0,,1,85,,8052,0,,1
1703,'260105-MULTI-Sunday-01',755,,8054,0,,1,85,,8056,0,,1,85,,8057,0,,1,85,,8058,0,,1,45,,8055,0,,1,85,,8059,0,,1,85,,8060,0,,1,85,,8062,0,,1,45,,8063,0,,1,85,,8053,0,,1,85,,8064,0,,1,85,,8061,0,,1,45,,8065,0,,1,85,,8066,0,,1,85,,8067,0,,1,85,,8068,0,,1
1703,'260105-MULTI-Weekday-01',518,,8084,0,,1,41,,8069,0,,1,85,,8087,0,,1,86,,8070,0,,1,86,,8071,0,,1,85,,8072,0,,1,45,,8073,0,,1,85,,8074,0,,1,85,,8075,0,,1,85,,8077,0,,1,44,,8079,0,,1,83,,8080,0,,1,84,,8086,0,,1,94,,8076,0,,1,42,,8081,0,,1,83,,8078,0,,1,87,,8082,0,,1,86,,8083,0,,1,42,,8085,0,,1
21501,'260105-MULTI-Weekday-01',1448,,16117,0,,1
