901,'Holiday1',804,,3392,21,,,1,105,,3394,21,,,1,106,,3395,21,,,1,105,,3396,21,,,1,105,,3397,21,,,1,105,,3399,21,,,1,104,,3400,21,,,1,106,,3401,21,,,1,107,,3398,21,,,1,106,,3402,21,,,1,147,,3393,21,,,1
901,'Saturday',733,,3403,21,,,1,90,,3410,21,,,1,90,,3413,21,,,1,90,,3411,21,,,1,50,,3415,21,,,1,90,,3416,21,,,1,90,,3417,21,,,1,90,,3414,21,,,1,90,,3409,21,,,1,90,,3404,21,,,1,50,,3406,21,,,1,90,,3408,21,,,1,90,,3412,21,,,1,90,,3405,21,,,1,90,,3407,21,,,1
901,'Sunday',804,,3418,21,,,1,105,,3420,21,,,1,106,,3421,21,,,1,105,,3422,21,,,1,105,,3423,21,,,1,105,,3424,21,,,1,104,,3425,21,,,1,106,,3426,21,,,1,107,,3427,21,,,1,106,,3428,21,,,1,147,,3419,21,,,1
901,'Weekday',618,,3429,21,,,1,34,,3438,21,,,1,74,,3439,21,,,1,85,,3437,21,,,1,92,,3435,21,,,1,38,,3441,21,,,1,85,,3446,21,,,1,85,,3443,21,,,1,45,,3436,21,,,1,85,,3432,21,,,1,67,,3447,21,,,1,35,,3448,21,,,1,75,,3449,21,,,1,6,,3444,21,,,1,33,,3450,21,,,1,75,,3451,21,,,1,75,,3442,21,,,1,35,,3440,21,,,1,75,,3445,21,,,1,36,,3433,21,,,1,80,,3434,21,,,1,85,,3452,21,,,1,92,,3453,21,,,1,46,,3431,21,,,1,157,,3430,21,,,1
1901,'Holiday1',851,,6147,32,,,1,99,,6148,32,,,1,102,,6149,32,,,1,100,,6150,32,,,1,102,,6151,32,,,1,98,,6152,32,,,1,100,,6153,32,,,1,100,,6154,32,,,1,101,,6155,32,,,1,98,,6156,32,,,1,100,,6157,32,,,1,100,,6158,32,,,1
1901,'Saturday',819,,6159,32,,,1,103,,6161,32,,,1,100,,6163,32,,,1,99,,6160,32,,,1,100,,6164,32,,,1,100,,6162,32,,,1,100,,6165,32,,,1,101,,6166,32,,,1,100,,6168,32,,,1,100,,6169,32,,,1,99,,6170,32,,,1,98,,6167,32,,,1
1901,'Sunday',851,,6171,32,,,1,99,,6172,32,,,1,102,,6173,32,,,1,100,,6174,32,,,1,102,,6175,32,,,1,98,,6176,32,,,1,100,,6177,32,,,1,100,,6178,32,,,1,101,,6179,32,,,1,98,,6180,32,,,1,100,,6181,32,,,1,100,,6182,32,,,1
1901,'Weekday',549,,6185,32,,,1,92,,6184,32,,,1,81,,6187,32,,,1,80,,6183,32,,,1,40,,6186,32,,,1,79,,6188,32,,,1,100,,6189,32,,,1,99,,6191,32,,,1,100,,6190,32,,,1,100,,6192,32,,,1,100,,6193,32,,,1,103,,6194,32,,,1,85,,6195,32,,,1,35,,6196,32,,,1,80,,6197,32,,,1,80,,6198,32,,,1,38,,6199,32,,,1,80,,6200,32,,,1,80,,6201,32,,,1
21501,'Weekday',1443,,11248,10,,,1
21701,'Weekday',1501,,11251,9,,,1
