1203,'251229-MULTI-Saturday-01',524,,5851,0,,1,80,,5850,0,,1,40,,5849,0,,1,80,,5852,0,,1,80,,5853,0,,1,40,,5854,0,,1,80,,5855,0,,1,80,,5856,0,,1,40,,5857,0,,1,80,,5858,0,,1,80,,5859,0,,1,40,,5861,0,,1,80,,5860,0,,1,80,,5862,0,,1,40,,5863,0,,1,81,,5864,0,,1,80,,5865,0,,1,40,,5868,0,,1,80,,5866,0,,1,80,,5867,0,,1,40,,5869,0,,1,80,,5870,0,,1,80,,5873,0,,1,40,,5874,0,,1,80,,5875,0,,1,80,,5872,0,,1,40,,5871,0,,1,80,,5876,0,,1,80,,5877,0,,1
1203,'251229-MULTI-Sunday-01',743,,5883,0,,1,80,,5879,0,,1,80,,5882,0,,1,40,,5887,0,,1,80,,5878,0,,1,80,,5881,0,,1,40,,5886,0,,1,80,,5880,0,,1,80,,5885,0,,1,40,,5884,0,,1,81,,5889,0,,1,80,,5888,0,,1,40,,5890,0,,1,80,,5891,0,,1,80,,5892,0,,1,40,,5894,0,,1,80,,5893,0,,1,80,,5895,0,,1,40,,5896,0,,1,80,,5897,0,,1,80,,5899,0,,1,40,,5898,0,,1,80,,5900,0,,1
1203,'260105-MULTI-Holiday1-01',743,,5906,0,,1,80,,5902,0,,1,80,,5905,0,,1,40,,5910,0,,1,80,,5901,0,,1,80,,5904,0,,1,40,,5909,0,,1,80,,5903,0,,1,80,,5908,0,,1,40,,5907,0,,1,81,,5912,0,,1,80,,5911,0,,1,40,,5913,0,,1,80,,5914,0,,1,80,,5915,0,,1,40,,5917,0,,1,80,,5916,0,,1,80,,5918,0,,1,40,,5919,0,,1,80,,5920,0,,1,80,,5922,0,,1,40,,5921,0,,1,80,,5923,0,,1
1203,'260105-MULTI-Saturday-01',524,,5926,0,,1,80,,5925,0,,1,40,,5924,0,,1,80,,5927,0,,1,80,,5928,0,,1,40,,5929,0,,1,80,,5930,0,,1,80,,5931,0,,1,40,,5932,0,,1,80,,5933,0,,1,80,,5934,0,,1,40,,5936,0,,1,80,,5935,0,,1,80,,5937,0,,1,40,,5938,0,,1,81,,5939,0,,1,80,,5940,0,,1,40,,5943,0,,1,80,,5941,0,,1,80,,5942,0,,1,40,,5944,0,,1,80,,5945,0,,1,80,,5948,0,,1,40,,5949,0,,1,80,,5950,0,,1,80,,5947,0,,1,40,,5946,0,,1,80,,5951,0,,1,80,,5952,0,,1
1203,'260105-MULTI-Sunday-01',743,,5958,0,,1,80,,5954,0,,1,80,,5957,0,,1,40,,5962,0,,1,80,,5953,0,,1,80,,5956,0,,1,40,,5961,0,,1,80,,5955,0,,1,80,,5960,0,,1,40,,5959,0,,1,81,,5964,0,,1,80,,5963,0,,1,40,,5965,0,,1,80,,5966,0,,1,80,,5967,0,,1,40,,5969,0,,1,80,,5968,0,,1,80,,5970,0,,1,40,,5971,0,,1,80,,5972,0,,1,80,,5974,0,,1,40,,5973,0,,1,80,,5975,0,,1
1203,'260105-MULTI-Weekday-01',515,,5977,0,,1,36,,5976,0,,1,76,,5982,0,,1,30,,5983,0,,1,77,,5984,0,,1,70,,5985,0,,1,35,,5986,0,,1,71,,5987,0,,1,36,,5978,0,,1,84,,5980,0,,1,76,,5979,0,,1,47,,5988,0,,1,78,,5990,0,,1,88,,5991,0,,1,81,,5992,0,,1,50,,5989,0,,1,78,,5996,0,,1,25,,5997,0,,1,67,,5995,0,,1,36,,5998,0,,1,68,,5999,0,,1,32,,6000,0,,1,69,,6001,0,,1,27,,6002,0,,1,77,,6003,0,,1,93,,6004,0,,1,88,,6005,0,,1,41,,6006,0,,1,86,,6007,0,,1,82,,5994,0,,1,86,,5993,0,,1,46,,5981,0,,1
1604,'251229-MULTI-Saturday-01',604,,7835,0,,1,40,,7836,0,,1,80,,7837,0,,1,80,,7838,0,,1,40,,7839,0,,1,80,,7840,0,,1,80,,7841,0,,1,40,,7842,0,,1,80,,7843,0,,1,80,,7844,0,,1,40,,7846,0,,1,80,,7845,0,,1,80,,7848,0,,1,40,,7847,0,,1,80,,7849,0,,1,80,,7850,0,,1,40,,7852,0,,1,80,,7851,0,,1,80,,7853,0,,1,40,,7854,0,,1,80,,7855,0,,1,80,,7857,0,,1,40,,7859,0,,1,80,,7856,0,,1,80,,7858,0,,1,40,,7860,0,,1,80,,7861,0,,1,80,,7862,0,,1
1604,'251229-MULTI-Sunday-01',819,,7867,0,,1,40,,7871,0,,1,80,,7863,0,,1,80,,7865,0,,1,40,,7870,0,,1,80,,7864,0,,1,80,,7866,0,,1,40,,7868,0,,1,80,,7869,0,,1,80,,7873,0,,1,40,,7872,0,,1,80,,7875,0,,1,80,,7874,0,,1,40,,7876,0,,1,80,,7878,0,,1,80,,7877,0,,1,40,,7879,0,,1,80,,7881,0,,1,80,,7880,0,,1,40,,7882,0,,1,80,,7883,0,,1,80,,7884,0,,1,40,,7885,0,,1
1604,'260105-MULTI-Holiday1-01',819,,7890,0,,1,40,,7894,0,,1,80,,7886,0,,1,80,,7888,0,,1,40,,7893,0,,1,80,,7887,0,,1,80,,7889,0,,1,40,,7891,0,,1,80,,7892,0,,1,80,,7896,0,,1,82,,7895,0,,1,38,,7898,0,,1,80,,7897,0,,1,40,,7899,0,,1,80,,7901,0,,1,80,,7900,0,,1,40,,7902,0,,1,80,,7904,0,,1,80,,7903,0,,1,40,,7905,0,,1,80,,7906,0,,1,80,,7907,0,,1,40,,7908,0,,1
1604,'260105-MULTI-Saturday-01',604,,7909,0,,1,40,,7910,0,,1,80,,7911,0,,1,80,,7912,0,,1,40,,7913,0,,1,80,,7914,0,,1,80,,7915,0,,1,40,,7916,0,,1,80,,7917,0,,1,80,,7918,0,,1,40,,7920,0,,1,80,,7919,0,,1,80,,7922,0,,1,40,,7921,0,,1,80,,7923,0,,1,80,,7924,0,,1,40,,7926,0,,1,80,,7925,0,,1,80,,7927,0,,1,40,,7928,0,,1,80,,7929,0,,1,80,,7931,0,,1,40,,7933,0,,1,80,,7930,0,,1,80,,7932,0,,1,40,,7934,0,,1,80,,7935,0,,1,80,,7936,0,,1
1604,'260105-MULTI-Sunday-01',819,,7941,0,,1,40,,7945,0,,1,80,,7937,0,,1,80,,7939,0,,1,40,,7944,0,,1,80,,7938,0,,1,80,,7940,0,,1,40,,7942,0,,1,80,,7943,0,,1,80,,7947,0,,1,82,,7946,0,,1,38,,7949,0,,1,80,,7948,0,,1,40,,7950,0,,1,80,,7952,0,,1,80,,7951,0,,1,40,,7953,0,,1,80,,7955,0,,1,80,,7954,0,,1,40,,7956,0,,1,80,,7957,0,,1,80,,7958,0,,1,40,,7959,0,,1
1604,'260105-MULTI-Weekday-01',529,,7960,0,,1,80,,7961,0,,1,33,,7962,0,,1,70,,7963,0,,1,36,,7964,0,,1,75,,7965,0,,1,36,,7966,0,,1,71,,7967,0,,1,72,,7968,0,,1,47,,7985,0,,1,84,,7986,0,,1,87,,7987,0,,1,86,,7988,0,,1,48,,7989,0,,1,86,,7990,0,,1,63,,7969,0,,1,27,,7970,0,,1,72,,7971,0,,1,30,,7972,0,,1,70,,7973,0,,1,30,,7974,0,,1,70,,7975,0,,1,30,,7976,0,,1,70,,7977,0,,1,30,,7978,0,,1,87,,7979,0,,1,83,,7980,0,,1,47,,7981,0,,1,85,,7982,0,,1,85,,7983,0,,1,85,,7984,0,,1
2001,'260105-MULTI-Weekday-01',521,,9040,0,5,1,27,,9032,0,5,1,72,,9027,0,5,1,5,,9037,0,5,1,25,,9029,0,5,1,74,,9043,0,5,1,20,,9031,0,5,1,65,,9028,0,5,1,18,,9036,0,5,1,28,,9030,0,5,1,66,,9042,0,5,1,24,,9033,0,5,1,86,,9034,0,,1,92,,9039,0,,1,91,,9035,0,,1,91,,9041,0,,1,95,,9038,0,,1,25,,9044,0,5,1,27,,9045,0,5,1,67,,9046,0,5,1,28,,9047,0,5,1,59,,9048,0,5,1,26,,9050,0,5,1,25,,9049,0,5,1,71,,9051,0,5,1,26,,9052,0,5,1,58,,9053,0,5,1,28,,9054,0,5,1,61,,9055,0,5,1,314,,9056,0,,1,37,,9057,0,,1
