801,'Holiday1',803,,16537,19,,,1,45,,16539,19,,,1,85,,16540,19,,,1,85,,16541,19,,,1,85,,16538,19,,,1,45,,16536,19,,,1,89,,16543,19,,,1,85,,16542,19,,,1,85,,16545,19,,,1,45,,16547,19,,,1,85,,16544,19,,,1,85,,16548,19,,,1,85,,16549,19,,,1,45,,16546,19,,,1,85,,16550,19,,,1,85,,16552,19,,,1,85,,16553,19,,,1,44,,16551,19,,,1,82,,16555,19,,,1,85,,16554,19,,,1
801,'Saturday',603,,16557,19,,,1,50,,16559,19,,,1,90,,16556,19,,,1,91,,16561,19,,,1,90,,16558,19,,,1,90,,16562,19,,,1,89,,16568,19,,,1,35,,16571,19,,,1,75,,16570,19,,,1,35,,16583,19,,,1,80,,16569,19,,,1,77,,16572,19,,,1,35,,16573,19,,,1,75,,16574,19,,,1,35,,16575,19,,,1,75,,16577,19,,,1,75,,16578,19,,,1,35,,16580,19,,,1,75,,16576,19,,,1,35,,16581,19,,,1,74,,16582,19,,,1,30,,16579,19,,,1,72,,16563,19,,,1,83,,16564,19,,,1,50,,16566,19,,,1,90,,16565,19,,,1,90,,16567,19,,,1,90,,16560,19,,,1
801,'Sunday',803,,16585,19,,,1,45,,16587,19,,,1,85,,16588,19,,,1,85,,16589,19,,,1,85,,16586,19,,,1,45,,16584,19,,,1,89,,16591,19,,,1,85,,16590,19,,,1,85,,16593,19,,,1,45,,16595,19,,,1,85,,16592,19,,,1,85,,16596,19,,,1,85,,16597,19,,,1,45,,16594,19,,,1,85,,16598,19,,,1,85,,16600,19,,,1,85,,16601,19,,,1,44,,16599,19,,,1,82,,16603,19,,,1,85,,16602,19,,,1
801,'Weekday',545,,16604,19,,,1,74,,16616,19,,,1,35,,16617,19,,,1,77,,16618,19,,,1,75,,16619,19,,,1,38,,16620,19,,,1,75,,16607,19,,,1,33,,16614,19,,,1,75,,16605,19,,,1,32,,16615,19,,,1,77,,16609,19,,,1,73,,16610,19,,,1,35,,16611,19,,,1,78,,16612,19,,,1,36,,16613,19,,,1,78,,16621,19,,,1,87,,16623,19,,,1,35,,16622,19,,,1,72,,16625,19,,,1,93,,16627,19,,,1,29,,16626,19,,,1,67,,16624,19,,,1,99,,16629,19,,,1,23,,16628,19,,,1,68,,16630,19,,,1,99,,16631,19,,,1,48,,16632,19,,,1,96,,16606,19,,,1,79,,16608,19,,,1
2403,'Holiday1',800,,19989,1,,,1,45,,19990,1,,,1,85,,19991,1,,,1,85,,19992,1,,,1,85,,19994,1,,,1,45,,19995,1,,,1,85,,19996,1,,,1,85,,19993,1,,,1,85,,19998,1,,,1,45,,19999,1,,,1,85,,20000,1,,,1,85,,19997,1,,,1,85,,20001,1,,,1,45,,20002,1,,,1,85,,20003,1,,,1
2403,'Saturday',800,,20011,1,,,1,45,,20012,1,,,1,85,,20013,1,,,1,85,,20010,1,,,1,85,,20014,1,,,1,45,,20015,1,,,1,85,,20016,1,,,1,85,,20017,1,,,1,85,,20018,1,,,1,45,,20004,1,,,1,85,,20007,1,,,1,85,,20005,1,,,1,85,,20009,1,,,1,45,,20006,1,,,1,85,,20008,1,,,1
2403,'Sunday',800,,20019,1,,,1,45,,20020,1,,,1,85,,20021,1,,,1,85,,20022,1,,,1,85,,20024,1,,,1,45,,20025,1,,,1,85,,20026,1,,,1,85,,20023,1,,,1,85,,20028,1,,,1,45,,20029,1,,,1,85,,20030,1,,,1,85,,20027,1,,,1,85,,20031,1,,,1,45,,20032,1,,,1,85,,20033,1,,,1
2403,'Weekday',435,,20038,1,,,1,65,,20036,1,,,1,30,,20034,1,,,1,70,,20040,1,,,1,36,,20056,1,,,1,76,,20050,1,,,1,36,,20051,1,,,1,76,,20049,1,,,1,76,,20047,1,,,1,36,,20048,1,,,1,81,,20035,1,,,1,35,,20037,1,,,1,76,,20053,1,,,1,76,,20054,1,,,1,37,,20052,1,,,1,77,,20055,1,,,1,27,,20039,1,,,1,72,,20043,1,,,1,35,,20044,1,,,1,76,,20058,1,,,1,76,,20060,1,,,1,36,,20061,1,,,1,76,,20062,1,,,1,36,,20059,1,,,1,76,,20063,1,,,1,76,,20057,1,,,1,33,,20041,1,,,1,75,,20042,1,,,1,33,,20045,1,,,1,85,,20046,1,,,1
2404,'Holiday1',838,,20065,46,4,,1,85,,20064,46,4,,1,85,,20066,46,4,,1,45,,20067,46,4,,1,85,,20068,46,4,,1,85,,20070,46,4,,1,85,,20071,46,4,,1,45,,20069,46,4,,1,85,,20074,46,4,,1,85,,20075,46,4,,1,85,,20072,46,4,,1,45,,20073,46,4,,1,85,,20077,46,4,,1,85,,20078,46,4,,1,85,,20076,46,4,,1
2404,'Saturday',838,,20079,46,4,,1,85,,20080,46,4,,1,85,,20085,46,4,,1,45,,20081,46,4,,1,85,,20082,46,4,,1,85,,20083,46,4,,1,85,,20086,46,4,,1,45,,20087,46,4,,1,85,,20088,46,4,,1,85,,20089,46,4,,1,85,,20084,46,4,,1,45,,20090,46,4,,1,85,,20091,46,4,,1,85,,20092,46,4,,1,85,,20093,46,4,,1
2404,'Sunday',838,,20095,46,4,,1,85,,20094,46,4,,1,85,,20096,46,4,,1,45,,20097,46,4,,1,85,,20098,46,4,,1,85,,20100,46,4,,1,85,,20101,46,4,,1,45,,20099,46,4,,1,85,,20104,46,4,,1,85,,20105,46,4,,1,85,,20102,46,4,,1,45,,20103,46,4,,1,85,,20107,46,4,,1,85,,20108,46,4,,1,85,,20106,46,4,,1
2404,'Weekday',550,,20111,46,4,,1,55,,20110,46,4,,1,34,,20114,46,4,,1,77,,20123,46,4,,1,36,,20124,46,4,,1,76,,20125,46,4,,1,75,,20121,46,4,,1,36,,20122,46,4,,1,75,,20130,46,4,,1,37,,20109,46,4,,1,74,,20112,46,4,,1,75,,20128,46,4,,1,38,,20126,46,4,,1,77,,20127,46,4,,1,37,,20129,46,4,,1,77,,20113,46,4,,1,73,,20116,46,4,,1,37,,20131,46,4,,1,76,,20132,46,4,,1,34,,20133,46,4,,1,75,,20134,46,4,,1,76,,20135,46,4,,1,35,,20136,46,4,,1,74,,20137,46,4,,1,38,,20118,46,4,,1,72,,20115,46,4,,1,32,,20117,46,4,,1,76,,20120,46,4,,1,75,,20119,46,4,,1
