901,'Holiday1',828,,16963,,,1,105,,16970,,,1,108,,16971,,,1,105,,16972,,,1,105,,16973,,,1,105,,16969,,,1,147,,16965,,,1,105,,16966,,,1,107,,16967,,,1,107,,16964,,,1,106,,16968,,,1
901,'Saturday',740,,16974,,,1,90,,16975,,,1,90,,16976,,,1,90,,16977,,,1,90,,16978,,,1,50,,16979,,,1,90,,16980,,,1,90,,16981,,,1,90,,16982,,,1,91,,16983,,,1,91,,16984,,,1,50,,16985,,,1,90,,16986,,,1,89,,16987,,,1,89,,16988,,,1
901,'Sunday',828,,16989,,,1,105,,16996,,,1,108,,16997,,,1,105,,16998,,,1,105,,16999,,,1,105,,16995,,,1,147,,16991,,,1,105,,16992,,,1,107,,16993,,,1,107,,16990,,,1,106,,16994,,,1
901,'Weekday',540,,17000,,,1,74,,17003,,,1,34,,17004,,,1,74,,17005,,,1,23,,17002,,,1,79,,17006,,,1,76,,17017,,,1,45,,17018,,,1,87,,17019,,,1,82,,17020,,,1,87,,17021,,,1,48,,17022,,,1,84,,17007,,,1,83,,17016,,,1,32,,17013,,,1,75,,17009,,,1,78,,17014,,,1,35,,17011,,,1,75,,17008,,,1,35,,17010,,,1,76,,17015,,,1,34,,17012,,,1,74,,17023,,,1,79,,17025,,,1,41,,17024,,,1,85,,17001,,,1
902,'Holiday1',814,,17026,,,1,105,,17028,,,1,106,,17029,,,1,105,,17030,,,1,105,,17031,,,1,105,,17033,,,1,104,,17034,,,1,106,,17035,,,1,107,,17032,,,1,146,,17036,,,1,107,,17027,,,1
902,'Saturday',743,,17037,,,1,90,,17044,,,1,91,,17047,,,1,90,,17045,,,1,90,,17049,,,1,50,,17050,,,1,90,,17051,,,1,90,,17048,,,1,90,,17043,,,1,90,,17038,,,1,90,,17040,,,1,50,,17042,,,1,89,,17046,,,1,90,,17039,,,1,90,,17041,,,1
902,'Sunday',814,,17052,,,1,105,,17054,,,1,106,,17055,,,1,105,,17056,,,1,105,,17057,,,1,105,,17058,,,1,104,,17059,,,1,106,,17060,,,1,107,,17061,,,1,146,,17062,,,1,107,,17053,,,1
902,'Weekday',628,,17063,,,1,75,,17072,,,1,34,,17073,,,1,85,,17071,,,1,92,,17069,,,1,38,,17075,,,1,85,,17080,,,1,85,,17077,,,1,85,,17070,,,1,45,,17066,,,1,69,,17081,,,1,35,,17082,,,1,75,,17083,,,1,6,,17078,,,1,73,,17084,,,1,35,,17085,,,1,75,,17076,,,1,35,,17074,,,1,75,,17079,,,1,76,,17067,,,1,40,,17068,,,1,83,,17086,,,1,91,,17087,,,1,86,,17065,,,1,117,,17064,,,1
1903,'Holiday1',801,,19726,,,1,100,,19727,,,1,100,,19728,,,1,100,,19729,,,1,101,,19730,,,1,100,,19731,,,1,100,,19733,,,1,100,,19735,,,1,100,,19736,,,1,100,,19734,,,1,100,,19737,,,1,99,,19732,,,1
1903,'Saturday',832,,19739,,,1,99,,19742,,,1,100,,19743,,,1,100,,19744,,,1,100,,19740,,,1,101,,19738,,,1,100,,19745,,,1,100,,19746,,,1,100,,19741,,,1,100,,19747,,,1,100,,19748,,,1
1903,'Sunday',801,,19749,,,1,100,,19750,,,1,100,,19751,,,1,100,,19752,,,1,101,,19753,,,1,100,,19754,,,1,100,,19755,,,1,100,,19757,,,1,100,,19759,,,1,100,,19756,,,1,100,,19760,,,1,99,,19758,,,1
1903,'Weekday',508,,19768,,,1,43,,19763,,,1,80,,19766,,,1,81,,19762,,,1,40,,19764,,,1,80,,19761,,,1,99,,19765,,,1,100,,19767,,,1,100,,19769,,,1,100,,19770,,,1,101,,19771,,,1,97,,19772,,,1,80,,19773,,,1,40,,19774,,,1,73,,19776,,,1,80,,19775,,,1,40,,19777,,,1,80,,19778,,,1,80,,19780,,,1,40,,19779,,,1
