'251229-MULTI-Saturday-01',1102,61700,0,'',1,4100,0,'',1,8500,0,'',1,8100,0,'',1,8400,0,'',1,4000,0,'',1,8100,0,'',1,8400,0,'',1,4300,0,'',1,8200,0,'',1,8000,0,'',1,8400,0,'',1,4500,0,'',1,8300,0,'',1,8600,0,'',1,8400,0,'',1,4000,0,'',1,8400,0,'',1,8400,0,'',1,4200,0,'',1,8300,0,'',1,8300,0,'',1,9100,0,'',1,4700,0,'',1,8900,0,'',1,9800,0,'',1,9400,0,'',1
'251229-MULTI-Sunday-01',1102,73500,0,'',1,8000,0,'',1,4000,0,'',1,8200,0,'',1,8200,0,'',1,4000,0,'',1,8000,0,'',1,8000,0,'',1,8100,0,'',1,4100,0,'',1,8000,0,'',1,8100,0,'',1,4000,0,'',1,8100,0,'',1,8200,0,'',1,4200,0,'',1,8100,0,'',1,8200,0,'',1,9400,0,'',1,4100,0,'',1,8800,0,'',1,8300,0,'',1,8600,0,'',1,4600,0,'',1,8600,0,'',1
'260105-MULTI-Holiday1-01',1102,73500,0,'',1,8000,0,'',1,4000,0,'',1,8200,0,'',1,8200,0,'',1,4000,0,'',1,8000,0,'',1,8000,0,'',1,8100,0,'',1,4100,0,'',1,8000,0,'',1,8100,0,'',1,4000,0,'',1,8100,0,'',1,8200,0,'',1,4200,0,'',1,8100,0,'',1,8200,0,'',1,9400,0,'',1,4100,0,'',1,8800,0,'',1,8300,0,'',1,8600,0,'',1,4600,0,'',1,8600,0,'',1
'260105-MULTI-Saturday-01',1102,61700,0,'',1,4100,0,'',1,8500,0,'',1,8100,0,'',1,8400,0,'',1,4000,0,'',1,8100,0,'',1,8400,0,'',1,4300,0,'',1,8200,0,'',1,8000,0,'',1,8400,0,'',1,4500,0,'',1,8300,0,'',1,8600,0,'',1,8400,0,'',1,4000,0,'',1,8400,0,'',1,8400,0,'',1,4200,0,'',1,8300,0,'',1,8300,0,'',1,9100,0,'',1,4700,0,'',1,8900,0,'',1,9800,0,'',1,9400,0,'',1
'260105-MULTI-Sunday-01',1102,73500,0,'',1,8000,0,'',1,4000,0,'',1,8200,0,'',1,8200,0,'',1,4000,0,'',1,8000,0,'',1,8000,0,'',1,8100,0,'',1,4100,0,'',1,8000,0,'',1,8100,0,'',1,4000,0,'',1,8100,0,'',1,8200,0,'',1,4200,0,'',1,8100,0,'',1,8200,0,'',1,9400,0,'',1,4100,0,'',1,8800,0,'',1,8300,0,'',1,8600,0,'',1,4600,0,'',1,8600,0,'',1
'260105-MULTI-Weekday-01',1102,35800,0,'D Lisgar',1,17500,0,'D Lisgar',1,7900,0,'',1,1200,0,'',1,1100,0,'D Lisgar',1,1000,0,'',1,6000,0,'',1,1000,0,'D Lisgar',1,1000,0,'',1,2000,0,'',1,6200,0,'',1,2100,0,'',1,2200,0,'',1,5700,0,'',1,1800,0,'',1,2100,0,'',1,7000,0,'',1,1600,0,'',1,7400,0,'',1,2900,0,'',1,7000,0,'',1,2700,0,'D Lisgar',1,600,0,'',1,7100,0,'',1,2100,0,'',1,1600,0,'D Lisgar',1,6900,0,'',1,3000,0,'',1,6800,0,'',1,1600,0,'D Lisgar',1,2200,0,'',1,800,0,'',1,6000,0,'',1,3000,0,'',1,6200,0,'',1,2700,0,'',1,6400,0,'',1,1400,0,'',1,2600,0,'',1,6100,0,'',1,2400,0,'',1,2600,0,'',1,6100,0,'',1,2600,0,'',1,6300,0,'',1,1700,0,'',1,2400,0,'',1,7400,0,'',1,8700,0,'',1,4600,0,'',1,6700,0,'',1,4100,0,'',1,8900,0,'',1
'251229-MULTI-Saturday-01',51102,54400,0,'',1,7000,0,'',1,3000,0,'',1,6000,0,'',1,900,0,'',1,1400,0,'',1,2400,0,'',1,9000,0,'',1,8500,0,'',1,8500,0,'',1,4700,0,'',1,8500,0,'',1,9400,0,'',1,9000,0,'',1,9000,0,'',1,9000,0,'',1,5000,0,'',1,9000,0,'',1,9000,0,'',1,800,0,'',1,1000,0,'',1,5700,0,'',1,1500,0,'',1,9300,0,'',1,300,0,'',1,8500,0,'',1,4100,0,'',1
'251229-MULTI-Sunday-01',51102,54700,0,'',1,7500,0,'',1,2700,0,'',1,5500,0,'',1,2500,0,'',1,3000,0,'',1,8400,0,'',1,8300,0,'',1,7800,0,'',1,4400,0,'',1,8500,0,'',1,8200,0,'',1,4000,0,'',1,8000,0,'',1,8300,0,'',1,4000,0,'',1,8000,0,'',1,8000,0,'',1,4000,0,'',1,8200,0,'',1,7800,0,'',1,3900,0,'',1,7900,0,'',1,7800,0,'',1,4200,0,'',1,6900,0,'',1,8200,0,'',1
'260105-MULTI-Holiday1-01',51102,54700,0,'',1,7500,0,'',1,2700,0,'',1,5500,0,'',1,2500,0,'',1,3000,0,'',1,8400,0,'',1,8300,0,'',1,7800,0,'',1,4400,0,'',1,8500,0,'',1,8200,0,'',1,4000,0,'',1,8000,0,'',1,8300,0,'',1,4000,0,'',1,8000,0,'',1,8000,0,'',1,4000,0,'',1,8200,0,'',1,7800,0,'',1,3900,0,'',1,7900,0,'',1,7800,0,'',1,4200,0,'',1,6900,0,'',1,8200,0,'',1
'260105-MULTI-Saturday-01',51102,54400,0,'',1,7000,0,'',1,3000,0,'',1,6000,0,'',1,900,0,'',1,1400,0,'',1,2400,0,'',1,9000,0,'',1,8500,0,'',1,8500,0,'',1,4700,0,'',1,8500,0,'',1,9400,0,'',1,9000,0,'',1,9000,0,'',1,9000,0,'',1,5000,0,'',1,9000,0,'',1,9000,0,'',1,800,0,'',1,1000,0,'',1,5700,0,'',1,1500,0,'',1,9300,0,'',1,300,0,'',1,8500,0,'',1,4100,0,'',1
'260105-MULTI-Sunday-01',51102,54700,0,'',1,7500,0,'',1,2700,0,'',1,5500,0,'',1,2500,0,'',1,3000,0,'',1,8400,0,'',1,8300,0,'',1,7800,0,'',1,4400,0,'',1,8500,0,'',1,8200,0,'',1,4000,0,'',1,8000,0,'',1,8300,0,'',1,4000,0,'',1,8000,0,'',1,8000,0,'',1,4000,0,'',1,8200,0,'',1,7800,0,'',1,3900,0,'',1,7900,0,'',1,7800,0,'',1,4200,0,'',1,6900,0,'',1,8200,0,'',1
'260105-MULTI-Weekday-01',51102,61900,0,'',1,1500,0,'',1,1500,0,'',1,5500,0,'',1,1500,0,'',1,1500,0,'',1,1500,0,'',1,5300,0,'',1,1700,0,'',1,1500,0,'',1,1500,0,'',1,5500,0,'',1,1200,0,'',1,1300,0,'',1,1500,0,'',1,1400,0,'',1,5500,0,'',1,2200,0,'',1,2400,0,'',1,6500,0,'',1,2500,0,'',1,6400,0,'',1,2400,0,'',1,6400,0,'',1,2600,0,'',1,2300,0,'',1,6000,0,'',1,1600,0,'',1,1500,0,'',1,1500,0,'',1,5600,0,'',1,1500,0,'',1,1600,0,'',1,1500,0,'',1,5500,0,'',1,1500,0,'',1,1500,0,'',1,1500,0,'',1,5500,0,'',1,1500,0,'',1,1500,0,'',1,1500,0,'',1,5300,0,'',1,1300,0,'',1,1400,0,'',1,1500,0,'',1,5500,0,'',1,1500,0,'',1,1500,0,'',1,1500,0,'',1,5300,0,'',1,1700,0,'',1,1600,0,'',1,6500,0,'',1,2200,0,'',1,1900,0,'',1,6200,0,'',1,1600,0,'',1,2000,0,'',1,6000,0,'',1,2000,0,'',1,2000,0,'',1,6000,0,'',1,2000,0,'',1,2000,0,'',1,6000,0,'',1,2000,0,'',1
