'251229-MULTI-Saturday-01',303,54600,4,'',1,8500,4,'',1,2500,4,'',1,6600,4,'',1,3000,4,'',1,6000,4,'',1,3200,4,'',1,5900,4,'',1,3100,4,'',1,1900,4,'',1,7200,4,'',1,2000,4,'',1,6600,4,'',1,2000,4,'',1,7200,4,'',1,2100,4,'',1,3000,4,'',1,5900,4,'',1,3100,4,'',1,5900,4,'',1,3100,4,'',1,1900,4,'',1,7100,4,'',1,2000,4,'',1,7100,4,'',1,2000,4,'',1,7100,4,'',1,1800,4,'',1,3100,4,'',1,5900,4,'',1,3100,4,'',1,5900,4,'',1,2900,4,'',1,1900,4,'',1,6300,4,'',1,2200,4,'',1,6500,4,'',1,2400,4,'',1,2500,4,'',1,6500,4,'',1,2500,4,'',1,6500,4,'',1,2400,4,'',1,2500,4,'',1,6500,4,'',1
'251229-MULTI-Saturday-01',304,60000,0,'',1,2500,0,'',1,2500,0,'',1,6500,0,'',1,2500,0,'',1,6000,0,'A FCCC',1,2500,0,'',1,2500,0,'A FCCC',1,6500,0,'',1,2500,0,'A FCCC',1,6500,0,'',1,2500,0,'A FCCC',1,2500,0,'',1,6500,0,'A FCCC',1,2500,0,'',1,6500,0,'A FCCC',1,2500,0,'',1,6500,0,'A FCCC',1,2500,0,'',1,2500,0,'A FCCC',1,6500,0,'',1,2500,0,'A FCCC',1,6500,0,'',1,2500,0,'A FCCC',1,2500,0,'',1,6500,0,'A FCCC',1,2500,0,'',1,6500,0,'A FCCC',1,2500,0,'',1,6500,0,'A FCCC',1,2500,0,'',1,2500,0,'A FCCC',1,6500,0,'',1,2500,0,'',1,6400,0,'',1,2300,0,'',1,2100,0,'',1,5900,0,'',1,2400,0,'',1,2500,0,'',1,6500,0,'',1,2500,0,'',1,6500,0,'',1,2500,0,'',1
'251229-MULTI-Sunday-01',303,70700,4,'',1,3000,4,'',1,2000,4,'',1,7100,4,'',1,2100,4,'',1,6500,4,'',1,2000,4,'',1,7000,4,'',1,2400,4,'',1,2500,4,'',1,6500,4,'',1,2500,4,'',1,6500,4,'',1,2400,4,'',1,2500,4,'',1,6500,4,'',1,2000,4,'',1,7000,4,'',1,2000,4,'',1,7000,4,'',1,2100,4,'',1,2600,4,'',1,6700,4,'',1,2600,4,'',1,6500,4,'',1,2500,4,'',1,2500,4,'',1,6400,4,'',1,2500,4,'',1,6400,4,'',1,2400,4,'',1,2500,4,'',1,6300,4,'',1,2500,4,'',1,7000,4,'',1,2400,4,'',1,6500,4,'',1,2500,4,'',1,2500,4,'',1,6400,4,'',1,2500,4,'',1,6500,4,'',1
'251229-MULTI-Sunday-01',304,71000,0,'A FCCC',1,3000,0,'',1,6500,0,'A FCCC',1,3000,0,'',1,6500,0,'A FCCC',1,2500,0,'',1,2500,0,'A FCCC',1,6500,0,'',1,2500,0,'A FCCC',1,6500,0,'',1,2500,0,'A FCCC',1,2500,0,'',1,6500,0,'A FCCC',1,2500,0,'',1,6000,0,'A FCCC',1,3000,0,'',1,2000,0,'A FCCC',1,6500,0,'',1,2500,0,'A FCCC',1,6500,0,'',1,2500,0,'A FCCC',1,6500,0,'',1,2500,0,'A FCCC',1,2500,0,'',1,6500,0,'A FCCC',1,2300,0,'',1,6700,0,'A FCCC',1,2300,0,'',1,2700,0,'A FCCC',1,6500,0,'',1,2500,0,'A FCCC',1,6500,0,'',1,2500,0,'',1,6500,0,'',1,2500,0,'',1,2500,0,'',1,6500,0,'',1,2500,0,'',1,6500,0,'',1,2500,0,'',1,2500,0,'',1
'260105-MULTI-Holiday1-01',303,70700,4,'',1,3000,4,'',1,2000,4,'',1,7100,4,'',1,2100,4,'',1,6500,4,'',1,2000,4,'',1,7000,4,'',1,2400,4,'',1,2500,4,'',1,6500,4,'',1,2500,4,'',1,6500,4,'',1,2400,4,'',1,2500,4,'',1,6500,4,'',1,2000,4,'',1,7000,4,'',1,2000,4,'',1,7000,4,'',1,2100,4,'',1,2600,4,'',1,6700,4,'',1,2600,4,'',1,6500,4,'',1,2500,4,'',1,2500,4,'',1,6400,4,'',1,2500,4,'',1,6400,4,'',1,2400,4,'',1,2500,4,'',1,6300,4,'',1,2500,4,'',1,7000,4,'',1,2400,4,'',1,6500,4,'',1,2500,4,'',1,2500,4,'',1,6400,4,'',1,2500,4,'',1,6500,4,'',1
'260105-MULTI-Holiday1-01',304,71000,0,'A FCCC',1,3000,0,'',1,6500,0,'A FCCC',1,3000,0,'',1,6500,0,'A FCCC',1,2500,0,'',1,2500,0,'A FCCC',1,6500,0,'',1,2500,0,'A FCCC',1,6500,0,'',1,2500,0,'A FCCC',1,2500,0,'',1,6500,0,'A FCCC',1,2500,0,'',1,6000,0,'A FCCC',1,3000,0,'',1,2000,0,'A FCCC',1,6500,0,'',1,2500,0,'A FCCC',1,6500,0,'',1,2500,0,'A FCCC',1,6500,0,'',1,2500,0,'A FCCC',1,2500,0,'',1,6500,0,'A FCCC',1,2300,0,'',1,6700,0,'A FCCC',1,2300,0,'',1,2700,0,'A FCCC',1,6500,0,'',1,2500,0,'A FCCC',1,6500,0,'',1,2500,0,'',1,6500,0,'',1,2500,0,'',1,2500,0,'',1,6500,0,'',1,2500,0,'',1,6500,0,'',1,2500,0,'',1,2500,0,'',1
'260105-MULTI-Saturday-01',303,54600,4,'',1,8500,4,'',1,2500,4,'',1,6600,4,'',1,3000,4,'',1,6000,4,'',1,3200,4,'',1,5900,4,'',1,3100,4,'',1,1900,4,'',1,7200,4,'',1,2000,4,'',1,6600,4,'',1,2000,4,'',1,7200,4,'',1,2100,4,'',1,3000,4,'',1,5900,4,'',1,3100,4,'',1,5900,4,'',1,3100,4,'',1,1900,4,'',1,7100,4,'',1,2000,4,'',1,7100,4,'',1,2000,4,'',1,7100,4,'',1,1800,4,'',1,3100,4,'',1,5900,4,'',1,3100,4,'',1,5900,4,'',1,2900,4,'',1,1900,4,'',1,6300,4,'',1,2200,4,'',1,6500,4,'',1,2400,4,'',1,2500,4,'',1,6500,4,'',1,2500,4,'',1,6500,4,'',1,2400,4,'',1,2500,4,'',1,6500,4,'',1
'260105-MULTI-Saturday-01',304,60000,0,'',1,2500,0,'',1,2500,0,'',1,6500,0,'',1,2500,0,'',1,6000,0,'A FCCC',1,2500,0,'',1,2500,0,'A FCCC',1,6500,0,'',1,2500,0,'A FCCC',1,6500,0,'',1,2500,0,'A FCCC',1,2500,0,'',1,6500,0,'A FCCC',1,2500,0,'',1,6500,0,'A FCCC',1,2500,0,'',1,6500,0,'A FCCC',1,2500,0,'',1,2500,0,'A FCCC',1,6500,0,'',1,2500,0,'A FCCC',1,6500,0,'',1,2500,0,'A FCCC',1,2500,0,'',1,6500,0,'A FCCC',1,2500,0,'',1,6500,0,'A FCCC',1,2500,0,'',1,6500,0,'A FCCC',1,2500,0,'',1,2500,0,'A FCCC',1,6500,0,'',1,2500,0,'',1,6400,0,'',1,2300,0,'',1,2100,0,'',1,5900,0,'',1,2400,0,'',1,2500,0,'',1,6500,0,'',1,2500,0,'',1,6500,0,'',1,2500,0,'',1
'260105-MULTI-Sunday-01',303,70700,4,'',1,3000,4,'',1,2000,4,'',1,7100,4,'',1,2100,4,'',1,6500,4,'',1,2000,4,'',1,7000,4,'',1,2400,4,'',1,2500,4,'',1,6500,4,'',1,2500,4,'',1,6500,4,'',1,2400,4,'',1,2500,4,'',1,6500,4,'',1,2000,4,'',1,7000,4,'',1,2000,4,'',1,7000,4,'',1,2100,4,'',1,2600,4,'',1,6700,4,'',1,2600,4,'',1,6500,4,'',1,2500,4,'',1,2500,4,'',1,6400,4,'',1,2500,4,'',1,6400,4,'',1,2400,4,'',1,2500,4,'',1,6300,4,'',1,2500,4,'',1,7000,4,'',1,2400,4,'',1,6500,4,'',1,2500,4,'',1,2500,4,'',1,6400,4,'',1,2500,4,'',1,6500,4,'',1
'260105-MULTI-Sunday-01',304,71000,0,'A FCCC',1,3000,0,'',1,6500,0,'A FCCC',1,3000,0,'',1,6500,0,'A FCCC',1,2500,0,'',1,2500,0,'A FCCC',1,6500,0,'',1,2500,0,'A FCCC',1,6500,0,'',1,2500,0,'A FCCC',1,2500,0,'',1,6500,0,'A FCCC',1,2500,0,'',1,6000,0,'A FCCC',1,3000,0,'',1,2000,0,'A FCCC',1,6500,0,'',1,2500,0,'A FCCC',1,6500,0,'',1,2500,0,'A FCCC',1,6500,0,'',1,2500,0,'A FCCC',1,2500,0,'',1,6500,0,'A FCCC',1,2300,0,'',1,6700,0,'A FCCC',1,2300,0,'',1,2700,0,'A FCCC',1,6500,0,'',1,2500,0,'A FCCC',1,6500,0,'',1,2500,0,'',1,6500,0,'',1,2500,0,'',1,2500,0,'',1,6500,0,'',1,2500,0,'',1,6500,0,'',1,2500,0,'',1,2500,0,'',1
'260105-MULTI-Weekday-01',303,54800,4,'',1,5500,4,'',1,1700,4,'',1,1500,4,'',1,1100,4,'',1,6200,4,'',1,500,4,'',1,1800,4,'',1,1600,4,'',1,1200,4,'',1,5600,4,'',1,900,4,'',1,1600,4,'',1,800,4,'',1,5600,4,'',1,1500,4,'',1,1000,4,'',1,1200,4,'',1,1100,4,'',1,5500,4,'',1,1100,4,'',1,1600,4,'',1,1500,4,'',1,5400,4,'',1,1400,4,'',1,1600,4,'',1,1300,4,'',1,5700,4,'',1,2100,4,'',1,1000,4,'',1,1600,4,'',1,5500,4,'',1,1500,4,'',1,1900,4,'',1,6300,4,'',1,1900,4,'',1,1000,4,'',1,1400,4,'',1,5500,4,'',1,1300,4,'',1,1600,4,'',1,1800,4,'',1,1100,4,'',1,5200,4,'',1,2200,4,'',1,900,4,'',1,1400,4,'',1,5700,4,'',1,1200,4,'',1,1500,4,'',1,1400,4,'',1,5500,4,'',1,1200,4,'',1,1400,4,'',1,1300,4,'',1,5500,4,'',1,1300,4,'',1,1400,4,'',1,1300,4,'',1,1400,4,'',1,5400,4,'',1,1400,4,'',1,1200,4,'',1,1800,4,'',1,7300,4,'',1,1600,4,'',1,7700,4,'',1,2800,4,'',1,6200,4,'',1,3300,4,'',1,6600,4,'',1,3100,4,'',1,7000,4,'',1
'260105-MULTI-Weekday-01',304,40500,0,'',1,2000,0,'',1,1500,0,'',1,1500,0,'',1,5500,0,'',1,1500,0,'',1,1000,0,'',1,1900,0,'',1,100,0,'',1,5700,0,'',1,1600,0,'',1,1300,0,'',1,1300,0,'',1,6200,0,'',1,500,0,'A FCCC',1,1900,0,'',1,1500,0,'A FCCC',1,5400,0,'',1,1400,0,'A FCCC',1,800,0,'',1,1700,0,'A FCCC',1,900,0,'',1,5800,0,'A FCCC',1,1200,0,'',1,1300,0,'A FCCC',1,1700,0,'',1,5300,0,'A FCCC',1,1400,0,'',1,1600,0,'A FCCC',1,1800,0,'',1,5200,0,'A FCCC',1,1500,0,'',1,1500,0,'A FCCC',1,1300,0,'',1,5700,0,'A FCCC',1,2000,0,'',1,2300,0,'A FCCC',1,400,0,'',1,5400,0,'A FCCC',1,2000,0,'',1,1500,0,'A FCCC',1,1200,0,'',1,5700,0,'A FCCC',1,1300,0,'',1,1300,0,'A FCCC',1,1400,0,'',1,5500,0,'A FCCC',1,1500,0,'',1,1500,0,'A FCCC',1,1500,0,'',1,5400,0,'A FCCC',1,1200,0,'',1,1700,0,'A FCCC',1,1200,0,'',1,5500,0,'A FCCC',1,1500,0,'',1,1300,0,'A FCCC',1,1200,0,'',1,5500,0,'A FCCC',1,1500,0,'',1,1300,0,'A FCCC',1,1400,0,'',1,1200,0,'A FCCC',1,5400,0,'',1,1400,0,'A FCCC',1,1400,0,'',1,6400,0,'A FCCC',1,2800,0,'',1,7300,0,'A FCCC',1,3400,0,'',1,2200,0,'',1,7200,0,'',1,2900,0,'',1,6600,0,'',1,3200,0,'',1,6200,0,'',1
'251229-MULTI-Saturday-01',8103,60000,0,'',1,4500,0,'',1,8500,0,'',1,8500,0,'',1,8500,0,'',1,4500,0,'',1,8500,0,'',1,8500,0,'',1,8500,0,'',1,4500,0,'',1,8500,0,'',1,8500,0,'',1,8500,0,'',1,4500,0,'',1,8500,0,'',1,8500,0,'',1,8500,0,'',1,4500,0,'',1
'251229-MULTI-Saturday-01',8104,62900,4,'',1,8500,4,'',1,4500,4,'',1,8700,4,'',1,8500,4,'',1,8500,4,'',1,8500,4,'',1,4500,4,'',1,8500,4,'',1,8500,4,'',1,8500,4,'',1,4500,4,'',1,8400,4,'',1,8500,4,'',1,8500,4,'',1,4500,4,'',1,8500,4,'',1,8500,4,'',1
'251229-MULTI-Sunday-01',8103,60000,0,'',1,4500,0,'',1,8500,0,'',1,8500,0,'',1,8500,0,'',1,4500,0,'',1,8500,0,'',1,8500,0,'',1,8500,0,'',1,4500,0,'',1,8500,0,'',1,8500,0,'',1,8500,0,'',1,4500,0,'',1,8500,0,'',1,8500,0,'',1,8500,0,'',1,4500,0,'',1
'251229-MULTI-Sunday-01',8104,62900,4,'',1,8500,4,'',1,4500,4,'',1,8700,4,'',1,8500,4,'',1,8500,4,'',1,8500,4,'',1,4500,4,'',1,8500,4,'',1,8500,4,'',1,8500,4,'',1,4500,4,'',1,8400,4,'',1,8500,4,'',1,8500,4,'',1,4500,4,'',1,8500,4,'',1,8500,4,'',1
'260105-MULTI-Holiday1-01',8103,60000,0,'',1,4500,0,'',1,8500,0,'',1,8500,0,'',1,8500,0,'',1,4500,0,'',1,8500,0,'',1,8500,0,'',1,8500,0,'',1,4500,0,'',1,8500,0,'',1,8500,0,'',1,8500,0,'',1,4500,0,'',1,8500,0,'',1,8500,0,'',1,8500,0,'',1,4500,0,'',1
'260105-MULTI-Holiday1-01',8104,62900,4,'',1,8500,4,'',1,4500,4,'',1,8700,4,'',1,8500,4,'',1,8500,4,'',1,8500,4,'',1,4500,4,'',1,8500,4,'',1,8500,4,'',1,8500,4,'',1,4500,4,'',1,8400,4,'',1,8500,4,'',1,8500,4,'',1,4500,4,'',1,8500,4,'',1,8500,4,'',1
'260105-MULTI-Saturday-01',8103,60000,0,'',1,4500,0,'',1,8500,0,'',1,8500,0,'',1,8500,0,'',1,4500,0,'',1,8500,0,'',1,8500,0,'',1,8500,0,'',1,4500,0,'',1,8500,0,'',1,8500,0,'',1,8500,0,'',1,4500,0,'',1,8500,0,'',1,8500,0,'',1,8500,0,'',1,4500,0,'',1
'260105-MULTI-Saturday-01',8104,62900,4,'',1,8500,4,'',1,4500,4,'',1,8700,4,'',1,8500,4,'',1,8500,4,'',1,8500,4,'',1,4500,4,'',1,8500,4,'',1,8500,4,'',1,8500,4,'',1,4500,4,'',1,8400,4,'',1,8500,4,'',1,8500,4,'',1,4500,4,'',1,8500,4,'',1,8500,4,'',1
'260105-MULTI-Sunday-01',8103,60000,0,'',1,4500,0,'',1,8500,0,'',1,8500,0,'',1,8500,0,'',1,4500,0,'',1,8500,0,'',1,8500,0,'',1,8500,0,'',1,4500,0,'',1,8500,0,'',1,8500,0,'',1,8500,0,'',1,4500,0,'',1,8500,0,'',1,8500,0,'',1,8500,0,'',1,4500,0,'',1
'260105-MULTI-Sunday-01',8104,62900,4,'',1,8500,4,'',1,4500,4,'',1,8700,4,'',1,8500,4,'',1,8500,4,'',1,8500,4,'',1,4500,4,'',1,8500,4,'',1,8500,4,'',1,8500,4,'',1,4500,4,'',1,8400,4,'',1,8500,4,'',1,8500,4,'',1,4500,4,'',1,8500,4,'',1,8500,4,'',1
'260105-MULTI-Weekday-01',8103,60000,0,'',1,4500,0,'',1,8500,0,'',1,8500,0,'',1,8500,0,'',1,4500,0,'',1,8500,0,'',1,8500,0,'',1,8500,0,'',1,4500,0,'',1,8500,0,'',1,8500,0,'',1,8500,0,'',1,4500,0,'',1,8500,0,'',1,8500,0,'',1,8500,0,'',1,4500,0,'',1,8500,0,'',1,8500,0,'',1
'260105-MULTI-Weekday-01',8104,63000,4,'',1,8500,4,'',1,8500,4,'',1,4700,4,'',1,8500,4,'',1,8500,4,'',1,8500,4,'',1,4500,4,'',1,8500,4,'',1,8500,4,'',1,8500,4,'',1,4500,4,'',1,8400,4,'',1,8500,4,'',1,8500,4,'',1,4500,4,'',1,8500,4,'',1,8500,4,'',1,8500,4,'',1,4500,4,'',1
