901,'Holiday1',826,2,16732,39,,,1,105,2,16739,39,,,1,108,2,16740,39,,,1,105,2,16741,39,,,1,105,2,16742,39,,,1,105,2,16738,39,,,1,147,42,16734,39,,,1,105,2,16735,39,,,1,107,2,16736,39,,,1,107,2,16733,39,,,1,106,2,16737,39,,,1
901,'Saturday',738,2,16743,39,,,1,90,2,16744,39,,,1,90,2,16745,39,,,1,90,2,16746,39,,,1,50,2,16747,39,,,1,90,2,16748,39,,,1,90,2,16749,39,,,1,90,2,16750,39,,,1,90,2,16751,39,,,1,91,2,16752,39,,,1,91,42,16753,39,,,1,50,2,16754,39,,,1,90,2,16755,39,,,1,89,2,16756,39,,,1,89,2,16757,39,,,1
901,'Sunday',826,2,16758,39,,,1,105,2,16765,39,,,1,108,2,16766,39,,,1,105,2,16767,39,,,1,105,2,16768,39,,,1,105,2,16764,39,,,1,147,42,16760,39,,,1,105,2,16761,39,,,1,107,2,16762,39,,,1,107,2,16759,39,,,1,106,2,16763,39,,,1
901,'Weekday',538,2,16769,39,,,1,74,2,16772,39,,,1,34,2,16773,39,,,1,74,2,16774,39,,,1,23,2,16771,39,,,1,79,2,16775,39,,,1,36,2,16786,39,,,1,85,2,16787,39,,,1,87,2,16788,39,,,1,82,2,16789,39,,,1,47,2,16790,39,,,1,88,2,16791,39,,,1,84,2,16776,39,,,1,83,2,16785,39,,,1,32,2,16782,39,,,1,75,2,16778,39,,,1,38,2,16783,39,,,1,75,2,16780,39,,,1,75,2,16777,39,,,1,35,2,16779,39,,,1,76,2,16784,39,,,1,34,2,16781,39,,,1,74,2,16792,39,,,1,79,2,16794,39,,,1,41,2,16793,39,,,1,85,2,16770,39,,,1
1703,'Holiday1',750,,18877,1,,,1,85,,18875,1,,,1,85,,18879,1,,,1,85,,18880,1,,,1,45,,18878,1,,,1,85,,18881,1,,,1,85,,18882,1,,,1,85,,18884,1,,,1,45,,18885,1,,,1,85,,18876,1,,,1,85,,18886,1,,,1,85,,18883,1,,,1,45,,18887,1,,,1,85,,18888,1,,,1,85,,18889,1,,,1,85,,18890,1,,,1
1703,'Saturday',800,,18891,1,,,1,45,,18893,1,,,1,85,,18892,1,,,1,85,,18894,1,,,1,85,,18895,1,,,1,45,,18897,1,,,1,85,,18898,1,,,1,85,,18900,1,,,1,85,,18901,1,,,1,45,,18902,1,,,1,85,,18899,1,,,1,85,,18896,1,,,1,85,,18904,1,,,1,45,,18905,1,,,1,85,,18903,1,,,1
1703,'Sunday',750,,18908,1,,,1,85,,18906,1,,,1,85,,18910,1,,,1,85,,18911,1,,,1,45,,18909,1,,,1,85,,18912,1,,,1,85,,18913,1,,,1,85,,18915,1,,,1,45,,18916,1,,,1,85,,18907,1,,,1,85,,18917,1,,,1,85,,18914,1,,,1,45,,18918,1,,,1,85,,18919,1,,,1,85,,18920,1,,,1,85,,18921,1,,,1
1703,'Weekday',513,,18937,1,,,1,41,,18922,1,,,1,84,,18940,1,,,1,86,,18923,1,,,1,86,,18924,1,,,1,45,,18925,1,,,1,85,,18926,1,,,1,85,,18927,1,,,1,85,,18928,1,,,1,45,,18930,1,,,1,84,,18932,1,,,1,83,,18933,1,,,1,84,,18939,1,,,1,94,,18929,1,,,1,43,,18934,1,,,1,82,,18931,1,,,1,87,,18935,1,,,1,46,,18936,1,,,1,83,,18938,1,,,1
1704,'Holiday1',825,,18941,19,4,,1,85,,18942,19,4,,1,46,,18943,19,4,,1,85,,18946,19,4,,1,85,,18947,19,4,,1,85,,18948,19,4,,1,45,,18944,19,4,,1,85,,18945,19,4,,1,86,,18949,19,4,,1,85,,18953,19,4,,1,45,,18950,19,4,,1,85,,18954,19,4,,1,85,,18951,19,4,,1,85,,18952,19,4,,1,45,,18955,19,4,,1,85,,18956,19,4,,1
1704,'Saturday',836,,18957,19,4,,1,85,,18959,19,4,,1,85,,18960,19,4,,1,45,,18961,19,4,,1,84,,18962,19,4,,1,86,,18964,19,4,,1,85,,18965,19,4,,1,45,,18966,19,4,,1,85,,18963,19,4,,1,86,,18970,19,4,,1,86,,18971,19,4,,1,45,,18967,19,4,,1,85,,18968,19,4,,1,85,,18969,19,4,,1,84,,18958,19,4,,1
1704,'Sunday',825,,18972,19,4,,1,85,,18973,19,4,,1,46,,18974,19,4,,1,85,,18977,19,4,,1,85,,18978,19,4,,1,85,,18979,19,4,,1,45,,18975,19,4,,1,85,,18976,19,4,,1,86,,18980,19,4,,1,85,,18984,19,4,,1,45,,18981,19,4,,1,85,,18985,19,4,,1,85,,18982,19,4,,1,85,,18983,19,4,,1,45,,18986,19,4,,1,85,,18987,19,4,,1
1704,'Weekday',545,,18988,19,4,,1,84,,18989,19,4,,1,86,,18991,19,4,,1,87,,18992,19,4,,1,45,,18993,19,4,,1,84,,18996,19,4,,1,86,,18994,19,4,,1,84,,18997,19,4,,1,46,,18995,19,4,,1,83,,18990,19,4,,1,85,,18998,19,4,,1,42,,18999,19,4,,1,90,,19000,19,4,,1,11,,19007,19,4,,1,79,,19001,19,4,,1,82,,19002,19,4,,1,85,,19003,19,4,,1,46,,19004,19,4,,1,84,,19005,19,4,,1,82,,19006,19,4,,1
20700,'Weekday',725,,24466,1,,,1
20701,'Weekday',1507,,24467,24,4,,1,4,,24468,24,4,,1
