801,'251229-MULTI-Saturday-01',629,,4582,4,,1,90,,4584,4,,1,93,,4581,4,,1,92,,4586,4,,1,50,,4583,4,,1,90,,4587,4,,1,89,,4593,4,,1,75,,4594,4,,1,35,,4596,4,,1,76,,4608,4,,1,81,,4595,4,,1,37,,4597,4,,1,75,,4598,4,,1,35,,4599,4,,1,75,,4600,4,,1,35,,4602,4,,1,75,,4603,4,,1,75,,4605,4,,1,35,,4601,4,,1,72,,4606,4,,1,33,,4607,4,,1,70,,4604,4,,1,32,,4588,4,,1,83,,4589,4,,1,87,,4591,4,,1,89,,4590,4,,1,50,,4592,4,,1,90,,4585,4,,1
801,'251229-MULTI-Sunday-01',829,,4610,4,,1,85,,4611,4,,1,45,,4612,4,,1,85,,4613,4,,1,80,,4614,4,,1,85,,4609,4,,1,49,,4616,4,,1,85,,4615,4,,1,85,,4618,4,,1,85,,4620,4,,1,45,,4617,4,,1,85,,4621,4,,1,85,,4622,4,,1,85,,4619,4,,1,45,,4623,4,,1,85,,4624,4,,1,89,,4625,4,,1,84,,4627,4,,1,84,,4628,4,,1,45,,4626,4,,1
801,'260105-MULTI-Holiday1-01',829,,4630,4,,1,85,,4631,4,,1,45,,4632,4,,1,85,,4633,4,,1,80,,4634,4,,1,85,,4629,4,,1,49,,4636,4,,1,85,,4635,4,,1,85,,4638,4,,1,85,,4640,4,,1,45,,4637,4,,1,85,,4641,4,,1,85,,4642,4,,1,85,,4639,4,,1,45,,4643,4,,1,85,,4644,4,,1,89,,4645,4,,1,84,,4647,4,,1,84,,4648,4,,1,45,,4646,4,,1
801,'260105-MULTI-Saturday-01',629,,4650,4,,1,90,,4652,4,,1,93,,4649,4,,1,92,,4654,4,,1,50,,4651,4,,1,90,,4655,4,,1,89,,4661,4,,1,75,,4663,4,,1,35,,4664,4,,1,76,,4676,4,,1,81,,4662,4,,1,37,,4665,4,,1,75,,4666,4,,1,35,,4667,4,,1,75,,4668,4,,1,35,,4670,4,,1,75,,4671,4,,1,75,,4673,4,,1,35,,4669,4,,1,72,,4674,4,,1,33,,4675,4,,1,70,,4672,4,,1,32,,4656,4,,1,83,,4657,4,,1,87,,4659,4,,1,89,,4658,4,,1,50,,4660,4,,1,90,,4653,4,,1
801,'260105-MULTI-Sunday-01',829,,4678,4,,1,85,,4679,4,,1,45,,4680,4,,1,85,,4681,4,,1,80,,4682,4,,1,85,,4677,4,,1,49,,4684,4,,1,85,,4683,4,,1,85,,4686,4,,1,85,,4688,4,,1,45,,4685,4,,1,85,,4689,4,,1,85,,4690,4,,1,85,,4687,4,,1,45,,4691,4,,1,85,,4692,4,,1,89,,4693,4,,1,84,,4695,4,,1,84,,4696,4,,1,45,,4694,4,,1
801,'260105-MULTI-Weekday-01',613,,4697,4,,1,37,,4709,4,,1,77,,4710,4,,1,76,,4711,4,,1,34,,4712,4,,1,78,,4713,4,,1,32,,4700,4,,1,73,,4707,4,,1,35,,4698,4,,1,76,,4708,4,,1,76,,4702,4,,1,33,,4703,4,,1,77,,4704,4,,1,38,,4705,4,,1,80,,4706,4,,1,79,,4714,4,,1,44,,4716,4,,1,71,,4715,4,,1,72,,4718,4,,1,55,,4720,4,,1,66,,4719,4,,1,25,,4717,4,,1,100,,4722,4,,1,63,,4721,4,,1,27,,4723,4,,1,99,,4724,4,,1,86,,4725,4,,1,93,,4699,4,,1,37,,4701,4,,1
802,'251229-MULTI-Saturday-01',550,,4728,0,,1,90,,4726,0,,1,90,,4732,0,,1,90,,4729,0,,1,90,,4731,0,,1,90,,4730,0,,1,35,,4742,0,,1,75,,4753,0,,1,36,,4743,0,,1,69,,4744,0,,1,39,,4745,0,,1,75,,4746,0,,1,75,,4747,0,,1,35,,4748,0,,1,75,,4749,0,,1,35,,4750,0,,1,75,,4751,0,,1,35,,4752,0,,1,75,,4738,0,,1,75,,4741,0,,1,35,,4740,0,,1,75,,4739,0,,1,40,,4737,0,,1,91,,4733,0,,1,90,,4734,0,,1,90,,4735,0,,1,90,,4736,0,,1,90,,4727,0,,1
802,'251229-MULTI-Sunday-01',750,,4755,0,,1,85,,4754,0,,1,85,,4756,0,,1,85,,4757,0,,1,45,,4758,0,,1,85,,4760,0,,1,85,,4761,0,,1,85,,4762,0,,1,45,,4759,0,,1,85,,4763,0,,1,85,,4764,0,,1,85,,4765,0,,1,45,,4766,0,,1,85,,4767,0,,1,85,,4768,0,,1,85,,4769,0,,1,45,,4770,0,,1,85,,4771,0,,1,85,,4772,0,,1,85,,4773,0,,1
802,'260105-MULTI-Holiday1-01',750,,4775,0,,1,85,,4774,0,,1,85,,4776,0,,1,85,,4777,0,,1,45,,4778,0,,1,85,,4781,0,,1,85,,4782,0,,1,85,,4779,0,,1,45,,4780,0,,1,85,,4783,0,,1,85,,4784,0,,1,85,,4785,0,,1,45,,4786,0,,1,85,,4787,0,,1,85,,4788,0,,1,85,,4789,0,,1,45,,4790,0,,1,85,,4791,0,,1,85,,4792,0,,1,85,,4793,0,,1
802,'260105-MULTI-Saturday-01',550,,4796,0,,1,90,,4794,0,,1,90,,4800,0,,1,90,,4797,0,,1,90,,4799,0,,1,90,,4798,0,,1,35,,4810,0,,1,75,,4821,0,,1,36,,4811,0,,1,69,,4812,0,,1,39,,4813,0,,1,75,,4814,0,,1,75,,4815,0,,1,35,,4816,0,,1,75,,4817,0,,1,35,,4818,0,,1,75,,4819,0,,1,35,,4820,0,,1,75,,4806,0,,1,75,,4809,0,,1,35,,4808,0,,1,75,,4807,0,,1,40,,4805,0,,1,91,,4801,0,,1,90,,4802,0,,1,90,,4803,0,,1,90,,4804,0,,1,90,,4795,0,,1
802,'260105-MULTI-Sunday-01',750,,4823,0,,1,85,,4822,0,,1,85,,4824,0,,1,85,,4825,0,,1,45,,4826,0,,1,85,,4829,0,,1,85,,4830,0,,1,85,,4827,0,,1,45,,4828,0,,1,85,,4831,0,,1,85,,4832,0,,1,85,,4833,0,,1,45,,4834,0,,1,85,,4835,0,,1,85,,4836,0,,1,85,,4837,0,,1,45,,4838,0,,1,85,,4839,0,,1,85,,4840,0,,1,85,,4841,0,,1
802,'260105-MULTI-Weekday-01',440,,4843,0,,1,75,,4847,0,,1,35,,4853,0,,1,72,,4858,0,,1,36,,4850,0,,1,77,,4856,0,,1,75,,4848,0,,1,35,,4855,0,,1,79,,4845,0,,1,31,,4851,0,,1,75,,4844,0,,1,75,,4854,0,,1,35,,4846,0,,1,75,,4852,0,,1,33,,4857,0,,1,74,,4849,0,,1,80,,4862,0,,1,39,,4861,0,,1,77,,4863,0,,1,86,,4865,0,,1,32,,4864,0,,1,73,,4866,0,,1,95,,4868,0,,1,24,,4867,0,,1,25,,4869,0,,1,104,,4871,0,,1,60,,4870,0,,1,29,,4872,0,,1,100,,4860,0,,1,84,,4859,0,,1,95,,4842,0,,1
