1100,'Holiday1',517,,3516,6,,,1,40,,3514,6,,,1,80,,3512,6,,,1,80,,3510,6,,,1,40,,3517,6,,,1,80,,3519,6,,,1,80,,3522,6,,,1,40,,3523,6,,,1,80,,3526,6,,,1,80,,3525,6,,,1,40,,3529,6,,,1,80,,3532,6,,,1,80,,3533,6,,,1,40,,3534,6,,,1,80,,3536,6,,,1,82,,3539,6,,,1,82,,3543,6,,,1,42,,3544,6,,,1,82,,3548,6,,,1,80,,3546,6,,,1,41,,3545,6,,,1,86,,3550,6,,,1,86,,3551,6,,,1,84,,3559,6,,,1,45,,3556,6,,,1,89,,3555,6,,,1,86,,3562,6,,,1,80,,3563,6,,,1
1100,'Saturday',435,,3564,6,,,1,81,,3567,6,,,1,40,,3568,6,,,1,81,,3566,6,,,1,80,,3565,6,,,1,40,,3569,6,,,1,82,,3576,6,,,1,88,,3578,6,,,1,79,,3579,6,,,1,42,,3580,6,,,1,82,,3582,6,,,1,82,,3583,6,,,1,41,,3584,6,,,1,82,,3581,6,,,1,81,,3585,6,,,1,86,,3599,6,,,1,44,,3600,6,,,1,87,,3601,6,,,1,83,,3602,6,,,1,84,,3603,6,,,1,45,,3604,6,,,1,87,,3608,6,,,1,84,,3609,6,,,1,87,,3610,6,,,1,54,,3612,6,,,1,94,,3615,6,,,1,105,,3616,6,,,1
1100,'Sunday',517,,3623,6,,,1,40,,3621,6,,,1,80,,3619,6,,,1,80,,3617,6,,,1,40,,3624,6,,,1,80,,3626,6,,,1,80,,3629,6,,,1,40,,3630,6,,,1,80,,3633,6,,,1,80,,3632,6,,,1,40,,3636,6,,,1,80,,3638,6,,,1,80,,3640,6,,,1,40,,3641,6,,,1,80,,3643,6,,,1,82,,3646,6,,,1,82,,3650,6,,,1,42,,3651,6,,,1,82,,3655,6,,,1,80,,3653,6,,,1,41,,3652,6,,,1,86,,3657,6,,,1,86,,3658,6,,,1,84,,3666,6,,,1,45,,3663,6,,,1,89,,3662,6,,,1,86,,3669,6,,,1,80,,3670,6,,,1
1100,'Weekday',423,,3743,6,,,1,33,,3744,6,,,1,74,,3742,6,,,1,70,,3740,6,,,1,28,,3749,6,,,1,28,,3746,6,,,1,68,,3745,6,,,1,28,,3725,6,,,1,68,,3723,6,,,1,31,,3724,6,,,1,66,,3737,6,,,1,34,,3728,6,,,1,73,,3729,6,,,1,32,,3714,6,,,1,79,,3715,6,,,1,81,,3702,6,,,1,30,,3703,6,,,1,10,,3700,8,0,9 10,1,62,,3731,6,,,1,35,,3734,6,,,1,67,,3695,6,,,1,30,,3696,6,,,1,98,,3711,6,,,1,68,,3701,8,0,9 11,1,27,,3712,6,,,1,67,,3686,6,,,1,29,,3732,6,,,1,71,,3684,6,,,1,25,,3706,6,,,1,24,,3717,6,,,1,68,,3716,6,,,1,31,,3677,6,,,1,74,,3675,6,,,1,74,,3680,6,,,1,23,,3691,8,0,9 11,1,21,,3689,6,,,1,77,,3678,6,,,1,89,,3682,6,,,1,35,,3672,5,0,9 10,1,59,,3688,6,,,1,18,,3671,5,0,9 10,1,15,,3674,6,,,1,75,,3698,6,,,1
5100,'Holiday1',849,,9282,3,,,1,101,,9284,3,,,1,99,,9283,3,,,1,100,,9281,3,,,1,102,,9280,3,,,1,100,,9279,3,,,1,100,,9278,3,,,1,100,,9277,3,,,1,100,,9276,3,,,1,100,,9274,3,,,1,99,,9275,3,,,1,100,,9273,3,,,1,100,,9272,3,,,1,100,,9271,3,,,1
5100,'Saturday',650,,9286,3,,,1,100,,9287,3,,,1,100,,9288,3,,,1,100,,9292,3,,,1,100,,9290,3,,,1,100,,9289,3,,,1,100,,9291,3,,,1,100,,9294,3,,,1,100,,9293,3,,,1,100,,9296,3,,,1,100,,9295,3,,,1,100,,9297,3,,,1,100,,9285,3,,,1,100,,9300,3,,,1,100,,9298,3,,,1,100,,9299,3,,,1
5100,'Sunday',849,,9312,3,,,1,101,,9314,3,,,1,99,,9313,3,,,1,100,,9311,3,,,1,102,,9310,3,,,1,100,,9309,3,,,1,100,,9308,3,,,1,100,,9307,3,,,1,100,,9306,3,,,1,100,,9304,3,,,1,99,,9305,3,,,1,100,,9303,3,,,1,100,,9302,3,,,1,100,,9301,3,,,1
5100,'Weekday',459,,9315,3,,,1,73,,9328,3,,,1,70,,9316,3,,,1,37,,9326,3,,,1,63,,9317,3,,,1,32,,9325,3,,,1,68,,9319,3,,,1,34,,9327,3,,,1,68,,9323,3,,,1,31,,9338,3,,,1,69,,9340,3,,,1,30,,9341,3,,,1,70,,9342,3,,,1,30,,9339,3,,,1,70,,9343,3,,,1,26,,9344,3,,,1,72,,9345,3,,,1,27,,9346,3,,,1,73,,9347,3,,,1,32,,9348,3,,,1,68,,9320,3,,,1,30,,9330,3,,,1,73,,9321,3,,,1,27,,9331,3,,,1,71,,9318,3,,,1,29,,9332,3,,,1,74,,9324,3,,,1,28,,9329,3,,,1,101,,9322,3,,,1,100,,9334,3,,,1,99,,9335,3,,,1,100,,9336,3,,,1,108,,9337,3,,,1,92,,9333,3,,,1
51100,'Holiday1',445,,12828,3,,,1,70,,12830,3,,,1,41,,12836,6,,,1,60,,12839,6,,,1,32,,12837,6,,,1,63,,12805,6,,,1,10,,12840,6,,,1,10,,12838,6,,,1,20,,12808,6,,,1,75,,12806,6,,,1,85,,12809,6,,,1,40,,12810,6,,,1,80,,12807,6,,,1,80,,12812,6,,,1,40,,12813,6,,,1,80,,12814,6,,,1,80,,12811,6,,,1,43,,12815,6,,,1,1,,12831,3,,,1,81,,12816,6,,,1,80,,12817,6,,,1,40,,12818,6,,,1,80,,12819,6,,,1,80,,12820,6,,,1,29,,12832,3,,,1,10,,12829,3,,,1,4,,12821,6,,,1,56,,12833,3,,,1,21,,12823,6,,,1,80,,12824,6,,,1,4,,12834,3,,,1,33,,12825,6,,,1,79,,12822,6,,,1,80,,12826,6,,,1,40,,12827,6,,,1,193,,12835,3,,,1
51100,'Saturday',448,,12842,3,,,1,63,,12841,6,,,1,4,,12844,3,0,13,1,30,,12849,6,,,1,11,,12845,6,,,1,59,,12843,6,,,1,30,,12853,6,,,1,66,,12847,6,0,13,1,12,,12866,6,0,13,1,3,,12851,6,,,1,85,,12852,6,,,1,45,,12848,6,,,1,85,,12858,6,,,1,86,,12861,6,,,1,90,,12868,6,,,1,90,,12867,6,,,1,50,,12874,6,,,1,90,,12873,6,,,1,8,,12892,3,0,13,1,82,,12880,6,,,1,90,,12887,6,,,1,90,,12893,6,,,1,90,,12899,6,,,1,38,,12908,3,0,13,1,8,,12905,6,0,13,1,2,,12913,3,0,13,1,60,,12918,3,0,13,1,11,,12921,6,0,13,1,21,,12909,6,,,1,73,,12923,3,0,13,1,17,,12915,6,,,1,408,,12932,3,0,13,1
51100,'Sunday',445,,12977,3,,,1,70,,12979,3,,,1,41,,12987,6,,,1,60,,12988,6,,,1,32,,12985,6,,,1,63,,12954,6,,,1,10,,12989,6,,,1,10,,12986,6,,,1,20,,12957,6,,,1,75,,12955,6,,,1,85,,12958,6,,,1,40,,12959,6,,,1,80,,12956,6,,,1,80,,12961,6,,,1,40,,12962,6,,,1,80,,12963,6,,,1,80,,12960,6,,,1,43,,12964,6,,,1,1,,12980,3,,,1,81,,12965,6,,,1,80,,12966,6,,,1,40,,12967,6,,,1,80,,12968,6,,,1,80,,12969,6,,,1,29,,12981,3,,,1,10,,12978,3,,,1,4,,12970,6,,,1,56,,12982,3,,,1,21,,12971,6,,,1,80,,12972,6,,,1,4,,12983,3,,,1,33,,12973,6,,,1,79,,12974,6,,,1,80,,12975,6,,,1,40,,12976,6,,,1,193,,12984,3,,,1
51100,'Weekday',445,,12991,3,,,1,70,,12995,3,,,1,30,,12999,6,,,1,13,,13002,6,,,1,54,,13005,6,,,1,8,,13011,6,0,8,1,7,,13021,6,,,1,15,,13017,6,,,1,14,,12996,6,,,1,55,,13000,6,,,1,15,,12998,6,,,1,15,,13003,6,,,1,16,,13001,6,,,1,55,,13004,6,,,1,15,,13013,6,,,1,15,,13025,6,,,1,15,,13028,6,,,1,58,,13009,6,,,1,28,,13095,6,,,1,65,,13096,6,,,1,24,,13097,6,,,1,24,,13098,6,,,1,64,,13099,6,,,1,24,,13100,6,,,1,63,,13101,6,,,1,24,,13102,6,,,1,24,,13103,6,,,1,62,,13104,6,,,1,26,,13105,6,,,1,64,,13033,6,,,1,20,,13042,6,,,1,15,,13040,6,,,1,15,,13038,6,,,1,55,,13044,6,,,1,15,,13075,6,,,1,15,,13046,6,,,1,15,,13066,6,,,1,55,,13045,6,,,1,15,,13062,6,,,1,15,,13053,6,,,1,15,,13052,6,,,1,55,,13063,6,,,1,15,,13059,6,,,1,15,,13054,6,,,1,13,,13065,3,,,1,3,,13058,6,,,1,55,,13067,6,,,1,12,,13081,3,,,1,3,,13077,6,,,1,15,,13074,6,,,1,15,,13070,6,,,1,55,,13078,6,,,1,14,,13084,3,,,1,1,,13071,6,,,1,15,,13080,6,,,1,15,,13079,6,,,1,62,,13082,6,,,1,21,,13083,6,,,1,60,,13085,6,,,1,20,,13086,6,,,1,22,,13089,6,,,1,60,,13092,6,,,1,22,,13087,6,,,1,18,,13091,6,,,1,63,,13090,6,,,1,16,,13088,6,,,1,17,,13027,6,,,1,13,,13023,3,,,1,54,,13093,6,,,1,20,,13094,6,,,1,20,,13029,6,,,1
