'251229-MULTI-Saturday-01',50501,94900,4,'',1,5600,4,'',1,1800,4,'',1,1900,4,'',1,6000,4,'',1,1400,4,'',1,1600,4,'',1,1600,4,'',1,5600,4,'',1,1600,4,'',1,1500,4,'',1,1700,4,'',1,5600,4,'',1,1800,4,'',1,1600,4,'',1,5900,4,'',1,1500,4,'',1,1600,4,'',1,1600,4,'',1,5600,4,'',1,1400,4,'',1,1700,4,'',1,1700,4,'',1,5600,4,'',1,1500,4,'',1,1700,4,'',1,1700,4,'',1,5700,4,'',1,1500,4,'',1,1500,4,'',1,5600,4,'',1,1500,4,'',1,1500,4,'',1,1600,4,'',1,5600,4,'',1,1600,4,'',1,1600,4,'',1
'251229-MULTI-Saturday-01',50502,82700,0,'',1,1600,0,'',1,1600,0,'',1,5600,0,'',1,1600,0,'',1,1600,0,'',1,5600,0,'',1,1600,0,'',1,1600,0,'',1,1600,0,'',1,5600,0,'',1,1600,0,'',1,1600,0,'',1,1600,0,'',1,5600,0,'',1,1600,0,'',1,1600,0,'',1,1600,0,'',1,5400,0,'',1,1800,0,'',1,1600,0,'',1,5600,0,'',1,1600,0,'',1,1600,0,'',1,1600,0,'',1,5600,0,'',1,1800,0,'',1,1400,0,'',1,1600,0,'',1,5600,0,'',1,1600,0,'',1,1700,0,'',1,1500,0,'',1,5600,0,'',1,1600,0,'',1,1600,0,'',1,5600,0,'',1,1600,0,'',1,1600,0,'',1,1600,0,'',1
'251229-MULTI-Sunday-01',50501,110500,4,'',1,1600,4,'',1,1700,4,'',1,1600,4,'',1,5700,4,'',1,1800,4,'',1,1600,4,'',1,5800,4,'',1,1800,4,'',1,2000,4,'',1,5900,4,'',1,1600,4,'',1,1700,4,'',1,1700,4,'',1,5500,4,'',1,1600,4,'',1,1500,4,'',1,1600,4,'',1,5600,4,'',1,1600,4,'',1,1600,4,'',1,1700,4,'',1,5600,4,'',1,1500,4,'',1,1600,4,'',1,1500,4,'',1,5600,4,'',1,1600,4,'',1,1600,4,'',1,5600,4,'',1,1600,4,'',1
'251229-MULTI-Sunday-01',50502,93500,0,'',1,1600,0,'',1,5600,0,'',1,1600,0,'',1,1600,0,'',1,1600,0,'',1,5600,0,'',1,1600,0,'',1,1600,0,'',1,1600,0,'',1,5600,0,'',1,1600,0,'',1,1600,0,'',1,5800,0,'',1,1800,0,'',1,1200,0,'',1,1600,0,'',1,5600,0,'',1,1600,0,'',1,1600,0,'',1,1600,0,'',1,5600,0,'',1,1600,0,'',1,1600,0,'',1,1600,0,'',1,5600,0,'',1,1600,0,'',1,1600,0,'',1,5600,0,'',1,1600,0,'',1,1600,0,'',1,1600,0,'',1
'260105-MULTI-Holiday1-01',50501,110500,4,'',1,1600,4,'',1,1700,4,'',1,1600,4,'',1,5700,4,'',1,1800,4,'',1,1600,4,'',1,5800,4,'',1,1800,4,'',1,2000,4,'',1,5900,4,'',1,1600,4,'',1,1700,4,'',1,1700,4,'',1,5500,4,'',1,1600,4,'',1,1500,4,'',1,1600,4,'',1,5600,4,'',1,1600,4,'',1,1600,4,'',1,1700,4,'',1,5600,4,'',1,1500,4,'',1,1600,4,'',1,1500,4,'',1,5600,4,'',1,1600,4,'',1,1600,4,'',1,5600,4,'',1,1600,4,'',1
'260105-MULTI-Holiday1-01',50502,93500,0,'',1,1600,0,'',1,5600,0,'',1,1600,0,'',1,1600,0,'',1,1600,0,'',1,5600,0,'',1,1600,0,'',1,1600,0,'',1,1600,0,'',1,5600,0,'',1,1600,0,'',1,1600,0,'',1,5800,0,'',1,1800,0,'',1,1200,0,'',1,1600,0,'',1,5600,0,'',1,1600,0,'',1,1600,0,'',1,1600,0,'',1,5600,0,'',1,1600,0,'',1,1600,0,'',1,1600,0,'',1,5600,0,'',1,1600,0,'',1,1600,0,'',1,5600,0,'',1,1600,0,'',1,1600,0,'',1,1600,0,'',1
'260105-MULTI-Saturday-01',50501,94900,4,'',1,5600,4,'',1,1800,4,'',1,1900,4,'',1,6000,4,'',1,1400,4,'',1,1600,4,'',1,1600,4,'',1,5600,4,'',1,1600,4,'',1,1500,4,'',1,1700,4,'',1,5600,4,'',1,1800,4,'',1,1600,4,'',1,5900,4,'',1,1500,4,'',1,1600,4,'',1,1600,4,'',1,5600,4,'',1,1400,4,'',1,1700,4,'',1,1700,4,'',1,5600,4,'',1,1500,4,'',1,1700,4,'',1,1700,4,'',1,5700,4,'',1,1500,4,'',1,1500,4,'',1,5600,4,'',1,1500,4,'',1,1500,4,'',1,1600,4,'',1,5600,4,'',1,1600,4,'',1,1600,4,'',1
'260105-MULTI-Saturday-01',50502,82700,0,'',1,1600,0,'',1,1600,0,'',1,5600,0,'',1,1600,0,'',1,1600,0,'',1,5600,0,'',1,1600,0,'',1,1600,0,'',1,1600,0,'',1,5600,0,'',1,1600,0,'',1,1600,0,'',1,1600,0,'',1,5600,0,'',1,1600,0,'',1,1600,0,'',1,1600,0,'',1,5400,0,'',1,1800,0,'',1,1600,0,'',1,5600,0,'',1,1600,0,'',1,1600,0,'',1,1600,0,'',1,5600,0,'',1,1800,0,'',1,1400,0,'',1,1600,0,'',1,5600,0,'',1,1600,0,'',1,1700,0,'',1,1500,0,'',1,5600,0,'',1,1600,0,'',1,1600,0,'',1,5600,0,'',1,1600,0,'',1,1600,0,'',1,1600,0,'',1
'260105-MULTI-Sunday-01',50501,110500,4,'',1,1600,4,'',1,1700,4,'',1,1600,4,'',1,5700,4,'',1,1800,4,'',1,1600,4,'',1,5800,4,'',1,1800,4,'',1,2000,4,'',1,5900,4,'',1,1600,4,'',1,1700,4,'',1,1700,4,'',1,5500,4,'',1,1600,4,'',1,1500,4,'',1,1600,4,'',1,5600,4,'',1,1600,4,'',1,1600,4,'',1,1700,4,'',1,5600,4,'',1,1500,4,'',1,1600,4,'',1,1500,4,'',1,5600,4,'',1,1600,4,'',1,1600,4,'',1,5600,4,'',1,1600,4,'',1
'260105-MULTI-Sunday-01',50502,93500,0,'',1,1600,0,'',1,5600,0,'',1,1600,0,'',1,1600,0,'',1,1600,0,'',1,5600,0,'',1,1600,0,'',1,1600,0,'',1,1600,0,'',1,5600,0,'',1,1600,0,'',1,1600,0,'',1,5800,0,'',1,1800,0,'',1,1200,0,'',1,1600,0,'',1,5600,0,'',1,1600,0,'',1,1600,0,'',1,1600,0,'',1,5600,0,'',1,1600,0,'',1,1600,0,'',1,1600,0,'',1,5600,0,'',1,1600,0,'',1,1600,0,'',1,5600,0,'',1,1600,0,'',1,1600,0,'',1,1600,0,'',1
'260105-MULTI-Weekday-01',50501,61400,4,'',1,2700,4,'',1,1500,4,'',1,5600,4,'',1,1600,4,'',1,1600,4,'',1,5900,4,'',1,1500,4,'',1,1600,4,'',1,1500,4,'',1,5500,4,'',1,1600,4,'',1,1300,4,'',1,1800,4,'',1,5400,4,'',1,2200,4,'',1,1700,4,'',1,6000,4,'',1,2000,4,'',1,2000,4,'',1,6100,4,'',1,2200,4,'',1,2100,4,'',1,5900,4,'',1,2200,4,'',1,2000,4,'',1,6100,4,'',1,1900,4,'',1,2000,4,'',1,6100,4,'',1,2200,4,'',1,2000,4,'',1,6000,4,'',1,2500,4,'',1,1700,4,'',1,5700,4,'',1,1600,4,'',1,1500,4,'',1,1700,4,'',1,5600,4,'',1,1400,4,'',1,1700,4,'',1,5600,4,'',1,1600,4,'',1,1700,4,'',1,1600,4,'',1,5600,4,'',1,2000,4,'',1,2000,4,'',1
'260105-MULTI-Weekday-01',50502,63000,0,'',1,1600,0,'',1,5600,0,'',1,1600,0,'',1,1600,0,'',1,1600,0,'',1,5600,0,'',1,1500,0,'',1,1700,0,'',1,1600,0,'',1,6000,0,'',1,2200,0,'',1,1800,0,'',1,6000,0,'',1,2000,0,'',1,2000,0,'',1,6000,0,'',1,2000,0,'',1,1500,0,'',1,6500,0,'',1,2000,0,'',1,2000,0,'',1,6000,0,'',1,2000,0,'',1,2000,0,'',1,6000,0,'',1,2000,0,'',1,2000,0,'',1,6000,0,'',1,1700,0,'',1,1700,0,'',1,6000,0,'',1,1400,0,'',1,1700,0,'',1,1700,0,'',1,5700,0,'',1,1700,0,'',1,1700,0,'',1,5700,0,'',1,1700,0,'',1,1700,0,'',1,1700,0,'',1,6200,0,'',1,2100,0,'',1,1700,0,'',1,6000,0,'',1
