'251229-MULTI-Saturday-01',3103,85600,4,'',1,8900,4,'',1,10800,4,'',1,10500,4,'',1,14500,4,'',1,10400,4,'',1,10600,4,'',1,10500,4,'',1,10500,4,'',1,10500,4,'',1,10200,4,'',1
'251229-MULTI-Saturday-01',3104,75600,0,'',1,10000,0,'',1,8900,0,'',1,10800,0,'',1,10500,0,'',1,14500,0,'',1,10400,0,'',1,10600,0,'',1,10500,0,'',1,10500,0,'',1,10500,0,'',1,10200,0,'',1
'251229-MULTI-Sunday-01',3103,94800,4,'',1,10500,4,'',1,10500,4,'',1,14500,4,'',1,10500,4,'',1,10500,4,'',1,10500,4,'',1,10500,4,'',1,10500,4,'',1
'251229-MULTI-Sunday-01',3104,85600,0,'',1,9200,0,'',1,10500,0,'',1,10500,0,'',1,14500,0,'',1,10500,0,'',1,10500,0,'',1,10500,0,'',1,10500,0,'',1,10500,0,'',1
'260105-MULTI-Holiday1-01',3103,94800,4,'',1,10500,4,'',1,10500,4,'',1,14500,4,'',1,10500,4,'',1,10500,4,'',1,10500,4,'',1,10500,4,'',1,10500,4,'',1
'260105-MULTI-Holiday1-01',3104,85600,0,'',1,9200,0,'',1,10500,0,'',1,10500,0,'',1,14500,0,'',1,10500,0,'',1,10500,0,'',1,10500,0,'',1,10500,0,'',1,10500,0,'',1
'260105-MULTI-Saturday-01',3103,85600,4,'',1,8900,4,'',1,10800,4,'',1,10500,4,'',1,14500,4,'',1,10400,4,'',1,10600,4,'',1,10500,4,'',1,10500,4,'',1,10500,4,'',1,10200,4,'',1
'260105-MULTI-Saturday-01',3104,75600,0,'',1,10000,0,'',1,8900,0,'',1,10800,0,'',1,10500,0,'',1,14500,0,'',1,10400,0,'',1,10600,0,'',1,10500,0,'',1,10500,0,'',1,10500,0,'',1,10200,0,'',1
'260105-MULTI-Sunday-01',3103,94800,4,'',1,10500,4,'',1,10500,4,'',1,14500,4,'',1,10500,4,'',1,10500,4,'',1,10500,4,'',1,10500,4,'',1,10500,4,'',1
'260105-MULTI-Sunday-01',3104,85600,0,'',1,9200,0,'',1,10500,0,'',1,10500,0,'',1,14500,0,'',1,10500,0,'',1,10500,0,'',1,10500,0,'',1,10500,0,'',1,10500,0,'',1
'260105-MULTI-Weekday-01',3103,55800,4,'',1,7300,4,'',1,7200,4,'',1,3200,4,'',1,7200,4,'',1,3200,4,'',1,7200,4,'',1,3200,4,'',1,7100,4,'',1,3100,4,'',1,7200,4,'',1,3200,4,'',1,7200,4,'',1,3200,4,'',1,7200,4,'',1,3200,4,'',1,7200,4,'',1,7200,4,'',1,3200,4,'',1,7200,4,'',1,3200,4,'',1,7200,4,'',1,3200,4,'',1,7100,4,'',1,3100,4,'',1,7100,4,'',1,3900,4,'',1,15000,4,'',1,10000,4,'',1,10000,4,'',1,10000,4,'',1
'260105-MULTI-Weekday-01',3104,45600,0,'',1,7200,0,'',1,3000,0,'',1,7300,0,'',1,7200,0,'',1,3200,0,'',1,7200,0,'',1,3200,0,'',1,7200,0,'',1,3200,0,'',1,7100,0,'',1,3100,0,'',1,7200,0,'',1,3200,0,'',1,7200,0,'',1,3200,0,'',1,7200,0,'',1,3200,0,'',1,7200,0,'',1,7200,0,'',1,3200,0,'',1,7200,0,'',1,3200,0,'',1,7200,0,'',1,3200,0,'',1,7100,0,'',1,3100,0,'',1,7100,0,'',1,3900,0,'',1,15000,0,'',1,10000,0,'',1,10000,0,'',1
