'241230-MULTI-Saturday-01',403,65700,0,'A',1,7000,0,'A',1,3000,0,'A',1,7100,0,'A',1,3000,0,'A',1,7100,0,'A',1,7200,0,'A',1,2900,0,'A',1,7000,0,'A',1,2400,0,'A',1,2500,0,'A',1,6400,0,'A',1,2400,0,'A',1,6400,0,'A',1,2500,0,'A',1,2400,0,'A',1,6400,0,'A',1,2400,0,'A',1,6400,0,'A',1,2500,0,'A',1,2500,0,'A',1,6400,0,'A',1,2700,0,'A',1,6400,0,'A',1,2400,0,'A',1,2500,0,'A',1,6400,0,'A',1,2400,0,'A',1,6400,0,'A',1,2800,0,'A',1,7200,0,'A',1,2700,0,'A',1,7000,0,'A',1,2900,0,'A',1,6800,0,'A',1,3000,0,'A',1,7000,0,'A',1,3000,0,'A',1,7000,0,'A',1,2900,0,'A',1,7000,0,'A',1
'241230-MULTI-Sunday-01',403,73300,0,'A',1,7000,0,'A',1,3000,0,'A',1,7100,0,'A',1,3000,0,'A',1,7000,0,'A',1,2900,0,'A',1,7000,0,'A',1,3000,0,'A',1,7100,0,'A',1,3200,0,'A',1,7000,0,'A',1,3000,0,'A',1,7000,0,'A',1,3100,0,'A',1,7000,0,'A',1,3100,0,'A',1,7000,0,'A',1,3000,0,'A',1,7200,0,'A',1,3100,0,'A',1,7000,0,'A',1,3100,0,'A',1,6900,0,'A',1,3000,0,'A',1,7000,0,'A',1,2900,0,'A',1,6800,0,'A',1,2700,0,'A',1,7000,0,'A',1,3000,0,'A',1,7000,0,'A',1,3000,0,'A',1,7000,0,'A',1,3000,0,'A',1,7000,0,'A',1
'250106-MULTI-Holiday1-01',403,73300,0,'A',1,7000,0,'A',1,3000,0,'A',1,7100,0,'A',1,3000,0,'A',1,7000,0,'A',1,2900,0,'A',1,7000,0,'A',1,3000,0,'A',1,7100,0,'A',1,3200,0,'A',1,7000,0,'A',1,3000,0,'A',1,7000,0,'A',1,3100,0,'A',1,7000,0,'A',1,3100,0,'A',1,7000,0,'A',1,3000,0,'A',1,7200,0,'A',1,3100,0,'A',1,7000,0,'A',1,3100,0,'A',1,6900,0,'A',1,3000,0,'A',1,7000,0,'A',1,2900,0,'A',1,6800,0,'A',1,2700,0,'A',1,7000,0,'A',1,3000,0,'A',1,7000,0,'A',1,3000,0,'A',1,7000,0,'A',1,3000,0,'A',1,7000,0,'A',1
'250106-MULTI-Saturday-01',403,65700,0,'A',1,7000,0,'A',1,3000,0,'A',1,7100,0,'A',1,3000,0,'A',1,7100,0,'A',1,7200,0,'A',1,2900,0,'A',1,7000,0,'A',1,2400,0,'A',1,2500,0,'A',1,6400,0,'A',1,2400,0,'A',1,6400,0,'A',1,2500,0,'A',1,2400,0,'A',1,6400,0,'A',1,2400,0,'A',1,6400,0,'A',1,2500,0,'A',1,2500,0,'A',1,6400,0,'A',1,2700,0,'A',1,6400,0,'A',1,2400,0,'A',1,2500,0,'A',1,6400,0,'A',1,2400,0,'A',1,6400,0,'A',1,2800,0,'A',1,7200,0,'A',1,2700,0,'A',1,7000,0,'A',1,2900,0,'A',1,6800,0,'A',1,3000,0,'A',1,7000,0,'A',1,3000,0,'A',1,7000,0,'A',1,2900,0,'A',1,7000,0,'A',1
'250106-MULTI-Sunday-01',403,73300,0,'A',1,7000,0,'A',1,3000,0,'A',1,7100,0,'A',1,3000,0,'A',1,7000,0,'A',1,2900,0,'A',1,7000,0,'A',1,3000,0,'A',1,7100,0,'A',1,3200,0,'A',1,7000,0,'A',1,3000,0,'A',1,7000,0,'A',1,3100,0,'A',1,7000,0,'A',1,3100,0,'A',1,7000,0,'A',1,3000,0,'A',1,7200,0,'A',1,3100,0,'A',1,7000,0,'A',1,3100,0,'A',1,6900,0,'A',1,3000,0,'A',1,7000,0,'A',1,2900,0,'A',1,6800,0,'A',1,2700,0,'A',1,7000,0,'A',1,3000,0,'A',1,7000,0,'A',1,3000,0,'A',1,7000,0,'A',1,3000,0,'A',1,7000,0,'A',1
'250106-MULTI-Weekday-01',403,61400,0,'A',1,3800,0,'A',1,6100,0,'A',1,2000,0,'A',1,2300,0,'A',1,6100,0,'A',1,1600,0,'A',1,1500,0,'A',1,5700,0,'A',1,2400,0,'A',1,2400,0,'A',1,5900,0,'A',1,1900,0,'A',1,2000,0,'A',1,6000,0,'A',1,2000,0,'A',1,2000,0,'A',1,6100,0,'A',1,2100,0,'A',1,2000,0,'A',1,6000,0,'A',1,2000,0,'A',1,2000,0,'A',1,6100,0,'A',1,2000,0,'A',1,2000,0,'A',1,6100,0,'A',1,2300,0,'A',1,700,0,'A',1,1200,0,'A',1,5600,0,'A',1,1700,0,'A',1,1900,0,'A',1,5500,0,'A',1,1700,0,'A',1,1800,0,'A',1,1900,0,'A',1,5700,0,'A',1,1700,0,'A',1,1700,0,'A',1,5800,0,'A',1,1600,0,'A',1,1600,0,'A',1,1600,0,'A',1,6000,0,'A',1,2400,0,'A',1,6400,0,'A',1,2000,0,'A',1,2100,0,'A',1,6400,0,'A',1,2400,0,'A',1,2300,0,'A',1,6400,0,'A',1,2400,0,'A',1,6400,0,'A',1,2400,0,'A',1,2400,0,'A',1,6400,0,'A',1,2500,0,'A',1,6400,0,'A',1
'241230-MULTI-Saturday-01',2704,81700,,'',1,3500,,'',1,7500,,'',1,7500,,'',1,3500,,'',1,7500,,'',1,3500,,'',1,7500,,'',1,3500,,'',1,7500,,'',1,7500,,'',1,3500,,'',1,7500,,'',1,3500,,'',1,7500,,'',1,7500,,'',1,3500,,'',1,7500,,'',1
'250106-MULTI-Saturday-01',2704,81700,,'',1,3500,,'',1,7500,,'',1,7500,,'',1,3500,,'',1,7500,,'',1,3500,,'',1,7500,,'',1,3500,,'',1,7500,,'',1,7500,,'',1,3500,,'',1,7500,,'',1,3500,,'',1,7500,,'',1,7500,,'',1,3500,,'',1,7500,,'',1
'250106-MULTI-Weekday-01',2704,60100,,'',1,2800,,'',1,8900,,'',1,3200,,'',1,7100,,'',1,3100,,'',1,7800,,'',1,7500,,'',1,3500,,'',1,7500,,'',1,3500,,'',1,7500,,'',1,7500,,'',1,3500,,'',1,7500,,'',1,3500,,'',1,7500,,'',1,3500,,'',1,7500,,'',1,7000,,'',1,3000,,'',1,7000,,'',1,3000,,'',1,7000,,'',1,3000,,'',1,7000,,'',1
'250106-MULTI-Weekday-01',2802,55100,,'',1,10100,,'',1,8500,,'',1,8500,,'',1,8500,,'',1,60000,,'',1,4500,,'',1,8500,,'',1,8500,,'',1,8500,,'',1,4500,,'',1
