101,'Weekday',1304,,13836,0,7,1,112,,13851,0,5 7,1,88,,13840,0,7,1
102,'Weekday',853,,14076,0,7,1,100,,14078,0,5 7,1,95,,14094,0,5 7,1,378,,14090,0,7,1
303,'Holiday1',714,,14458,0,5 7,1,91,,14461,0,5 7,1,46,,14463,0,5 7,1,90,,14464,0,5 7,1,89,,14465,0,5 7,1,90,,14466,0,5 7,1,89,,14467,0,5 7,1,50,,14468,0,5 7,1,90,,14469,0,5 7,1,90,,14470,0,5 7,1,86,,14471,0,5 7,1,90,,14473,0,5 7,1,90,,14474,0,5 7,1,50,,14475,0,5 7,1,90,,14472,0,5 7,1,89,,14476,0,5 7,1
303,'Saturday',729,,14499,0,5 7,1,91,,14526,0,5 7,1,90,,14527,0,5 7,1,90,41,14528,0,5 7,1,46,,14529,0,5 7,1,91,,14530,0,5 7,1,89,,14532,0,5 7,1,90,,14533,0,5 7,1,90,,14534,0,5 7,1,50,,14531,0,5 7,1,91,,14535,0,5 7,1,90,,14536,0,5 7,1,90,,14537,0,5 7,1,90,,14538,0,5 7,1,90,,14539,0,5 7,1
303,'Sunday',714,,14545,0,5 7,1,91,,14548,0,5 7,1,46,,14550,0,5 7,1,90,,14551,0,5 7,1,89,,14552,0,5 7,1,90,,14553,0,5 7,1,89,,14554,0,5 7,1,50,,14555,0,5 7,1,90,,14556,0,5 7,1,90,,14557,0,5 7,1,86,,14558,0,5 7,1,90,,14560,0,5 7,1,90,,14561,0,5 7,1,50,,14562,0,5 7,1,90,,14559,0,5 7,1,89,,14563,0,5 7,1
303,'Weekday',727,,14593,0,5 7,1,26,,14606,0,5 7,1,55,,14603,0,5 7,1,29,,14605,0,5 7,1,67,,14604,0,5 7,1,14,,14595,0,5 7,1,31,,14596,0,5 7,1,72,,14597,0,5 7,1,33,,14646,0,5 7,1,71,,14645,0,5 7,1,93,,14652,0,5 7,1,31,,14647,0,5 7,1,70,,14637,0,5 7,1,28,,14636,0,5 7,1,70,,14634,0,5 7,1,28,,14635,0,5 7,1,73,,14643,0,5 7,1,39,,14642,0,5 7,1,69,,14616,0,5 7,1,31,,14617,0,5 7,1,70,,14618,0,5 7,1,32,,14619,0,5 7,1,69,,14621,0,5 7,1,83,,14622,0,5 7,1,30,,14620,0,5 7,1,74,,14623,0,5 7,1,85,41,14625,0,5 7,1
304,'Holiday1',736,,14680,0,5 7,1,96,,14657,0,5 7,1,96,,14668,0,5 7,1,90,,14661,0,5 7,1,90,,14666,0,5 7,1,50,,14671,0,5 7,1,89,,14663,0,5 7,1,85,,14664,0,5 7,1,90,,14673,0,5 7,1,90,,14669,0,5 7,1,91,,14662,0,5 7,1,50,,14658,0,5 7,1,89,,14674,0,5 7,1,90,,14675,0,5 7,1,90,,14678,0,5 7,1,90,,14667,0,5 7,1
304,'Saturday',829,,14697,0,5 7,1,90,,14723,0,5 7,1,90,,14724,0,5 7,1,49,,14725,0,5 7,1,90,,14726,0,5 7,1,92,,14728,0,5 7,1,90,,14729,0,5 7,1,91,,14727,0,5 7,1,90,,14730,0,5 7,1,90,,14731,0,5 7,1,50,,14732,0,5 7,1,88,,14733,0,5 7,1,89,,14734,0,5 7,1,90,,14735,0,5 7,1
304,'Sunday',736,,14765,0,5 7,1,96,,14742,0,5 7,1,96,,14752,0,5 7,1,90,,14746,0,5 7,1,90,,14753,0,5 7,1,50,,14756,0,5 7,1,89,,14748,0,5 7,1,85,,14749,0,5 7,1,90,,14758,0,5 7,1,90,,14754,0,5 7,1,91,,14747,0,5 7,1,50,,14743,0,5 7,1,89,,14759,0,5 7,1,90,,14760,0,5 7,1,90,,14763,0,5 7,1,90,,14751,0,5 7,1
304,'Weekday',754,,14791,0,5 7,1,54,,14794,0,5 7,1,27,,14795,0,5 7,1,72,,14799,0,5 7,1,35,,14796,0,5 7,1,71,,14800,0,5 7,1,30,,14844,0,5 7,1,72,,14849,0,5 7,1,34,,14843,0,5 7,1,70,,14845,0,5 7,1,30,,14841,0,5 7,1,67,,14847,0,5 7,1,29,,14803,0,5 7,1,69,,14834,0,5 7,1,29,,14833,0,5 7,1,71,,14832,0,5 7,1,29,,14837,0,5 7,1,72,,14806,0,5 7,1,28,,14807,0,5 7,1,70,,14804,0,5 7,1,30,,14805,0,5 7,1,85,,14808,0,5 7,1,30,,14809,0,5 7,1,69,,14810,0,5 7,1,30,,14811,0,5 7,1,70,,14812,0,5 7,1,99,,14825,0,5 7,1
5503,'Weekday',723,,23794,,,1,95,,23798,,,1,95,,23799,,,1,95,,23800,,,1,95,,23797,,,1,55,,23801,,,1,95,,23802,,,1,95,,23803,,,1,95,,23804,,,1,95,,23805,,,1,95,,23806,,,1,95,,23807,,,1,95,,23796,,,1,92,,23795,,,1
5504,'Weekday',812,,23808,4,,1,95,,23810,4,,1,95,,23811,4,,1,53,,23812,4,,1,95,,23813,4,,1,95,,23814,4,,1,97,,23815,4,,1,94,,23816,4,,1,96,,23817,4,,1,95,,23818,4,,1,95,,23819,4,,1,95,,23820,4,,1,95,,23809,4,,1
5703,'Holiday1',915,,23897,,,1,30,,23898,,,1,70,,23900,,,1,30,,23899,,,1,70,,23902,,,1,30,,23901,,,1,70,,23904,,,1,30,,23903,,,1,74,,23906,,,1,26,,23905,,,1,72,,23907,,,1,28,,23908,,,1,73,,23909,,,1,27,,23911,,,1,73,,23912,,,1,28,,23910,,,1,73,,23915,,,1,27,,23913,,,1,73,,23916,,,1,26,,23914,,,1,73,,23917,,,1
5703,'Saturday',544,,23925,,,1,70,,23933,,,1,30,,23924,,,1,70,,23934,,,1,30,,23918,,,1,70,,23932,,,1,30,,23930,,,1,71,,23935,,,1,29,,23931,,,1,71,,23937,,,1,29,,23926,,,1,71,,23939,,,1,29,,23927,,,1,71,,23940,,,1,29,,23928,,,1,71,,23936,,,1,29,,23923,,,1,70,,23941,,,1,30,,23919,,,1,71,,23942,,,1,29,,23922,,,1,71,,23943,,,1,29,,23921,,,1,72,,23944,,,1,28,,23920,,,1,72,,23938,,,1,28,,23929,,,1,71,,23945,,,1
5703,'Sunday',915,,23946,,,1,30,,23947,,,1,70,,23949,,,1,30,,23948,,,1,70,,23951,,,1,30,,23950,,,1,70,,23953,,,1,30,,23952,,,1,74,,23955,,,1,26,,23954,,,1,72,,23956,,,1,28,,23957,,,1,73,,23958,,,1,27,,23960,,,1,73,,23961,,,1,28,,23959,,,1,73,,23964,,,1,27,,23962,,,1,73,,23965,,,1,26,,23963,,,1,73,,23966,,,1
5703,'Weekday',521,,23967,,,1,30,,23969,,,1,62,,23970,,,1,25,,23971,,,1,66,,23968,,,1,26,,23972,,,1,23,,23973,,,1,68,,23975,,,1,23,,23976,,,1,74,,23977,,,1,26,,23974,,,1,64,,23978,,,1,30,,23979,,,1,65,,23980,,,1,26,,23981,,,1,74,,23982,,,1,30,,23983,,,1,70,,23984,,,1,30,,23987,,,1,71,,23985,,,1,33,,23988,,,1,66,,23989,,,1,25,,23986,,,1,18,,23990,,,1,75,,23991,,,1,19,,23992,,,1,66,,23993,,,1,25,,23995,,,1,18,,23996,,,1,67,,23997,,,1,26,,23994,,,1,71,,23999,,,1,29,,24000,,,1,66,,24001,,,1,29,,23998,,,1,70,,24002,,,1,30,,24003,,,1,70,,24005,,,1,28,,24006,,,1,71,,24007,,,1,22,,24004,,,1,74,,24008,,,1,17,,24009,,,1,22,,24010,,,1
