502,'Holiday1',634,5,15577,1,,,1,113,5,15581,36,,,1,70,5,15579,36,,,1,30,5,15580,36,,,1,69,5,15578,36,,,1,39,5,15576,36,,,1,72,5,15575,36,,,1,30,5,15574,36,,,1,65,5,15573,36,,,1,29,5,15572,36,,,1,67,5,15571,36,,,1,30,5,15570,36,,,1,71,5,15568,36,,,1,33,5,15569,36,,,1,72,5,15567,36,,,1,34,5,15566,36,,,1,75,5,15561,36,,,1,70,45,15564,36,,,1,30,5,15565,36,,,1,70,45,15563,36,,,1,30,5,15559,36,,,1,70,45,15560,36,,,1,29,5,15562,36,,,1,70,45,15558,36,,,1,30,5,15557,36,,,1,89,5,15586,36,,,1,89,5,15587,36,,,1,49,5,15584,36,,,1,89,5,15583,36,,,1,90,5,15582,36,,,1,88,5,15585,36,,,1
502,'Saturday',536,,15591,1,,,1,93,5,15588,36,,,1,27,5,15596,36,,,1,71,5,15609,36,,,1,30,5,15589,36,,,1,71,5,15592,36,,,1,76,45,15590,36,,,1,31,5,15597,36,,,1,69,45,15601,36,,,1,30,5,15593,36,,,1,70,45,15594,36,,,1,31,5,15595,36,,,1,72,5,15600,36,,,1,95,45,15599,36,,,1,35,5,15598,36,,,1,70,5,15605,36,,,1,31,5,15602,36,,,1,70,5,15604,36,,,1,30,5,15607,36,,,1,70,5,15606,36,,,1,31,5,15603,36,,,1,70,5,15608,36,,,1,30,5,15612,36,,,1,70,5,15610,36,,,1,30,5,15611,36,,,1,77,5,15617,36,,,1,90,5,15616,36,,,1,52,5,15615,36,,,1,85,5,15613,36,,,1,89,5,15614,36,,,1,90,5,15621,36,,,1,89,5,15620,36,,,1,90,45,15618,36,,,1,50,5,15619,36,,,1
502,'Sunday',634,5,15642,1,,,1,113,5,15646,36,,,1,70,5,15644,36,,,1,30,5,15645,36,,,1,69,5,15643,36,,,1,39,5,15641,36,,,1,72,5,15640,36,,,1,30,5,15639,36,,,1,65,5,15638,36,,,1,29,5,15637,36,,,1,67,5,15636,36,,,1,30,5,15635,36,,,1,71,5,15633,36,,,1,33,5,15634,36,,,1,72,5,15632,36,,,1,34,5,15631,36,,,1,75,5,15626,36,,,1,70,45,15629,36,,,1,30,5,15630,36,,,1,70,45,15628,36,,,1,30,5,15624,36,,,1,70,45,15625,36,,,1,29,5,15627,36,,,1,70,45,15623,36,,,1,30,5,15622,36,,,1,89,5,15651,36,,,1,89,5,15652,36,,,1,49,5,15649,36,,,1,89,5,15648,36,,,1,90,5,15647,36,,,1,88,5,15650,36,,,1
502,'Weekday',522,2,15653,36,,,1,20,2,15663,36,,,1,60,2,15664,36,,,1,24,2,15665,36,,,1,21,2,15666,36,,,1,63,2,15667,36,,,1,20,2,15668,36,,,1,18,2,15669,37,0,5,1,59,2,15672,36,,,1,21,2,15670,37,0,5,1,19,2,15673,36,,,1,61,2,15671,37,0,5,1,16,2,15674,36,,,1,26,2,15697,37,0,5,1,68,2,15696,36,,,1,24,2,15692,37,0,5,1,69,2,15695,36,,,1,25,2,15691,37,0,5,1,67,2,15700,36,,,1,29,2,15694,37,0,5,1,25,2,15699,36,,,1,71,2,15693,37,0,5,1,27,2,15698,36,,,1,76,2,15675,36,,,1,23,2,15676,37,0,5,1,58,2,15684,36,,,1,22,2,15677,37,0,5,1,20,2,15685,36,,,1,62,2,15678,37,0,5,1,18,2,15686,36,,,1,22,2,15679,37,0,5,1,58,2,15687,36,,,1,21,2,15680,37,0,5,1,22,2,15688,36,,,1,60,2,15681,37,0,5,1,15,2,15689,36,,,1,22,2,15682,37,0,5,1,56,2,15690,36,,,1,24,2,15683,37,0,5,1,88,2,15661,36,,,1,82,2,15660,36,,,1,39,2,15657,36,,,1,79,2,15662,36,,,1,79,42,15659,36,,,1,40,2,15656,36,,,1,80,2,15658,36,,,1,80,42,15655,36,,,1,34,2,15654,36,,,1
1703,'Holiday1',803,,18877,18,4,,1,45,,18875,18,4,,1,86,,18879,18,4,,1,85,,18880,18,4,,1,86,,18878,18,4,,1,44,,18881,18,4,,1,86,,18882,18,4,,1,85,,18884,18,4,,1,85,,18885,18,4,,1,45,,18876,18,4,,1,85,,18886,18,4,,1,85,,18883,18,4,,1,85,,18887,18,4,,1,45,,18888,18,4,,1,85,,18889,18,4,,1,85,,18890,18,4,,1
1703,'Saturday',814,,18891,18,4,,1,45,,18893,18,4,,1,86,,18892,18,4,,1,85,,18894,18,4,,1,85,,18895,18,4,,1,85,,18897,18,4,,1,45,,18898,18,4,,1,86,,18900,18,4,,1,85,,18901,18,4,,1,85,,18902,18,4,,1,45,,18899,18,4,,1,85,,18896,18,4,,1,85,,18904,18,4,,1,85,,18905,18,4,,1,45,,18903,18,4,,1
1703,'Sunday',803,,18908,18,4,,1,45,,18906,18,4,,1,86,,18910,18,4,,1,85,,18911,18,4,,1,86,,18909,18,4,,1,44,,18912,18,4,,1,86,,18913,18,4,,1,85,,18915,18,4,,1,85,,18916,18,4,,1,45,,18907,18,4,,1,85,,18917,18,4,,1,85,,18914,18,4,,1,85,,18918,18,4,,1,45,,18919,18,4,,1,85,,18920,18,4,,1,85,,18921,18,4,,1
1703,'Weekday',526,,18937,18,4,,1,82,,18922,18,4,,1,47,,18940,18,4,,1,86,,18923,18,4,,1,86,,18924,18,4,,1,84,,18925,18,4,,1,45,,18926,18,4,,1,85,,18927,18,4,,1,85,,18928,18,4,,1,85,,18930,18,4,,1,44,,18932,18,4,,1,83,,18933,18,4,,1,84,,18939,18,4,,1,94,,18929,18,4,,1,43,,18934,18,4,,1,85,,18931,18,4,,1,87,,18935,18,4,,1,85,,18936,18,4,,1,43,,18938,18,4,,1
1704,'Holiday1',810,,18941,1,,,1,45,,18942,1,,,1,85,,18943,1,,,1,85,,18946,1,,,1,85,,18947,1,,,1,45,,18948,1,,,1,85,,18944,1,,,1,85,,18945,1,,,1,85,,18949,1,,,1,45,,18953,1,,,1,85,,18950,1,,,1,85,,18954,1,,,1,85,,18951,1,,,1,45,,18952,1,,,1,85,,18955,1,,,1,85,,18956,1,,,1
1704,'Saturday',820,,18957,1,,,1,85,,18959,1,,,1,45,,18960,1,,,1,85,,18961,1,,,1,85,,18962,1,,,1,85,,18964,1,,,1,45,,18965,1,,,1,85,,18966,1,,,1,85,,18963,1,,,1,85,,18970,1,,,1,45,,18971,1,,,1,85,,18967,1,,,1,85,,18968,1,,,1,85,,18969,1,,,1,45,,18958,1,,,1
1704,'Sunday',810,,18972,1,,,1,45,,18973,1,,,1,85,,18974,1,,,1,85,,18977,1,,,1,85,,18978,1,,,1,45,,18979,1,,,1,85,,18975,1,,,1,85,,18976,1,,,1,85,,18980,1,,,1,45,,18984,1,,,1,85,,18981,1,,,1,85,,18985,1,,,1,85,,18982,1,,,1,45,,18983,1,,,1,85,,18986,1,,,1,85,,18987,1,,,1
1704,'Weekday',530,,18988,1,,,1,82,,18989,1,,,1,46,,18991,1,,,1,85,,18992,1,,,1,87,,18993,1,,,1,84,,18996,1,,,1,86,,18994,1,,,1,44,,18997,1,,,1,87,,18995,1,,,1,83,,18990,1,,,1,44,,18998,1,,,1,82,,18999,1,,,1,86,,19000,1,,,1,11,,19007,1,,,1,82,,19001,1,,,1,82,,19002,1,,,1,45,,19003,1,,,1,87,,19004,1,,,1,86,,19005,1,,,1,82,,19006,1,,,1
50502,'Holiday1',1008,,25826,14,,,1,16,,25830,14,,,1,16,,25831,14,,,1,16,,25829,14,,,1,57,,25834,14,,,1,16,,25832,14,,,1,16,,25836,14,,,1,56,,25833,14,,,1,16,,25837,14,,,1,16,,25838,14,,,1,16,,25835,14,,,1,56,,25840,14,,,1,16,,25841,14,,,1,20,,25843,14,,,1,18,,25839,14,,,1,53,,25844,14,,,1,17,,25842,14,,,1,16,,25846,14,,,1,56,,25847,14,,,1,17,,25845,14,,,1,16,,25848,14,,,1,16,,25849,14,,,1,56,,25850,14,,,1,14,,25851,14,,,1,16,,25852,14,,,1,16,,25853,14,,,1,56,,25854,14,,,1,16,,25855,14,,,1,15,,25856,14,,,1,16,,25857,14,,,1,56,,25827,14,,,1,16,,25828,14,,,1
50502,'Saturday',902,2,25858,14,,,1,16,2,25859,14,,,1,16,2,25864,14,,,1,16,2,25865,14,,,1,57,2,25866,14,,,1,17,2,25868,14,,,1,18,2,25869,14,,,1,16,2,25870,14,,,1,56,2,25872,14,,,1,16,2,25867,14,,,1,16,2,25873,14,,,1,56,2,25874,14,,,1,16,2,25871,14,,,1,16,2,25876,14,,,1,16,2,25877,14,,,1,56,2,25879,14,,,1,17,2,25880,14,,,1,16,2,25875,14,,,1,14,2,25881,14,,,1,59,2,25882,14,,,1,15,2,25862,14,,,1,16,2,25884,14,,,1,16,2,25885,14,,,1,57,2,25887,14,,,1,16,2,25888,14,,,1,17,2,25889,14,,,1,58,2,25886,14,,,1,14,2,25890,14,,,1,16,2,25891,14,,,1,16,2,25892,14,,,1,56,2,25894,14,,,1,16,2,25895,14,,,1,15,2,25896,14,,,1,16,2,25897,14,,,1,56,2,25893,14,,,1,15,2,25883,14,,,1,16,2,25863,14,,,1,16,2,25860,14,,,1,56,2,25878,14,,,1,16,2,25861,14,,,1
50502,'Sunday',1008,,25898,14,,,1,16,,25902,14,,,1,16,,25903,14,,,1,16,,25901,14,,,1,57,,25906,14,,,1,16,,25904,14,,,1,16,,25908,14,,,1,56,,25905,14,,,1,16,,25909,14,,,1,16,,25910,14,,,1,16,,25907,14,,,1,56,,25912,14,,,1,16,,25913,14,,,1,20,,25915,14,,,1,18,,25911,14,,,1,53,,25916,14,,,1,17,,25914,14,,,1,16,,25918,14,,,1,56,,25919,14,,,1,17,,25917,14,,,1,16,,25920,14,,,1,16,,25921,14,,,1,56,,25922,14,,,1,14,,25923,14,,,1,16,,25924,14,,,1,16,,25925,14,,,1,56,,25926,14,,,1,16,,25927,14,,,1,15,,25928,14,,,1,16,,25929,14,,,1,56,,25899,14,,,1,16,,25900,14,,,1
50502,'Weekday',709,2,25930,14,,,1,20,2,25935,14,,,1,17,2,25936,14,,,1,58,2,25937,14,,,1,18,2,25938,14,,,1,18,2,25939,14,,,1,60,42,25940,14,,,1,14,2,25941,14,,,1,21,2,25942,14,,,1,15,2,25943,14,,,1,62,2,25944,14,,,1,24,2,25945,14,,,1,21,2,25946,14,,,1,67,2,25947,14,,,1,26,2,25948,14,,,1,60,2,25949,14,,,1,17,2,25950,14,,,1,26,2,25951,14,,,1,66,2,25952,14,,,1,21,2,25953,14,,,1,64,2,25955,14,,,1,27,2,25956,14,,,1,26,2,25957,14,,,1,62,2,25954,14,,,1,14,2,25958,14,,,1,21,2,25959,14,,,1,58,2,25960,14,,,1,22,2,25961,14,,,1,21,2,25962,14,,,1,57,2,25964,14,,,1,18,2,25965,14,,,1,22,2,25966,14,,,1,55,2,25963,14,,,1,18,2,25967,14,,,1,18,2,25968,14,,,1,58,42,25969,14,,,1,33,2,25970,14,,,1,18,2,25971,14,,,1,59,2,25972,14,,,1,29,2,25973,14,,,1,67,2,25974,14,,,1
