603,'Holiday1',917,,15702,44,,,1,85,,15701,44,,,1,46,,15704,44,,,1,85,,15705,44,,,1,85,,15706,44,,,1,85,,15707,44,,,1,48,,15708,44,,,1,86,,15703,44,,,1,85,,15709,44,,,1,85,,15710,44,,,1,45,,15711,44,,,1,85,,15712,44,,,1,84,,15713,44,,,1,85,,15714,44,,,1,44,,15715,44,,,1
603,'Saturday',804,,15731,44,,,1,45,,15716,44,,,1,85,,15717,44,,,1,84,,15719,44,,,1,85,,15720,44,,,1,45,,15718,44,,,1,87,,15722,44,,,1,85,,15721,44,,,1,86,,15724,44,,,1,46,,15725,44,,,1,86,,15723,44,,,1,85,,15726,44,,,1,85,,15727,44,,,1,45,,15728,44,,,1,85,,15729,44,,,1,85,,15730,44,,,1
603,'Sunday',917,,15733,44,,,1,85,,15732,44,,,1,46,,15735,44,,,1,85,,15736,44,,,1,85,,15737,44,,,1,85,,15738,44,,,1,48,,15739,44,,,1,86,,15734,44,,,1,85,,15740,44,,,1,85,,15741,44,,,1,45,,15742,44,,,1,85,,15743,44,,,1,84,,15744,44,,,1,85,,15745,44,,,1,44,,15746,44,,,1
603,'Weekday',640,,15747,44,,,1,19,,15749,44,,,1,61,,15753,44,,,1,20,,15754,44,,,1,19,,15750,44,,,1,61,,15755,44,,,1,22,,15752,44,,,1,17,,15757,44,,,1,60,,15751,44,,,1,20,,15756,44,,,1,63,,15748,44,,,1,30,,15771,44,,,1,22,,15769,44,,,1,59,,15762,44,,,1,21,,15765,44,,,1,66,,15767,44,,,1,22,,15763,44,,,1,20,,15759,44,,,1,64,,15766,44,,,1,24,,15758,44,,,1,22,,15764,44,,,1,61,,15760,44,,,1,25,,15770,44,,,1,65,,15761,44,,,1,27,,15768,44,,,1,25,,15773,44,,,1,60,,15774,44,,,1,21,,15772,44,,,1,20,,15775,44,,,1,60,,15776,44,,,1,20,,15777,44,,,1,20,,15778,44,,,1,60,,15779,44,,,1,20,,15780,44,,,1,19,,15781,44,,,1,60,,15782,44,,,1,14,,15783,44,,,1,20,,15784,44,,,1,60,,15788,44,,,1,21,,15785,44,,,1,22,,15786,44,,,1,65,,15787,44,,,1,25,,15789,44,,,1,62,,15790,44,,,1,27,,15791,44,,,1,27,,15792,44,,,1,72,,15793,44,,,1,70,,15794,44,,,1
2302,'Holiday1',833,,19857,96,,,1,70,,19831,96,,,1,29,,19834,96,,,1,73,,19835,96,,,1,30,,19836,96,,,1,68,,19833,96,,,1,27,,19837,96,,,1,29,,19838,96,,,1,69,,19832,96,,,1,29,,19840,96,,,1,71,,19842,96,,,1,28,,19839,96,,,1,69,,19843,96,,,1,25,,19841,96,,,1,71,,19844,96,,,1,32,,19845,96,,,1,67,,19846,96,,,1,28,,19847,96,,,1,68,,19848,96,,,1,28,,19862,96,,,1,68,,19851,96,,,1,27,,19852,96,,,1,68,,19853,96,,,1,27,,19849,96,,,1,67,,19854,96,,,1,26,,19855,96,,,1,25,,19856,96,,,1,67,,19850,96,,,1,25,,19860,96,,,1,67,,19861,96,,,1,27,,19858,96,,,1,67,,19859,96,,,1
2302,'Saturday',629,,19863,96,,,1,30,,19865,96,,,1,70,,19885,96,,,1,72,,19884,96,,,1,42,,19888,96,,,1,72,,19887,96,,,1,30,,19890,96,,,1,68,,19891,96,,,1,29,,19892,96,,,1,67,,19889,96,,,1,31,,19893,96,,,1,67,,19896,96,,,1,26,,19897,96,,,1,70,,19894,96,,,1,31,,19895,96,,,1,67,,19886,96,,,1,30,,19875,96,,,1,27,,19877,96,,,1,65,,19878,96,,,1,30,,19879,96,,,1,70,,19880,96,,,1,29,,19876,96,,,1,70,,19882,96,,,1,31,,19883,96,,,1,68,,19881,96,,,1,25,,19867,96,,,1,65,,19868,96,,,1,25,,19864,96,,,1,71,,19874,96,,,1,29,,19866,96,,,1,70,,19870,96,,,1,25,,19872,96,,,1,70,,19869,96,,,1,29,,19871,96,,,1,29,,19873,96,,,1,70,,19901,96,,,1,30,,19900,96,,,1,70,,19899,96,,,1,30,,19898,96,,,1
2302,'Sunday',833,,19928,96,,,1,70,,19902,96,,,1,29,,19905,96,,,1,73,,19906,96,,,1,30,,19907,96,,,1,68,,19904,96,,,1,27,,19908,96,,,1,29,,19909,96,,,1,69,,19903,96,,,1,29,,19911,96,,,1,71,,19913,96,,,1,28,,19910,96,,,1,69,,19914,96,,,1,25,,19912,96,,,1,71,,19915,96,,,1,32,,19916,96,,,1,67,,19917,96,,,1,28,,19918,96,,,1,68,,19919,96,,,1,28,,19933,96,,,1,68,,19922,96,,,1,27,,19923,96,,,1,68,,19924,96,,,1,27,,19920,96,,,1,67,,19925,96,,,1,26,,19926,96,,,1,25,,19927,96,,,1,67,,19921,96,,,1,25,,19931,96,,,1,67,,19932,96,,,1,27,,19929,96,,,1,67,,19930,96,,,1
2302,'Weekday',557,,19934,96,,,1,56,,19944,96,,,1,15,,19945,96,,,1,14,,19943,96,,,1,16,,19947,96,,,1,56,,19949,96,,,1,15,,19950,96,,,1,15,,19951,96,,,1,15,,19948,96,,,1,56,,19952,96,,,1,15,,19946,96,,,1,16,,19953,96,,,1,55,,19954,96,,,1,16,,19955,96,,,1,18,,19956,96,,,1,16,,19940,96,,,1,59,,19937,96,,,1,21,,19939,96,,,1,69,,19957,96,,,1,32,,19958,96,,,1,69,,19959,96,,,1,32,,19960,96,,,1,70,,19961,96,,,1,29,,19962,96,,,1,70,,19963,96,,,1,32,,19964,96,,,1,71,,19942,96,,,1,26,,19988,96,,,1,18,,19985,96,,,1,60,,19987,96,,,1,15,,19984,96,,,1,16,,19986,96,,,1,15,,19983,96,,,1,59,,19965,96,,,1,16,,19966,96,,,1,14,,19967,96,,,1,13,,19968,96,,,1,55,,19969,96,,,1,15,,19970,96,,,1,16,,19971,96,,,1,15,,19972,96,,,1,55,,19973,96,,,1,13,,19974,96,,,1,14,,19935,96,,,1,15,,19941,96,,,1,53,,19938,96,,,1,15,,19936,96,,,1,34,,19975,96,,,1,73,,19976,96,,,1,75,,19977,96,,,1,29,,19978,96,,,1,71,,19979,96,,,1,33,,19980,96,,,1,74,,19981,96,,,1,34,,19982,96,,,1
2604,'Holiday1',727,,20292,23,,,1,100,,20295,23,,,1,100,,20296,23,,,1,100,,20293,23,,,1,100,,20294,23,,,1,100,,20297,23,,,1,100,,20299,23,,,1,100,,20300,23,,,1,100,,20301,23,,,1,100,,20298,23,,,1,100,,20302,23,,,1,100,,20303,23,,,1,99,,20304,23,,,1,100,,20305,23,,,1
2604,'Saturday',727,,20309,23,,,1,30,,20306,23,,,1,70,,20311,23,,,1,30,,20313,23,,,1,70,,20310,23,,,1,30,,20314,23,,,1,70,,20312,23,,,1,30,,20315,23,,,1,70,,20316,23,,,1,30,,20317,23,,,1,70,,20318,23,,,1,30,,20319,23,,,1,70,,20320,23,,,1,30,,20321,23,,,1,70,,20335,23,,,1,30,,20323,23,,,1,70,,20324,23,,,1,30,,20325,23,,,1,70,,20322,23,,,1,30,,20326,23,,,1,70,,20327,23,,,1,30,,20328,23,,,1,70,,20329,23,,,1,30,,20330,23,,,1,69,,20331,23,,,1,30,,20332,23,,,1,70,,20333,23,,,1,30,,20334,23,,,1,70,,20307,23,,,1,30,,20308,23,,,1
2604,'Sunday',727,,20336,23,,,1,100,,20339,23,,,1,100,,20340,23,,,1,100,,20337,23,,,1,100,,20338,23,,,1,100,,20341,23,,,1,100,,20343,23,,,1,100,,20344,23,,,1,100,,20345,23,,,1,100,,20342,23,,,1,100,,20346,23,,,1,100,,20347,23,,,1,99,,20348,23,,,1,100,,20349,23,,,1
2604,'Weekday',507,,20350,23,,,1,22,,20351,23,,,1,22,,20352,23,,,1,58,,20354,23,,,1,19,,20355,23,,,1,29,,20356,23,,,1,62,,20353,23,,,1,20,,20357,23,,,1,17,,20358,23,,,1,72,,20359,23,,,1,21,,20360,23,,,1,63,,20361,23,,,1,22,,20362,23,,,1,22,,20363,23,,,1,60,,20364,23,,,1,21,,20365,23,,,1,22,,20366,23,,,1,62,,20367,23,,,1,22,,20368,23,,,1,62,,20369,23,,,1,22,,20370,23,,,1,22,,20371,23,,,1,62,,20372,23,,,1,22,,20373,23,,,1,22,,20374,23,,,1,62,,20375,23,,,1,22,,20376,23,,,1,62,,20377,23,,,1,25,,20378,23,,,1,22,,20379,23,,,1,62,,20380,23,,,1,22,,20381,23,,,1,22,,20382,23,,,1,65,,20383,23,,,1,19,,20384,23,,,1,62,,20385,23,,,1,25,,20386,23,,,1,18,,20387,23,,,1,61,,20389,23,,,1,22,,20390,23,,,1,28,,20391,23,,,1,58,,20388,23,,,1,20,,20392,23,,,1,22,,20393,23,,,1,62,,20394,23,,,1,22,,20395,23,,,1,62,,20396,23,,,1,22,,20397,23,,,1,22,,20398,23,,,1,62,,20399,23,,,1,21,,20400,23,,,1,22,,20401,23,,,1,62,,20402,23,,,1,22,,20403,23,,,1,22,,20404,23,,,1
2704,'Saturday',821,,20449,16,,,1,35,,20451,16,,,1,75,,20452,16,,,1,75,,20453,16,,,1,35,,20455,16,,,1,75,,20450,16,,,1,35,,20454,16,,,1,75,,20456,16,,,1,75,,20458,16,,,1,35,,20459,16,,,1,75,,20460,16,,,1,35,,20461,16,,,1,75,,20462,16,,,1,35,,20463,16,,,1,75,,20457,16,,,1,75,,20464,16,,,1,35,,20465,16,,,1,75,,20466,16,,,1
2704,'Weekday',610,,20469,16,,,1,34,,20467,16,,,1,75,,20470,16,,,1,35,,20468,16,,,1,74,,20471,16,,,1,73,,20472,16,,,1,36,,20473,16,,,1,74,,20475,16,,,1,34,,20476,16,,,1,75,,20477,16,,,1,35,,20474,16,,,1,74,,20478,16,,,1,74,,20479,16,,,1,33,,20481,16,,,1,72,,20482,16,,,1,35,,20483,16,,,1,74,,20480,16,,,1,34,,20484,16,,,1,74,,20486,16,,,1,33,,20488,16,,,1,77,,20489,16,,,1,70,,20487,16,,,1,33,,20492,16,,,1,70,,20490,16,,,1,31,,20491,16,,,1,70,,20485,16,,,1
2802,'Holiday1',557,,20646,38,0,5,1,65,,20636,34,,,1,25,,20633,38,0,5,1,65,,20642,34,,,1,25,,20638,38,0,5,1,65,,20632,34,,,1,25,,20645,38,0,5,1,25,,20635,34,,,1,65,,20634,38,0,5,1,25,,20640,34,,,1,65,,20639,38,0,5,1,25,,20637,34,,,1,25,,20644,38,0,5,1,65,,20641,34,,,1,25,,20648,38,0,5,1,65,,20643,34,,,1,25,,20649,38,0,5,1,65,,20647,34,,,1,25,,20650,38,0,5,1,25,,20651,34,,,1,65,,20652,38,0,5,1,25,,20653,34,,,1,65,,20654,38,0,5,1,25,,20656,34,,,1,25,,20655,38,0,5,1,65,,20657,34,,,1,25,,20658,38,0,5,1,65,,20659,34,,,1,25,,20660,38,0,5,1,65,,20661,34,,,1,25,,20662,38,0,5,1,25,,20663,34,,,1,65,,20664,38,0,5,1
2802,'Saturday',557,,20667,38,0,5,1,65,,20682,34,,,1,25,,20668,38,0,5,1,65,,20683,34,,,1,25,,20665,38,0,5,1,65,,20686,34,,,1,25,,20666,38,0,5,1,25,,20687,34,,,1,65,,20669,38,0,5,1,25,,20688,34,,,1,65,,20671,38,0,5,1,25,,20684,34,,,1,25,,20672,38,0,5,1,65,,20685,34,,,1,25,,20673,38,0,5,1,65,,20689,34,,,1,25,,20670,38,0,5,1,65,,20691,34,,,1,25,,20674,38,0,5,1,25,,20692,34,,,1,65,,20675,38,0,5,1,25,,20693,34,,,1,65,,20676,38,0,5,1,25,,20690,34,,,1,25,,20677,38,0,5,1,65,,20694,34,,,1,25,,20678,38,0,5,1,65,,20695,34,,,1,25,,20679,38,0,5,1,65,,20696,34,,,1,25,,20680,38,0,5,1,25,,20697,34,,,1,65,,20681,38,0,5,1
2802,'Sunday',557,,20712,38,0,5,1,65,,20702,34,,,1,25,,20699,38,0,5,1,65,,20708,34,,,1,25,,20704,38,0,5,1,65,,20698,34,,,1,25,,20711,38,0,5,1,25,,20701,34,,,1,65,,20700,38,0,5,1,25,,20706,34,,,1,65,,20705,38,0,5,1,25,,20703,34,,,1,25,,20710,38,0,5,1,65,,20707,34,,,1,25,,20714,38,0,5,1,65,,20709,34,,,1,25,,20715,38,0,5,1,65,,20713,34,,,1,25,,20716,38,0,5,1,25,,20717,34,,,1,65,,20718,38,0,5,1,25,,20719,34,,,1,65,,20720,38,0,5,1,25,,20722,34,,,1,25,,20721,38,0,5,1,65,,20723,34,,,1,25,,20724,38,0,5,1,65,,20725,34,,,1,25,,20726,38,0,5,1,65,,20727,34,,,1,25,,20728,38,0,5,1,25,,20729,34,,,1,65,,20730,38,0,5,1
2802,'Weekday',537,,20771,34,,,1,16,,20731,38,0,5,1,66,,20751,34,,,1,20,,20733,38,0,5,1,20,,20752,34,,,1,60,,20734,38,0,5,1,20,,20753,34,,,1,20,,20732,38,0,5,1,60,,20754,34,,,1,20,,20735,38,0,5,1,20,,20755,34,,,1,60,,20736,38,0,5,1,20,,20756,34,,,1,20,,20737,38,0,5,1,63,,20757,34,,,1,17,,20738,38,0,5,1,20,,20758,34,,,1,59,,20739,38,0,5,1,21,,20759,34,,,1,20,,20740,38,0,5,1,59,,20760,34,,,1,21,,20741,38,0,5,1,20,,20761,34,,,1,59,,20742,38,0,5,1,21,,20762,34,,,1,20,,20743,38,0,5,1,60,,20763,34,,,1,20,,20744,38,0,5,1,20,,20764,34,,,1,60,,20745,38,0,5,1,20,,20765,34,,,1,20,,20746,38,0,5,1,60,,20766,34,,,1,20,,20747,38,0,5,1,19,,20767,34,,,1,61,,20748,38,0,5,1,20,,20768,34,,,1,68,,20749,38,0,5,1,12,,20769,34,,,1,20,,20750,38,0,5,1,20,,20770,34,,,1
