2404,'251229-MULTI-Saturday-01',801,,9656,0,,1,45,,9657,0,,1,85,,9661,0,,1,85,,9658,0,,1,85,,9659,0,,1,45,,9660,0,,1,85,,9662,0,,1,85,,9663,0,,1,85,,9665,0,,1,45,,9666,0,,1,85,,9664,0,,1,85,,9667,0,,1,85,,9668,0,,1,45,,9669,0,,1,85,,9670,0,,1
2404,'251229-MULTI-Sunday-01',801,,9672,0,,1,45,,9671,0,,1,85,,9673,0,,1,85,,9674,0,,1,85,,9675,0,,1,45,,9677,0,,1,85,,9678,0,,1,85,,9676,0,,1,85,,9681,0,,1,45,,9682,0,,1,85,,9679,0,,1,85,,9680,0,,1,85,,9684,0,,1,45,,9685,0,,1,85,,9683,0,,1
2404,'260105-MULTI-Holiday1-01',801,,9687,0,,1,45,,9686,0,,1,85,,9688,0,,1,85,,9689,0,,1,85,,9690,0,,1,45,,9692,0,,1,85,,9693,0,,1,85,,9691,0,,1,85,,9696,0,,1,45,,9697,0,,1,85,,9694,0,,1,85,,9695,0,,1,85,,9699,0,,1,45,,9700,0,,1,85,,9698,0,,1
2404,'260105-MULTI-Saturday-01',801,,9701,0,,1,45,,9702,0,,1,85,,9707,0,,1,85,,9703,0,,1,85,,9704,0,,1,45,,9705,0,,1,85,,9708,0,,1,85,,9709,0,,1,85,,9710,0,,1,45,,9711,0,,1,85,,9706,0,,1,85,,9712,0,,1,85,,9713,0,,1,45,,9714,0,,1,85,,9715,0,,1
2404,'260105-MULTI-Sunday-01',801,,9717,0,,1,45,,9716,0,,1,85,,9718,0,,1,85,,9719,0,,1,85,,9720,0,,1,45,,9722,0,,1,85,,9723,0,,1,85,,9721,0,,1,85,,9726,0,,1,45,,9727,0,,1,85,,9724,0,,1,85,,9725,0,,1,85,,9729,0,,1,45,,9730,0,,1,85,,9728,0,,1
2404,'260105-MULTI-Weekday-01',516,,9733,0,,1,17,,9732,0,,1,73,,9736,0,,1,36,,9745,0,,1,76,,9746,0,,1,36,,9747,0,,1,76,,9743,0,,1,76,,9744,0,,1,35,,9752,0,,1,77,,9731,0,,1,35,,9734,0,,1,76,,9750,0,,1,74,,9748,0,,1,37,,9749,0,,1,77,,9751,0,,1,37,,9735,0,,1,72,,9738,0,,1,76,,9753,0,,1,36,,9754,0,,1,76,,9755,0,,1,36,,9756,0,,1,76,,9757,0,,1,76,,9758,0,,1,36,,9759,0,,1,78,,9740,0,,1,32,,9737,0,,1,72,,9739,0,,1,36,,9742,0,,1,75,,9741,0,,1
8104,'251229-MULTI-Saturday-01',626,,15470,0,,1,85,,15471,0,,1,45,,15472,0,,1,87,,15473,0,,1,85,,15474,0,,1,85,,15475,0,,1,45,,15476,0,,1,85,,15477,0,,1,85,,15478,0,,1,85,,15479,0,,1,45,,15480,0,,1,85,,15482,0,,1,83,,15483,0,,1,85,,15484,0,,1,45,,15481,0,,1,85,,15485,0,,1,85,,15486,0,,1,85,,15487,0,,1
8104,'251229-MULTI-Sunday-01',626,,15488,0,,1,85,,15489,0,,1,45,,15490,0,,1,87,,15491,0,,1,85,,15492,0,,1,85,,15493,0,,1,45,,15494,0,,1,85,,15495,0,,1,85,,15496,0,,1,85,,15497,0,,1,45,,15498,0,,1,85,,15499,0,,1,83,,15500,0,,1,85,,15501,0,,1,45,,15502,0,,1,85,,15503,0,,1,85,,15504,0,,1,85,,15505,0,,1
8104,'260105-MULTI-Holiday1-01',626,,15506,0,,1,85,,15507,0,,1,45,,15508,0,,1,87,,15510,0,,1,85,,15511,0,,1,85,,15512,0,,1,45,,15509,0,,1,85,,15513,0,,1,85,,15514,0,,1,85,,15515,0,,1,45,,15516,0,,1,85,,15517,0,,1,83,,15518,0,,1,85,,15519,0,,1,45,,15520,0,,1,85,,15521,0,,1,85,,15522,0,,1,85,,15523,0,,1
8104,'260105-MULTI-Saturday-01',626,,15524,0,,1,85,,15525,0,,1,45,,15526,0,,1,87,,15527,0,,1,85,,15528,0,,1,85,,15529,0,,1,45,,15530,0,,1,85,,15531,0,,1,85,,15532,0,,1,85,,15533,0,,1,45,,15534,0,,1,85,,15536,0,,1,83,,15538,0,,1,85,,15539,0,,1,45,,15535,0,,1,85,,15540,0,,1,85,,15537,0,,1,85,,15541,0,,1
8104,'260105-MULTI-Sunday-01',626,,15542,0,,1,85,,15543,0,,1,45,,15544,0,,1,87,,15546,0,,1,85,,15547,0,,1,85,,15548,0,,1,45,,15545,0,,1,85,,15549,0,,1,85,,15550,0,,1,85,,15551,0,,1,45,,15552,0,,1,85,,15553,0,,1,83,,15554,0,,1,85,,15555,0,,1,45,,15556,0,,1,85,,15557,0,,1,85,,15558,0,,1,85,,15559,0,,1
8104,'260105-MULTI-Weekday-01',627,,15563,0,,1,85,,15562,0,,1,45,,15561,0,,1,87,,15560,0,,1,85,,15570,0,,1,85,,15571,0,,1,45,,15572,0,,1,85,,15573,0,,1,85,,15574,0,,1,85,,15575,0,,1,45,,15576,0,,1,85,,15577,0,,1,83,,15565,0,,1,85,,15567,0,,1,45,,15568,0,,1,85,,15569,0,,1,85,,15566,0,,1,85,,15564,0,,1,45,,15578,0,,1,85,,15579,0,,1
20401,'260105-MULTI-Weekday-01',1452,,16096,0,,1
