1004,'Weekday',525,,16891,1,,,1,30,,16887,1,,,1,61,,16899,1,,,1,33,,16889,1,,,1,61,,16885,1,,,1,15,,16895,1,,,1,32,,16888,1,,,1,68,,16901,1,,,1,24,,16890,1,,,1,65,,16886,1,,,1,20,,16894,1,,,1,86,,16898,1,,,1,95,,16892,1,,,1,94,,16896,1,,,1,95,,16893,1,,,1,46,,16897,1,,,1,70,,16902,1,,,1,25,,16900,1,,,1,56,,16904,1,,,1,25,,16903,1,,,1,26,,16905,1,,,1,69,,16906,1,,,1,30,,16907,1,,,1,56,,16908,1,,,1,31,,16909,1,,,1,20,,16910,1,,,1,72,,16911,1,,,1,25,,16912,1,,,1
1603,'Holiday1',851,,18671,25,4,,1,81,,18672,25,4,,1,81,,18667,25,4,,1,40,,18669,25,4,,1,79,,18673,25,4,,1,80,,18668,25,4,,1,40,,18670,25,4,,1,80,,18674,25,4,,1,81,,18676,25,4,,1,40,,18675,25,4,,1,81,,18677,25,4,,1,78,,18678,25,4,,1,40,,18679,25,4,,1,80,,18680,25,4,,1,80,,18681,25,4,,1,39,,18682,25,4,,1,80,,18684,25,4,,1,80,,18683,25,4,,1,40,,18685,25,4,,1,80,,18686,25,4,,1,79,,18687,25,4,,1,40,,18688,25,4,,1
1603,'Saturday',636,,18690,25,4,,1,80,,18691,25,4,,1,40,,18689,25,4,,1,80,,18692,25,4,,1,80,,18694,25,4,,1,40,,18693,25,4,,1,80,,18695,25,4,,1,82,,18696,25,4,,1,40,,18697,25,4,,1,79,,18698,25,4,,1,80,,18699,25,4,,1,40,,18700,25,4,,1,80,,18701,25,4,,1,81,,18702,25,4,,1,40,,18703,25,4,,1,79,,18704,25,4,,1,80,,18706,25,4,,1,40,,18707,25,4,,1,80,,18705,25,4,,1,79,,18708,25,4,,1,40,,18709,25,4,,1,80,,18710,25,4,,1,80,,18712,25,4,,1,40,,18711,25,4,,1,80,,18713,25,4,,1,79,,18714,25,4,,1,40,,18716,25,4,,1,80,,18715,25,4,,1
1603,'Sunday',851,,18721,25,4,,1,81,,18722,25,4,,1,81,,18717,25,4,,1,40,,18719,25,4,,1,79,,18723,25,4,,1,80,,18718,25,4,,1,40,,18720,25,4,,1,80,,18724,25,4,,1,81,,18726,25,4,,1,40,,18725,25,4,,1,81,,18727,25,4,,1,78,,18728,25,4,,1,40,,18729,25,4,,1,80,,18730,25,4,,1,80,,18731,25,4,,1,39,,18732,25,4,,1,80,,18734,25,4,,1,80,,18733,25,4,,1,40,,18735,25,4,,1,80,,18736,25,4,,1,79,,18737,25,4,,1,40,,18738,25,4,,1
1603,'Weekday',602,,18739,25,4,,1,46,,18743,25,4,,1,72,,18744,25,4,,1,30,,18745,25,4,,1,77,,18742,25,4,,1,74,,18746,25,4,,1,32,,18747,25,4,,1,71,,18740,25,4,,1,33,,18741,25,4,,1,86,,18764,25,4,,1,86,,18765,25,4,,1,47,,18766,25,4,,1,87,,18767,25,4,,1,88,,18768,25,4,,1,87,,18769,25,4,,1,23,,18749,25,4,,1,67,,18750,25,4,,1,33,,18751,25,4,,1,76,,18752,25,4,,1,31,,18753,25,4,,1,69,,18754,25,4,,1,31,,18755,25,4,,1,66,,18756,25,4,,1,24,,18757,25,4,,1,70,,18758,25,4,,1,45,,18759,25,4,,1,83,,18760,25,4,,1,86,,18761,25,4,,1,85,,18762,25,4,,1,45,,18763,25,4,,1,85,,18748,25,4,,1
1604,'Holiday1',815,,18774,1,,,1,40,,18778,1,,,1,80,,18770,1,,,1,80,,18772,1,,,1,40,,18777,1,,,1,80,,18771,1,,,1,80,,18773,1,,,1,40,,18775,1,,,1,80,,18776,1,,,1,80,,18780,1,,,1,42,,18779,1,,,1,78,,18782,1,,,1,80,,18781,1,,,1,40,,18783,1,,,1,80,,18786,1,,,1,80,,18785,1,,,1,40,,18784,1,,,1,80,,18788,1,,,1,80,,18787,1,,,1,40,,18789,1,,,1,80,,18790,1,,,1,80,,18791,1,,,1,40,,18792,1,,,1
1604,'Saturday',600,,18793,1,,,1,40,,18794,1,,,1,80,,18795,1,,,1,80,,18796,1,,,1,40,,18797,1,,,1,80,,18798,1,,,1,80,,18799,1,,,1,40,,18800,1,,,1,80,,18801,1,,,1,80,,18802,1,,,1,40,,18804,1,,,1,80,,18803,1,,,1,80,,18806,1,,,1,40,,18805,1,,,1,80,,18807,1,,,1,80,,18808,1,,,1,40,,18810,1,,,1,80,,18809,1,,,1,80,,18811,1,,,1,40,,18812,1,,,1,80,,18813,1,,,1,80,,18815,1,,,1,40,,18817,1,,,1,80,,18814,1,,,1,80,,18816,1,,,1,40,,18818,1,,,1,80,,18819,1,,,1,80,,18820,1,,,1
1604,'Sunday',815,,18825,1,,,1,40,,18829,1,,,1,80,,18821,1,,,1,80,,18823,1,,,1,40,,18828,1,,,1,80,,18822,1,,,1,80,,18824,1,,,1,40,,18826,1,,,1,80,,18827,1,,,1,80,,18831,1,,,1,42,,18830,1,,,1,78,,18833,1,,,1,80,,18832,1,,,1,40,,18834,1,,,1,80,,18837,1,,,1,80,,18836,1,,,1,40,,18835,1,,,1,80,,18839,1,,,1,80,,18838,1,,,1,40,,18840,1,,,1,80,,18841,1,,,1,80,,18842,1,,,1,40,,18843,1,,,1
1604,'Weekday',525,,18844,1,,,1,78,,18845,1,,,1,29,,18846,1,,,1,23,,18847,1,,,1,88,,18848,1,,,1,75,,18849,1,,,1,36,,18850,1,,,1,71,,18851,1,,,1,33,,18852,1,,,1,87,,18869,1,,,1,84,,18870,1,,,1,87,,18871,1,,,1,86,,18872,1,,,1,48,,18873,1,,,1,86,,18874,1,,,1,23,,18853,1,,,1,67,,18854,1,,,1,32,,18855,1,,,1,70,,18856,1,,,1,30,,18857,1,,,1,70,,18858,1,,,1,30,,18859,1,,,1,70,,18860,1,,,1,30,,18861,1,,,1,68,,18862,1,,,1,89,,18863,1,,,1,43,,18864,1,,,1,87,,18865,1,,,1,85,,18866,1,,,1,85,,18867,1,,,1,85,,18868,1,,,1
2002,'Weekday',613,,19651,27,4,,1,30,,19641,27,4,,1,74,,19637,27,4,,1,3,,19647,27,4,,1,30,,19639,27,4,,1,72,,19653,27,4,,1,20,,19642,27,4,,1,67,,19638,27,4,,1,17,,19646,27,4,,1,25,,19640,27,4,,1,65,,19654,27,4,,1,24,,19643,27,4,,1,75,,19644,26,4,,1,91,,19652,26,4,,1,52,,19645,26,4,,1,89,,19649,26,4,,1,96,,19650,26,4,,1,12,,19648,27,4,,1,65,,19655,27,4,,1,28,,19657,27,4,,1,68,,19656,27,4,,1,28,,19658,27,4,,1,59,,19659,27,4,,1,28,,19660,27,4,,1,23,,19662,27,4,,1,71,,19661,27,4,,1,24,,19663,27,4,,1,57,,19664,27,4,,1,28,,19665,27,4,,1,21,,19666,27,4,,1,303,,19667,26,4,,1,77,,19668,26,4,,1
