3503,'251229-MULTI-Saturday-01',839,,12338,0,,1,86,,12336,0,,1,85,,12339,0,,1,45,,12337,0,,1,86,,12340,0,,1,85,,12341,0,,1,85,,12342,0,,1,45,,12344,0,,1,85,,12345,0,,1,85,,12343,0,,1,85,,12346,0,,1,45,,12348,0,,1,85,,12349,0,,1,84,,12347,0,,1,85,,12350,0,,1,45,,12351,0,,1,85,,12352,0,,1
3503,'251229-MULTI-Sunday-01',823,,12355,0,,1,85,,12354,0,,1,46,,12362,0,,1,87,,12357,0,,1,85,,12359,0,,1,85,,12361,0,,1,45,,12356,0,,1,85,,12363,0,,1,85,,12353,0,,1,85,,12358,0,,1,45,,12360,0,,1,85,,12364,0,,1,85,,12365,0,,1,85,,12368,0,,1,45,,12366,0,,1,85,,12367,0,,1
3503,'260105-MULTI-Holiday1-01',823,,12371,0,,1,85,,12370,0,,1,46,,12378,0,,1,87,,12373,0,,1,85,,12375,0,,1,85,,12377,0,,1,45,,12372,0,,1,85,,12379,0,,1,85,,12369,0,,1,85,,12374,0,,1,45,,12376,0,,1,85,,12380,0,,1,85,,12381,0,,1,85,,12384,0,,1,45,,12382,0,,1,85,,12383,0,,1
3503,'260105-MULTI-Saturday-01',839,,12387,0,,1,86,,12385,0,,1,85,,12388,0,,1,45,,12386,0,,1,86,,12390,0,,1,85,,12389,0,,1,85,,12391,0,,1,45,,12393,0,,1,85,,12394,0,,1,85,,12392,0,,1,85,,12395,0,,1,45,,12397,0,,1,85,,12398,0,,1,84,,12396,0,,1,85,,12399,0,,1,45,,12400,0,,1,85,,12401,0,,1
3503,'260105-MULTI-Sunday-01',823,,12404,0,,1,85,,12403,0,,1,46,,12411,0,,1,87,,12406,0,,1,85,,12408,0,,1,85,,12410,0,,1,45,,12405,0,,1,85,,12412,0,,1,85,,12402,0,,1,85,,12407,0,,1,45,,12409,0,,1,85,,12413,0,,1,85,,12414,0,,1,85,,12417,0,,1,45,,12415,0,,1,85,,12416,0,,1
3503,'260105-MULTI-Weekday-01',558,,12418,0,,1,77,,12422,0,,1,76,,12419,0,,1,36,,12441,0,,1,75,,12426,0,,1,35,,12437,0,,1,73,,12444,0,,1,75,,12449,0,,1,35,,12443,0,,1,75,,12421,0,,1,40,,12442,0,,1,71,,12440,0,,1,75,,12445,0,,1,33,,12438,0,,1,75,,12447,0,,1,35,,12448,0,,1,75,,12439,0,,1,36,,12429,0,,1,75,,12428,0,,1,75,,12424,0,,1,35,,12434,0,,1,75,,12430,0,,1,34,,12433,0,,1,74,,12427,0,,1,35,,12423,0,,1,74,,12431,0,,1,75,,12432,0,,1,34,,12435,0,,1,75,,12436,0,,1,35,,12420,0,,1,75,,12425,0,,1,75,,12446,0,,1
5004,'251229-MULTI-Saturday-01',712,,13006,0,5,1,45,,13007,0,5,1,85,,13009,0,5,1,85,,13010,0,5,1,85,,13008,0,5,1,44,,13012,0,5,1,86,,13013,0,5,1,84,,13014,0,5,1,86,,13011,0,5,1,43,,13015,0,5,1,87,,13017,0,5,1,85,,13018,0,5,1,85,,13019,0,5,1,45,,13016,0,5,1,85,,13020,0,5,1,82,,13022,0,5,1,88,,13023,0,5,1,45,,13024,0,5,1,85,,13021,0,5,1,83,,13025,0,5,1,80,,13026,0,5,1,52,,13027,0,5,1,85,,13028,0,5,1
5004,'251229-MULTI-Sunday-01',748,,13059,0,5,1,80,,13062,0,5,1,90,,13060,0,5,1,34,,13061,0,5,1,96,,13063,0,5,1,79,,13064,0,5,1,91,,13065,0,5,1,36,,13066,0,5,1,94,,13067,0,5,1,76,,13069,0,5,1,94,,13070,0,5,1,37,,13071,0,5,1,93,,13068,0,5,1,70,,13072,0,5,1,100,,13073,0,5,1,82,,13074,0,5,1,41,,13075,0,5,1,84,,13078,0,5,1,85,,13077,0,5,1,94,,13076,0,5,1,44,,13080,0,5,1,80,,13079,0,5,1
5004,'260105-MULTI-Holiday1-01',748,,13111,0,5,1,80,,13114,0,5,1,90,,13112,0,5,1,34,,13113,0,5,1,96,,13115,0,5,1,79,,13116,0,5,1,91,,13117,0,5,1,36,,13118,0,5,1,94,,13119,0,5,1,76,,13121,0,5,1,94,,13123,0,5,1,37,,13124,0,5,1,93,,13120,0,5,1,70,,13125,0,5,1,100,,13122,0,5,1,82,,13126,0,5,1,41,,13127,0,5,1,84,,13130,0,5,1,85,,13129,0,5,1,94,,13128,0,5,1,44,,13132,0,5,1,80,,13131,0,5,1
5004,'260105-MULTI-Saturday-01',712,,13167,0,5,1,45,,13168,0,5,1,85,,13171,0,5,1,85,,13169,0,5,1,85,,13170,0,5,1,44,,13173,0,5,1,86,,13174,0,5,1,84,,13175,0,5,1,86,,13172,0,5,1,43,,13176,0,5,1,87,,13178,0,5,1,85,,13179,0,5,1,85,,13180,0,5,1,45,,13177,0,5,1,85,,13181,0,5,1,82,,13183,0,5,1,88,,13184,0,5,1,45,,13185,0,5,1,85,,13182,0,5,1,83,,13186,0,5,1,80,,13187,0,5,1,52,,13188,0,5,1,85,,13189,0,5,1
5004,'260105-MULTI-Sunday-01',748,,13220,0,5,1,80,,13223,0,5,1,90,,13221,0,5,1,34,,13222,0,5,1,96,,13224,0,5,1,79,,13225,0,5,1,91,,13226,0,5,1,36,,13227,0,5,1,94,,13228,0,5,1,76,,13230,0,5,1,94,,13232,0,5,1,37,,13233,0,5,1,93,,13229,0,5,1,70,,13234,0,5,1,100,,13231,0,5,1,82,,13235,0,5,1,41,,13236,0,5,1,84,,13239,0,5,1,85,,13238,0,5,1,94,,13237,0,5,1,44,,13241,0,5,1,80,,13240,0,5,1
5004,'260105-MULTI-Weekday-01',508,,13242,0,5,1,30,,13272,0,5,1,70,,13278,0,5,1,29,,13247,0,5,1,71,,13256,0,5,1,31,,13268,0,5,1,71,,13276,0,5,1,30,,13260,0,5,1,71,,13255,0,5,1,31,,13262,0,5,1,69,,13257,0,5,1,33,,13274,0,5,1,75,,13279,0,5,1,40,,13263,0,5,1,81,,13248,0,5,1,80,,13277,0,5,1,30,,13269,0,5,1,70,,13253,0,5,1,33,,13275,0,5,1,73,,13267,0,5,1,27,,13259,0,5,1,70,,13249,0,5,1,31,,13250,0,5,1,72,,13265,0,5,1,31,,13252,0,5,1,69,,13254,0,5,1,27,,13261,0,5,1,68,,13266,0,5,1,30,,13251,0,5,1,72,,13280,0,5,1,28,,13271,0,5,1,69,,13246,0,5,1,30,,13258,0,5,1,69,,13273,0,5,1,29,,13270,0,5,1,69,,13245,0,5,1,95,,13244,0,5,1
