3003,'251229-MULTI-Saturday-01',642,,11114,4,,1,13,,11186,4,,1,56,,11115,4,,1,231,,11116,4,,1,602,,11117,4,,1,301,,11118,4,,1
3003,'251229-MULTI-Sunday-01',2241,,11191,4,,1
3003,'260105-MULTI-Holiday1-01',2241,,11239,4,,1
3003,'260105-MULTI-Saturday-01',642,,11284,4,,1,13,,11356,4,,1,56,,11285,4,,1,231,,11286,4,,1,602,,11287,4,,1,301,,11288,4,,1
3003,'260105-MULTI-Sunday-01',2241,,11361,4,,1
3003,'260105-MULTI-Weekday-01',637,,11424,4,,1,80,,11423,4,,1,720,,11414,4,,1,76,,11418,4,,1,725,,11419,4,,1,70,,11446,4,,1
3004,'251229-MULTI-Saturday-01',645,,11573,0,,1,55,,11503,0,,1,15,,11504,0,,1,229,,11505,0,,1,602,,11506,0,,1,301,,11507,0,,1
3004,'251229-MULTI-Sunday-01',2242,,11579,0,,1
3004,'260105-MULTI-Holiday1-01',2242,,11627,0,,1
3004,'260105-MULTI-Saturday-01',645,,11742,0,,1,55,,11672,0,,1,15,,11673,0,,1,229,,11674,0,,1,602,,11675,0,,1,301,,11676,0,,1
3004,'260105-MULTI-Sunday-01',2242,,11748,0,,1
3004,'260105-MULTI-Weekday-01',651,,11807,0,,1,67,,11806,0,,1,732,,11798,0,,1,66,,11791,0,,1,734,,11803,0,,1,60,,11830,0,,1
