'251229-MULTI-Saturday-01',3103,84500,0,'A',1,10000,0,'A',1,10800,0,'A',1,10500,0,'A',1,14500,0,'A',1,10400,0,'A',1,10600,0,'A',1,10500,0,'A',1,10500,0,'A',1,10500,0,'A',1,10200,0,'A',1
'251229-MULTI-Sunday-01',3103,94800,0,'A',1,10500,0,'A',1,10500,0,'A',1,14500,0,'A',1,10500,0,'A',1,10500,0,'A',1,10500,0,'A',1,10500,0,'A',1,10500,0,'A',1
'260105-MULTI-Holiday1-01',3103,94800,0,'A',1,10500,0,'A',1,10500,0,'A',1,14500,0,'A',1,10500,0,'A',1,10500,0,'A',1,10500,0,'A',1,10500,0,'A',1,10500,0,'A',1
'260105-MULTI-Saturday-01',3103,84500,0,'A',1,10000,0,'A',1,10800,0,'A',1,10500,0,'A',1,14500,0,'A',1,10400,0,'A',1,10600,0,'A',1,10500,0,'A',1,10500,0,'A',1,10500,0,'A',1,10200,0,'A',1
'260105-MULTI-Sunday-01',3103,94800,0,'A',1,10500,0,'A',1,10500,0,'A',1,14500,0,'A',1,10500,0,'A',1,10500,0,'A',1,10500,0,'A',1,10500,0,'A',1,10500,0,'A',1
'260105-MULTI-Weekday-01',3103,55600,0,'A',1,14500,0,'A',1,10400,0,'A',1,10400,0,'A',1,10400,0,'A',1,10400,0,'A',1,10400,0,'A',1,10400,0,'A',1,10400,0,'A',1,10400,0,'A',1,10400,0,'A',1,10400,0,'A',1,9700,0,'A',1,11000,0,'A',1,11000,0,'A',1
'251229-MULTI-Saturday-01',3503,84400,0,'',1,8600,0,'',1,8500,0,'',1,8500,0,'',1,4600,0,'',1,8500,0,'',1,8500,0,'',1,8500,0,'',1,4500,0,'',1,8500,0,'',1,8500,0,'',1,8500,0,'',1,4500,0,'',1,8400,0,'',1,8500,0,'',1,8500,0,'',1,4500,0,'',1
'251229-MULTI-Sunday-01',3503,82800,0,'',1,8500,0,'',1,4600,0,'',1,8600,0,'',1,8500,0,'',1,8500,0,'',1,8500,0,'',1,4500,0,'',1,8500,0,'',1,8500,0,'',1,8500,0,'',1,4500,0,'',1,8500,0,'',1,8500,0,'',1,8500,0,'',1,4500,0,'',1
'260105-MULTI-Holiday1-01',3503,82800,0,'',1,8500,0,'',1,4600,0,'',1,8600,0,'',1,8500,0,'',1,8500,0,'',1,8500,0,'',1,4500,0,'',1,8500,0,'',1,8500,0,'',1,8500,0,'',1,4500,0,'',1,8500,0,'',1,8500,0,'',1,8500,0,'',1,4500,0,'',1
'260105-MULTI-Saturday-01',3503,84400,0,'',1,8600,0,'',1,8500,0,'',1,8500,0,'',1,4600,0,'',1,8500,0,'',1,8500,0,'',1,8500,0,'',1,4500,0,'',1,8500,0,'',1,8500,0,'',1,8500,0,'',1,4500,0,'',1,8400,0,'',1,8500,0,'',1,8500,0,'',1,4500,0,'',1
'260105-MULTI-Sunday-01',3503,82800,0,'',1,8500,0,'',1,4600,0,'',1,8600,0,'',1,8500,0,'',1,8500,0,'',1,8500,0,'',1,4500,0,'',1,8500,0,'',1,8500,0,'',1,8500,0,'',1,4500,0,'',1,8500,0,'',1,8500,0,'',1,8500,0,'',1,4500,0,'',1
'260105-MULTI-Weekday-01',3503,60300,0,'',1,3800,0,'',1,7500,0,'',1,3600,0,'',1,7500,0,'',1,7500,0,'',1,3300,0,'',1,7500,0,'',1,3500,0,'',1,7500,0,'',1,8000,0,'',1,3100,0,'',1,7600,0,'',1,3300,0,'',1,7500,0,'',1,3500,0,'',1,7500,0,'',1,7600,0,'',1,3600,0,'',1,7500,0,'',1,3500,0,'',1,7400,0,'',1,3400,0,'',1,7400,0,'',1,7400,0,'',1,3400,0,'',1,7500,0,'',1,3400,0,'',1,7400,0,'',1,3500,0,'',1,7500,0,'',1,7500,0,'',1
