'251222-MULTI-Holiday1-02',11503,72200,4,'',1,3500,4,'',1,7500,4,'',1,7500,4,'',1,3500,4,'',1,7600,4,'',1,3500,4,'',1,7500,4,'',1,7500,4,'',1,3500,4,'',1,7500,4,'',1,3600,4,'',1,7600,4,'',1,7500,4,'',1,3500,4,'',1,7500,4,'',1,3500,4,'',1,7500,4,'',1,3500,4,'',1,7300,4,'',1,7500,4,'',1,3500,4,'',1,7500,4,'',1,3500,4,'',1,7500,4,'',1,3500,4,'',1,7400,4,'',1,7500,4,'',1,3500,4,'',1,7500,4,'',1
'251222-MULTI-Holiday2-02',11503,62200,4,'',1,3500,4,'',1,7500,4,'',1,7400,4,'',1,3600,4,'',1,7500,4,'',1,3300,4,'',1,7500,4,'',1,7500,4,'',1,3600,4,'',1,7500,4,'',1,3500,4,'',1,7500,4,'',1,3700,4,'',1,7400,4,'',1,7800,4,'',1,3500,4,'',1,7800,4,'',1,3500,4,'',1,7800,4,'',1,7500,4,'',1,3800,4,'',1,7500,4,'',1,7700,4,'',1,3200,4,'',1,7600,4,'',1,3000,4,'',1,7600,4,'',1,3000,4,'',1,7500,4,'',1,2800,4,'',1,7400,4,'',1
'251222-MULTI-Saturday-01',11503,62200,4,'',1,3500,4,'',1,7500,4,'',1,7400,4,'',1,3600,4,'',1,7500,4,'',1,3300,4,'',1,7500,4,'',1,7500,4,'',1,3600,4,'',1,7500,4,'',1,3500,4,'',1,7500,4,'',1,3700,4,'',1,7400,4,'',1,7800,4,'',1,3500,4,'',1,7800,4,'',1,3500,4,'',1,7800,4,'',1,7500,4,'',1,3800,4,'',1,7500,4,'',1,7700,4,'',1,3200,4,'',1,7600,4,'',1,3000,4,'',1,7600,4,'',1,3000,4,'',1,7500,4,'',1,2800,4,'',1,7400,4,'',1
'251222-MULTI-Sunday-01',11503,72200,4,'',1,3500,4,'',1,7500,4,'',1,7500,4,'',1,3500,4,'',1,7600,4,'',1,3500,4,'',1,7500,4,'',1,7500,4,'',1,3500,4,'',1,7500,4,'',1,3600,4,'',1,7600,4,'',1,7500,4,'',1,3500,4,'',1,7500,4,'',1,3500,4,'',1,7500,4,'',1,3500,4,'',1,7300,4,'',1,7500,4,'',1,3500,4,'',1,7500,4,'',1,3500,4,'',1,7500,4,'',1,3500,4,'',1,7400,4,'',1,7500,4,'',1,3500,4,'',1,7500,4,'',1
'251222-MULTI-Weekday-01',11503,55400,4,'',1,6200,4,'',1,3100,4,'',1,6600,4,'',1,2200,4,'',1,7100,4,'',1,2800,4,'',1,2000,4,'',1,7100,4,'',1,2700,4,'',1,5900,4,'',1,3200,4,'',1,8500,4,'',1,7500,4,'',1,4600,4,'',1,5600,4,'',1,2400,4,'',1,8500,4,'',1,2300,4,'',1,6300,4,'',1,4400,4,'',1,6800,4,'',1,2400,4,'',1,8400,4,'',1,2800,4,'',1,5900,4,'',1,4000,4,'',1,6500,4,'',1,1400,4,'',1,8000,4,'',1,2300,4,'',1,1200,4,'',1,8100,4,'',1,3700,4,'',1,7900,4,'',1,7800,4,'',1,3600,4,'',1,7700,4,'',1,7600,4,'',1,3500,4,'',1
'251229-MULTI-Holiday1-02',11503,72200,4,'',1,3500,4,'',1,7500,4,'',1,7500,4,'',1,3500,4,'',1,7600,4,'',1,3500,4,'',1,7500,4,'',1,7500,4,'',1,3500,4,'',1,7500,4,'',1,3600,4,'',1,7600,4,'',1,7500,4,'',1,3500,4,'',1,7500,4,'',1,3500,4,'',1,7500,4,'',1,3500,4,'',1,7300,4,'',1,7500,4,'',1,3500,4,'',1,7500,4,'',1,3500,4,'',1,7500,4,'',1,3500,4,'',1,7400,4,'',1,7500,4,'',1,3500,4,'',1,7500,4,'',1
'251229-MULTI-Holiday3-04',11503,55400,4,'',1,6200,4,'',1,3100,4,'',1,6600,4,'',1,2200,4,'',1,7100,4,'',1,2800,4,'',1,2000,4,'',1,7100,4,'',1,2700,4,'',1,5900,4,'',1,3200,4,'',1,8500,4,'',1,7500,4,'',1,4600,4,'',1,5600,4,'',1,2400,4,'',1,8500,4,'',1,2300,4,'',1,6300,4,'',1,4400,4,'',1,6800,4,'',1,2400,4,'',1,8400,4,'',1,2800,4,'',1,5900,4,'',1,4000,4,'',1,6500,4,'',1,1400,4,'',1,8000,4,'',1,2300,4,'',1,1200,4,'',1,8100,4,'',1,3700,4,'',1,7900,4,'',1,7800,4,'',1,3600,4,'',1,7700,4,'',1,7600,4,'',1,3500,4,'',1
'251229-MULTI-Saturday-01',11503,62200,4,'',1,3500,4,'',1,7500,4,'',1,7400,4,'',1,3600,4,'',1,7500,4,'',1,3300,4,'',1,7500,4,'',1,7500,4,'',1,3600,4,'',1,7500,4,'',1,3500,4,'',1,7500,4,'',1,3700,4,'',1,7400,4,'',1,7800,4,'',1,3500,4,'',1,7800,4,'',1,3500,4,'',1,7800,4,'',1,7500,4,'',1,3800,4,'',1,7500,4,'',1,7700,4,'',1,3200,4,'',1,7600,4,'',1,3000,4,'',1,7600,4,'',1,3000,4,'',1,7500,4,'',1,2800,4,'',1,7400,4,'',1
'251229-MULTI-Sunday-01',11503,72200,4,'',1,3500,4,'',1,7500,4,'',1,7500,4,'',1,3500,4,'',1,7600,4,'',1,3500,4,'',1,7500,4,'',1,7500,4,'',1,3500,4,'',1,7500,4,'',1,3600,4,'',1,7600,4,'',1,7500,4,'',1,3500,4,'',1,7500,4,'',1,3500,4,'',1,7500,4,'',1,3500,4,'',1,7300,4,'',1,7500,4,'',1,3500,4,'',1,7500,4,'',1,3500,4,'',1,7500,4,'',1,3500,4,'',1,7400,4,'',1,7500,4,'',1,3500,4,'',1,7500,4,'',1
'251229-MULTI-Weekday-01',11503,55400,4,'',1,6200,4,'',1,3100,4,'',1,6600,4,'',1,2200,4,'',1,7100,4,'',1,2800,4,'',1,2000,4,'',1,7100,4,'',1,2700,4,'',1,5900,4,'',1,3200,4,'',1,8500,4,'',1,7500,4,'',1,4600,4,'',1,5600,4,'',1,2400,4,'',1,8500,4,'',1,2300,4,'',1,6300,4,'',1,4400,4,'',1,6800,4,'',1,2400,4,'',1,8400,4,'',1,2800,4,'',1,5900,4,'',1,4000,4,'',1,6500,4,'',1,1400,4,'',1,8000,4,'',1,2300,4,'',1,1200,4,'',1,8100,4,'',1,3700,4,'',1,7900,4,'',1,7800,4,'',1,3600,4,'',1,7700,4,'',1,7600,4,'',1,3500,4,'',1
