102,'Holiday1',603,,13893,,,1,43,,13891,,,1,56,,13917,,,1,20,,13918,,,1,20,,13919,,,1,60,,13920,,,1,20,,13922,,,1,20,,13923,,,1,60,,13924,,,1,20,,13921,,,1,20,,13926,,,1,60,,13927,,,1,20,,13912,,,1,20,,13913,,,1,60,,13900,,,1,20,,13906,,,1,20,,13895,,,1,60,,13905,,,1,20,,13898,,,1,20,,13904,,,1,60,,13911,,,1,20,,13907,,,1,20,,13894,,,1,60,,13910,,,1,20,,13903,,,1,26,,13896,,,1,60,,13899,,,1,20,,13915,,,1,20,,13897,,,1,60,,13914,,,1,20,,13908,,,1,20,,13916,,,1,60,,13909,,,1,20,,13901,,,1,20,,13902,,,1,60,,13925,,,1,20,,13929,,,1,20,,13930,,,1,60,,13928,,,1,20,,13931,,,1,20,,13932,,,1,60,,13933,,,1,20,,13934,,,1,20,,13935,,,1,60,,13936,,,1,20,,13937,,,1,20,,13938,,,1,54,,13939,,,1,20,,13940,,,1,27,,13943,,,1,65,,13944,,,1,26,,13941,,,1,19,,13942,,,1,58,,13945,,,1,15,,13890,,,1,20,,13946,,,1,61,,13892,,,1
102,'Saturday',619,,13947,,,1,20,,13966,,,1,20,,13967,,,1,60,,13968,,,1,20,,13969,,,1,20,,13970,,,1,60,,13971,,,1,20,,13972,,,1,64,,13973,,,1,20,,13974,,,1,20,,13975,,,1,60,,13976,,,1,19,,13977,,,1,20,,13978,,,1,60,,13979,,,1,20,,13980,,,1,21,,13981,,,1,60,,13982,,,1,20,,13983,,,1,20,,13984,,,1,62,,13985,,,1,18,,13986,,,1,20,,13987,,,1,60,,13988,,,1,19,,13989,,,1,19,,13990,,,1,61,,13991,,,1,21,,13992,,,1,19,,13965,,,1,60,,13963,,,1,20,,13962,,,1,20,,13959,,,1,62,,13960,,,1,20,,13957,,,1,20,,13955,,,1,60,,13958,,,1,20,,13956,,,1,19,,13961,,,1,61,,13954,,,1,16,,13964,,,1,30,,13995,,,1,76,,13996,,,1,28,,13997,,,1,67,,13998,,,1,30,,13999,,,1,70,,14000,,,1,32,,14001,,,1,70,,14002,,,1,22,,13994,,,1,69,,13952,,,1,29,,13950,,,1,69,,14003,,,1,30,,13953,,,1,82,,13951,,,1
102,'Sunday',603,,14007,,,1,43,,14005,,,1,56,,14031,,,1,20,,14032,,,1,20,,14033,,,1,60,,14034,,,1,20,,14035,,,1,20,,14036,,,1,60,,14037,,,1,20,,14038,,,1,20,,14040,,,1,60,,14041,,,1,20,,14026,,,1,20,,14027,,,1,60,,14014,,,1,20,,14020,,,1,20,,14009,,,1,60,,14019,,,1,20,,14012,,,1,20,,14018,,,1,60,,14025,,,1,20,,14021,,,1,20,,14008,,,1,60,,14024,,,1,20,,14017,,,1,26,,14010,,,1,60,,14013,,,1,20,,14029,,,1,20,,14011,,,1,60,,14028,,,1,20,,14022,,,1,20,,14030,,,1,60,,14023,,,1,20,,14015,,,1,20,,14016,,,1,60,,14039,,,1,20,,14043,,,1,20,,14044,,,1,60,,14042,,,1,20,,14045,,,1,20,,14046,,,1,60,,14047,,,1,20,,14048,,,1,20,,14049,,,1,60,,14050,,,1,20,,14051,,,1,20,,14052,,,1,54,,14053,,,1,20,,14054,,,1,27,,14057,,,1,65,,14058,,,1,26,,14055,,,1,19,,14056,,,1,58,,14059,,,1,15,,14004,,,1,20,,14060,,,1,61,,14006,,,1
102,'Weekday',428,,14063,,,1,19,,14064,,,1,62,,14061,,,1,21,,14067,,,1,19,,14068,,,1,61,,14066,,,1,19,,14065,,,1,18,,14077,,,1,63,,14071,,,1,23,,14073,,,1,26,,14076,0,7,1,65,,14079,,,1,23,,14080,,,1,61,,14070,,,1,30,,14082,,,1,64,,14083,,,1,25,,14084,,,1,88,,14085,,,1,25,,14086,,,1,82,,14088,,,1,28,,14089,,,1,74,,14090,0,7,1,27,,14087,,,1,82,,14091,,,1,67,,14092,,,1,23,,14109,,,1,23,,14110,,,1,65,,14107,,,1,21,,14111,,,1,24,,14112,,,1,49,,14113,,,1,21,,14114,,,1,78,,14115,,,1,27,,14116,,,1,13,,14117,,,1,58,,14118,,,1,24,,14119,,,1,26,,14120,,,1,61,,14121,,,1,22,,14122,,,1,19,,14123,,,1,61,,14131,,,1,24,,14130,,,1,62,,14129,,,1,39,,14132,,,1,70,,14133,,,1,37,,14134,,,1,69,,14135,,,1,35,,14136,,,1,72,,14137,,,1,32,,14138,,,1
2901,'Holiday1',631,,21027,4,,1,75,,21026,4,,1,35,,21013,4,,1,75,,21018,4,,1,37,,21019,4,,1,76,,21015,4,,1,76,,21016,4,,1,36,,21020,4,,1,76,,21017,4,,1,35,,21021,4,,1,76,,21014,4,,1,75,,21006,4,,1,35,,21012,4,,1,75,,21008,4,,1,35,,21011,4,,1,75,,21010,4,,1,35,,21009,4,,1,75,,21007,4,,1,75,,21005,4,,1,35,,21004,4,,1,75,,21002,4,,1,33,,21003,4,,1,73,,21022,4,,1,35,,21023,4,,1,75,,21025,4,,1,75,,21024,4,,1,48,,21029,4,,1,90,,21028,4,,1,90,,21030,4,,1,90,,21031,4,,1
2901,'Saturday',606,,21041,4,,1,25,,21032,4,,1,25,,21042,4,,1,66,,21043,4,,1,26,,21044,4,,1,66,,21045,4,,1,27,,21046,4,,1,65,,21047,4,,1,26,,21048,4,,1,25,,21049,4,,1,65,,21050,4,,1,25,,21051,4,,1,65,,21052,4,,1,25,,21053,4,,1,65,,21055,4,,1,26,,21056,4,,1,25,,21057,4,,1,65,,21054,4,,1,25,,21058,4,,1,65,,21060,4,,1,25,,21062,4,,1,25,,21063,4,,1,65,,21064,4,,1,25,,21061,4,,1,65,,21065,4,,1,25,,21059,4,,1,65,,21066,4,,1,25,,21067,4,,1,25,,21068,4,,1,65,,21069,4,,1,24,,21070,4,,1,65,,21071,4,,1,30,,21034,4,,1,73,,21033,4,,1,33,,21035,4,,1,68,,21037,4,,1,39,,21036,4,,1,93,,21038,4,,1,87,,21039,4,,1,90,,21040,4,,1
2901,'Sunday',631,,21097,4,,1,75,,21096,4,,1,35,,21083,4,,1,75,,21088,4,,1,37,,21089,4,,1,76,,21085,4,,1,76,,21086,4,,1,36,,21090,4,,1,76,,21087,4,,1,35,,21091,4,,1,76,,21084,4,,1,75,,21076,4,,1,35,,21082,4,,1,75,,21078,4,,1,35,,21081,4,,1,75,,21080,4,,1,35,,21079,4,,1,75,,21077,4,,1,75,,21075,4,,1,35,,21074,4,,1,75,,21072,4,,1,33,,21073,4,,1,73,,21092,4,,1,35,,21093,4,,1,75,,21095,4,,1,75,,21094,4,,1,48,,21099,4,,1,90,,21098,4,,1,90,,21100,4,,1,90,,21101,4,,1
2901,'Weekday',1015,,21104,4,,1,26,,21106,4,,1,64,,21107,4,,1,25,,21108,4,,1,25,,21109,4,,1,66,,21110,4,,1,26,,21111,4,,1,65,,21112,4,,1,25,,21113,4,,1,65,,21114,4,,1,27,,21115,4,,1,680,,21121,4,,1,30,,21122,4,,1,75,,21123,4,,1,30,,21124,4,,1,71,,21125,4,,1,27,,21126,4,,1,70,,21127,4,,1,30,,21128,4,,1,70,,21129,4,,1,30,,21130,4,,1
2902,'Holiday1',644,,21164,,,1,75,,21165,,,1,35,,21168,,,1,75,,21169,,,1,75,,21170,,,1,35,,21166,,,1,75,,21167,,,1,35,,21172,,,1,75,,21174,,,1,35,,21171,,,1,75,,21175,,,1,75,,21173,,,1,35,,21176,,,1,75,,21178,,,1,35,,21179,,,1,75,,21180,,,1,75,,21177,,,1,35,,21181,,,1,75,,21182,,,1,35,,21183,,,1,75,,21184,,,1,35,,21185,,,1,75,,21187,,,1,75,,21186,,,1,35,,21188,,,1,74,,21192,,,1,90,,21190,,,1,50,,21191,,,1,90,,21189,,,1
2902,'Saturday',615,,21199,,,1,25,,21207,,,1,65,,21209,,,1,25,,21210,,,1,25,,21208,,,1,65,,21211,,,1,25,,21212,,,1,65,,21213,,,1,25,,21214,,,1,72,,21215,,,1,25,,21218,,,1,25,,21216,,,1,65,,21217,,,1,25,,21219,,,1,65,,21220,,,1,25,,21221,,,1,65,,21222,,,1,25,,21223,,,1,25,,21224,,,1,65,,21225,,,1,25,,21226,,,1,65,,21228,,,1,25,,21229,,,1,25,,21230,,,1,65,,21227,,,1,25,,21206,,,1,65,,21203,,,1,25,,21205,,,1,63,,21204,,,1,27,,21202,,,1,29,,21201,,,1,84,,21194,,,1,75,,21195,,,1,32,,21193,,,1,69,,21197,,,1,39,,21198,,,1,90,,21196,,,1,90,,21200,,,1
2902,'Sunday',644,,21231,,,1,75,,21232,,,1,35,,21235,,,1,75,,21236,,,1,75,,21237,,,1,35,,21233,,,1,75,,21234,,,1,35,,21238,,,1,75,,21240,,,1,35,,21241,,,1,75,,21242,,,1,75,,21239,,,1,35,,21243,,,1,75,,21245,,,1,35,,21246,,,1,75,,21247,,,1,75,,21244,,,1,35,,21248,,,1,75,,21249,,,1,35,,21250,,,1,75,,21251,,,1,35,,21252,,,1,75,,21254,,,1,75,,21253,,,1,35,,21255,,,1,74,,21259,,,1,90,,21257,,,1,50,,21258,,,1,90,,21256,,,1
2902,'Weekday',544,,21261,,,1,66,,21260,0,5,1,16,,21296,0,5,1,16,,21293,0,5,1,16,,21292,0,5,1,56,,21289,0,5,1,16,,21288,0,5,1,16,,21291,0,5,1,56,,21290,0,5,1,16,,21295,0,5,1,16,,21294,0,5,1,16,,21298,0,5,1,54,,21297,0,5,1,18,,21300,0,5,1,16,,21299,0,5,1,64,,21262,,,1,25,,21263,,,1,25,,21264,,,1,65,,21265,,,1,25,,21266,,,1,65,,21267,,,1,25,,21268,,,1,25,,21269,,,1,65,,21270,,,1,25,,21271,,,1,78,,21272,,,1,15,,21274,0,5,1,15,,21275,0,5,1,58,,21301,0,5,1,18,,21302,0,5,1,18,,21303,0,5,1,54,,21287,0,5,1,4,,21304,0,5,1,18,,21305,0,5,1,18,,21306,0,5,1,58,,21307,0,5,1,18,,21308,0,5,1,18,,21309,0,5,1,18,,21310,0,5,1,57,,21311,0,5,1,18,,21312,0,5,1,18,,21313,0,5,1,57,,21314,0,5,1,18,,21315,0,5,1,18,,21316,0,5,1,18,,21317,0,5,1,55,,21273,0,5,1,25,,21278,,,1,73,,21279,,,1,32,,21280,,,1,72,,21281,,,1,30,,21282,,,1,70,,21283,,,1,30,,21284,,,1,70,,21285,,,1,30,,21276,,,1,70,,21277,,,1
50102,'Holiday1',836,,25204,,,1,18,,25206,,,1,58,,25202,,,1,22,,25200,,,1,20,,25199,,,1,58,,25197,,,1,19,,25198,,,1,18,,25207,,,1,58,,25205,,,1,18,,25201,,,1,18,,25203,,,1,58,,25211,,,1,18,,25208,,,1,19,,25213,,,1,62,,25212,,,1,24,,25209,,,1,22,,25210,,,1,61,,25214,,,1,18,,25215,,,1,18,,25216,,,1,58,,25217,,,1,18,,25221,,,1,18,,25219,,,1,18,,25218,,,1,58,,25220,,,1,18,,25222,,,1,18,,25224,,,1,58,,25223,,,1,18,,25225,,,1,18,,25226,,,1,58,,25228,,,1,15,,25227,,,1,14,,25229,,,1,15,,25230,,,1,56,,25231,,,1,18,,25233,,,1,14,,25232,,,1,18,,25234,,,1,58,,25235,,,1,20,,25236,,,1,18,,25239,,,1,58,,25238,,,1,18,,25237,,,1,18,,25240,,,1,14,,25242,,,1,56,,25241,,,1,20,,25245,,,1,23,,25243,,,1,65,,25246,,,1,21,,25244,,,1,65,,25247,,,1
50102,'Saturday',700,,25248,,,1,16,,25266,,,1,17,,25269,,,1,16,,25271,,,1,56,,25272,,,1,16,,25267,,,1,16,,25264,,,1,16,,25265,,,1,56,,25268,,,1,16,,25273,,,1,17,,25270,,,1,16,,25274,,,1,56,,25275,,,1,16,,25276,,,1,16,,25277,,,1,56,,25278,,,1,16,,25279,,,1,16,,25280,,,1,18,,25281,,,1,56,,25282,,,1,15,,25283,,,1,16,,25284,,,1,14,,25285,,,1,56,,25286,,,1,16,,25287,,,1,16,,25288,,,1,16,,25289,,,1,56,,25290,,,1,16,,25291,,,1,16,,25292,,,1,56,,25293,,,1,16,,25294,,,1,16,,25295,,,1,16,,25296,,,1,56,,25297,,,1,16,,25298,,,1,13,,25301,,,1,16,,25302,,,1,56,,25303,,,1,16,,25299,,,1,16,,25300,,,1,16,,25304,,,1,56,,25305,,,1,14,,25308,,,1,18,,25309,,,1,62,,25306,,,1,18,,25307,,,1,17,,25260,,,1,62,,25261,,,1,18,,25262,,,1,24,,25263,,,1,16,,25255,,,1,60,,25254,,,1,20,,25251,,,1,20,,25253,,,1,60,,25257,,,1,20,,25258,,,1,20,,25249,,,1,57,,25256,,,1,18,,25259,,,1,21,,25252,,,1,60,,25250,,,1
50102,'Sunday',836,,25317,,,1,18,,25319,,,1,58,,25315,,,1,22,,25313,,,1,20,,25312,,,1,58,,25310,,,1,19,,25311,,,1,18,,25320,,,1,58,,25318,,,1,18,,25314,,,1,18,,25316,,,1,58,,25323,,,1,18,,25324,,,1,19,,25326,,,1,62,,25325,,,1,24,,25321,,,1,22,,25322,,,1,61,,25327,,,1,18,,25328,,,1,18,,25329,,,1,58,,25330,,,1,18,,25334,,,1,18,,25332,,,1,18,,25331,,,1,58,,25333,,,1,18,,25335,,,1,18,,25337,,,1,58,,25336,,,1,18,,25338,,,1,18,,25339,,,1,58,,25341,,,1,15,,25340,,,1,14,,25343,,,1,15,,25342,,,1,56,,25344,,,1,18,,25346,,,1,14,,25345,,,1,18,,25347,,,1,58,,25348,,,1,20,,25349,,,1,18,,25352,,,1,58,,25351,,,1,18,,25350,,,1,18,,25353,,,1,14,,25355,,,1,56,,25354,,,1,20,,25358,,,1,23,,25356,,,1,65,,25359,,,1,21,,25357,,,1,65,,25360,,,1
50102,'Weekday',619,,25371,,,1,11,,25377,,,1,13,,25378,,,1,12,,25379,,,1,52,,25380,,,1,12,,25381,,,1,15,,25382,,,1,12,,25383,,,1,12,,25384,,,1,52,,25385,,,1,12,,25386,,,1,12,,25387,,,1,12,,25388,,,1,12,,25389,,,1,52,,25390,,,1,12,,25391,,,1,11,,25392,,,1,12,,25393,,,1,12,,25394,,,1,52,,25395,,,1,12,,25396,,,1,12,,25397,,,1,12,,25398,,,1,12,,25399,,,1,52,,25400,,,1,12,,25401,,,1,12,,25402,,,1,12,,25403,,,1,12,,25404,,,1,52,,25405,,,1,12,,25406,,,1,12,,25407,,,1,12,,25408,,,1,12,,25409,,,1,52,,25410,,,1,12,,25411,,,1,12,,25412,,,1,12,,25413,,,1,12,,25414,,,1,55,,25415,,,1,13,,25416,,,1,14,,25417,,,1,7,,25418,,,1,6,,25419,,,1,6,,25420,,,1,48,,25421,,,1,7,,25422,,,1,6,,25423,,,1,7,,25424,,,1,9,,25425,,,1,6,,25426,,,1,6,,25427,,,1,6,,25428,,,1,6,,25429,,,1,46,,25430,,,1,6,,25431,,,1,6,,25432,,,1,6,,25433,,,1,6,,25434,,,1,6,,25435,,,1,6,,25436,,,1,6,,25437,,,1,6,,25438,,,1,6,,25439,,,1,45,,25440,,,1,5,,25441,,,1,6,,25442,,,1,6,,25443,,,1,5,,25444,,,1,6,,25445,,,1,6,,25446,,,1,6,,25447,,,1,6,,25448,,,1,6,,25449,,,1,46,,25450,,,1,5,,25451,,,1,5,,25452,,,1,5,,25453,,,1,5,,25454,,,1,4,,25455,,,1,6,,25456,,,1,6,,25457,,,1,5,,25458,,,1,6,,25459,,,1,6,,25460,,,1,46,,25461,,,1,5,,25462,,,1,5,,25463,,,1,5,,25464,,,1,5,,25465,,,1,5,,25466,,,1,5,,25467,,,1,6,,25468,,,1,6,,25469,,,1,6,,25470,,,1,6,,25471,,,1,46,,25472,,,1,6,,25473,,,1,6,,25474,,,1,6,,25475,,,1,6,,25476,,,1,6,,25477,,,1,6,,25478,,,1,12,,25479,,,1,52,,25372,,,1,12,,25373,,,1,9,,25376,,,1,9,,25374,,,1,10,,25375,,,1,9,,25367,,,1,54,,25366,,,1,14,,25369,,,1,13,,25362,,,1,21,,25368,,,1,62,,25370,,,1,15,,25365,,,1,18,,25361,,,1,58,,25363,,,1,18,,25364,,,1
