1200,'Holiday1',759,,3998,32,,,1,80,,3994,32,,,1,81,,3997,32,,,1,80,,4002,32,,,1,40,,3993,32,,,1,80,,3996,32,,,1,80,,4001,32,,,1,40,,3995,32,,,1,80,,4000,32,,,1,80,,3999,32,,,1,42,,4004,32,,,1,80,,4003,32,,,1,80,,4005,32,,,1,40,,4006,32,,,1,80,,4007,32,,,1,80,,4009,32,,,1,40,,4008,32,,,1,79,,4010,32,,,1,80,,4011,32,,,1,40,,4012,32,,,1,80,,4014,32,,,1,80,,4013,32,,,1,38,,4015,32,,,1
1200,'Saturday',540,,4018,32,,,1,79,,4017,32,,,1,40,,4016,32,,,1,81,,4019,32,,,1,80,,4020,32,,,1,80,,4021,32,,,1,40,,4022,32,,,1,81,,4023,32,,,1,80,,4024,32,,,1,40,,4025,32,,,1,80,,4026,32,,,1,80,,4028,32,,,1,40,,4027,32,,,1,80,,4030,32,,,1,80,,4029,32,,,1,42,,4031,32,,,1,80,,4032,32,,,1,80,,4035,32,,,1,40,,4033,32,,,1,80,,4034,32,,,1,80,,4036,32,,,1,40,,4037,32,,,1,79,,4039,32,,,1,80,,4041,32,,,1,40,,4042,32,,,1,80,,4040,32,,,1,80,,4038,32,,,1,38,,4043,32,,,1,80,,4044,32,,,1
1200,'Sunday',759,,4050,32,,,1,80,,4046,32,,,1,81,,4049,32,,,1,80,,4054,32,,,1,40,,4045,32,,,1,80,,4048,32,,,1,80,,4053,32,,,1,40,,4047,32,,,1,80,,4052,32,,,1,80,,4051,32,,,1,42,,4056,32,,,1,80,,4055,32,,,1,80,,4057,32,,,1,40,,4058,32,,,1,80,,4059,32,,,1,80,,4061,32,,,1,40,,4060,32,,,1,79,,4062,32,,,1,80,,4063,32,,,1,40,,4064,32,,,1,80,,4066,32,,,1,80,,4065,32,,,1,38,,4067,32,,,1
1200,'Weekday',528,,4069,32,,,1,74,,4068,32,,,1,42,,4074,32,,,1,71,,4075,32,,,1,37,,4076,32,,,1,71,,4077,32,,,1,35,,4078,32,,,1,69,,4079,32,,,1,76,,4070,32,,,1,45,,4072,32,,,1,79,,4071,32,,,1,84,,4080,32,,,1,41,,4082,32,,,1,85,,4083,32,,,1,91,,4084,32,,,1,82,,4081,32,,,1,39,,4088,32,,,1,65,,4089,32,,,1,27,,4087,32,,,1,76,,4090,32,,,1,30,,4091,32,,,1,70,,4092,32,,,1,28,,4093,32,,,1,67,,4094,32,,,1,37,,4095,32,,,1,91,,4096,32,,,1,87,,4097,32,,,1,81,,4098,32,,,1,46,,4099,32,,,1,81,,4086,32,,,1,86,,4085,32,,,1,86,,4073,32,,,1
1201,'Holiday1',826,,4106,16,,,1,80,,4100,16,,,1,39,,4103,16,,,1,80,,4104,16,,,1,80,,4101,16,,,1,40,,4102,16,,,1,80,,4107,16,,,1,80,,4108,16,,,1,41,,4105,16,,,1,84,,4110,16,,,1,79,,4109,16,,,1,40,,4112,16,,,1,78,,4111,16,,,1,80,,4113,16,,,1,40,,4114,16,,,1,80,,4115,16,,,1,80,,4116,16,,,1,38,,4117,16,,,1,79,,4118,16,,,1,80,,4119,16,,,1,40,,4120,16,,,1,80,,4121,16,,,1,80,,4122,16,,,1
1201,'Saturday',611,,4125,16,,,1,40,,4123,16,,,1,80,,4124,16,,,1,80,,4126,16,,,1,40,,4127,16,,,1,80,,4128,16,,,1,79,,4129,16,,,1,40,,4130,16,,,1,80,,4132,16,,,1,80,,4131,16,,,1,40,,4134,16,,,1,80,,4133,16,,,1,81,,4135,16,,,1,40,,4136,16,,,1,80,,4137,16,,,1,80,,4138,16,,,1,40,,4140,16,,,1,78,,4139,16,,,1,80,,4141,16,,,1,40,,4142,16,,,1,80,,4143,16,,,1,80,,4145,16,,,1,40,,4147,16,,,1,80,,4144,16,,,1,80,,4146,16,,,1,40,,4148,16,,,1,80,,4149,16,,,1,80,,4150,16,,,1,40,,4151,16,,,1
1201,'Sunday',826,,4158,16,,,1,80,,4152,16,,,1,39,,4155,16,,,1,80,,4156,16,,,1,80,,4153,16,,,1,40,,4154,16,,,1,80,,4159,16,,,1,80,,4160,16,,,1,41,,4157,16,,,1,84,,4162,16,,,1,79,,4161,16,,,1,40,,4164,16,,,1,78,,4163,16,,,1,80,,4165,16,,,1,40,,4166,16,,,1,80,,4167,16,,,1,80,,4168,16,,,1,38,,4169,16,,,1,79,,4170,16,,,1,80,,4171,16,,,1,40,,4172,16,,,1,80,,4173,16,,,1,80,,4174,16,,,1
1201,'Weekday',553,,4175,16,,,1,75,,4176,16,,,1,83,,4177,16,,,1,35,,4178,16,,,1,77,,4179,16,,,1,29,,4180,16,,,1,73,,4181,16,,,1,31,,4182,16,,,1,79,,4183,16,,,1,84,,4184,16,,,1,40,,4185,16,,,1,83,,4186,16,,,1,86,,4187,16,,,1,83,,4188,16,,,1,45,,4189,16,,,1,90,,4199,16,,,1,75,,4200,16,,,1,27,,4201,16,,,1,68,,4202,16,,,1,34,,4203,16,,,1,69,,4204,16,,,1,32,,4205,16,,,1,64,,4198,16,,,1,30,,4194,16,,,1,79,,4190,16,,,1,86,,4195,16,,,1,46,,4191,16,,,1,84,,4196,16,,,1,85,,4192,16,,,1,79,,4197,16,,,1,46,,4193,16,,,1
3500,'Holiday1',837,,8542,44,,,1,85,,8541,44,,,1,86,,8549,44,,,1,47,,8544,44,,,1,85,,8546,44,,,1,85,,8548,44,,,1,85,,8543,44,,,1,45,,8550,44,,,1,85,,8540,44,,,1,85,,8545,44,,,1,85,,8547,44,,,1,45,,8552,44,,,1,84,,8553,44,,,1,85,,8555,44,,,1,85,,8554,44,,,1,45,,8551,44,,,1
3500,'Saturday',854,,8558,44,,,1,87,,8556,44,,,1,85,,8559,44,,,1,85,,8557,44,,,1,46,,8561,44,,,1,85,,8560,44,,,1,85,,8563,44,,,1,85,,8564,44,,,1,45,,8565,44,,,1,85,,8562,44,,,1,85,,8566,44,,,1,85,,8568,44,,,1,45,,8569,44,,,1,84,,8567,44,,,1,85,,8570,44,,,1,85,,8571,44,,,1,45,,8572,44,,,1
3500,'Sunday',837,,8575,44,,,1,85,,8574,44,,,1,86,,8582,44,,,1,47,,8577,44,,,1,85,,8579,44,,,1,85,,8581,44,,,1,85,,8576,44,,,1,45,,8583,44,,,1,85,,8573,44,,,1,85,,8578,44,,,1,85,,8580,44,,,1,45,,8584,44,,,1,84,,8585,44,,,1,85,,8588,44,,,1,85,,8586,44,,,1,45,,8587,44,,,1
3500,'Weekday',614,,8589,44,,,1,38,,8593,44,,,1,75,,8590,44,,,1,76,,8612,44,,,1,35,,8597,44,,,1,75,,8608,44,,,1,33,,8615,44,,,1,75,,8620,44,,,1,35,,8614,44,,,1,75,,8592,44,,,1,80,,8613,44,,,1,31,,8611,44,,,1,76,,8616,44,,,1,33,,8609,44,,,1,76,,8618,44,,,1,75,,8619,44,,,1,35,,8610,44,,,1,77,,8600,44,,,1,36,,8599,44,,,1,75,,8595,44,,,1,75,,8605,44,,,1,34,,8601,44,,,1,73,,8604,44,,,1,33,,8598,44,,,1,74,,8594,44,,,1,34,,8602,44,,,1,75,,8603,44,,,1,34,,8606,44,,,1,74,,8607,44,,,1,75,,8591,44,,,1,35,,8596,44,,,1,75,,8617,44,,,1
