101,'Weekday',557,,184,0,5,1,62,,204,0,5,1,26,,205,0,5,1,62,,206,0,5,1,26,,207,0,5,1,22,,208,0,5,1,63,,209,0,5,1,22,,210,0,5,1,71,,198,0,5,1,23,,222,0,5,1,22,,223,0,5,1,82,,224,0,5,1,72,,225,0,5,1,26,,226,0,5,1,76,,227,0,5,1,34,,228,0,5,1,72,,229,0,5,1,31,,231,0,5,1,62,,232,0,5 7,1,37,,233,0,5,1,72,,250,0,5,1,25,,251,0,5,1,63,,252,0,5,1,20,,253,0,5,1,17,,254,0,5,1,68,,255,0,5,1,20,,256,0,5,1,26,,257,0,5,1,60,,258,0,5,1,22,,259,0,5,1,65,,260,0,5,1,8,,269,0,5,1,18,,272,0,5,1,14,,271,0,5,1,60,,270,0,5,1
304,'Holiday1',731,,1081,0,5 7,1,70,,1057,0,,1,26,,1058,0,5 7,1,30,,1082,0,,1,66,,1068,0,5 7,1,25,,1084,0,,1,65,,1062,0,5 7,1,25,,1085,0,,1,65,,1069,0,5 7,1,25,,1086,0,,1,25,,1071,0,5 7,1,65,,1083,0,,1,25,,1064,0,5 7,1,65,,1087,0,,1,20,,1065,0,5 7,1,30,,1088,0,,1,60,,1073,0,5 7,1,26,,1089,0,,1,64,,1070,0,5 7,1,26,,1090,0,,1,25,,1063,0,5 7,1,65,,1060,0,,1,25,,1059,0,5 7,1,64,,1074,0,,1,25,,1075,0,5 7,1,63,,1061,0,,1,27,,1076,0,5 7,1,23,,1072,0,,1,67,,1079,0,5 7,1,25,,1066,0,,1,65,,1067,0,5 7,1,24,,1092,0,,1,25,,1093,0,,1,64,,1094,0,,1,25,,1091,0,,1,64,,1095,0,,1,24,,1096,0,,1,25,,1097,0,,1,64,,1080,0,,1,25,,1077,0,,1,65,,1078,0,,1
304,'Saturday',623,,1099,0,,1,25,,1101,0,,1,65,,1102,0,,1,25,,1103,0,,1,65,,1104,0,,1,21,,1098,0,5 7,1,25,,1105,0,,1,65,,1124,0,5 7,1,25,,1106,0,,1,65,,1125,0,5 7,1,24,,1107,0,,1,25,,1126,0,5 7,1,65,,1108,0,,1,25,,1127,0,5 7,1,65,,1109,0,,1,27,,1129,0,5 7,1,65,,1110,0,,1,25,,1130,0,5 7,1,25,,1112,0,,1,66,,1128,0,5 7,1,25,,1114,0,,1,65,,1131,0,5 7,1,25,,1115,0,,1,25,,1132,0,5 7,1,65,,1111,0,,1,25,,1133,0,5 7,1,64,,1116,0,,1,24,,1134,0,5 7,1,25,,1113,0,,1,64,,1135,0,5 7,1,25,,1117,0,,1,65,,1136,0,5 7,1,25,,1118,0,,1,65,,1137,0,,1,24,,1119,0,,1,23,,1138,0,,1,60,,1120,0,,1,19,,1139,0,,1,24,,1121,0,,1,61,,1140,0,,1,25,,1122,0,,1,65,,1141,0,,1,25,,1123,0,,1,25,,1100,0,,1
304,'Sunday',731,,1166,0,5 7,1,70,,1142,0,,1,26,,1143,0,5 7,1,30,,1167,0,,1,66,,1153,0,5 7,1,25,,1169,0,,1,65,,1147,0,5 7,1,25,,1170,0,,1,65,,1154,0,5 7,1,25,,1171,0,,1,25,,1156,0,5 7,1,65,,1168,0,,1,25,,1149,0,5 7,1,65,,1172,0,,1,20,,1150,0,5 7,1,30,,1173,0,,1,60,,1158,0,5 7,1,26,,1174,0,,1,64,,1155,0,5 7,1,26,,1175,0,,1,25,,1148,0,5 7,1,65,,1145,0,,1,25,,1144,0,5 7,1,64,,1159,0,,1,25,,1160,0,5 7,1,63,,1146,0,,1,27,,1161,0,5 7,1,23,,1157,0,,1,67,,1164,0,5 7,1,25,,1151,0,,1,65,,1152,0,5 7,1,24,,1177,0,,1,25,,1178,0,,1,64,,1179,0,,1,25,,1176,0,,1,64,,1180,0,,1,24,,1181,0,,1,25,,1182,0,,1,64,,1165,0,,1,25,,1162,0,,1,65,,1163,0,,1
304,'Weekday',426,,1256,0,,1,20,,1258,0,,1,55,,1236,0,,1,15,,1184,0,,1,15,,1185,0,,1,15,,1183,0,,1,10,,1257,0,,1,59,,1186,0,,1,1,,1187,0,,1,17,,1189,0,,1,16,,1190,0,,1,54,,1191,0,,1,15,,1188,0,,1,22,,1192,0,,1,5,,1193,0,5 7,1,59,,1203,0,,1,14,,1196,0,5 7,1,14,,1199,0,,1,14,,1197,0,5 7,1,8,,1194,0,,1,57,,1201,0,5 7,1,9,,1200,0,,1,18,,1198,0,5 7,1,12,,1195,0,,1,53,,1202,0,5 7,1,17,,1253,0,,1,13,,1249,0,5 7,1,14,,1247,0,,1,56,,1254,0,5 7,1,19,,1244,0,,1,12,,1248,0,5 7,1,15,,1245,0,,1,55,,1250,0,5 7,1,13,,1243,0,,1,17,,1246,0,5 7,1,20,,1255,0,,1,64,,1252,0,5 7,1,4,,1251,0,,1,14,,1206,0,5 7,1,20,,1240,0,,1,54,,1239,0,5 7,1,11,,1204,0,,1,17,,1238,0,5 7,1,13,,1241,0,,1,54,,1237,0,5 7,1,14,,1205,0,,1,15,,1242,0,5 7,1,15,,1217,0,,1,54,,1209,0,5 7,1,15,,1218,0,,1,14,,1210,0,5 7,1,12,,1219,0,,1,57,,1207,0,5 7,1,12,,1221,0,,1,15,,1208,0,5 7,1,15,,1222,0,,1,13,,1211,0,5 7,1,52,,1223,0,,1,15,,1212,0,5 7,1,15,,1220,0,,1,13,,1213,0,5 7,1,54,,1224,0,,1,12,,1214,0,5 7,1,14,,1225,0,,1,14,,1215,0,5 7,1,14,,1226,0,,1,64,,1216,0,5 7,1,28,,1227,0,,1,71,,1229,0,5 7,1,34,,1228,0,,1,60,,1232,0,,1,32,,1233,0,,1,69,,1231,0,,1,26,,1230,0,,1,72,,1234,0,,1,22,,1235,0,,1
5704,'Holiday1',930,,10503,0,,1,29,,10504,0,,1,72,,10505,0,,1,69,,10506,0,,1,30,,10507,0,,1,70,,10508,0,,1,31,,10509,0,,1,69,,10510,0,,1,34,,10511,0,,1,66,,10513,0,,1,32,,10514,0,,1,68,,10512,0,,1,32,,10517,0,,1,68,,10516,0,,1,33,,10515,0,,1,67,,10520,0,,1,34,,10519,0,,1,67,,10521,0,,1,33,,10518,0,,1,66,,10523,0,,1,34,,10522,0,,1
5704,'Saturday',600,,10530,0,,1,30,,10542,0,,1,28,,10528,0,,1,72,,10543,0,,1,28,,10534,0,,1,72,,10544,0,,1,28,,10536,0,,1,72,,10545,0,,1,28,,10537,0,,1,72,,10546,0,,1,28,,10532,0,,1,72,,10547,0,,1,28,,10533,0,,1,72,,10548,0,,1,28,,10529,0,,1,72,,10549,0,,1,28,,10527,0,,1,72,,10550,0,,1,28,,10524,0,,1,72,,10540,0,,1,28,,10526,0,,1,72,,10541,0,,1,28,,10525,0,,1,72,,10539,0,,1,28,,10531,0,,1,72,,10538,0,,1,28,,10535,0,,1
5704,'Sunday',930,,10551,0,,1,29,,10552,0,,1,72,,10553,0,,1,69,,10554,0,,1,30,,10555,0,,1,70,,10556,0,,1,31,,10557,0,,1,69,,10558,0,,1,34,,10559,0,,1,66,,10561,0,,1,32,,10562,0,,1,68,,10560,0,,1,32,,10565,0,,1,68,,10564,0,,1,33,,10563,0,,1,67,,10568,0,,1,34,,10567,0,,1,67,,10569,0,,1,33,,10566,0,,1,66,,10571,0,,1,34,,10570,0,,1
5704,'Weekday',451,,10573,0,,1,65,,10574,0,,1,23,,10575,0,,1,72,,10572,0,,1,20,,10576,0,,1,26,,10577,0,,1,66,,10578,0,,1,25,,10579,0,,1,64,,10580,0,,1,29,,10581,0,,1,62,,10582,0,,1,31,,10583,0,,1,68,,10584,0,,1,22,,10585,0,,1,32,,10586,0,,1,63,,10587,0,,1,28,,10588,0,,1,73,,10589,0,,1,32,,10590,0,,1,73,,10592,0,,1,28,,10593,0,,1,72,,10594,0,,1,33,,10591,0,,1,65,,10596,0,,1,23,,10597,0,,1,65,,10613,0,,1,31,,10614,0,,1,59,,10615,0,,1,25,,10598,0,,1,25,,10595,0,,1,58,,10599,0,,1,26,,10600,0,,1,67,,10602,0,,1,29,,10612,0,,1,69,,10603,0,,1,27,,10604,0,,1,28,,10601,0,,1,69,,10605,0,,1,30,,10606,0,,1,69,,10607,0,,1,29,,10608,0,,1,71,,10609,0,,1,22,,10610,0,,1,74,,10611,0,,1
20900,'Weekday',1444,,11363,0,,1
20901,'Weekday',741,,11364,0,,1
