901,'Holiday1',834,,3392,51,,,1,105,,3394,51,,,1,108,,3395,51,,,1,105,,3396,51,,,1,105,,3397,51,,,1,145,,3399,51,,,1,107,,3400,51,,,1,105,,3401,51,,,1,107,,3398,51,,,1,106,,3402,51,,,1,107,,3393,51,,,1
901,'Saturday',803,,3403,51,,,1,50,,3410,51,,,1,93,,3413,51,,,1,90,,3411,51,,,1,90,,3415,51,,,1,90,,3416,51,,,1,90,,3417,51,,,1,50,,3414,51,,,1,90,,3409,51,,,1,92,,3404,51,,,1,92,,3406,51,,,1,90,,3408,51,,,1,88,,3412,51,,,1,47,,3405,51,,,1,90,,3407,51,,,1
901,'Sunday',834,,3418,51,,,1,105,,3420,51,,,1,108,,3421,51,,,1,105,,3422,51,,,1,105,,3423,51,,,1,145,,3424,51,,,1,107,,3425,51,,,1,105,,3426,51,,,1,107,,3427,51,,,1,106,,3428,51,,,1,107,,3419,51,,,1
901,'Weekday',648,,3429,51,,,1,79,,3438,51,,,1,74,,3439,51,,,1,45,,3437,51,,,1,90,,3435,51,,,1,78,,3441,51,,,1,45,,3446,51,,,1,85,,3443,51,,,1,85,,3436,51,,,1,88,,3432,51,,,1,29,,3447,51,,,1,75,,3448,51,,,1,35,,3449,51,,,1,46,,3444,51,,,1,33,,3450,51,,,1,75,,3451,51,,,1,35,,3442,51,,,1,75,,3440,51,,,1,35,,3445,51,,,1,76,,3433,51,,,1,78,,3434,51,,,1,42,,3452,51,,,1,88,,3453,51,,,1,86,,3431,51,,,1,117,,3430,51,,,1
2500,'Weekday',527,,6735,14,,,1,30,,6734,14,,,1,70,,6738,14,,,1,76,,6744,14,,,1,37,,6743,14,,,1,77,,6741,14,,,1,36,,6740,14,,,1,76,,6742,14,,,1,76,,6745,14,,,1,408,,6736,14,,,1,38,,6737,14,,,1,79,,6746,14,,,1,77,,6747,14,,,1,34,,6748,14,,,1,78,,6749,14,,,1,36,,6750,14,,,1,75,,6751,14,,,1,75,,6752,14,,,1,35,,6739,14,,,1
2901,'Holiday1',714,,7530,38,,,1,35,,7531,38,,,1,78,,7534,38,,,1,76,,7535,38,,,1,35,,7536,38,,,1,75,,7532,38,,,1,36,,7533,38,,,1,75,,7538,38,,,1,35,,7540,38,,,1,75,,7537,38,,,1,75,,7541,38,,,1,35,,7539,38,,,1,76,,7542,38,,,1,35,,7544,38,,,1,75,,7545,38,,,1,76,,7546,38,,,1,35,,7543,38,,,1,75,,7547,38,,,1,35,,7548,38,,,1,75,,7549,38,,,1,75,,7550,38,,,1,33,,7551,38,,,1,75,,7553,38,,,1,32,,7552,38,,,1,75,,7554,38,,,1,34,,7558,38,,,1,90,,7556,38,,,1,90,,7557,38,,,1,90,,7555,38,,,1
2901,'Saturday',646,,7565,38,,,1,65,,7573,38,,,1,26,,7575,38,,,1,65,,7576,38,,,1,25,,7574,38,,,1,26,,7577,38,,,1,66,,7578,38,,,1,25,,7579,38,,,1,66,,7580,38,,,1,31,,7581,38,,,1,65,,7584,38,,,1,26,,7582,38,,,1,25,,7583,38,,,1,65,,7585,38,,,1,25,,7586,38,,,1,65,,7587,38,,,1,25,,7588,38,,,1,65,,7589,38,,,1,25,,7590,38,,,1,25,,7591,38,,,1,65,,7592,38,,,1,25,,7594,38,,,1,66,,7595,38,,,1,25,,7596,38,,,1,25,,7593,38,,,1,65,,7572,38,,,1,25,,7569,38,,,1,64,,7571,38,,,1,23,,7570,38,,,1,67,,7568,38,,,1,28,,7567,38,,,1,83,,7560,38,,,1,35,,7561,38,,,1,72,,7559,38,,,1,29,,7563,38,,,1,79,,7564,38,,,1,90,,7562,38,,,1,90,,7566,38,,,1
2901,'Sunday',714,,7597,38,,,1,35,,7598,38,,,1,78,,7601,38,,,1,76,,7602,38,,,1,35,,7603,38,,,1,75,,7599,38,,,1,36,,7600,38,,,1,75,,7604,38,,,1,35,,7606,38,,,1,75,,7607,38,,,1,75,,7608,38,,,1,35,,7605,38,,,1,76,,7609,38,,,1,35,,7611,38,,,1,75,,7612,38,,,1,76,,7613,38,,,1,35,,7610,38,,,1,75,,7614,38,,,1,35,,7615,38,,,1,75,,7616,38,,,1,75,,7617,38,,,1,33,,7618,38,,,1,75,,7620,38,,,1,32,,7619,38,,,1,75,,7621,38,,,1,34,,7625,38,,,1,90,,7623,38,,,1,90,,7624,38,,,1,90,,7622,38,,,1
2901,'Weekday',614,,7627,38,,,1,32,,7626,47,0,5,1,56,,7662,47,0,5,1,16,,7659,47,0,5,1,17,,7658,47,0,5,1,16,,7655,47,0,5,1,56,,7654,47,0,5,1,16,,7657,47,0,5,1,16,,7656,47,0,5,1,16,,7661,47,0,5,1,55,,7660,47,0,5,1,14,,7664,47,0,5,1,14,,7663,47,0,5,1,18,,7666,47,0,5,1,56,,7665,47,0,5,1,24,,7628,38,,,1,65,,7629,38,,,1,25,,7630,38,,,1,25,,7631,38,,,1,67,,7632,38,,,1,22,,7633,38,,,1,65,,7634,38,,,1,25,,7635,38,,,1,25,,7636,38,,,1,69,,7637,38,,,1,81,,7638,38,,,1,16,,7640,47,0,5,1,7,,7652,25,,,1,7,,7641,47,0,5,1,19,,7667,47,0,5,1,58,,7668,47,0,5,1,18,,7669,47,0,5,1,14,,7653,47,0,5,1,4,,7670,47,0,5,1,58,,7671,47,0,5,1,18,,7672,47,0,5,1,18,,7673,47,0,5,1,58,,7674,47,0,5,1,16,,7675,47,0,5,1,18,,7676,47,0,5,1,16,,7677,47,0,5,1,58,,7678,47,0,5,1,16,,7679,47,0,5,1,17,,7680,47,0,5,1,18,,7681,47,0,5,1,55,,7682,47,0,5,1,17,,7683,47,0,5,1,15,,7639,47,0,5,1,65,,7644,38,,,1,33,,7645,38,,,1,72,,7646,38,,,1,32,,7647,38,,,1,69,,7648,38,,,1,29,,7649,38,,,1,70,,7650,38,,,1,30,,7651,38,,,1,70,,7642,38,,,1,30,,7643,38,,,1
21501,'Weekday',1503,,11248,37,,,1
