101,'Holiday1',624,,4,65,,,1,35,,2,16,,,1,95,,1,65,,,1,60,,13,65,,,1,21,,14,65,,,1,20,,15,65,,,1,60,,16,65,,,1,20,,18,65,,,1,20,,19,65,,,1,61,,20,65,,,1,20,,17,65,,,1,20,,22,65,,,1,61,,23,65,,,1,20,,21,65,,,1,21,,25,65,,,1,60,,26,65,,,1,20,,24,65,,,1,20,,27,65,,,1,61,,28,65,,,1,20,,29,65,,,1,61,,30,65,,,1,20,,31,65,,,1,21,,32,65,,,1,60,,33,65,,,1,20,,34,65,,,1,20,,35,65,,,1,60,,36,65,,,1,20,,40,65,,,1,20,,41,65,,,1,60,,37,65,,,1,20,,38,65,,,1,20,,42,65,,,1,60,,39,65,,,1,20,,43,65,,,1,19,,44,65,,,1,18,,45,65,,,1,60,,46,65,,,1,20,,47,65,,,1,20,,49,65,,,1,60,,50,65,,,1,19,,51,65,,,1,20,,48,65,,,1,57,,52,65,,,1,20,,53,65,,,1,25,,54,65,,,1,60,,55,65,,,1,19,,56,65,,,1,20,,11,65,,,1,59,,8,65,,,1,20,,9,65,,,1,19,,5,65,,,1,55,,10,65,,,1,19,,12,65,,,1,23,,7,65,,,1
101,'Saturday',558,,61,16,,,1,60,,60,39,,,1,21,,59,39,,,1,18,,62,39,,,1,58,,58,65,,,1,21,,68,65,,,1,20,,69,65,,,1,60,,70,65,,,1,23,,71,65,,,1,61,,72,65,,,1,20,,73,65,,,1,20,,74,65,,,1,60,,75,65,,,1,21,,76,65,,,1,20,,77,65,,,1,59,,78,65,,,1,22,,79,65,,,1,20,,80,65,,,1,60,,81,65,,,1,20,,82,65,,,1,20,,83,65,,,1,59,,84,65,,,1,20,,85,65,,,1,19,,86,65,,,1,65,,87,65,,,1,22,,88,65,,,1,22,,89,65,,,1,61,,90,65,,,1,23,,91,65,,,1,20,,92,65,,,1,61,,93,65,,,1,20,,94,65,,,1,20,,95,65,,,1,60,,96,65,,,1,21,,97,65,,,1,19,,98,65,,,1,58,,99,65,,,1,21,,100,65,,,1,19,,101,65,,,1,58,,102,65,,,1,18,,103,65,,,1,19,,67,65,,,1,57,,66,65,,,1,27,,106,65,,,1,70,,107,65,,,1,30,,108,65,,,1,69,,109,65,,,1,33,,110,65,,,1,70,,111,65,,,1,24,,112,65,,,1,29,,113,65,,,1,69,,104,65,,,1,29,,105,65,,,1,70,,63,65,,,1,82,,65,65,,,1
101,'Sunday',624,,117,65,,,1,35,,115,16,,,1,95,,114,65,,,1,60,,126,65,,,1,21,,127,65,,,1,20,,128,65,,,1,60,,129,65,,,1,20,,130,65,,,1,20,,131,65,,,1,61,,132,65,,,1,20,,133,65,,,1,20,,135,65,,,1,61,,136,65,,,1,20,,134,65,,,1,21,,138,65,,,1,60,,139,65,,,1,20,,137,65,,,1,20,,140,65,,,1,61,,141,65,,,1,20,,142,65,,,1,61,,143,65,,,1,20,,144,65,,,1,21,,145,65,,,1,60,,146,65,,,1,20,,147,65,,,1,20,,148,65,,,1,60,,149,65,,,1,20,,153,65,,,1,20,,154,65,,,1,60,,150,65,,,1,20,,151,65,,,1,20,,155,65,,,1,60,,152,65,,,1,20,,156,65,,,1,19,,157,65,,,1,18,,158,65,,,1,60,,159,65,,,1,20,,160,65,,,1,20,,162,65,,,1,60,,163,65,,,1,19,,164,65,,,1,20,,161,65,,,1,57,,165,65,,,1,20,,166,65,,,1,25,,167,65,,,1,60,,168,65,,,1,19,,169,65,,,1,20,,124,65,,,1,59,,121,65,,,1,20,,122,65,,,1,19,,118,65,,,1,55,,123,65,,,1,19,,125,65,,,1,23,,120,65,,,1
101,'Weekday',405,,178,16,,,1,19,,179,39,,,1,22,,176,39,,,1,60,,174,39,,,1,18,,173,39,,,1,30,,172,65,,,1,63,,175,65,,,1,25,,177,65,,,1,64,,187,65,,,1,23,,188,65,,,1,26,,189,65,,,1,67,,182,65,,,1,19,,185,65,,,1,67,,181,65,,,1,26,,186,65,,,1,25,,183,65,,,1,85,,196,65,,,1,69,,197,65,,,1,41,,198,65,,,1,67,,199,65,,,1,25,,200,65,,,1,70,,201,65,,,1,88,,202,69,0,7,1,20,,203,65,,,1,84,,204,65,,,1,29,,205,65,,,1,67,,206,69,0,7,1,23,,215,65,,,1,26,,219,65,,,1,83,,220,65,,,1,73,,221,65,,,1,23,,222,65,,,1,25,,223,65,,,1,56,,224,65,,,1,19,,225,65,,,1,21,,226,65,,,1,57,,227,65,,,1,17,,228,65,,,1,24,,229,65,,,1,61,,230,65,,,1,24,,231,65,,,1,20,,232,65,,,1,62,,233,65,,,1,23,,243,65,,,1,77,,244,65,,,1,27,,246,65,,,1,81,,247,65,,,1,33,,248,65,,,1,72,,245,65,,,1,72,,249,65,,,1
3104,'Holiday1',915,,8332,14,,,1,92,,8331,14,,,1,1,,8333,16,0,5,1,104,,8330,14,,,1,1,,8334,16,0,5,1,104,,8329,14,,,1,1,,8335,16,0,5,1,104,,8328,14,,,1,1,,8336,16,0,5,1,104,,8327,14,,,1,1,,8337,16,0,5,1,104,,8326,14,,,1,1,,8338,16,0,5,1,104,,8323,14,,,1,1,,8339,16,0,5,1,104,,8325,14,,,1,1,,8340,16,0,5,1,104,,8324,14,,,1,1,,8341,16,0,5,1
3104,'Saturday',814,,8352,14,,,1,90,,8354,16,0,5,1,10,,8351,14,,,1,89,,8343,14,,,1,1,,8355,16,0,5,1,107,,8342,14,,,1,1,,8356,16,0,5,1,104,,8344,14,,,1,1,,8357,16,0,5,1,104,,8345,14,,,1,1,,8359,16,0,5,1,103,,8346,14,,,1,1,,8360,16,0,5,1,105,,8347,14,,,1,1,,8358,16,0,5,1,104,,8348,14,,,1,1,,8361,16,0,5,1,104,,8349,14,,,1,1,,8362,16,0,5,1,104,,8350,14,,,1,1,,8363,16,0,5,1,101,,8353,14,,,1,1,,8364,16,0,5,1
3104,'Sunday',915,,8374,14,,,1,92,,8373,14,,,1,1,,8375,16,0,5,1,104,,8372,14,,,1,1,,8376,16,0,5,1,104,,8371,14,,,1,1,,8377,16,0,5,1,104,,8370,14,,,1,1,,8378,16,0,5,1,104,,8369,14,,,1,1,,8379,16,0,5,1,104,,8368,14,,,1,1,,8380,16,0,5,1,104,,8365,14,,,1,1,,8381,16,0,5,1,104,,8367,14,,,1,1,,8382,16,0,5,1,104,,8366,14,,,1,1,,8383,16,0,5,1
3104,'Weekday',511,,8385,14,,,1,32,,8393,14,,,1,72,,8416,16,0,5,1,1,,8394,14,,,1,33,,8395,14,,,1,71,,8417,16,0,5,1,1,,8392,14,,,1,32,,8396,14,,,1,71,,8418,16,0,5,1,1,,8397,14,,,1,32,,8398,14,,,1,71,,8419,16,0,5,1,1,,8399,14,,,1,72,,8400,14,,,1,31,,8401,14,,,1,71,,8403,14,,,1,32,,8404,14,,,1,1,,8421,16,0,5,1,71,,8402,14,,,1,32,,8406,14,,,1,1,,8422,16,0,5,1,71,,8407,14,,,1,32,,8405,14,,,1,1,,8423,16,0,5,1,71,,8408,14,,,1,32,,8409,14,,,1,1,,8424,16,0,5,1,71,,8410,14,,,1,32,,8411,14,,,1,1,,8425,16,0,5,1,72,,8412,14,,,1,32,,8413,14,,,1,1,,8426,16,0,5,1,71,,8414,14,,,1,72,,8415,14,,,1,1,,8427,16,0,5,1,30,,8390,14,,,1,27,,8428,16,0,5,1,44,,8391,14,,,1,31,,8386,14,,,1,74,,8429,16,0,5,1,4,,8384,14,,,1,106,,8430,16,0,5,1,4,,8389,14,,,1,100,,8387,14,,,1,100,,8388,14,,,1
3603,'Weekday',711,,8701,1,,,1,110,,8706,1,,,1,110,,8708,1,,,1,110,,8709,1,,,1,110,,8710,1,,,1,150,,8705,1,,,1,110,,8703,1,,,1,110,,8702,1,,,1,111,,8704,1,,,1,112,,8707,1,,,1
3604,'Weekday',709,,8711,35,4,,1,110,,8712,35,4,,1,112,,8713,35,4,,1,108,,8714,35,4,,1,106,,8715,35,4,,1,112,,8716,35,4,,1,150,,8717,35,4,,1,113,,8718,35,4,,1,112,,8719,35,4,,1,111,,8720,35,4,,1
