2703,'Saturday',750,,20405,1,,,1,75,,20407,1,,,1,75,,20408,1,,,1,35,,20406,1,,,1,75,,20409,1,,,1,35,,20410,1,,,1,75,,20411,1,,,1,35,,20412,1,,,1,75,,20414,1,,,1,75,,20415,1,,,1,35,,20417,1,,,1,75,,20413,1,,,1,35,,20418,1,,,1,75,,20416,1,,,1,75,,20421,1,,,1,35,,20422,1,,,1,75,,20419,1,,,1,35,,20420,1,,,1
2703,'Weekday',543,,20423,1,,,1,74,,20424,1,,,1,35,,20427,1,,,1,75,,20428,1,,,1,74,,20425,1,,,1,33,,20426,1,,,1,76,,20429,1,,,1,34,,20430,1,,,1,74,,20431,1,,,1,35,,20432,1,,,1,75,,20433,1,,,1,74,,20434,1,,,1,34,,20435,1,,,1,73,,20436,1,,,1,32,,20438,1,,,1,75,,20437,1,,,1,34,,20439,1,,,1,74,,20440,1,,,1,34,,20441,1,,,1,73,,20442,1,,,1,77,,20443,1,,,1,30,,20444,1,,,1,73,,20445,1,,,1,30,,20446,1,,,1,71,,20447,1,,,1,30,,20448,1,,,1
2704,'Saturday',822,,20449,17,4,,1,35,,20451,17,4,,1,75,,20452,17,4,,1,75,,20453,17,4,,1,35,,20455,17,4,,1,75,,20450,17,4,,1,35,,20454,17,4,,1,75,,20456,17,4,,1,75,,20458,17,4,,1,35,,20459,17,4,,1,75,,20460,17,4,,1,35,,20461,17,4,,1,75,,20462,17,4,,1,35,,20463,17,4,,1,75,,20457,17,4,,1,75,,20464,17,4,,1,35,,20465,17,4,,1,75,,20466,17,4,,1
2704,'Weekday',611,,20469,17,4,,1,34,,20467,17,4,,1,75,,20470,17,4,,1,35,,20468,17,4,,1,74,,20471,17,4,,1,73,,20472,17,4,,1,36,,20473,17,4,,1,74,,20475,17,4,,1,34,,20476,17,4,,1,75,,20477,17,4,,1,35,,20474,17,4,,1,74,,20478,17,4,,1,74,,20479,17,4,,1,33,,20481,17,4,,1,72,,20482,17,4,,1,35,,20483,17,4,,1,74,,20480,17,4,,1,34,,20484,17,4,,1,74,,20486,17,4,,1,33,,20488,17,4,,1,77,,20489,17,4,,1,70,,20487,17,4,,1,33,,20492,17,4,,1,70,,20490,17,4,,1,31,,20491,17,4,,1,70,,20485,17,4,,1
2801,'Holiday1',605,,20505,1,0,5,1,25,,20498,1,,,1,25,,20494,1,0,5,1,65,,20501,1,,,1,25,,20499,1,0,5,1,65,,20493,1,,,1,25,,20502,1,0,5,1,65,,20497,1,,,1,25,,20495,1,0,5,1,25,,20503,1,,,1,65,,20496,1,0,5,1,25,,20500,1,,,1,65,,20506,1,0,5,1,25,,20504,1,,,1,25,,20507,1,0,5,1,65,,20508,1,,,1,25,,20509,1,0,5,1,65,,20510,1,,,1,25,,20511,1,0,5,1,65,,20512,1,,,1,25,,20513,1,0,5,1,25,,20514,1,,,1,65,,20515,1,0,5,1,25,,20516,1,,,1,65,,20517,1,0,5,1,25,,20519,1,,,1,25,,20518,1,0,5,1,65,,20520,1,,,1,25,,20522,1,0,5,1,65,,20521,1,,,1,25,,20523,1,0,5,1,65,,20524,1,,,1
2801,'Saturday',605,,20526,1,0,5,1,25,,20542,1,,,1,25,,20527,1,0,5,1,65,,20544,1,,,1,25,,20525,1,0,5,1,65,,20545,1,,,1,25,,20528,1,0,5,1,65,,20546,1,,,1,25,,20529,1,0,5,1,25,,20543,1,,,1,65,,20530,1,0,5,1,25,,20547,1,,,1,65,,20531,1,0,5,1,25,,20548,1,,,1,25,,20532,1,0,5,1,65,,20549,1,,,1,25,,20533,1,0,5,1,65,,20550,1,,,1,25,,20534,1,0,5,1,65,,20551,1,,,1,25,,20535,1,0,5,1,25,,20552,1,,,1,65,,20536,1,0,5,1,25,,20553,1,,,1,65,,20537,1,0,5,1,25,,20554,1,,,1,25,,20538,1,0,5,1,65,,20555,1,,,1,25,,20539,1,0,5,1,65,,20556,1,,,1,25,,20540,1,0,5,1,65,,20541,1,,,1
2801,'Sunday',605,,20569,1,0,5,1,25,,20562,1,,,1,25,,20558,1,0,5,1,65,,20565,1,,,1,25,,20563,1,0,5,1,65,,20557,1,,,1,25,,20566,1,0,5,1,65,,20561,1,,,1,25,,20559,1,0,5,1,25,,20567,1,,,1,65,,20560,1,0,5,1,25,,20564,1,,,1,65,,20570,1,0,5,1,25,,20568,1,,,1,25,,20571,1,0,5,1,65,,20572,1,,,1,25,,20573,1,0,5,1,65,,20574,1,,,1,25,,20575,1,0,5,1,65,,20576,1,,,1,25,,20577,1,0,5,1,25,,20578,1,,,1,65,,20579,1,0,5,1,25,,20580,1,,,1,65,,20581,1,0,5,1,25,,20583,1,,,1,25,,20582,1,0,5,1,65,,20584,1,,,1,25,,20586,1,0,5,1,65,,20585,1,,,1,25,,20587,1,0,5,1,65,,20588,1,,,1
2801,'Weekday',430,,20631,1,,,1,80,,20629,1,,,1,40,,20630,1,,,1,58,,20589,1,0,5,1,20,,20611,1,,,1,22,,20592,1,0,5,1,59,,20612,1,,,1,20,,20593,1,0,5,1,18,,20613,1,,,1,59,,20594,1,0,5,1,20,,20614,1,,,1,19,,20595,1,0,5,1,61,,20615,1,,,1,21,,20596,1,0,5,1,21,,20617,1,,,1,58,,20597,1,0,5,1,24,,20618,1,,,1,20,,20598,1,0,5,1,60,,20619,1,,,1,20,,20599,1,0,5,1,20,,20616,1,,,1,60,,20600,1,0,5,1,20,,20620,1,,,1,20,,20602,1,0,5,1,60,,20621,1,,,1,20,,20603,1,0,5,1,20,,20622,1,,,1,60,,20604,1,0,5,1,21,,20623,1,,,1,19,,20601,1,0,5,1,60,,20624,1,,,1,21,,20605,1,0,5,1,21,,20625,1,,,1,58,,20606,1,0,5,1,21,,20626,1,,,1,19,,20607,1,0,5,1,60,,20627,1,,,1,21,,20608,1,0,5,1,19,,20591,1,,,1,63,,20609,1,0,5,1,19,,20590,1,,,1,20,,20610,1,0,5,1,60,,20628,1,,,1
2802,'Holiday1',558,,20646,39,4,,1,65,,20636,35,4,,1,25,,20633,39,4,,1,65,,20642,35,4,,1,25,,20638,39,4,,1,65,,20632,35,4,,1,25,,20645,39,4,,1,25,,20635,35,4,,1,65,,20634,39,4,,1,25,,20640,35,4,,1,65,,20639,39,4,,1,25,,20637,35,4,,1,25,,20644,39,4,,1,65,,20641,35,4,,1,25,,20648,39,4,,1,65,,20643,35,4,,1,25,,20649,39,4,,1,65,,20647,35,4,,1,25,,20650,39,4,,1,25,,20651,35,4,,1,65,,20652,39,4,,1,25,,20653,35,4,,1,65,,20654,39,4,,1,25,,20656,35,4,,1,25,,20655,39,4,,1,65,,20657,35,4,,1,25,,20658,39,4,,1,65,,20659,35,4,,1,25,,20660,39,4,,1,65,,20661,35,4,,1,25,,20662,39,4,,1,25,,20663,35,4,,1,65,,20664,39,4,,1
2802,'Saturday',558,,20667,39,4,,1,65,,20682,35,4,,1,25,,20668,39,4,,1,65,,20683,35,4,,1,25,,20665,39,4,,1,65,,20686,35,4,,1,25,,20666,39,4,,1,25,,20687,35,4,,1,65,,20669,39,4,,1,25,,20688,35,4,,1,65,,20671,39,4,,1,25,,20684,35,4,,1,25,,20672,39,4,,1,65,,20685,35,4,,1,25,,20673,39,4,,1,65,,20689,35,4,,1,25,,20670,39,4,,1,65,,20691,35,4,,1,25,,20674,39,4,,1,25,,20692,35,4,,1,65,,20675,39,4,,1,25,,20693,35,4,,1,65,,20676,39,4,,1,25,,20690,35,4,,1,25,,20677,39,4,,1,65,,20694,35,4,,1,25,,20678,39,4,,1,65,,20695,35,4,,1,25,,20679,39,4,,1,65,,20696,35,4,,1,25,,20680,39,4,,1,25,,20697,35,4,,1,65,,20681,39,4,,1
2802,'Sunday',558,,20712,39,4,,1,65,,20702,35,4,,1,25,,20699,39,4,,1,65,,20708,35,4,,1,25,,20704,39,4,,1,65,,20698,35,4,,1,25,,20711,39,4,,1,25,,20701,35,4,,1,65,,20700,39,4,,1,25,,20706,35,4,,1,65,,20705,39,4,,1,25,,20703,35,4,,1,25,,20710,39,4,,1,65,,20707,35,4,,1,25,,20714,39,4,,1,65,,20709,35,4,,1,25,,20715,39,4,,1,65,,20713,35,4,,1,25,,20716,39,4,,1,25,,20717,35,4,,1,65,,20718,39,4,,1,25,,20719,35,4,,1,65,,20720,39,4,,1,25,,20722,35,4,,1,25,,20721,39,4,,1,65,,20723,35,4,,1,25,,20724,39,4,,1,65,,20725,35,4,,1,25,,20726,39,4,,1,65,,20727,35,4,,1,25,,20728,39,4,,1,25,,20729,35,4,,1,65,,20730,39,4,,1
2802,'Weekday',538,,20771,35,4,,1,16,,20731,39,4,,1,66,,20751,35,4,,1,20,,20733,39,4,,1,60,,20752,35,4,,1,20,,20734,39,4,,1,20,,20753,35,4,,1,60,,20732,39,4,,1,20,,20754,35,4,,1,20,,20735,39,4,,1,60,,20755,35,4,,1,20,,20736,39,4,,1,20,,20756,35,4,,1,60,,20737,39,4,,1,23,,20757,35,4,,1,17,,20738,39,4,,1,60,,20758,35,4,,1,19,,20739,39,4,,1,21,,20759,35,4,,1,60,,20740,39,4,,1,19,,20760,35,4,,1,21,,20741,39,4,,1,60,,20761,35,4,,1,19,,20742,39,4,,1,21,,20762,35,4,,1,60,,20743,39,4,,1,20,,20763,35,4,,1,20,,20744,39,4,,1,60,,20764,35,4,,1,20,,20745,39,4,,1,20,,20765,35,4,,1,60,,20746,39,4,,1,20,,20766,35,4,,1,20,,20747,39,4,,1,19,,20767,35,4,,1,61,,20748,39,4,,1,20,,20768,35,4,,1,69,,20749,39,4,,1,11,,20769,35,4,,1,20,,20750,39,4,,1,60,,20770,35,4,,1
