901,'Holiday1',823,,3329,38,,,1,104,,3336,38,,,1,108,,3337,38,,,1,105,,3338,38,,,1,105,,3339,38,,,1,105,,3335,38,,,1,107,,3331,38,,,1,145,,3332,38,,,1,107,,3333,38,,,1,107,,3330,38,,,1,106,,3334,38,,,1
901,'Saturday',734,,3340,38,,,1,90,,3341,38,,,1,90,,3342,38,,,1,90,,3343,38,,,1,50,,3344,38,,,1,90,,3345,38,,,1,90,,3346,38,,,1,90,,3347,38,,,1,90,,3348,38,,,1,91,,3349,38,,,1,51,,3350,38,,,1,90,,3351,38,,,1,90,,3352,38,,,1,89,,3353,38,,,1,89,,3354,38,,,1
901,'Sunday',823,,3355,38,,,1,104,,3362,38,,,1,108,,3363,38,,,1,105,,3364,38,,,1,105,,3365,38,,,1,105,,3361,38,,,1,107,,3357,38,,,1,145,,3358,38,,,1,107,,3359,38,,,1,107,,3356,38,,,1,106,,3360,38,,,1
901,'Weekday',535,,3366,38,,,1,74,,3369,38,,,1,34,,3370,38,,,1,74,,3371,38,,,1,23,,3368,38,,,1,79,,3372,38,,,1,36,,3383,38,,,1,85,,3384,38,,,1,87,,3385,38,,,1,82,,3386,38,,,1,47,,3387,38,,,1,88,,3388,38,,,1,84,,3373,38,,,1,83,,3382,38,,,1,32,,3379,38,,,1,75,,3375,38,,,1,38,,3380,38,,,1,75,,3377,38,,,1,75,,3374,38,,,1,35,,3376,38,,,1,76,,3381,38,,,1,34,,3378,38,,,1,74,,3389,38,,,1,79,,3391,38,,,1,41,,3390,38,,,1,85,,3367,38,,,1
902,'Holiday1',808,,3392,24,,,1,105,,3394,24,,,1,106,,3395,24,,,1,105,,3396,24,,,1,105,,3397,24,,,1,105,,3399,24,,,1,104,,3400,24,,,1,106,,3401,24,,,1,107,,3398,24,,,1,106,,3402,24,,,1,147,,3393,24,,,1
902,'Saturday',737,,3403,24,,,1,90,,3410,24,,,1,91,,3413,24,,,1,90,,3411,24,,,1,50,,3415,24,,,1,90,,3416,24,,,1,90,,3417,24,,,1,90,,3414,24,,,1,90,,3409,24,,,1,90,,3404,24,,,1,50,,3406,24,,,1,90,,3408,24,,,1,89,,3412,24,,,1,90,,3405,24,,,1,90,,3407,24,,,1
902,'Sunday',808,,3418,24,,,1,105,,3420,24,,,1,106,,3421,24,,,1,105,,3422,24,,,1,105,,3423,24,,,1,105,,3424,24,,,1,104,,3425,24,,,1,106,,3426,24,,,1,107,,3427,24,,,1,106,,3428,24,,,1,147,,3419,24,,,1
902,'Weekday',622,,3429,24,,,1,34,,3438,24,,,1,74,,3439,24,,,1,85,,3437,24,,,1,92,,3435,24,,,1,38,,3441,24,,,1,85,,3446,24,,,1,85,,3443,24,,,1,85,,3436,24,,,1,45,,3432,24,,,1,68,,3447,24,,,1,35,,3448,24,,,1,75,,3449,24,,,1,6,,3444,24,,,1,73,,3450,24,,,1,35,,3451,24,,,1,75,,3442,24,,,1,35,,3440,24,,,1,75,,3445,24,,,1,36,,3433,24,,,1,80,,3434,24,,,1,84,,3452,24,,,1,92,,3453,24,,,1,86,,3431,24,,,1,117,,3430,24,,,1
1704,'Holiday1',824,,5537,18,,,1,85,,5538,18,,,1,46,,5539,18,,,1,85,,5542,18,,,1,85,,5543,18,,,1,85,,5544,18,,,1,45,,5540,18,,,1,85,,5541,18,,,1,86,,5546,18,,,1,85,,5549,18,,,1,45,,5547,18,,,1,85,,5550,18,,,1,85,,5548,18,,,1,85,,5545,18,,,1,45,,5551,18,,,1,85,,5552,18,,,1
1704,'Saturday',835,,5553,18,,,1,85,,5555,18,,,1,85,,5556,18,,,1,45,,5557,18,,,1,84,,5558,18,,,1,86,,5560,18,,,1,85,,5561,18,,,1,45,,5562,18,,,1,85,,5559,18,,,1,86,,5566,18,,,1,86,,5567,18,,,1,45,,5563,18,,,1,85,,5564,18,,,1,85,,5565,18,,,1,84,,5554,18,,,1
1704,'Sunday',824,,5568,18,,,1,85,,5569,18,,,1,46,,5570,18,,,1,85,,5573,18,,,1,85,,5574,18,,,1,85,,5575,18,,,1,45,,5571,18,,,1,85,,5572,18,,,1,86,,5576,18,,,1,85,,5580,18,,,1,45,,5577,18,,,1,85,,5581,18,,,1,85,,5578,18,,,1,85,,5579,18,,,1,45,,5582,18,,,1,85,,5583,18,,,1
1704,'Weekday',544,,5584,18,,,1,84,,5585,18,,,1,86,,5587,18,,,1,86,,5588,18,,,1,46,,5589,18,,,1,84,,5592,18,,,1,86,,5590,18,,,1,84,,5593,18,,,1,46,,5591,18,,,1,83,,5586,18,,,1,85,,5594,18,,,1,42,,5595,18,,,1,89,,5596,18,,,1,11,,5603,18,,,1,79,,5597,18,,,1,82,,5598,18,,,1,85,,5599,18,,,1,47,,5600,18,,,1,84,,5601,18,,,1,82,,5602,18,,,1
1904,'Holiday1',854,,6147,39,,,1,100,,6148,39,,,1,103,,6149,39,,,1,100,,6150,39,,,1,100,,6151,39,,,1,99,,6152,39,,,1,101,,6153,39,,,1,100,,6154,39,,,1,100,,6155,39,,,1,97,,6156,39,,,1,101,,6157,39,,,1,101,,6158,39,,,1
1904,'Saturday',823,,6159,39,,,1,103,,6161,39,,,1,100,,6163,39,,,1,99,,6160,39,,,1,100,,6164,39,,,1,100,,6162,39,,,1,100,,6165,39,,,1,101,,6166,39,,,1,100,,6168,39,,,1,100,,6169,39,,,1,99,,6170,39,,,1,98,,6167,39,,,1
1904,'Sunday',854,,6171,39,,,1,100,,6172,39,,,1,103,,6173,39,,,1,100,,6174,39,,,1,100,,6175,39,,,1,99,,6176,39,,,1,101,,6177,39,,,1,100,,6178,39,,,1,100,,6179,39,,,1,97,,6180,39,,,1,101,,6181,39,,,1,101,,6182,39,,,1
1904,'Weekday',552,,6185,39,,,1,93,,6184,39,,,1,81,,6187,39,,,1,80,,6183,39,,,1,40,,6186,39,,,1,79,,6188,39,,,1,100,,6189,39,,,1,99,,6191,39,,,1,100,,6190,39,,,1,100,,6192,39,,,1,100,,6193,39,,,1,103,,6194,39,,,1,85,,6195,39,,,1,35,,6196,39,,,1,80,,6197,39,,,1,80,,6198,39,,,1,38,,6199,39,,,1,80,,6200,39,,,1,80,,6201,39,,,1
21701,'Weekday',1505,,11251,12,,,1
