'251229-MULTI-Saturday-01',11503,62800,4,'',1,7500,4,'',1,3500,4,'',1,7400,4,'',1,3600,4,'',1,7500,4,'',1,3300,4,'',1,7500,4,'',1,7500,4,'',1,3600,4,'',1,7500,4,'',1,3500,4,'',1,7500,4,'',1,7800,4,'',1,3500,4,'',1,7800,4,'',1,3500,4,'',1,7800,4,'',1,7500,4,'',1,3800,4,'',1,7500,4,'',1,3800,4,'',1,7500,4,'',1,7600,4,'',1,3100,4,'',1,7600,4,'',1,3000,4,'',1,7600,4,'',1,3000,4,'',1,7500,4,'',1,2800,4,'',1,7400,4,'',1
'251229-MULTI-Saturday-01',11504,52500,0,'',1,7500,0,'',1,3500,0,'',1,7400,0,'',1,3600,0,'',1,7500,0,'',1,3500,0,'',1,7500,0,'',1,7500,0,'',1,3500,0,'',1,7500,0,'',1,3500,0,'',1,7500,0,'',1,7500,0,'',1,3300,0,'',1,7800,0,'',1,3500,0,'',1,7800,0,'',1,3500,0,'',1,7800,0,'',1,7500,0,'',1,3800,0,'',1,7500,0,'',1,7800,0,'',1,3400,0,'',1,7600,0,'',1,3000,0,'',1,7600,0,'',1,3000,0,'',1,7500,0,'',1,2900,0,'',1,7500,0,'',1
'251229-MULTI-Sunday-01',11503,72800,4,'',1,7500,4,'',1,3500,4,'',1,7500,4,'',1,3500,4,'',1,7600,4,'',1,3500,4,'',1,7500,4,'',1,7500,4,'',1,3500,4,'',1,7600,4,'',1,3600,4,'',1,7600,4,'',1,7500,4,'',1,3500,4,'',1,7500,4,'',1,3500,4,'',1,7500,4,'',1,7500,4,'',1,3300,4,'',1,7400,4,'',1,3500,4,'',1,7500,4,'',1,3500,4,'',1,7500,4,'',1,7500,4,'',1,3400,4,'',1,7500,4,'',1,3500,4,'',1,7500,4,'',1
'251229-MULTI-Sunday-01',11504,62500,0,'',1,7500,0,'',1,3500,0,'',1,7500,0,'',1,3500,0,'',1,7500,0,'',1,3500,0,'',1,7500,0,'',1,7500,0,'',1,3500,0,'',1,7500,0,'',1,3500,0,'',1,7500,0,'',1,7500,0,'',1,3500,0,'',1,7500,0,'',1,3500,0,'',1,7500,0,'',1,3500,0,'',1,7500,0,'',1,7500,0,'',1,3500,0,'',1,7500,0,'',1,3500,0,'',1,7500,0,'',1,7500,0,'',1,3500,0,'',1,7500,0,'',1,3500,0,'',1,7500,0,'',1
'260105-MULTI-Holiday1-01',11503,72800,4,'',1,7500,4,'',1,3500,4,'',1,7500,4,'',1,3500,4,'',1,7600,4,'',1,3500,4,'',1,7500,4,'',1,7500,4,'',1,3500,4,'',1,7600,4,'',1,3600,4,'',1,7600,4,'',1,7500,4,'',1,3500,4,'',1,7500,4,'',1,3500,4,'',1,7500,4,'',1,7500,4,'',1,3300,4,'',1,7400,4,'',1,3500,4,'',1,7500,4,'',1,3500,4,'',1,7500,4,'',1,7500,4,'',1,3400,4,'',1,7500,4,'',1,3500,4,'',1,7500,4,'',1
'260105-MULTI-Holiday1-01',11504,62500,0,'',1,7500,0,'',1,3500,0,'',1,7500,0,'',1,3500,0,'',1,7500,0,'',1,3500,0,'',1,7500,0,'',1,7500,0,'',1,3500,0,'',1,7500,0,'',1,3500,0,'',1,7500,0,'',1,7500,0,'',1,3500,0,'',1,7500,0,'',1,3500,0,'',1,7500,0,'',1,3500,0,'',1,7500,0,'',1,7500,0,'',1,3500,0,'',1,7500,0,'',1,3500,0,'',1,7500,0,'',1,7500,0,'',1,3500,0,'',1,7500,0,'',1,3500,0,'',1,7500,0,'',1
'260105-MULTI-Saturday-01',11503,62800,4,'',1,7500,4,'',1,3500,4,'',1,7400,4,'',1,3600,4,'',1,7500,4,'',1,3300,4,'',1,7500,4,'',1,7500,4,'',1,3600,4,'',1,7500,4,'',1,3500,4,'',1,7500,4,'',1,7800,4,'',1,3500,4,'',1,7800,4,'',1,3500,4,'',1,7800,4,'',1,7500,4,'',1,3800,4,'',1,7500,4,'',1,3800,4,'',1,7500,4,'',1,7600,4,'',1,3100,4,'',1,7600,4,'',1,3000,4,'',1,7600,4,'',1,3000,4,'',1,7500,4,'',1,2800,4,'',1,7400,4,'',1
'260105-MULTI-Saturday-01',11504,52500,0,'',1,7500,0,'',1,3500,0,'',1,7400,0,'',1,3600,0,'',1,7500,0,'',1,3500,0,'',1,7500,0,'',1,7500,0,'',1,3500,0,'',1,7500,0,'',1,3500,0,'',1,7500,0,'',1,7500,0,'',1,3300,0,'',1,7800,0,'',1,3500,0,'',1,7800,0,'',1,3500,0,'',1,7800,0,'',1,7500,0,'',1,3800,0,'',1,7500,0,'',1,7800,0,'',1,3400,0,'',1,7600,0,'',1,3000,0,'',1,7600,0,'',1,3000,0,'',1,7500,0,'',1,2900,0,'',1,7500,0,'',1
'260105-MULTI-Sunday-01',11503,72800,4,'',1,7500,4,'',1,3500,4,'',1,7500,4,'',1,3500,4,'',1,7600,4,'',1,3500,4,'',1,7500,4,'',1,7500,4,'',1,3500,4,'',1,7600,4,'',1,3600,4,'',1,7600,4,'',1,7500,4,'',1,3500,4,'',1,7500,4,'',1,3500,4,'',1,7500,4,'',1,7500,4,'',1,3300,4,'',1,7400,4,'',1,3500,4,'',1,7500,4,'',1,3500,4,'',1,7500,4,'',1,7500,4,'',1,3400,4,'',1,7500,4,'',1,3500,4,'',1,7500,4,'',1
'260105-MULTI-Sunday-01',11504,62500,0,'',1,7500,0,'',1,3500,0,'',1,7500,0,'',1,3500,0,'',1,7500,0,'',1,3500,0,'',1,7500,0,'',1,7500,0,'',1,3500,0,'',1,7500,0,'',1,3500,0,'',1,7500,0,'',1,7500,0,'',1,3500,0,'',1,7500,0,'',1,3500,0,'',1,7500,0,'',1,3500,0,'',1,7500,0,'',1,7500,0,'',1,3500,0,'',1,7500,0,'',1,3500,0,'',1,7500,0,'',1,7500,0,'',1,3500,0,'',1,7500,0,'',1,3500,0,'',1,7500,0,'',1
'260105-MULTI-Weekday-01',11503,60000,4,'',1,2300,4,'',1,3100,4,'',1,6700,4,'',1,2200,4,'',1,7100,4,'',1,2800,4,'',1,6000,4,'',1,3100,4,'',1,6700,4,'',1,2000,4,'',1,3200,4,'',1,8500,4,'',1,7500,4,'',1,4600,4,'',1,5600,4,'',1,2400,4,'',1,8500,4,'',1,2300,4,'',1,6400,4,'',1,4400,4,'',1,6800,4,'',1,2400,4,'',1,8400,4,'',1,2800,4,'',1,5900,4,'',1,4000,4,'',1,6300,4,'',1,1400,4,'',1,8000,4,'',1,2300,4,'',1,1200,4,'',1,8100,4,'',1,7700,4,'',1,3900,4,'',1,7700,4,'',1,3600,4,'',1,7700,4,'',1,7600,4,'',1,3500,4,'',1
'260105-MULTI-Weekday-01',11504,45500,0,'',1,6100,0,'',1,2800,0,'',1,6300,0,'',1,2200,0,'',1,7200,0,'',1,2700,0,'',1,2100,0,'',1,7200,0,'',1,2700,0,'',1,5900,0,'',1,3500,0,'',1,8500,0,'',1,7400,0,'',1,4400,0,'',1,1400,0,'',1,6200,0,'',1,8400,0,'',1,1900,0,'',1,2300,0,'',1,8300,0,'',1,2400,0,'',1,6400,0,'',1,8400,0,'',1,2800,0,'',1,2300,0,'',1,8400,0,'',1,7000,0,'',1,1700,0,'',1,8100,0,'',1,2400,0,'',1,1200,0,'',1,8100,0,'',1,3600,0,'',1,8000,0,'',1,7800,0,'',1,3700,0,'',1,7800,0,'',1,7600,0,'',1,3500,0,'',1
