2301,'Holiday1',711,,19697,3,,,1,30,,19670,3,,,1,71,,19672,3,,,1,22,,19669,3,,,1,69,,19673,3,,,1,30,,19671,3,,,1,73,,19674,3,,,1,28,,19675,3,,,1,68,,19676,3,,,1,28,,19677,3,,,1,28,,19678,3,,,1,68,,19681,3,,,1,28,,19682,3,,,1,68,,19683,3,,,1,28,,19679,3,,,1,68,,19684,3,,,1,28,,19685,3,,,1,68,,19686,3,,,1,28,,19680,3,,,1,68,,19688,3,,,1,28,,19689,3,,,1,68,,19691,3,,,1,28,,19687,3,,,1,67,,19693,3,,,1,28,,19690,3,,,1,28,,19695,3,,,1,68,,19692,3,,,1,28,,19694,3,,,1,68,,19698,3,,,1,28,,19696,3,,,1,68,,19700,3,,,1,28,,19699,3,,,1
2301,'Saturday',621,,19702,3,,,1,30,,19701,3,,,1,68,,19711,3,,,1,28,,19715,3,,,1,69,,19716,3,,,1,28,,19713,3,,,1,68,,19712,3,,,1,28,,19714,3,,,1,68,,19717,3,,,1,28,,19718,3,,,1,68,,19719,3,,,1,28,,19720,3,,,1,68,,19722,3,,,1,28,,19723,3,,,1,28,,19724,3,,,1,68,,19721,3,,,1,28,,19725,3,,,1,68,,19727,3,,,1,28,,19728,3,,,1,68,,19729,3,,,1,28,,19726,3,,,1,67,,19730,3,,,1,28,,19731,3,,,1,68,,19732,3,,,1,34,,19733,3,,,1,80,,19705,3,,,1,30,,19703,3,,,1,70,,19706,3,,,1,30,,19704,3,,,1,70,,19708,3,,,1,30,,19710,3,,,1,70,,19707,3,,,1,30,,19709,3,,,1,70,,19734,3,,,1,30,,19736,3,,,1,70,,19735,3,,,1,30,,19737,3,,,1,70,,19738,3,,,1
2301,'Sunday',711,,19767,3,,,1,30,,19740,3,,,1,71,,19742,3,,,1,22,,19739,3,,,1,69,,19743,3,,,1,30,,19741,3,,,1,73,,19744,3,,,1,28,,19745,3,,,1,68,,19746,3,,,1,28,,19747,3,,,1,28,,19748,3,,,1,68,,19751,3,,,1,28,,19752,3,,,1,68,,19753,3,,,1,28,,19749,3,,,1,68,,19754,3,,,1,28,,19755,3,,,1,68,,19756,3,,,1,28,,19750,3,,,1,68,,19758,3,,,1,28,,19759,3,,,1,68,,19761,3,,,1,28,,19757,3,,,1,67,,19763,3,,,1,28,,19760,3,,,1,28,,19765,3,,,1,68,,19762,3,,,1,28,,19764,3,,,1,68,,19768,3,,,1,28,,19766,3,,,1,68,,19770,3,,,1,28,,19769,3,,,1
2301,'Weekday',411,,19771,3,,,1,15,,19772,3,,,1,15,,19773,3,,,1,15,,19774,3,,,1,56,,19775,3,,,1,15,,19776,3,,,1,15,,19777,3,,,1,14,,19778,3,,,1,56,,19779,3,,,1,15,,19780,3,,,1,15,,19781,3,,,1,15,,19783,3,,,1,55,,19784,3,,,1,15,,19785,3,,,1,15,,19782,3,,,1,15,,19787,3,,,1,55,,19788,3,,,1,15,,19789,3,,,1,15,,19786,3,,,1,15,,19790,3,,,1,71,,19791,3,,,1,30,,19792,3,,,1,70,,19793,3,,,1,30,,19794,3,,,1,70,,19795,3,,,1,30,,19796,3,,,1,67,,19797,3,,,1,30,,19798,3,,,1,67,,19799,3,,,1,20,,19830,3,,,1,60,,19800,3,,,1,15,,19829,3,,,1,15,,19826,3,,,1,15,,19828,3,,,1,55,,19827,3,,,1,15,,19802,3,,,1,15,,19801,3,,,1,15,,19803,3,,,1,55,,19805,3,,,1,15,,19807,3,,,1,15,,19808,3,,,1,15,,19809,3,,,1,55,,19806,3,,,1,15,,19810,3,,,1,15,,19804,3,,,1,15,,19811,3,,,1,55,,19812,3,,,1,15,,19813,3,,,1,15,,19814,3,,,1,15,,19815,3,,,1,60,,19816,3,,,1,34,,19817,3,,,1,73,,19818,3,,,1,34,,19820,3,,,1,74,,19821,3,,,1,34,,19822,3,,,1,74,,19819,3,,,1,74,,19823,3,,,1,34,,19824,3,,,1,74,,19825,3,,,1
2703,'Saturday',751,,20405,3,,,1,75,,20407,3,,,1,75,,20408,3,,,1,35,,20406,3,,,1,75,,20409,3,,,1,35,,20410,3,,,1,75,,20411,3,,,1,35,,20412,3,,,1,75,,20414,3,,,1,75,,20415,3,,,1,35,,20417,3,,,1,75,,20413,3,,,1,35,,20418,3,,,1,75,,20416,3,,,1,75,,20421,3,,,1,35,,20422,3,,,1,75,,20419,3,,,1,35,,20420,3,,,1
2703,'Weekday',544,,20423,3,,,1,74,,20424,3,,,1,35,,20427,3,,,1,75,,20428,3,,,1,74,,20425,3,,,1,33,,20426,3,,,1,76,,20429,3,,,1,34,,20430,3,,,1,74,,20431,3,,,1,35,,20432,3,,,1,75,,20433,3,,,1,74,,20434,3,,,1,34,,20435,3,,,1,73,,20436,3,,,1,32,,20438,3,,,1,75,,20437,3,,,1,34,,20439,3,,,1,74,,20440,3,,,1,34,,20441,3,,,1,73,,20442,3,,,1,77,,20443,3,,,1,30,,20444,3,,,1,73,,20445,3,,,1,30,,20446,3,,,1,71,,20447,3,,,1,30,,20448,3,,,1
2801,'Holiday1',606,,20505,3,0,5,1,25,,20498,3,,,1,25,,20494,3,0,5,1,65,,20501,3,,,1,25,,20499,3,0,5,1,65,,20493,3,,,1,25,,20502,3,0,5,1,65,,20497,3,,,1,25,,20495,3,0,5,1,25,,20503,3,,,1,65,,20496,3,0,5,1,25,,20500,3,,,1,65,,20506,3,0,5,1,25,,20504,3,,,1,25,,20507,3,0,5,1,65,,20508,3,,,1,25,,20509,3,0,5,1,65,,20510,3,,,1,25,,20511,3,0,5,1,65,,20512,3,,,1,25,,20513,3,0,5,1,25,,20514,3,,,1,65,,20515,3,0,5,1,25,,20516,3,,,1,65,,20517,3,0,5,1,25,,20519,3,,,1,25,,20518,3,0,5,1,65,,20520,3,,,1,25,,20522,3,0,5,1,65,,20521,3,,,1,25,,20523,3,0,5,1,65,,20524,3,,,1
2801,'Saturday',606,,20526,3,0,5,1,25,,20542,3,,,1,25,,20527,3,0,5,1,65,,20544,3,,,1,25,,20525,3,0,5,1,65,,20545,3,,,1,25,,20528,3,0,5,1,65,,20546,3,,,1,25,,20529,3,0,5,1,25,,20543,3,,,1,65,,20530,3,0,5,1,25,,20547,3,,,1,65,,20531,3,0,5,1,25,,20548,3,,,1,25,,20532,3,0,5,1,65,,20549,3,,,1,25,,20533,3,0,5,1,65,,20550,3,,,1,25,,20534,3,0,5,1,65,,20551,3,,,1,25,,20535,3,0,5,1,25,,20552,3,,,1,65,,20536,3,0,5,1,25,,20553,3,,,1,65,,20537,3,0,5,1,25,,20554,3,,,1,25,,20538,3,0,5,1,65,,20555,3,,,1,25,,20539,3,0,5,1,65,,20556,3,,,1,25,,20540,3,0,5,1,65,,20541,3,,,1
2801,'Sunday',606,,20569,3,0,5,1,25,,20562,3,,,1,25,,20558,3,0,5,1,65,,20565,3,,,1,25,,20563,3,0,5,1,65,,20557,3,,,1,25,,20566,3,0,5,1,65,,20561,3,,,1,25,,20559,3,0,5,1,25,,20567,3,,,1,65,,20560,3,0,5,1,25,,20564,3,,,1,65,,20570,3,0,5,1,25,,20568,3,,,1,25,,20571,3,0,5,1,65,,20572,3,,,1,25,,20573,3,0,5,1,65,,20574,3,,,1,25,,20575,3,0,5,1,65,,20576,3,,,1,25,,20577,3,0,5,1,25,,20578,3,,,1,65,,20579,3,0,5,1,25,,20580,3,,,1,65,,20581,3,0,5,1,25,,20583,3,,,1,25,,20582,3,0,5,1,65,,20584,3,,,1,25,,20586,3,0,5,1,65,,20585,3,,,1,25,,20587,3,0,5,1,65,,20588,3,,,1
2801,'Weekday',431,,20631,3,,,1,80,,20629,3,,,1,40,,20630,3,,,1,58,,20589,3,0,5,1,20,,20611,3,,,1,22,,20592,3,0,5,1,59,,20612,3,,,1,20,,20593,3,0,5,1,18,,20613,3,,,1,59,,20594,3,0,5,1,20,,20614,3,,,1,19,,20595,3,0,5,1,61,,20615,3,,,1,21,,20596,3,0,5,1,21,,20617,3,,,1,58,,20597,3,0,5,1,24,,20618,3,,,1,20,,20598,3,0,5,1,60,,20619,3,,,1,20,,20599,3,0,5,1,20,,20616,3,,,1,60,,20600,3,0,5,1,20,,20620,3,,,1,20,,20602,3,0,5,1,60,,20621,3,,,1,20,,20603,3,0,5,1,20,,20622,3,,,1,60,,20604,3,0,5,1,21,,20623,3,,,1,19,,20601,3,0,5,1,60,,20624,3,,,1,21,,20605,3,0,5,1,21,,20625,3,,,1,58,,20606,3,0,5,1,21,,20626,3,,,1,19,,20607,3,0,5,1,60,,20627,3,,,1,21,,20608,3,0,5,1,19,,20591,3,,,1,63,,20609,3,0,5,1,19,,20590,3,,,1,20,,20610,3,0,5,1,60,,20628,3,,,1
