100,0,'EB / East / Terminal',1
101,0,'Terminal / WB / West',1
200,0,'North',2
201,0,'South',2
300,0,'NB / North',3
301,0,'SB / South',3
400,0,'North',4
401,0,'South',4
500,0,'East',5
501,0,'West',5
600,0,'North',6
601,0,'South',6
700,0,'North / Terminal',7
701,0,'SB / South / Terminal',7
800,0,'East',8
801,0,'West',8
900,0,'East',9
901,0,'West',9
1000,0,'Northbound',10
1001,0,'Southbound',10
1100,0,'EB / Eastbound',11
1101,0,'WB / Westbound',11
1200,0,'North',12
1201,0,'South',12
1300,0,'North',13
1301,0,'South',13
1400,0,'North',14
1401,0,'South',14
1500,0,'North / Terminal',15
1501,0,'South / Terminal',15
1600,0,'North',16
1601,0,'South',16
1700,0,'North',17
1701,0,'South',17
1800,0,'North',18
1801,0,'South / Terminal',18
1900,0,'North',19
1901,0,'South',19
2000,0,'Eastbound',20
2001,0,'Westbound',20
2300,0,'East',23
2301,0,'West',23
2400,0,'North',24
2401,0,'South',24
2500,0,'North',25
2501,0,'South',25
2600,0,'North',26
2601,0,'South',26
2700,0,'North',27
2701,0,'South',27
2800,0,'East',28
2801,0,'West',28
2900,0,'East',29
2901,0,'West',29
3000,0,'North',30
3001,0,'South',30
3100,0,'North',31
3101,0,'South',31
3200,0,'Loop',32
3301,0,'Loop',33
3500,0,'North',35
3501,0,'South',35
3600,0,'North',36
3601,0,'South',36
4100,0,'Northbound',41
4101,0,'Southbound',41
5000,0,'North',50
5001,0,'South',50
5100,0,'East',51
5101,0,'West',51
5200,0,'North',52
5201,0,'South',52
5300,0,'East',53
5301,0,'West',53
5400,0,'Loop',54
5500,0,'North',55
5501,0,'South',55
5601,0,'Loop',56
5700,0,'North',57
5701,0,'North / South',57
5800,0,'North',58
5801,0,'South',58
6000,0,'North',60
6001,0,'South',60
8100,0,'NB',81
8101,0,'SB',81
10400,0,'North',104
10401,0,'South',104
11500,0,'North',115
11501,0,'South',115
19900,0,'North',199
19901,0,'South',199
20000,0,'AM',200
20001,0,'PM',200
20100,0,'AM',201
20101,0,'PM',201
20200,0,'AM',202
20201,0,'PM',202
20301,0,'PM',203
20401,0,'PM',204
20500,0,'AM',205
20501,0,'PM',205
20600,0,'AM',206
20601,0,'PM',206
20700,0,'AM',207
20701,0,'PM',207
20800,0,'AM',208
20801,0,'PM',208
20901,0,'AM',209
20900,0,'PM',209
21101,0,'AM',211
21100,0,'PM',211
21201,0,'AM',212
21200,0,'PM',212
21301,0,'AM',213
21300,0,'PM',213
21400,0,'AM',214
21401,0,'PM',214
21500,0,'AM',215
21501,0,'PM',215
21601,0,'AM',216
21600,0,'PM',216
21701,0,'PM',217
21801,0,'AM',218
21800,0,'PM',218
30000,0,'North',300
30001,0,'South',300
30100,0,'North',301
30101,0,'South',301
50100,0,'Eastbound',501
50101,0,'Westbound',501
50200,0,'Northbound',502
50201,0,'Southbound',502
50500,0,'East',505
50501,0,'West',505
51100,0,'Eastbound',511
51101,0,'Westbound',511
56100,0,'EB',561
56101,0,'WB',561
