501,'Holiday1',616,,1949,5,,,1,30,,1944,5,,,1,70,,1936,5,,,1,30,,1934,5,,,1,77,,1947,5,,,1,29,,1941,5,,,1,69,,1937,5,,,1,23,,1932,5,,,1,63,,1946,5,,,1,30,,1942,5,,,1,70,,1935,5,,,1,30,,1931,5,,,1,72,,1933,5,,,1,30,,1945,5,,,1,72,,1938,5,,,1,36,,1940,5,,,1,72,,1939,5,,,1,30,,1943,5,,,1,70,,1948,5,,,1,30,,1950,5,,,1,70,,1951,5,,,1,30,,1952,5,,,1,70,,1953,5,,,1,30,,1954,5,,,1,70,,1955,5,,,1,30,,1956,5,,,1,69,,1957,5,,,1,30,,1959,5,,,1,70,,1958,5,,,1,30,,1960,5,,,1,70,,1961,5,,,1,30,,1962,5,,,1,66,,1964,5,,,1,24,,1965,5,,,1,70,,1963,5,,,1
501,'Saturday',447,,1966,5,,,1,67,,1987,5,,,1,26,,2006,5,,,1,66,,1967,5,,,1,32,,1968,5,,,1,71,,1969,5,,,1,30,,1970,5,,,1,68,,1971,5,,,1,32,,1972,5,,,1,72,,1973,5,,,1,32,,1974,5,,,1,71,,1975,5,,,1,34,,1990,5,,,1,70,,1991,5,,,1,36,,1994,5,,,1,70,,1992,5,,,1,24,,1989,5,,,1,70,,1993,5,,,1,30,,1995,5,,,1,70,,1996,5,,,1,30,,1997,5,,,1,70,,1998,5,,,1,30,,2000,5,,,1,70,,2001,5,,,1,30,,2002,5,,,1,70,,1999,5,,,1,30,,2003,5,,,1,70,,2004,5,,,1,30,,2005,5,,,1,70,,1976,5,,,1,27,,1977,5,,,1,69,,1978,5,,,1,25,,1979,5,,,1,67,,1980,5,,,1,32,,1981,5,,,1,70,,1982,5,,,1,28,,1983,5,,,1,65,,1984,5,,,1,29,,1985,5,,,1,70,,1988,5,,,1,30,,1986,5,,,1
501,'Sunday',616,,2025,5,,,1,30,,2020,5,,,1,70,,2012,5,,,1,30,,2010,5,,,1,77,,2023,5,,,1,29,,2017,5,,,1,69,,2013,5,,,1,23,,2008,5,,,1,63,,2022,5,,,1,30,,2018,5,,,1,70,,2011,5,,,1,30,,2007,5,,,1,72,,2009,5,,,1,30,,2021,5,,,1,72,,2014,5,,,1,36,,2016,5,,,1,72,,2015,5,,,1,30,,2019,5,,,1,70,,2024,5,,,1,30,,2026,5,,,1,70,,2027,5,,,1,30,,2028,5,,,1,70,,2029,5,,,1,30,,2030,5,,,1,70,,2031,5,,,1,30,,2032,5,,,1,69,,2033,5,,,1,30,,2035,5,,,1,70,,2034,5,,,1,30,,2036,5,,,1,70,,2037,5,,,1,30,,2038,5,,,1,66,,2040,5,,,1,24,,2041,5,,,1,70,,2039,5,,,1
501,'Weekday',407,,2047,5,,,1,20,,2049,5,,,1,20,,2048,5,,,1,60,,2046,5,,,1,20,,2045,5,,,1,20,,2044,5,,,1,61,,2043,5,,,1,14,,2042,5,,,1,14,,2051,5,,,1,7,,2113,5,,,1,7,,2050,5,,,1,54,,2052,5,,,1,14,,2054,5,0,5,1,14,,2053,5,,,1,14,,2058,5,0,5,1,54,,2055,5,,,1,14,,2059,5,0,5,1,14,,2056,5,,,1,14,,2060,5,0,5,1,14,,2057,5,,,1,60,,2077,5,0,5,1,20,,2083,5,,,1,20,,2073,5,0,5,1,60,,2084,5,,,1,20,,2074,5,0,5,1,20,,2085,5,,,1,60,,2080,5,0,5,1,20,,2087,5,,,1,20,,2081,5,0,5,1,60,,2088,5,,,1,20,,2082,5,0,5,1,20,,2089,5,,,1,60,,2078,5,0,5,1,20,,2086,5,,,1,20,,2079,5,0,5,1,51,,2090,5,,,1,15,,2066,5,0,5,1,13,,2091,5,,,1,13,,2075,5,0,5,1,53,,2092,5,,,1,14,,2065,5,0,5,1,12,,2093,5,,,1,13,,2072,5,0,5,1,13,,2094,5,,,1,54,,2064,5,0,5,1,13,,2095,5,,,1,13,,2071,5,0,5,1,13,,2096,5,,,1,13,,2063,5,0,5,1,53,,2097,5,,,1,14,,2070,5,0,5,1,12,,2098,5,,,1,14,,2062,5,0,5,1,52,,2099,5,,,1,12,,2069,5,0,5,1,14,,2067,5,,,1,12,,2061,5,0,5,1,14,,2076,5,,,1,52,,2068,5,0,5,1,32,,2109,5,,,1,67,,2107,5,,,1,30,,2110,5,,,1,19,,2111,5,,,1,58,,2112,5,,,1,18,,2101,5,,,1,7,,2102,5,,,1,76,,2105,5,,,1,25,,2100,5,,,1,72,,2108,5,,,1,29,,2106,5,,,1,80,,2104,5,,,1,27,,2103,5,,,1
901,'Holiday1',755,,3329,5,,,1,145,,3336,5,,,1,106,,3337,5,,,1,105,,3338,5,,,1,105,,3339,5,,,1,105,,3335,5,,,1,106,,3331,5,,,1,105,,3332,5,,,1,107,,3333,5,,,1,107,,3330,5,,,1,106,,3334,5,,,1
901,'Saturday',706,,3340,5,,,1,50,,3341,5,,,1,90,,3342,5,,,1,90,,3343,5,,,1,90,,3344,5,,,1,90,,3345,5,,,1,90,,3346,5,,,1,50,,3347,5,,,1,90,,3348,5,,,1,90,,3349,5,,,1,91,,3350,5,,,1,90,,3351,5,,,1,90,,3352,5,,,1,50,,3353,5,,,1,89,,3354,5,,,1
901,'Sunday',755,,3355,5,,,1,145,,3362,5,,,1,106,,3363,5,,,1,105,,3364,5,,,1,105,,3365,5,,,1,105,,3361,5,,,1,106,,3357,5,,,1,105,,3358,5,,,1,107,,3359,5,,,1,107,,3356,5,,,1,106,,3360,5,,,1
901,'Weekday',507,,3366,5,,,1,34,,3369,5,,,1,74,,3370,5,,,1,34,,3371,5,,,1,63,,3368,5,,,1,39,,3372,5,,,1,76,,3383,5,,,1,85,,3384,5,,,1,88,,3385,5,,,1,42,,3386,5,,,1,87,,3387,5,,,1,86,,3388,5,,,1,42,,3373,5,,,1,83,,3382,5,,,1,72,,3379,5,,,1,35,,3375,5,,,1,78,,3380,5,,,1,75,,3377,5,,,1,35,,3374,5,,,1,75,,3376,5,,,1,37,,3381,5,,,1,75,,3378,5,,,1,35,,3389,5,,,1,79,,3391,5,,,1,81,,3390,5,,,1,85,,3367,5,,,1
21201,'Weekday',736,,11242,9,,,1
21500,'Weekday',726,,11247,5,,,1
50501,'Holiday1',1011,,12457,3,,,1,16,,12461,3,,,1,16,,12459,3,,,1,16,,12463,3,,,1,56,,12464,3,,,1,16,,12466,3,,,1,16,,12462,3,,,1,56,,12469,3,,,1,18,,12465,3,,,1,19,,12470,3,,,1,18,,12467,3,,,1,56,,12471,3,,,1,16,,12468,3,,,1,16,,12472,3,,,1,56,,12473,3,,,1,16,,12474,3,,,1,16,,12475,3,,,1,16,,12476,3,,,1,56,,12477,3,,,1,16,,12478,3,,,1,16,,12479,3,,,1,16,,12482,3,,,1,56,,12483,3,,,1,16,,12484,3,,,1,16,,12480,3,,,1,16,,12481,3,,,1,56,,12485,3,,,1,16,,12486,3,,,1,16,,12487,3,,,1,56,,12460,3,,,1,16,,12458,3,,,1
50501,'Saturday',856,,12489,3,,,1,56,,12488,3,,,1,16,,12490,3,,,1,16,,12491,3,,,1,56,,12493,3,,,1,16,,12495,3,,,1,16,,12496,3,,,1,16,,12492,3,,,1,56,,12497,3,,,1,16,,12494,3,,,1,16,,12500,3,,,1,16,,12499,3,,,1,56,,12502,3,,,1,16,,12501,3,,,1,16,,12498,3,,,1,16,,12503,3,,,1,56,,12504,3,,,1,16,,12505,3,,,1,16,,12506,3,,,1,56,,12507,3,,,1,15,,12508,3,,,1,17,,12510,3,,,1,17,,12512,3,,,1,56,,12509,3,,,1,16,,12513,3,,,1,18,,12511,3,,,1,18,,12516,3,,,1,57,,12514,3,,,1,16,,12515,3,,,1,16,,12517,3,,,1,56,,12519,3,,,1,16,,12520,3,,,1,16,,12518,3,,,1,16,,12522,3,,,1,56,,12523,3,,,1,16,,12524,3,,,1,16,,12521,3,,,1
50501,'Sunday',1011,,12525,3,,,1,16,,12529,3,,,1,16,,12527,3,,,1,16,,12531,3,,,1,56,,12532,3,,,1,16,,12534,3,,,1,16,,12530,3,,,1,56,,12536,3,,,1,18,,12533,3,,,1,19,,12537,3,,,1,18,,12535,3,,,1,56,,12538,3,,,1,16,,12539,3,,,1,16,,12540,3,,,1,56,,12541,3,,,1,16,,12542,3,,,1,16,,12543,3,,,1,16,,12544,3,,,1,56,,12545,3,,,1,16,,12546,3,,,1,16,,12547,3,,,1,16,,12550,3,,,1,56,,12551,3,,,1,16,,12552,3,,,1,16,,12548,3,,,1,16,,12549,3,,,1,56,,12553,3,,,1,16,,12554,3,,,1,16,,12555,3,,,1,56,,12528,3,,,1,16,,12526,3,,,1
50501,'Weekday',557,,12556,3,,,1,58,,12565,3,,,1,18,,12564,3,,,1,18,,12566,3,,,1,58,,12567,3,,,1,18,,12569,3,,,1,18,,12570,3,,,1,58,,12571,3,,,1,18,,12568,3,,,1,18,,12572,3,,,1,18,,12573,3,,,1,58,,12574,3,,,1,18,,12575,3,,,1,19,,12577,3,,,1,57,,12578,3,,,1,18,,12579,3,,,1,23,,12576,3,,,1,58,,12580,3,,,1,24,,12581,3,,,1,22,,12582,3,,,1,66,,12583,3,,,1,22,,12584,3,,,1,64,,12585,3,,,1,24,,12586,3,,,1,24,,12587,3,,,1,64,,12588,3,,,1,24,,12589,3,,,1,58,,12590,3,,,1,18,,12591,3,,,1,18,,12592,3,,,1,18,,12593,3,,,1,58,,12594,3,,,1,18,,12595,3,,,1,19,,12596,3,,,1,60,,12597,3,,,1,21,,12599,3,,,1,18,,12600,3,,,1,58,,12601,3,,,1,21,,12598,3,,,1,18,,12602,3,,,1,58,,12603,3,,,1,17,,12604,3,,,1,21,,12605,3,,,1,64,,12606,3,,,1
