'251229-MULTI-Saturday-01',403,54700,4,'',1,15400,4,'',1,2400,4,'',1,2400,4,'',1,6600,4,'',1,2500,4,'',1,6400,4,'',1,2400,4,'',1,2600,4,'',1,6300,4,'',1,2300,4,'',1,6400,4,'',1,2500,4,'',1,2500,4,'',1,6500,4,'',1,2400,4,'',1,6400,4,'',1,2500,4,'',1,2400,4,'',1,6400,4,'',1,2400,4,'',1,6400,4,'',1,2500,4,'',1,2100,4,'',1,6100,4,'',1,2600,4,'',1,6500,4,'',1,2400,4,'',1,2500,4,'',1,6500,4,'',1,2400,4,'',1,6300,4,'',1,2400,4,'',1,1200,4,'',1,7000,4,'',1,2600,4,'',1,6900,4,'',1,2900,4,'',1,6900,4,'',1,2900,4,'',1,7000,4,'',1,2900,4,'',1,7000,4,'',1,2900,4,'',1,7400,4,'',1
'251229-MULTI-Saturday-01',404,54500,0,'C',1,5600,0,'C',1,2400,0,'C',1,2400,0,'C',1,6400,0,'C',1,2400,0,'C',1,6400,0,'C',1,2400,0,'C',1,2400,0,'C',1,6400,0,'C',1,2400,0,'C',1,6400,0,'C',1,2400,0,'C',1,2400,0,'C',1,6400,0,'C',1,2400,0,'C',1,6400,0,'C',1,2400,0,'C',1,2400,0,'C',1,6400,0,'C',1,2400,0,'C',1,6400,0,'C',1,2400,0,'C',1,2400,0,'C',1,6400,0,'C',1,2400,0,'C',1,6400,0,'C',1,2400,0,'C',1,2400,0,'C',1,6400,0,'C',1,2400,0,'C',1,6400,0,'C',1,2400,0,'C',1,2400,0,'C',1,7400,0,'C',1,3000,0,'C',1,7000,0,'C',1,3000,0,'C',1,7000,0,'C',1,3000,0,'C',1,6600,0,'C',1,3000,0,'C',1,7000,0,'C',1,3000,0,'C',1,7000,0,'C',1
'251229-MULTI-Sunday-01',403,74100,4,'',1,7000,4,'',1,3000,4,'',1,7100,4,'',1,3000,4,'',1,7100,4,'',1,2900,4,'',1,7000,4,'',1,3000,4,'',1,7100,4,'',1,3200,4,'',1,7000,4,'',1,3000,4,'',1,7000,4,'',1,3100,4,'',1,7000,4,'',1,3100,4,'',1,7000,4,'',1,3000,4,'',1,7200,4,'',1,3300,4,'',1,7000,4,'',1,2900,4,'',1,6900,4,'',1,3000,4,'',1,7000,4,'',1,2900,4,'',1,7000,4,'',1,2500,4,'',1,7000,4,'',1,3000,4,'',1,6800,4,'',1,3100,4,'',1,6900,4,'',1,3000,4,'',1,7000,4,'',1
'251229-MULTI-Sunday-01',404,60700,0,'C',1,3200,0,'C',1,6400,0,'C',1,3000,0,'C',1,7000,0,'C',1,3000,0,'C',1,7000,0,'C',1,3000,0,'C',1,7000,0,'C',1,3000,0,'C',1,7000,0,'C',1,3000,0,'C',1,7000,0,'C',1,3000,0,'C',1,7000,0,'C',1,3000,0,'C',1,7000,0,'C',1,3000,0,'C',1,7000,0,'C',1,3000,0,'C',1,7000,0,'C',1,3000,0,'C',1,7000,0,'C',1,3000,0,'C',1,7000,0,'C',1,3000,0,'C',1,7000,0,'C',1,3000,0,'C',1,7000,0,'C',1,3100,0,'C',1,7000,0,'C',1,3000,0,'C',1,7000,0,'C',1,2400,0,'C',1,2900,0,'C',1,7000,0,'C',1,3000,0,'C',1,7000,0,'C',1
'260105-MULTI-Holiday1-01',403,74100,4,'',1,7000,4,'',1,3000,4,'',1,7100,4,'',1,3000,4,'',1,7100,4,'',1,2900,4,'',1,7000,4,'',1,3000,4,'',1,7100,4,'',1,3200,4,'',1,7000,4,'',1,3000,4,'',1,7000,4,'',1,3100,4,'',1,7000,4,'',1,3100,4,'',1,7000,4,'',1,3000,4,'',1,7200,4,'',1,3300,4,'',1,7000,4,'',1,2900,4,'',1,6900,4,'',1,3000,4,'',1,7000,4,'',1,2900,4,'',1,7000,4,'',1,2500,4,'',1,7000,4,'',1,3000,4,'',1,6800,4,'',1,3100,4,'',1,6900,4,'',1,3000,4,'',1,7000,4,'',1
'260105-MULTI-Holiday1-01',404,60700,0,'C',1,3200,0,'C',1,6400,0,'C',1,3000,0,'C',1,7000,0,'C',1,3000,0,'C',1,7000,0,'C',1,3000,0,'C',1,7000,0,'C',1,3000,0,'C',1,7000,0,'C',1,3000,0,'C',1,7000,0,'C',1,3000,0,'C',1,7000,0,'C',1,3000,0,'C',1,7000,0,'C',1,3000,0,'C',1,7000,0,'C',1,3000,0,'C',1,7000,0,'C',1,3000,0,'C',1,7000,0,'C',1,3000,0,'C',1,7000,0,'C',1,3000,0,'C',1,7000,0,'C',1,3000,0,'C',1,7000,0,'C',1,3100,0,'C',1,7000,0,'C',1,3000,0,'C',1,7000,0,'C',1,2400,0,'C',1,2900,0,'C',1,7000,0,'C',1,3000,0,'C',1,7000,0,'C',1
'260105-MULTI-Saturday-01',403,54700,4,'',1,15400,4,'',1,2400,4,'',1,2400,4,'',1,6600,4,'',1,2500,4,'',1,6400,4,'',1,2400,4,'',1,2600,4,'',1,6300,4,'',1,2300,4,'',1,6400,4,'',1,2500,4,'',1,2500,4,'',1,6500,4,'',1,2400,4,'',1,6400,4,'',1,2500,4,'',1,2400,4,'',1,6400,4,'',1,2400,4,'',1,6400,4,'',1,2500,4,'',1,2100,4,'',1,6100,4,'',1,2600,4,'',1,6500,4,'',1,2400,4,'',1,2500,4,'',1,6500,4,'',1,2400,4,'',1,6300,4,'',1,2400,4,'',1,1200,4,'',1,7000,4,'',1,2600,4,'',1,6900,4,'',1,2900,4,'',1,6900,4,'',1,2900,4,'',1,7000,4,'',1,2900,4,'',1,7000,4,'',1,2900,4,'',1,7400,4,'',1
'260105-MULTI-Saturday-01',404,54500,0,'C',1,5600,0,'C',1,2400,0,'C',1,2400,0,'C',1,6400,0,'C',1,2400,0,'C',1,6400,0,'C',1,2400,0,'C',1,2400,0,'C',1,6400,0,'C',1,2400,0,'C',1,6400,0,'C',1,2400,0,'C',1,2400,0,'C',1,6400,0,'C',1,2400,0,'C',1,6400,0,'C',1,2400,0,'C',1,2400,0,'C',1,6400,0,'C',1,2400,0,'C',1,6400,0,'C',1,2400,0,'C',1,2400,0,'C',1,6400,0,'C',1,2400,0,'C',1,6400,0,'C',1,2400,0,'C',1,2400,0,'C',1,6400,0,'C',1,2400,0,'C',1,6400,0,'C',1,2400,0,'C',1,2400,0,'C',1,7400,0,'C',1,3000,0,'C',1,7000,0,'C',1,3000,0,'C',1,7000,0,'C',1,3000,0,'C',1,6600,0,'C',1,3000,0,'C',1,7000,0,'C',1,3000,0,'C',1,7000,0,'C',1
'260105-MULTI-Sunday-01',403,74100,4,'',1,7000,4,'',1,3000,4,'',1,7100,4,'',1,3000,4,'',1,7100,4,'',1,2900,4,'',1,7000,4,'',1,3000,4,'',1,7100,4,'',1,3200,4,'',1,7000,4,'',1,3000,4,'',1,7000,4,'',1,3100,4,'',1,7000,4,'',1,3100,4,'',1,7000,4,'',1,3000,4,'',1,7200,4,'',1,3300,4,'',1,7000,4,'',1,2900,4,'',1,6900,4,'',1,3000,4,'',1,7000,4,'',1,2900,4,'',1,7000,4,'',1,2500,4,'',1,7000,4,'',1,3000,4,'',1,6800,4,'',1,3100,4,'',1,6900,4,'',1,3000,4,'',1,7000,4,'',1
'260105-MULTI-Sunday-01',404,60700,0,'C',1,3200,0,'C',1,6400,0,'C',1,3000,0,'C',1,7000,0,'C',1,3000,0,'C',1,7000,0,'C',1,3000,0,'C',1,7000,0,'C',1,3000,0,'C',1,7000,0,'C',1,3000,0,'C',1,7000,0,'C',1,3000,0,'C',1,7000,0,'C',1,3000,0,'C',1,7000,0,'C',1,3000,0,'C',1,7000,0,'C',1,3000,0,'C',1,7000,0,'C',1,3000,0,'C',1,7000,0,'C',1,3000,0,'C',1,7000,0,'C',1,3000,0,'C',1,7000,0,'C',1,3000,0,'C',1,7000,0,'C',1,3100,0,'C',1,7000,0,'C',1,3000,0,'C',1,7000,0,'C',1,2400,0,'C',1,2900,0,'C',1,7000,0,'C',1,3000,0,'C',1,7000,0,'C',1
'260105-MULTI-Weekday-01',403,55700,4,'',1,6000,4,'',1,2300,4,'',1,6000,4,'',1,2200,4,'',1,2200,4,'',1,6000,4,'',1,2100,4,'',1,2000,4,'',1,6000,4,'',1,1500,4,'',1,2100,4,'',1,6100,4,'',1,1800,4,'',1,1900,4,'',1,2000,4,'',1,6000,4,'',1,2000,4,'',1,6200,4,'',1,1900,4,'',1,2100,4,'',1,6000,4,'',1,2000,4,'',1,2000,4,'',1,6000,4,'',1,2100,4,'',1,2100,4,'',1,5900,4,'',1,2200,4,'',1,2300,4,'',1,6000,4,'',1,1900,4,'',1,2000,4,'',1,6000,4,'',1,2000,4,'',1,2100,4,'',1,6200,4,'',1,2000,4,'',1,2000,4,'',1,6000,4,'',1,2000,4,'',1,1900,4,'',1,6000,4,'',1,1900,4,'',1,1800,4,'',1,6500,4,'',1,2500,4,'',1,2200,4,'',1,6300,4,'',1,2400,4,'',1,6300,4,'',1,2400,4,'',1,2400,4,'',1,6400,4,'',1,2400,4,'',1,6400,4,'',1,2400,4,'',1,2400,4,'',1
'260105-MULTI-Weekday-01',404,40300,0,'C',1,2000,0,'C',1,2000,0,'C',1,6000,0,'C',1,2000,0,'C',1,2000,0,'C',1,6000,0,'C',1,2000,0,'C',1,2000,0,'C',1,6200,0,'C',1,2200,0,'C',1,2100,0,'C',1,6100,0,'C',1,1800,0,'C',1,2200,0,'C',1,5800,0,'C',1,1700,0,'C',1,2000,0,'C',1,6200,0,'C',1,1800,0,'C',1,2000,0,'C',1,6000,0,'C',1,2000,0,'C',1,2000,0,'C',1,6400,0,'C',1,1600,0,'C',1,2400,0,'C',1,6200,0,'C',1,1900,0,'C',1,2100,0,'C',1,6000,0,'C',1,2000,0,'C',1,2000,0,'C',1,6000,0,'C',1,2000,0,'C',1,2000,0,'C',1,5900,0,'C',1,2100,0,'C',1,2000,0,'C',1,6000,0,'C',1,2000,0,'C',1,2000,0,'C',1,6000,0,'C',1,2000,0,'C',1,2000,0,'C',1,6400,0,'C',1,2400,0,'C',1,6400,0,'C',1,2600,0,'C',1,2200,0,'C',1,6400,0,'C',1,2600,0,'C',1,6500,0,'C',1,2400,0,'C',1,2100,0,'C',1,6600,0,'C',1,2400,0,'C',1,6400,0,'C',1,2400,0,'C',1,2400,0,'C',1,6400,0,'C',1
