500,'Holiday1',649,,1949,30,,,1,70,,1944,30,,,1,30,,1936,30,,,1,70,,1934,30,,,1,37,,1947,30,,,1,73,,1941,30,,,1,29,,1937,30,,,1,64,,1932,30,,,1,23,,1946,30,,,1,70,,1942,30,,,1,31,,1935,30,,,1,70,,1931,30,,,1,33,,1933,30,,,1,70,,1945,30,,,1,32,,1938,30,,,1,76,,1940,30,,,1,32,,1939,30,,,1,70,,1943,30,,,1,30,,1948,30,,,1,70,,1950,30,,,1,30,,1951,30,,,1,70,,1952,30,,,1,30,,1953,30,,,1,70,,1954,30,,,1,30,,1955,30,,,1,70,,1956,30,,,1,29,,1957,30,,,1,70,,1959,30,,,1,30,,1958,30,,,1,69,,1960,30,,,1,28,,1961,30,,,1,68,,1962,30,,,1,26,,1964,30,,,1,64,,1965,30,,,1,29,,1963,30,,,1
500,'Saturday',516,,1966,30,,,1,27,,1987,30,,,1,67,,2006,30,,,1,27,,1967,30,,,1,72,,1968,30,,,1,31,,1969,30,,,1,71,,1970,30,,,1,29,,1971,30,,,1,72,,1972,30,,,1,32,,1973,30,,,1,72,,1974,30,,,1,34,,1975,30,,,1,75,,1990,30,,,1,30,,1991,30,,,1,76,,1994,30,,,1,70,,1992,30,,,1,24,,1989,30,,,1,30,,1993,30,,,1,70,,1995,30,,,1,30,,1996,30,,,1,71,,1997,30,,,1,30,,1998,30,,,1,70,,2000,30,,,1,30,,2001,30,,,1,70,,2002,30,,,1,30,,1999,30,,,1,70,,2003,30,,,1,29,,2004,30,,,1,67,,2005,30,,,1,30,,1976,30,,,1,65,,1977,30,,,1,29,,1978,30,,,1,65,,1979,30,,,1,27,,1980,30,,,1,71,,1981,30,,,1,28,,1982,30,,,1,68,,1983,30,,,1,23,,1984,30,,,1,29,,1985,30,,,1,70,,1988,30,,,1,30,,1986,30,,,1
500,'Sunday',649,,2025,30,,,1,70,,2020,30,,,1,30,,2012,30,,,1,70,,2010,30,,,1,37,,2023,30,,,1,73,,2017,30,,,1,29,,2013,30,,,1,64,,2008,30,,,1,23,,2022,30,,,1,70,,2018,30,,,1,31,,2011,30,,,1,70,,2007,30,,,1,33,,2009,30,,,1,70,,2021,30,,,1,32,,2014,30,,,1,76,,2016,30,,,1,32,,2015,30,,,1,70,,2019,30,,,1,30,,2024,30,,,1,70,,2026,30,,,1,30,,2027,30,,,1,70,,2028,30,,,1,30,,2029,30,,,1,70,,2030,30,,,1,30,,2031,30,,,1,70,,2032,30,,,1,29,,2033,30,,,1,70,,2035,30,,,1,30,,2034,30,,,1,69,,2036,30,,,1,28,,2037,30,,,1,68,,2038,30,,,1,26,,2040,30,,,1,64,,2041,30,,,1,29,,2039,30,,,1
500,'Weekday',445,,2047,30,,,1,60,,2049,30,,,1,21,,2048,30,,,1,21,,2046,30,,,1,60,,2045,30,,,1,20,,2044,30,,,1,21,,2043,30,,,1,54,,2042,30,,,1,15,,2051,30,,,1,7,,2113,30,,,1,7,,2050,30,,,1,15,,2052,30,,,1,13,,2054,30,0,5,1,54,,2053,30,,,1,14,,2058,30,0,5,1,15,,2055,30,,,1,14,,2059,30,0,5,1,54,,2056,30,,,1,13,,2060,30,0,5,1,14,,2057,30,,,1,20,,2077,30,0,5,1,60,,2083,30,,,1,18,,2073,30,0,5,1,20,,2084,30,,,1,61,,2074,30,0,5,1,20,,2085,30,,,1,20,,2080,30,0,5,1,60,,2087,30,,,1,21,,2081,30,0,5,1,19,,2088,30,,,1,62,,2082,30,0,5,1,19,,2089,30,,,1,21,,2078,30,0,5,1,59,,2086,30,,,1,22,,2079,30,0,5,1,11,,2090,30,,,1,55,,2066,30,0,5,1,13,,2091,30,,,1,13,,2075,30,0,5,1,14,,2092,30,,,1,14,,2065,30,0,5,1,52,,2093,30,,,1,12,,2072,30,0,5,1,14,,2094,30,,,1,12,,2064,30,0,5,1,55,,2095,30,,,1,12,,2071,30,0,5,1,14,,2096,30,,,1,12,,2063,30,0,5,1,14,,2097,30,,,1,52,,2070,30,0,5,1,13,,2098,30,,,1,13,,2062,30,0,5,1,13,,2099,30,,,1,10,,2069,30,0,5,1,56,,2067,30,,,1,10,,2061,30,0,5,1,15,,2076,30,,,1,11,,2068,30,0,5,1,72,,2109,30,,,1,24,,2107,30,,,1,70,,2110,30,,,1,17,,2111,30,,,1,18,,2112,30,,,1,58,,2101,30,,,1,7,,2102,30,,,1,35,,2105,30,,,1,64,,2100,30,,,1,31,,2108,30,,,1,67,,2106,30,,,1,39,,2104,30,,,1,67,,2103,30,,,1
3501,'Holiday1',850,,8628,4,,,1,85,,8623,4,,,1,85,,8629,4,,,1,85,,8622,4,,,1,45,,8621,4,,,1,85,,8627,4,,,1,85,,8624,4,,,1,85,,8625,4,,,1,45,,8630,4,,,1,85,,8626,4,,,1,85,,8632,4,,,1,85,,8631,4,,,1,45,,8633,4,,,1,85,,8635,4,,,1,85,,8634,4,,,1,85,,8636,4,,,1
3501,'Saturday',906,,8639,4,,,1,45,,8637,4,,,1,85,,8638,4,,,1,85,,8640,4,,,1,85,,8642,4,,,1,45,,8641,4,,,1,85,,8643,4,,,1,85,,8644,4,,,1,85,,8645,4,,,1,45,,8646,4,,,1,85,,8648,4,,,1,85,,8647,4,,,1,85,,8651,4,,,1,45,,8649,4,,,1,85,,8650,4,,,1,85,,8652,4,,,1
3501,'Sunday',850,,8660,4,,,1,85,,8655,4,,,1,85,,8661,4,,,1,85,,8654,4,,,1,45,,8653,4,,,1,85,,8659,4,,,1,85,,8656,4,,,1,85,,8657,4,,,1,45,,8662,4,,,1,85,,8658,4,,,1,85,,8664,4,,,1,85,,8663,4,,,1,45,,8665,4,,,1,85,,8667,4,,,1,85,,8666,4,,,1,85,,8668,4,,,1
3501,'Weekday',520,,8669,4,,,1,35,,8670,4,,,1,75,,8671,4,,,1,75,,8673,4,,,1,35,,8674,4,,,1,75,,8672,4,,,1,35,,8676,4,,,1,75,,8677,4,,,1,75,,8675,4,,,1,35,,8678,4,,,1,75,,8679,4,,,1,35,,8680,4,,,1,79,,8681,4,,,1,31,,8682,4,,,1,75,,8683,4,,,1,75,,8684,4,,,1,35,,8685,4,,,1,75,,8686,4,,,1,35,,8687,4,,,1,75,,8688,4,,,1,75,,8689,4,,,1,35,,8690,4,,,1,75,,8691,4,,,1,35,,8692,4,,,1,75,,8693,4,,,1,35,,8694,4,,,1,75,,8696,4,,,1,75,,8697,4,,,1,35,,8698,4,,,1,75,,8695,4,,,1,35,,8699,4,,,1,75,,8700,4,,,1
21100,'Weekday',1457,,11239,9,,,1
50500,'Holiday1',1042,,12457,13,,,1,16,,12461,13,,,1,57,,12459,13,,,1,16,,12463,13,,,1,16,,12464,13,,,1,57,,12466,13,,,1,16,,12462,13,,,1,18,,12469,13,,,1,18,,12465,13,,,1,61,,12470,13,,,1,19,,12467,13,,,1,16,,12471,13,,,1,57,,12468,13,,,1,17,,12472,13,,,1,15,,12473,13,,,1,16,,12474,13,,,1,55,,12475,13,,,1,16,,12476,13,,,1,16,,12477,13,,,1,56,,12478,13,,,1,16,,12479,13,,,1,17,,12482,13,,,1,16,,12483,13,,,1,55,,12484,13,,,1,16,,12480,13,,,1,15,,12481,13,,,1,16,,12485,13,,,1,56,,12486,13,,,1,16,,12487,13,,,1,16,,12460,13,,,1,16,,12458,13,,,1
50500,'Saturday',925,,12489,13,,,1,16,,12488,13,,,1,16,,12490,13,,,1,58,,12491,13,,,1,20,,12493,13,,,1,16,,12495,13,,,1,57,,12496,13,,,1,16,,12492,13,,,1,16,,12497,13,,,1,16,,12494,13,,,1,55,,12500,13,,,1,17,,12499,13,,,1,16,,12502,13,,,1,56,,12501,13,,,1,16,,12498,13,,,1,19,,12503,13,,,1,15,,12504,13,,,1,56,,12505,13,,,1,16,,12506,13,,,1,16,,12507,13,,,1,15,,12508,13,,,1,57,,12510,13,,,1,17,,12512,13,,,1,16,,12509,13,,,1,16,,12513,13,,,1,57,,12511,13,,,1,17,,12516,13,,,1,17,,12514,13,,,1,56,,12515,13,,,1,15,,12517,13,,,1,16,,12519,13,,,1,16,,12520,13,,,1,55,,12518,13,,,1,16,,12522,13,,,1,16,,12523,13,,,1,16,,12524,13,,,1,56,,12521,13,,,1
50500,'Sunday',1042,,12525,13,,,1,16,,12529,13,,,1,57,,12527,13,,,1,16,,12531,13,,,1,16,,12532,13,,,1,57,,12534,13,,,1,16,,12530,13,,,1,18,,12536,13,,,1,18,,12533,13,,,1,61,,12537,13,,,1,19,,12535,13,,,1,16,,12538,13,,,1,57,,12539,13,,,1,17,,12540,13,,,1,15,,12541,13,,,1,16,,12542,13,,,1,55,,12543,13,,,1,16,,12544,13,,,1,16,,12545,13,,,1,56,,12546,13,,,1,16,,12547,13,,,1,17,,12550,13,,,1,16,,12551,13,,,1,55,,12552,13,,,1,16,,12548,13,,,1,15,,12549,13,,,1,16,,12553,13,,,1,56,,12554,13,,,1,16,,12555,13,,,1,16,,12528,13,,,1,16,,12526,13,,,1
50500,'Weekday',553,,12558,9,,,1,51,,12559,6,0,5,1,11,,12557,9,,,1,15,,12556,13,,,1,10,,12560,6,0,5,1,8,,12565,13,,,1,58,,12564,13,,,1,18,,12566,13,,,1,9,,12561,6,0,5,1,12,,12567,13,,,1,58,,12569,13,,,1,9,,12562,6,0,5,1,8,,12570,13,,,1,17,,12571,13,,,1,18,,12568,13,,,1,48,,12563,6,0,5,1,10,,12572,13,,,1,17,,12573,13,,,1,10,,12607,6,0,5,1,8,,12574,13,,,1,57,,12575,13,,,1,19,,12577,13,,,1,6,,12608,6,0,5,1,11,,12578,13,,,1,18,,12579,13,,,1,51,,12609,6,0,5,1,12,,12576,13,,,1,19,,12580,13,,,1,15,,12610,6,0,5,1,49,,12581,13,,,1,23,,12582,13,,,1,18,,12611,6,0,5,1,7,,12583,13,,,1,62,,12584,13,,,1,14,,12612,6,0,5,1,11,,12585,13,,,1,64,,12586,13,,,1,16,,12613,6,0,5,1,9,,12587,13,,,1,24,,12588,13,,,1,54,,12614,6,0,5,1,11,,12589,13,,,1,18,,12590,13,,,1,18,,12591,13,,,1,48,,12615,6,0,5,1,11,,12592,13,,,1,18,,12593,13,,,1,18,,12594,13,,,1,9,,12616,6,0,5,1,49,,12595,13,,,1,17,,12596,13,,,1,20,,12597,13,,,1,10,,12617,6,0,5,1,50,,12599,13,,,1,17,,12600,13,,,1,17,,12601,13,,,1,10,,12618,6,0,5,1,11,,12598,13,,,1,58,,12602,13,,,1,17,,12603,13,,,1,5,,12619,6,0,5,1,12,,12604,13,,,1,61,,12605,13,,,1,15,,12620,6,0,5,1,9,,12606,13,,,1
