603,'251229-MULTI-Saturday-01',748,,3396,0,,1,85,,3381,0,,1,85,,3382,0,,1,84,,3384,0,,1,45,,3385,0,,1,85,,3383,0,,1,86,,3387,0,,1,85,,3386,0,,1,46,,3389,0,,1,85,,3390,0,,1,86,,3388,0,,1,85,,3391,0,,1,45,,3392,0,,1,85,,3393,0,,1,85,,3394,0,,1,85,,3395,0,,1
603,'251229-MULTI-Sunday-01',902,,3398,0,,1,45,,3397,0,,1,85,,3399,0,,1,85,,3400,0,,1,85,,3401,0,,1,45,,3403,0,,1,88,,3404,0,,1,85,,3402,0,,1,85,,3405,0,,1,45,,3406,0,,1,85,,3407,0,,1,85,,3408,0,,1,85,,3409,0,,1,45,,3410,0,,1,84,,3411,0,,1
603,'260105-MULTI-Holiday1-01',902,,3413,0,,1,45,,3412,0,,1,85,,3415,0,,1,85,,3416,0,,1,85,,3417,0,,1,45,,3418,0,,1,88,,3419,0,,1,85,,3414,0,,1,85,,3420,0,,1,45,,3421,0,,1,85,,3422,0,,1,85,,3423,0,,1,85,,3424,0,,1,45,,3425,0,,1,84,,3426,0,,1
603,'260105-MULTI-Saturday-01',748,,3442,0,,1,85,,3427,0,,1,85,,3428,0,,1,84,,3430,0,,1,45,,3431,0,,1,85,,3429,0,,1,86,,3433,0,,1,85,,3432,0,,1,46,,3435,0,,1,85,,3436,0,,1,86,,3434,0,,1,85,,3437,0,,1,45,,3438,0,,1,85,,3439,0,,1,85,,3440,0,,1,85,,3441,0,,1
603,'260105-MULTI-Sunday-01',902,,3444,0,,1,45,,3443,0,,1,85,,3446,0,,1,85,,3447,0,,1,85,,3448,0,,1,45,,3449,0,,1,88,,3450,0,,1,85,,3445,0,,1,85,,3451,0,,1,45,,3452,0,,1,85,,3453,0,,1,85,,3454,0,,1,85,,3455,0,,1,45,,3456,0,,1,84,,3457,0,,1
603,'260105-MULTI-Weekday-01',628,,3458,0,,1,20,,3460,0,,1,60,,3464,0,,1,20,,3465,0,,1,20,,3461,0,,1,58,,3466,0,,1,22,,3463,0,,1,20,,3468,0,,1,60,,3462,0,,1,20,,3467,0,,1,23,,3459,0,,1,70,,3482,0,,1,22,,3480,0,,1,59,,3473,0,,1,21,,3476,0,,1,26,,3478,0,,1,62,,3474,0,,1,20,,3470,0,,1,23,,3477,0,,1,64,,3469,0,,1,22,,3475,0,,1,60,,3471,0,,1,25,,3481,0,,1,25,,3472,0,,1,64,,3479,0,,1,25,,3484,0,,1,20,,3485,0,,1,61,,3483,0,,1,20,,3486,0,,1,60,,3487,0,,1,20,,3488,0,,1,20,,3489,0,,1,60,,3490,0,,1,19,,3491,0,,1,20,,3492,0,,1,61,,3493,0,,1,14,,3494,0,,1,20,,3495,0,,1,20,,3499,0,,1,60,,3496,0,,1,24,,3497,0,,1,67,,3498,0,,1,25,,3500,0,,1,22,,3501,0,,1,67,,3502,0,,1,27,,3503,0,,1,72,,3504,0,,1,30,,3505,0,,1
5302,'251229-MULTI-Saturday-01',545,,14163,0,,1,75,,14173,0,,1,30,,14161,0,,1,70,,14170,0,,1,30,,14158,0,,1,70,,14174,0,,1,30,,14168,0,,1,71,,14171,0,,1,30,,14169,0,,1,70,,14172,0,,1,30,,14165,0,,1,70,,14175,0,,1,30,,14166,0,,1,72,,14176,0,,1,27,,14162,0,,1,73,,14177,0,,1,27,,14160,0,,1,73,,14178,0,,1,27,,14157,0,,1,73,,14179,0,,1,27,,14164,0,,1,73,,14180,0,,1,27,,14159,0,,1,73,,14181,0,,1,27,,14156,0,,1,73,,14182,0,,1,27,,14167,0,,1
5302,'251229-MULTI-Sunday-01',820,,14183,0,,1,30,,14184,0,,1,71,,14185,0,,1,30,,14186,0,,1,70,,14187,0,,1,30,,14188,0,,1,70,,14190,0,,1,30,,14189,0,,1,72,,14191,0,,1,30,,14192,0,,1,70,,14194,0,,1,30,,14193,0,,1,72,,14196,0,,1,28,,14195,0,,1,72,,14197,0,,1,28,,14199,0,,1,70,,14200,0,,1,30,,14198,0,,1,72,,14203,0,,1,28,,14201,0,,1,72,,14204,0,,1,28,,14202,0,,1,70,,14205,0,,1
5302,'260105-MULTI-Holiday1-01',820,,14206,0,,1,30,,14207,0,,1,71,,14208,0,,1,30,,14209,0,,1,70,,14210,0,,1,30,,14211,0,,1,70,,14213,0,,1,30,,14212,0,,1,72,,14214,0,,1,30,,14215,0,,1,70,,14217,0,,1,30,,14216,0,,1,72,,14219,0,,1,28,,14218,0,,1,72,,14220,0,,1,28,,14222,0,,1,70,,14223,0,,1,30,,14221,0,,1,72,,14226,0,,1,28,,14224,0,,1,72,,14227,0,,1,28,,14225,0,,1,70,,14228,0,,1
5302,'260105-MULTI-Saturday-01',545,,14236,0,,1,75,,14246,0,,1,30,,14234,0,,1,70,,14243,0,,1,30,,14231,0,,1,70,,14247,0,,1,30,,14241,0,,1,71,,14244,0,,1,30,,14242,0,,1,70,,14245,0,,1,30,,14238,0,,1,70,,14248,0,,1,30,,14239,0,,1,72,,14249,0,,1,27,,14235,0,,1,73,,14250,0,,1,27,,14233,0,,1,73,,14251,0,,1,27,,14230,0,,1,73,,14252,0,,1,27,,14237,0,,1,73,,14253,0,,1,27,,14232,0,,1,73,,14254,0,,1,27,,14229,0,,1,73,,14255,0,,1,27,,14240,0,,1
5302,'260105-MULTI-Sunday-01',820,,14256,0,,1,30,,14257,0,,1,71,,14258,0,,1,30,,14259,0,,1,70,,14260,0,,1,30,,14261,0,,1,70,,14263,0,,1,30,,14262,0,,1,72,,14264,0,,1,30,,14265,0,,1,70,,14267,0,,1,30,,14266,0,,1,72,,14269,0,,1,28,,14268,0,,1,72,,14270,0,,1,28,,14272,0,,1,70,,14273,0,,1,30,,14271,0,,1,72,,14276,0,,1,28,,14274,0,,1,72,,14277,0,,1,28,,14275,0,,1,70,,14278,0,,1
5302,'260105-MULTI-Weekday-01',512,,14279,0,,1,20,,14280,0,,1,25,,14281,0,,1,69,,14282,0,,1,22,,14283,0,,1,68,,14284,0,,1,22,,14285,0,,1,67,,14286,0,,1,21,,14287,0,,1,27,,14288,0,,1,70,,14289,0,,1,29,,14291,0,,1,71,,14292,0,,1,29,,14293,0,,1,72,,14290,0,,1,27,,14294,0,,1,70,,14295,0,,1,28,,14297,0,,1,73,,14299,0,,1,31,,14296,0,,1,71,,14300,0,,1,30,,14298,0,,1,64,,14301,0,,1,18,,14303,0,,1,73,,14304,0,,1,25,,14305,0,,1,25,,14302,0,,1,64,,14306,0,,1,25,,14307,0,,1,65,,14308,0,,1,24,,14309,0,,1,69,,14310,0,,1,21,,14311,0,,1,75,,14312,0,,1,27,,14313,0,,1,30,,14314,0,,1,68,,14315,0,,1,30,,14316,0,,1,72,,14318,0,,1,25,,14319,0,,1,72,,14320,0,,1,28,,14321,0,,1,69,,14317,0,,1,33,,14322,0,,1
