1204,'251229-MULTI-Saturday-01',614,,6010,0,,1,40,,6008,0,,1,80,,6009,0,,1,80,,6011,0,,1,40,,6012,0,,1,80,,6013,0,,1,81,,6014,0,,1,40,,6015,0,,1,80,,6017,0,,1,80,,6016,0,,1,40,,6019,0,,1,80,,6018,0,,1,81,,6021,0,,1,40,,6020,0,,1,80,,6022,0,,1,80,,6023,0,,1,40,,6025,0,,1,78,,6024,0,,1,80,,6026,0,,1,40,,6027,0,,1,80,,6028,0,,1,81,,6030,0,,1,40,,6032,0,,1,80,,6029,0,,1,80,,6031,0,,1,40,,6033,0,,1,77,,6034,0,,1,80,,6035,0,,1,40,,6036,0,,1
1204,'251229-MULTI-Sunday-01',829,,6042,0,,1,82,,6037,0,,1,39,,6040,0,,1,80,,6041,0,,1,80,,6038,0,,1,40,,6039,0,,1,80,,6043,0,,1,80,,6045,0,,1,41,,6044,0,,1,80,,6047,0,,1,83,,6046,0,,1,40,,6049,0,,1,78,,6048,0,,1,80,,6050,0,,1,40,,6051,0,,1,80,,6052,0,,1,79,,6053,0,,1,38,,6054,0,,1,79,,6055,0,,1,80,,6056,0,,1,40,,6057,0,,1,79,,6058,0,,1,80,,6059,0,,1
1204,'260105-MULTI-Holiday1-01',829,,6065,0,,1,82,,6060,0,,1,39,,6063,0,,1,80,,6064,0,,1,80,,6061,0,,1,40,,6062,0,,1,80,,6066,0,,1,80,,6068,0,,1,41,,6067,0,,1,84,,6070,0,,1,79,,6069,0,,1,40,,6072,0,,1,78,,6071,0,,1,80,,6073,0,,1,40,,6074,0,,1,80,,6075,0,,1,79,,6076,0,,1,38,,6077,0,,1,79,,6078,0,,1,80,,6079,0,,1,40,,6080,0,,1,79,,6081,0,,1,80,,6082,0,,1
1204,'260105-MULTI-Saturday-01',614,,6085,0,,1,40,,6083,0,,1,80,,6084,0,,1,80,,6086,0,,1,40,,6087,0,,1,80,,6088,0,,1,81,,6089,0,,1,40,,6090,0,,1,80,,6092,0,,1,80,,6091,0,,1,40,,6094,0,,1,80,,6093,0,,1,81,,6095,0,,1,40,,6096,0,,1,80,,6097,0,,1,80,,6098,0,,1,40,,6100,0,,1,78,,6099,0,,1,80,,6101,0,,1,40,,6102,0,,1,80,,6103,0,,1,81,,6105,0,,1,40,,6107,0,,1,80,,6104,0,,1,80,,6106,0,,1,40,,6108,0,,1,77,,6109,0,,1,80,,6110,0,,1,40,,6111,0,,1
1204,'260105-MULTI-Sunday-01',829,,6117,0,,1,82,,6112,0,,1,39,,6115,0,,1,80,,6116,0,,1,80,,6113,0,,1,40,,6114,0,,1,80,,6118,0,,1,80,,6120,0,,1,41,,6119,0,,1,84,,6122,0,,1,79,,6121,0,,1,40,,6124,0,,1,78,,6123,0,,1,80,,6125,0,,1,40,,6126,0,,1,80,,6127,0,,1,79,,6128,0,,1,38,,6129,0,,1,79,,6130,0,,1,80,,6131,0,,1,40,,6132,0,,1,79,,6133,0,,1,80,,6134,0,,1
1204,'260105-MULTI-Weekday-01',557,,6135,0,,1,80,,6136,0,,1,79,,6137,0,,1,35,,6138,0,,1,77,,6139,0,,1,29,,6140,0,,1,72,,6141,0,,1,71,,6142,0,,1,39,,6143,0,,1,84,,6144,0,,1,77,,6145,0,,1,46,,6146,0,,1,83,,6147,0,,1,87,,6148,0,,1,42,,6149,0,,1,93,,6159,0,,1,75,,6160,0,,1,27,,6161,0,,1,68,,6162,0,,1,34,,6163,0,,1,67,,6164,0,,1,34,,6165,0,,1,63,,6158,0,,1,30,,6154,0,,1,79,,6150,0,,1,86,,6155,0,,1,86,,6151,0,,1,44,,6156,0,,1,85,,6152,0,,1,79,,6157,0,,1,46,,6153,0,,1
1404,'251229-MULTI-Saturday-01',529,,6659,0,,1,20,,6660,0,,1,60,,6661,0,,1,20,,6662,0,,1,20,,6664,0,,1,60,,6665,0,,1,20,,6666,0,,1,20,,6663,0,,1,60,,6667,0,,1,20,,6668,0,,1,20,,6669,0,,1,60,,6670,0,,1,20,,6671,0,,1,20,,6672,0,,1,60,,6675,0,,1,15,,6677,0,,1,15,,6673,0,,1,15,,6679,0,,1,55,,6674,0,,1,15,,6680,0,,1,15,,6676,0,,1,15,,6681,0,,1,55,,6678,0,,1,15,,6682,0,,1,15,,6683,0,,1,15,,6684,0,,1,55,,6685,0,,1,15,,6686,0,,1,15,,6687,0,,1,15,,6689,0,,1,55,,6690,0,,1,15,,6691,0,,1,15,,6688,0,,1,15,,6692,0,,1,55,,6693,0,,1,15,,6695,0,,1,15,,6696,0,,1,15,,6697,0,,1,55,,6694,0,,1,15,,6698,0,,1,15,,6699,0,,1,15,,6700,0,,1,55,,6701,0,,1,15,,6702,0,,1,15,,6703,0,,1,15,,6704,0,,1,55,,6705,0,,1,15,,6706,0,,1,15,,6707,0,,1,15,,6708,0,,1,55,,6709,0,,1,20,,6711,0,,1,20,,6712,0,,1,60,,6714,0,,1,20,,6715,0,,1,20,,6716,0,,1,59,,6713,0,,1,20,,6717,0,,1,20,,6718,0,,1,60,,6719,0,,1,20,,6720,0,,1,20,,6721,0,,1,59,,6722,0,,1,20,,6723,0,,1,20,,6724,0,,1,60,,6725,0,,1,20,,6726,0,,1,20,,6710,0,,1
1404,'251229-MULTI-Sunday-01',556,,6728,0,,1,60,,6739,0,,1,20,,6738,0,,1,20,,6740,0,,1,60,,6741,0,,1,20,,6742,0,,1,20,,6743,0,,1,60,,6744,0,,1,20,,6746,0,,1,20,,6747,0,,1,56,,6770,0,,1,15,,6748,0,,1,20,,6749,0,,1,61,,6750,0,,1,20,,6751,0,,1,20,,6745,0,,1,60,,6752,0,,1,20,,6753,0,,1,20,,6754,0,,1,60,,6755,0,,1,20,,6756,0,,1,20,,6757,0,,1,60,,6758,0,,1,20,,6759,0,,1,20,,6761,0,,1,59,,6762,0,,1,20,,6763,0,,1,20,,6760,0,,1,59,,6764,0,,1,20,,6765,0,,1,20,,6766,0,,1,60,,6767,0,,1,20,,6768,0,,1,20,,6769,0,,1,60,,6733,0,,1,20,,6735,0,,1,20,,6737,0,,1,60,,6736,0,,1,20,,6732,0,,1,20,,6734,0,,1,60,,6774,0,,1,20,,6775,0,,1,20,,6776,0,,1,60,,6777,0,,1,20,,6778,0,,1,20,,6779,0,,1,60,,6772,0,,1,20,,6773,0,,1,20,,6771,0,,1,65,,6730,0,,1,35,,6729,0,,1,75,,6731,0,,1,26,,6727,0,,1
1404,'260105-MULTI-Holiday1-01',556,,6781,0,,1,60,,6792,0,,1,20,,6791,0,,1,20,,6793,0,,1,60,,6794,0,,1,20,,6795,0,,1,20,,6796,0,,1,60,,6798,0,,1,20,,6800,0,,1,20,,6797,0,,1,56,,6823,0,,1,15,,6801,0,,1,20,,6802,0,,1,61,,6803,0,,1,20,,6804,0,,1,20,,6799,0,,1,60,,6805,0,,1,20,,6806,0,,1,20,,6807,0,,1,60,,6808,0,,1,20,,6809,0,,1,20,,6810,0,,1,60,,6811,0,,1,20,,6812,0,,1,20,,6814,0,,1,59,,6815,0,,1,20,,6816,0,,1,20,,6813,0,,1,59,,6817,0,,1,20,,6818,0,,1,20,,6819,0,,1,60,,6820,0,,1,20,,6821,0,,1,20,,6822,0,,1,60,,6786,0,,1,20,,6788,0,,1,20,,6790,0,,1,60,,6789,0,,1,20,,6785,0,,1,20,,6787,0,,1,60,,6827,0,,1,20,,6828,0,,1,20,,6829,0,,1,60,,6830,0,,1,20,,6831,0,,1,20,,6832,0,,1,60,,6825,0,,1,20,,6826,0,,1,20,,6824,0,,1,65,,6783,0,,1,35,,6782,0,,1,75,,6784,0,,1,26,,6780,0,,1
1404,'260105-MULTI-Saturday-01',529,,6833,0,,1,20,,6834,0,,1,60,,6835,0,,1,20,,6836,0,,1,20,,6838,0,,1,60,,6839,0,,1,20,,6840,0,,1,20,,6837,0,,1,60,,6841,0,,1,20,,6842,0,,1,20,,6843,0,,1,60,,6844,0,,1,20,,6845,0,,1,20,,6846,0,,1,60,,6849,0,,1,15,,6851,0,,1,15,,6847,0,,1,15,,6853,0,,1,55,,6848,0,,1,15,,6854,0,,1,15,,6850,0,,1,15,,6855,0,,1,55,,6852,0,,1,15,,6856,0,,1,15,,6858,0,,1,15,,6859,0,,1,55,,6860,0,,1,15,,6857,0,,1,15,,6861,0,,1,15,,6863,0,,1,55,,6864,0,,1,15,,6865,0,,1,15,,6862,0,,1,15,,6866,0,,1,55,,6867,0,,1,15,,6869,0,,1,15,,6870,0,,1,15,,6871,0,,1,55,,6868,0,,1,15,,6872,0,,1,15,,6873,0,,1,15,,6874,0,,1,55,,6875,0,,1,15,,6876,0,,1,15,,6877,0,,1,15,,6878,0,,1,55,,6879,0,,1,15,,6880,0,,1,15,,6881,0,,1,15,,6882,0,,1,55,,6883,0,,1,20,,6885,0,,1,20,,6886,0,,1,60,,6888,0,,1,20,,6889,0,,1,20,,6890,0,,1,59,,6887,0,,1,20,,6891,0,,1,20,,6892,0,,1,60,,6893,0,,1,20,,6894,0,,1,20,,6895,0,,1,59,,6896,0,,1,20,,6897,0,,1,20,,6898,0,,1,60,,6899,0,,1,20,,6900,0,,1,20,,6884,0,,1
1404,'260105-MULTI-Sunday-01',556,,6902,0,,1,60,,6913,0,,1,20,,6912,0,,1,20,,6914,0,,1,60,,6915,0,,1,20,,6916,0,,1,20,,6917,0,,1,60,,6919,0,,1,20,,6921,0,,1,20,,6918,0,,1,56,,6944,0,,1,15,,6922,0,,1,20,,6923,0,,1,61,,6924,0,,1,20,,6925,0,,1,20,,6920,0,,1,60,,6926,0,,1,20,,6927,0,,1,20,,6928,0,,1,60,,6929,0,,1,20,,6930,0,,1,20,,6931,0,,1,60,,6932,0,,1,20,,6933,0,,1,20,,6935,0,,1,59,,6936,0,,1,20,,6937,0,,1,20,,6934,0,,1,59,,6938,0,,1,20,,6939,0,,1,20,,6940,0,,1,60,,6941,0,,1,20,,6942,0,,1,20,,6943,0,,1,60,,6907,0,,1,20,,6909,0,,1,20,,6911,0,,1,60,,6910,0,,1,20,,6906,0,,1,20,,6908,0,,1,60,,6948,0,,1,20,,6949,0,,1,20,,6950,0,,1,60,,6951,0,,1,20,,6952,0,,1,20,,6953,0,,1,60,,6946,0,,1,20,,6947,0,,1,20,,6945,0,,1,65,,6904,0,,1,35,,6903,0,,1,75,,6905,0,,1,26,,6901,0,,1
1404,'260105-MULTI-Weekday-01',417,,6954,0,,1,19,,7043,0,,1,11,,7044,0,,1,7,,6955,0,,1,55,,6956,0,,1,8,,7013,0,,1,8,,7015,0,,1,8,,7014,0,,1,8,,7016,0,,1,8,,7017,0,,1,8,,7018,0,,1,48,,7019,0,,1,8,,7021,0,,1,5,,7042,0,,1,3,,7022,0,,1,8,,7024,0,,1,8,,7020,0,,1,8,,7025,0,,1,8,,7026,0,,1,48,,7023,0,,1,8,,7027,0,,1,8,,7028,0,,1,8,,7029,0,,1,8,,7030,0,,1,8,,7031,0,,1,8,,7032,0,,1,9,,7033,0,,1,48,,7034,0,,1,8,,7035,0,,1,8,,7036,0,,1,8,,7037,0,,1,8,,7038,0,,1,8,,7039,0,,1,8,,7040,0,,1,47,,6957,0,,1,13,,6986,0,,1,12,,7050,0,,1,17,,7051,0,,1,10,,7047,0,,1,55,,7046,0,,1,15,,7049,0,,1,15,,7045,0,,1,15,,7048,0,,1,55,,6991,0,,1,16,,6988,0,,1,14,,7052,0,,1,13,,6992,0,,1,57,,6990,0,,1,20,,6989,0,,1,21,,6987,0,,1,56,,6994,0,,1,19,,6995,0,,1,11,,6996,0,,1,11,,6993,0,,1,12,,6997,0,,1,51,,6999,0,,1,11,,7000,0,,1,11,,7001,0,,1,11,,6998,0,,1,11,,7002,0,,1,50,,7004,0,,1,10,,7005,0,,1,11,,7006,0,,1,11,,7003,0,,1,11,,7007,0,,1,11,,7008,0,,1,51,,7009,0,,1,11,,7010,0,,1,11,,7011,0,,1,11,,7012,0,,1,11,,6965,0,,1,51,,6960,0,,1,11,,6963,0,,1,11,,6958,0,,1,11,,6959,0,,1,11,,6961,0,,1,11,,6964,0,,1,44,,7041,0,,1,6,,6971,0,,1,11,,6977,0,,1,11,,6962,0,,1,11,,6978,0,,1,11,,6972,0,,1,52,,6979,0,,1,13,,6968,0,,1,20,,6973,0,,1,20,,6981,0,,1,60,,6966,0,,1,20,,6980,0,,1,20,,6974,0,,1,60,,6982,0,,1,20,,6967,0,,1,20,,6975,0,,1,69,,6985,0,,1,30,,6969,0,,1,60,,7053,0,,1,10,,6984,0,,1,30,,6976,0,,1,70,,6983,0,,1,30,,6970,0,,1
