'251229-MULTI-Saturday-01',1904,81000,0,'',1,10100,0,'',1,10000,0,'',1,10000,0,'',1,10000,0,'',1,10000,0,'',1,10000,0,'',1,10000,0,'',1,10000,0,'',1,10000,0,'',1,10000,0,'',1,10000,0,'',1
'251229-MULTI-Sunday-01',1904,84200,0,'',1,9900,0,'',1,10000,0,'',1,10100,0,'',1,10100,0,'',1,9900,0,'',1,10000,0,'',1,10000,0,'',1,10000,0,'',1,10000,0,'',1,10000,0,'',1,10000,0,'',1
'260105-MULTI-Holiday1-01',1904,84200,0,'',1,9900,0,'',1,10000,0,'',1,10100,0,'',1,10100,0,'',1,9900,0,'',1,10000,0,'',1,10000,0,'',1,10000,0,'',1,10000,0,'',1,10000,0,'',1,10000,0,'',1
'260105-MULTI-Saturday-01',1904,81000,0,'',1,10100,0,'',1,10000,0,'',1,10000,0,'',1,10000,0,'',1,10000,0,'',1,10000,0,'',1,10000,0,'',1,10000,0,'',1,10000,0,'',1,10000,0,'',1,10000,0,'',1
'260105-MULTI-Sunday-01',1904,84200,0,'',1,9900,0,'',1,10000,0,'',1,10100,0,'',1,10100,0,'',1,9900,0,'',1,10000,0,'',1,10000,0,'',1,10000,0,'',1,10000,0,'',1,10000,0,'',1,10000,0,'',1
'260105-MULTI-Weekday-01',1904,55000,0,'',1,8000,0,'',1,8000,0,'',1,4000,0,'',1,8000,0,'',1,8000,0,'',1,10000,0,'',1,10000,0,'',1,10000,0,'',1,10000,0,'',1,10000,0,'',1,10200,0,'',1,4500,0,'',1,7500,0,'',1,8000,0,'',1,4000,0,'',1,7900,0,'',1,8000,0,'',1,4000,0,'',1
'251229-MULTI-Saturday-01',3200,83600,0,'',1,8500,0,'',1,9600,0,'',1,9000,0,'',1,5000,0,'',1,9000,0,'',1,9300,0,'',1,9000,0,'',1,9000,0,'',1,9100,0,'',1,9000,0,'',1,5000,0,'',1,8800,0,'',1,8700,0,'',1,9000,0,'',1
'251229-MULTI-Sunday-01',3200,83200,0,'',1,9000,0,'',1,9000,0,'',1,9000,0,'',1,5000,0,'',1,9300,0,'',1,9200,0,'',1,9100,0,'',1,9100,0,'',1,9200,0,'',1,8900,0,'',1,5000,0,'',1,9000,0,'',1,8700,0,'',1,8600,0,'',1,8900,0,'',1
'260105-MULTI-Holiday1-01',3200,83200,0,'',1,9000,0,'',1,9000,0,'',1,9000,0,'',1,5000,0,'',1,9300,0,'',1,9200,0,'',1,9100,0,'',1,9100,0,'',1,9200,0,'',1,8900,0,'',1,5000,0,'',1,9000,0,'',1,8700,0,'',1,8600,0,'',1,8900,0,'',1
'260105-MULTI-Saturday-01',3200,83600,0,'',1,8500,0,'',1,9600,0,'',1,9000,0,'',1,5000,0,'',1,9000,0,'',1,9300,0,'',1,9000,0,'',1,9000,0,'',1,9100,0,'',1,9000,0,'',1,5000,0,'',1,8800,0,'',1,8700,0,'',1,9000,0,'',1
'260105-MULTI-Sunday-01',3200,83200,0,'',1,9000,0,'',1,9000,0,'',1,9000,0,'',1,5000,0,'',1,9300,0,'',1,9200,0,'',1,9100,0,'',1,9100,0,'',1,9200,0,'',1,8900,0,'',1,5000,0,'',1,9000,0,'',1,8700,0,'',1,8600,0,'',1,8900,0,'',1
'260105-MULTI-Weekday-01',3200,63800,0,'',1,7400,0,'',1,3400,0,'',1,7600,0,'',1,3400,0,'',1,7600,0,'',1,9600,0,'',1,8800,0,'',1,9000,0,'',1,5000,0,'',1,9100,0,'',1,9500,0,'',1,1400,0,'',1,4600,0,'',1,1500,0,'',1,2300,0,'',1,1600,0,'',1,7400,0,'',1,7400,0,'',1,3200,0,'',1,7600,0,'',1,3400,0,'',1,7400,0,'',1,3400,0,'',1,7900,0,'',1
