'251229-MULTI-Saturday-01',403,64400,4,'',1,6400,4,'',1,2400,4,'',1,2400,4,'',1,6500,4,'',1,2400,4,'',1,6400,4,'',1,2600,4,'',1,2400,4,'',1,6300,4,'',1,2400,4,'',1,6400,4,'',1,2400,4,'',1,2500,4,'',1,6400,4,'',1,2400,4,'',1,6400,4,'',1,2500,4,'',1,6400,4,'',1,2400,4,'',1,2400,4,'',1,6500,4,'',1,2400,4,'',1,1800,4,'',1,6400,4,'',1,2700,4,'',1,6400,4,'',1,2400,4,'',1,2500,4,'',1,6400,4,'',1,2400,4,'',1,6400,4,'',1,3700,4,'',1,6900,4,'',1,2800,4,'',1,6900,4,'',1,2900,4,'',1,7000,4,'',1,3000,4,'',1,7000,4,'',1,2900,4,'',1,7000,4,'',1,3300,4,'',1,7100,4,'',1
'251229-MULTI-Saturday-01',404,60100,0,'',1,2400,0,'',1,2400,0,'',1,6400,0,'',1,2400,0,'',1,6400,0,'',1,2400,0,'',1,2400,0,'',1,6400,0,'',1,2400,0,'',1,6400,0,'',1,2400,0,'',1,2400,0,'',1,6400,0,'',1,2400,0,'',1,6400,0,'',1,2400,0,'',1,2400,0,'',1,6400,0,'',1,2600,0,'',1,6400,0,'',1,2400,0,'',1,2400,0,'',1,6400,0,'',1,2400,0,'',1,6200,0,'',1,2400,0,'',1,2400,0,'',1,6400,0,'',1,2400,0,'',1,6400,0,'',1,2400,0,'',1,2400,0,'',1,7000,0,'',1,3000,0,'',1,7000,0,'',1,3000,0,'',1,7000,0,'',1,3000,0,'',1,6600,0,'',1,3000,0,'',1,7000,0,'',1,3000,0,'',1,7000,0,'',1
'251229-MULTI-Sunday-01',403,75000,4,'',1,7000,4,'',1,3100,4,'',1,7000,4,'',1,3000,4,'',1,7000,4,'',1,2900,4,'',1,7000,4,'',1,3100,4,'',1,7000,4,'',1,3100,4,'',1,7000,4,'',1,3000,4,'',1,7000,4,'',1,3100,4,'',1,7100,4,'',1,3000,4,'',1,7000,4,'',1,3200,4,'',1,7300,4,'',1,3000,4,'',1,7000,4,'',1,2800,4,'',1,7000,4,'',1,3000,4,'',1,7000,4,'',1,2900,4,'',1,6700,4,'',1,2800,4,'',1,6900,4,'',1,3100,4,'',1,7000,4,'',1,3000,4,'',1,7000,4,'',1,3000,4,'',1,7000,4,'',1
'251229-MULTI-Sunday-01',404,63600,0,'',1,6400,0,'',1,3000,0,'',1,7000,0,'',1,3000,0,'',1,7000,0,'',1,3000,0,'',1,7000,0,'',1,3000,0,'',1,7000,0,'',1,3000,0,'',1,7000,0,'',1,3000,0,'',1,7000,0,'',1,3000,0,'',1,7000,0,'',1,3000,0,'',1,7000,0,'',1,3000,0,'',1,7000,0,'',1,3000,0,'',1,7000,0,'',1,3000,0,'',1,7000,0,'',1,3000,0,'',1,7000,0,'',1,3000,0,'',1,7000,0,'',1,3000,0,'',1,7000,0,'',1,3000,0,'',1,7000,0,'',1,2300,0,'',1,3000,0,'',1,7000,0,'',1,3000,0,'',1,7000,0,'',1
'260105-MULTI-Holiday1-01',403,75000,4,'',1,7000,4,'',1,3100,4,'',1,7000,4,'',1,3000,4,'',1,7000,4,'',1,2900,4,'',1,7000,4,'',1,3100,4,'',1,7000,4,'',1,3100,4,'',1,7000,4,'',1,3000,4,'',1,7000,4,'',1,3100,4,'',1,7100,4,'',1,3000,4,'',1,7000,4,'',1,3200,4,'',1,7300,4,'',1,3000,4,'',1,7000,4,'',1,2800,4,'',1,7000,4,'',1,3000,4,'',1,7000,4,'',1,2900,4,'',1,6700,4,'',1,2800,4,'',1,6900,4,'',1,3100,4,'',1,7000,4,'',1,3000,4,'',1,7000,4,'',1,3000,4,'',1,7000,4,'',1
'260105-MULTI-Holiday1-01',404,63600,0,'',1,6400,0,'',1,3000,0,'',1,7000,0,'',1,3000,0,'',1,7000,0,'',1,3000,0,'',1,7000,0,'',1,3000,0,'',1,7000,0,'',1,3000,0,'',1,7000,0,'',1,3000,0,'',1,7000,0,'',1,3000,0,'',1,7000,0,'',1,3000,0,'',1,7000,0,'',1,3000,0,'',1,7000,0,'',1,3000,0,'',1,7000,0,'',1,3000,0,'',1,7000,0,'',1,3000,0,'',1,7000,0,'',1,3000,0,'',1,7000,0,'',1,3000,0,'',1,7000,0,'',1,3000,0,'',1,7000,0,'',1,2300,0,'',1,3000,0,'',1,7000,0,'',1,3000,0,'',1,7000,0,'',1
'260105-MULTI-Saturday-01',403,64400,4,'',1,6400,4,'',1,2400,4,'',1,2400,4,'',1,6500,4,'',1,2400,4,'',1,6400,4,'',1,2600,4,'',1,2400,4,'',1,6300,4,'',1,2400,4,'',1,6400,4,'',1,2400,4,'',1,2500,4,'',1,6400,4,'',1,2400,4,'',1,6400,4,'',1,2500,4,'',1,6400,4,'',1,2400,4,'',1,2400,4,'',1,6500,4,'',1,2400,4,'',1,1800,4,'',1,6400,4,'',1,2700,4,'',1,6400,4,'',1,2400,4,'',1,2500,4,'',1,6400,4,'',1,2400,4,'',1,6400,4,'',1,3700,4,'',1,6900,4,'',1,2800,4,'',1,6900,4,'',1,2900,4,'',1,7000,4,'',1,3000,4,'',1,7000,4,'',1,2900,4,'',1,7000,4,'',1,3300,4,'',1,7100,4,'',1
'260105-MULTI-Saturday-01',404,60100,0,'',1,2400,0,'',1,2400,0,'',1,6400,0,'',1,2400,0,'',1,6400,0,'',1,2400,0,'',1,2400,0,'',1,6400,0,'',1,2400,0,'',1,6400,0,'',1,2400,0,'',1,2400,0,'',1,6400,0,'',1,2400,0,'',1,6400,0,'',1,2400,0,'',1,2400,0,'',1,6400,0,'',1,2600,0,'',1,6400,0,'',1,2400,0,'',1,2400,0,'',1,6400,0,'',1,2400,0,'',1,6200,0,'',1,2400,0,'',1,2400,0,'',1,6400,0,'',1,2400,0,'',1,6400,0,'',1,2400,0,'',1,2400,0,'',1,7000,0,'',1,3000,0,'',1,7000,0,'',1,3000,0,'',1,7000,0,'',1,3000,0,'',1,6600,0,'',1,3000,0,'',1,7000,0,'',1,3000,0,'',1,7000,0,'',1
'260105-MULTI-Sunday-01',403,75000,4,'',1,7000,4,'',1,3100,4,'',1,7000,4,'',1,3000,4,'',1,7000,4,'',1,2900,4,'',1,7000,4,'',1,3100,4,'',1,7000,4,'',1,3100,4,'',1,7000,4,'',1,3000,4,'',1,7000,4,'',1,3100,4,'',1,7100,4,'',1,3000,4,'',1,7000,4,'',1,3200,4,'',1,7300,4,'',1,3000,4,'',1,7000,4,'',1,2800,4,'',1,7000,4,'',1,3000,4,'',1,7000,4,'',1,2900,4,'',1,6700,4,'',1,2800,4,'',1,6900,4,'',1,3100,4,'',1,7000,4,'',1,3000,4,'',1,7000,4,'',1,3000,4,'',1,7000,4,'',1
'260105-MULTI-Sunday-01',404,63600,0,'',1,6400,0,'',1,3000,0,'',1,7000,0,'',1,3000,0,'',1,7000,0,'',1,3000,0,'',1,7000,0,'',1,3000,0,'',1,7000,0,'',1,3000,0,'',1,7000,0,'',1,3000,0,'',1,7000,0,'',1,3000,0,'',1,7000,0,'',1,3000,0,'',1,7000,0,'',1,3000,0,'',1,7000,0,'',1,3000,0,'',1,7000,0,'',1,3000,0,'',1,7000,0,'',1,3000,0,'',1,7000,0,'',1,3000,0,'',1,7000,0,'',1,3000,0,'',1,7000,0,'',1,3000,0,'',1,7000,0,'',1,2300,0,'',1,3000,0,'',1,7000,0,'',1,3000,0,'',1,7000,0,'',1
'260105-MULTI-Weekday-01',403,53900,4,'',1,6300,4,'',1,2100,4,'',1,1800,4,'',1,6100,4,'',1,2200,4,'',1,2100,4,'',1,6000,4,'',1,2000,4,'',1,2000,4,'',1,6000,4,'',1,1900,4,'',1,1900,4,'',1,6000,4,'',1,1900,4,'',1,2000,4,'',1,6000,4,'',1,2000,4,'',1,2200,4,'',1,5800,4,'',1,2100,4,'',1,2000,4,'',1,6000,4,'',1,2400,4,'',1,2000,4,'',1,5800,4,'',1,1800,4,'',1,2100,4,'',1,6000,4,'',1,2500,4,'',1,1800,4,'',1,6000,4,'',1,2000,4,'',1,2000,4,'',1,6000,4,'',1,2000,4,'',1,2100,4,'',1,6200,4,'',1,2000,4,'',1,2000,4,'',1,6300,4,'',1,2000,4,'',1,2000,4,'',1,5600,4,'',1,2000,4,'',1,1900,4,'',1,6600,4,'',1,2300,4,'',1,6400,4,'',1,2400,4,'',1,2300,4,'',1,6400,4,'',1,2400,4,'',1,6400,4,'',1,2400,4,'',1,2400,4,'',1,6400,4,'',1,2400,4,'',1,6400,4,'',1
'260105-MULTI-Weekday-01',404,42500,0,'',1,2000,0,'',1,6000,0,'',1,2000,0,'',1,2000,0,'',1,6100,0,'',1,1900,0,'',1,2000,0,'',1,6300,0,'',1,2100,0,'',1,2200,0,'',1,6000,0,'',1,2300,0,'',1,1700,0,'',1,6000,0,'',1,1800,0,'',1,1700,0,'',1,6000,0,'',1,2200,0,'',1,1800,0,'',1,6000,0,'',1,2000,0,'',1,2200,0,'',1,5800,0,'',1,2000,0,'',1,2000,0,'',1,6200,0,'',1,2400,0,'',1,2400,0,'',1,5600,0,'',1,1900,0,'',1,2100,0,'',1,6000,0,'',1,2400,0,'',1,1600,0,'',1,6000,0,'',1,2000,0,'',1,2000,0,'',1,6000,0,'',1,2000,0,'',1,1800,0,'',1,6200,0,'',1,2000,0,'',1,2000,0,'',1,6400,0,'',1,2400,0,'',1,6400,0,'',1,2600,0,'',1,2000,0,'',1,6600,0,'',1,2400,0,'',1,6400,0,'',1,2400,0,'',1,2400,0,'',1,6200,0,'',1,2400,0,'',1,6400,0,'',1,2400,0,'',1,2400,0,'',1,6600,0,'',1,2400,0,'',1
