'251229-MULTI-Saturday-01',404,54900,0,'C',1,5600,0,'C',1,2400,0,'C',1,2400,0,'C',1,6400,0,'C',1,2400,0,'C',1,6400,0,'C',1,2400,0,'C',1,2400,0,'C',1,6400,0,'C',1,2400,0,'C',1,6400,0,'C',1,2400,0,'C',1,2400,0,'C',1,6400,0,'C',1,2400,0,'C',1,6400,0,'C',1,2400,0,'C',1,2400,0,'C',1,6500,0,'C',1,2400,0,'C',1,6400,0,'C',1,2400,0,'C',1,2400,0,'C',1,6400,0,'C',1,2400,0,'C',1,6400,0,'C',1,2400,0,'C',1,2400,0,'C',1,6400,0,'C',1,2400,0,'C',1,6400,0,'C',1,2400,0,'C',1,2400,0,'C',1,7400,0,'C',1,3000,0,'C',1,6900,0,'C',1,3000,0,'C',1,7000,0,'C',1,3000,0,'C',1,6600,0,'C',1,3000,0,'C',1,7000,0,'C',1,3000,0,'C',1,7000,0,'C',1
'251229-MULTI-Sunday-01',404,61100,0,'C',1,3200,0,'C',1,6400,0,'C',1,3000,0,'C',1,7000,0,'C',1,3000,0,'C',1,7000,0,'C',1,3000,0,'C',1,7000,0,'C',1,3000,0,'C',1,7000,0,'C',1,3000,0,'C',1,7000,0,'C',1,3000,0,'C',1,7000,0,'C',1,3000,0,'C',1,7000,0,'C',1,3000,0,'C',1,7000,0,'C',1,3000,0,'C',1,7000,0,'C',1,3000,0,'C',1,7000,0,'C',1,3000,0,'C',1,7100,0,'C',1,3000,0,'C',1,6900,0,'C',1,3000,0,'C',1,7000,0,'C',1,3100,0,'C',1,7000,0,'C',1,3000,0,'C',1,7000,0,'C',1,2400,0,'C',1,6900,0,'C',1,3000,0,'C',1,7000,0,'C',1,3000,0,'C',1
'260105-MULTI-Holiday1-01',404,61100,0,'C',1,3200,0,'C',1,6400,0,'C',1,3000,0,'C',1,7000,0,'C',1,3000,0,'C',1,7000,0,'C',1,3000,0,'C',1,7000,0,'C',1,3000,0,'C',1,7000,0,'C',1,3000,0,'C',1,7000,0,'C',1,3000,0,'C',1,7000,0,'C',1,3000,0,'C',1,7000,0,'C',1,3000,0,'C',1,7000,0,'C',1,3000,0,'C',1,7000,0,'C',1,3000,0,'C',1,7000,0,'C',1,3000,0,'C',1,7100,0,'C',1,3000,0,'C',1,6900,0,'C',1,3000,0,'C',1,7000,0,'C',1,3100,0,'C',1,7000,0,'C',1,3000,0,'C',1,7000,0,'C',1,2400,0,'C',1,6900,0,'C',1,3000,0,'C',1,7000,0,'C',1,3000,0,'C',1
'260105-MULTI-Saturday-01',404,54900,0,'C',1,5600,0,'C',1,2400,0,'C',1,2400,0,'C',1,6400,0,'C',1,2400,0,'C',1,6400,0,'C',1,2400,0,'C',1,2400,0,'C',1,6400,0,'C',1,2400,0,'C',1,6400,0,'C',1,2400,0,'C',1,2400,0,'C',1,6400,0,'C',1,2400,0,'C',1,6400,0,'C',1,2400,0,'C',1,2400,0,'C',1,6500,0,'C',1,2400,0,'C',1,6400,0,'C',1,2400,0,'C',1,2400,0,'C',1,6400,0,'C',1,2400,0,'C',1,6400,0,'C',1,2400,0,'C',1,2400,0,'C',1,6400,0,'C',1,2400,0,'C',1,6400,0,'C',1,2400,0,'C',1,2400,0,'C',1,7400,0,'C',1,3000,0,'C',1,6900,0,'C',1,3000,0,'C',1,7000,0,'C',1,3000,0,'C',1,6600,0,'C',1,3000,0,'C',1,7000,0,'C',1,3000,0,'C',1,7000,0,'C',1
'260105-MULTI-Sunday-01',404,61100,0,'C',1,3200,0,'C',1,6400,0,'C',1,3000,0,'C',1,7000,0,'C',1,3000,0,'C',1,7000,0,'C',1,3000,0,'C',1,7000,0,'C',1,3000,0,'C',1,7000,0,'C',1,3000,0,'C',1,7000,0,'C',1,3000,0,'C',1,7000,0,'C',1,3000,0,'C',1,7000,0,'C',1,3000,0,'C',1,7000,0,'C',1,3000,0,'C',1,7000,0,'C',1,3000,0,'C',1,7000,0,'C',1,3000,0,'C',1,7100,0,'C',1,3000,0,'C',1,6900,0,'C',1,3000,0,'C',1,7000,0,'C',1,3100,0,'C',1,7000,0,'C',1,3000,0,'C',1,7000,0,'C',1,2400,0,'C',1,6900,0,'C',1,3000,0,'C',1,7000,0,'C',1,3000,0,'C',1
'260105-MULTI-Weekday-01',404,40700,0,'C',1,2000,0,'C',1,2000,0,'C',1,6000,0,'C',1,2000,0,'C',1,2000,0,'C',1,6000,0,'C',1,2000,0,'C',1,2000,0,'C',1,6300,0,'C',1,2200,0,'C',1,2100,0,'C',1,6100,0,'C',1,1800,0,'C',1,2200,0,'C',1,5700,0,'C',1,1700,0,'C',1,2000,0,'C',1,6200,0,'C',1,1800,0,'C',1,2000,0,'C',1,6000,0,'C',1,2000,0,'C',1,2000,0,'C',1,6400,0,'C',1,1600,0,'C',1,2400,0,'C',1,6300,0,'C',1,1900,0,'C',1,2100,0,'C',1,6000,0,'C',1,2000,0,'C',1,2000,0,'C',1,6000,0,'C',1,2000,0,'C',1,2000,0,'C',1,5900,0,'C',1,2100,0,'C',1,2000,0,'C',1,6000,0,'C',1,2000,0,'C',1,2000,0,'C',1,6100,0,'C',1,2000,0,'C',1,2000,0,'C',1,6400,0,'C',1,2400,0,'C',1,6400,0,'C',1,2600,0,'C',1,2200,0,'C',1,6200,0,'C',1,2600,0,'C',1,6500,0,'C',1,2400,0,'C',1,2100,0,'C',1,6600,0,'C',1,2400,0,'C',1,6400,0,'C',1,2400,0,'C',1,2400,0,'C',1,6400,0,'C',1
'251229-MULTI-Saturday-01',501,44200,0,'',1,8100,0,'',1,1500,0,'',1,6300,0,'',1,3200,0,'',1,7000,0,'',1,3000,0,'',1,7000,0,'',1,3000,0,'',1,7000,0,'',1,3000,0,'',1,7000,0,'',1,3900,0,'',1,7000,0,'',1,3000,0,'',1,7000,0,'',1,3000,0,'',1,7000,0,'',1,3000,0,'',1,7000,0,'',1,3000,0,'',1,7000,0,'',1,3000,0,'',1,7000,0,'',1,3000,0,'',1,7000,0,'',1,3000,0,'',1,7000,0,'',1,3000,0,'',1,7000,0,'',1,2700,0,'',1,6900,0,'',1,2500,0,'',1,7000,0,'',1,3000,0,'',1,7000,0,'',1,3000,0,'',1,7000,0,'',1,3000,0,'',1,7000,0,'',1,3000,0,'',1
'251229-MULTI-Sunday-01',501,60100,0,'',1,3000,0,'',1,7000,0,'',1,3000,0,'',1,7000,0,'',1,3000,0,'',1,7000,0,'',1,3000,0,'',1,7000,0,'',1,3000,0,'',1,7000,0,'',1,3000,0,'',1,7000,0,'',1,3000,0,'',1,7000,0,'',1,4000,0,'',1,7000,0,'',1,3000,0,'',1,7000,0,'',1,3000,0,'',1,7000,0,'',1,3000,0,'',1,7000,0,'',1,3000,0,'',1,7000,0,'',1,3000,0,'',1,7000,0,'',1,3000,0,'',1,7000,0,'',1,3000,0,'',1,7000,0,'',1,3000,0,'',1,6100,0,'',1,3000,0,'',1,7000,0,'',1
'260105-MULTI-Holiday1-01',501,60100,0,'',1,3000,0,'',1,7000,0,'',1,3000,0,'',1,7000,0,'',1,3000,0,'',1,7000,0,'',1,3000,0,'',1,7000,0,'',1,3000,0,'',1,7000,0,'',1,3000,0,'',1,7000,0,'',1,3000,0,'',1,7000,0,'',1,4000,0,'',1,7000,0,'',1,3000,0,'',1,7000,0,'',1,3000,0,'',1,7000,0,'',1,3000,0,'',1,7000,0,'',1,3000,0,'',1,7000,0,'',1,3000,0,'',1,7000,0,'',1,3000,0,'',1,7000,0,'',1,3000,0,'',1,7000,0,'',1,3000,0,'',1,6700,0,'',1,2400,0,'',1,7000,0,'',1
'260105-MULTI-Saturday-01',501,44200,0,'',1,6700,0,'',1,2600,0,'',1,6600,0,'',1,3200,0,'',1,7000,0,'',1,3000,0,'',1,6800,0,'',1,3200,0,'',1,7300,0,'',1,3200,0,'',1,7000,0,'',1,3400,0,'',1,7000,0,'',1,3600,0,'',1,7000,0,'',1,2400,0,'',1,7000,0,'',1,3000,0,'',1,7000,0,'',1,3000,0,'',1,7000,0,'',1,3000,0,'',1,7000,0,'',1,3000,0,'',1,7000,0,'',1,3000,0,'',1,7000,0,'',1,3000,0,'',1,7000,0,'',1,2700,0,'',1,6900,0,'',1,2500,0,'',1,6800,0,'',1,3200,0,'',1,7000,0,'',1,2800,0,'',1,2500,0,'',1,7000,0,'',1,3000,0,'',1,7000,0,'',1
'260105-MULTI-Sunday-01',501,60100,0,'',1,3000,0,'',1,7000,0,'',1,3000,0,'',1,7000,0,'',1,3000,0,'',1,7000,0,'',1,3000,0,'',1,7000,0,'',1,3000,0,'',1,7000,0,'',1,3000,0,'',1,7000,0,'',1,3000,0,'',1,7000,0,'',1,4000,0,'',1,7000,0,'',1,3000,0,'',1,7000,0,'',1,3000,0,'',1,7000,0,'',1,3000,0,'',1,7000,0,'',1,3000,0,'',1,7000,0,'',1,3000,0,'',1,7000,0,'',1,3000,0,'',1,7000,0,'',1,3000,0,'',1,7000,0,'',1,3000,0,'',1,6700,0,'',1,2400,0,'',1,7000,0,'',1
'260105-MULTI-Weekday-01',501,40100,0,'',1,2000,0,'',1,2000,0,'',1,6000,0,'',1,2000,0,'',1,2000,0,'',1,6000,0,'',1,1400,0,'',1,1400,0,'',1,700,0,'',1,700,0,'',1,1400,0,'',1,5400,0,'A',1,1400,0,'',1,1400,0,'A',1,1400,0,'',1,5400,0,'A',1,1400,0,'',1,1400,0,'A',1,1400,0,'',1,6000,0,'A',1,2000,0,'',1,2000,0,'A',1,6000,0,'',1,2000,0,'A',1,2000,0,'',1,6000,0,'A',1,2000,0,'',1,2000,0,'A',1,6000,0,'',1,2000,0,'A',1,2000,0,'',1,6000,0,'A',1,2000,0,'',1,2000,0,'A',1,5100,0,'',1,1500,0,'A',1,1300,0,'',1,1300,0,'A',1,1300,0,'',1,5400,0,'A',1,1200,0,'',1,1300,0,'A',1,1300,0,'',1,1300,0,'A',1,5300,0,'',1,1300,0,'A',1,1300,0,'',1,1300,0,'A',1,5300,0,'',1,1300,0,'A',1,1300,0,'',1,1300,0,'A',1,1300,0,'',1,5300,0,'A',1,1300,0,'',1,1300,0,'A',1,1300,0,'',1,5300,0,'A',1,3200,0,'',1,6800,0,'',1,3000,0,'',1,1900,0,'',1,5100,0,'',1,2500,0,'',1,500,0,'',1,7800,0,'',1,2500,0,'',1,7200,0,'',1,2900,0,'',1,8100,0,'',1,2700,0,'',1
'251229-MULTI-Saturday-01',901,70100,0,'',1,5000,0,'',1,9000,0,'',1,9000,0,'',1,9000,0,'',1,9000,0,'',1,9000,0,'',1,5000,0,'',1,9000,0,'',1,9000,0,'',1,9000,0,'',1,9000,0,'',1,9000,0,'',1,5000,0,'',1,9000,0,'',1
'251229-MULTI-Sunday-01',901,75100,0,'',1,10500,0,'',1,14500,0,'',1,10500,0,'',1,10500,0,'',1,10500,0,'',1,10500,0,'',1,10500,0,'',1,10700,0,'',1,10700,0,'',1,10600,0,'',1
'260105-MULTI-Holiday1-01',901,75100,0,'',1,10500,0,'',1,14500,0,'',1,10500,0,'',1,10500,0,'',1,10500,0,'',1,10500,0,'',1,10500,0,'',1,10700,0,'',1,10700,0,'',1,10600,0,'',1
'260105-MULTI-Saturday-01',901,70100,0,'',1,5000,0,'',1,9000,0,'',1,9000,0,'',1,9000,0,'',1,9000,0,'',1,9000,0,'',1,5000,0,'',1,9000,0,'',1,9000,0,'',1,9000,0,'',1,9000,0,'',1,9000,0,'',1,5000,0,'',1,9000,0,'',1
'260105-MULTI-Sunday-01',901,75100,0,'',1,10500,0,'',1,14500,0,'',1,10500,0,'',1,10500,0,'',1,10500,0,'',1,10500,0,'',1,10500,0,'',1,10700,0,'',1,10700,0,'',1,10600,0,'',1
'260105-MULTI-Weekday-01',901,50100,0,'',1,3400,0,'',1,7400,0,'',1,3400,0,'',1,6300,0,'',1,3900,0,'',1,7600,0,'',1,8500,0,'',1,4800,0,'',1,8200,0,'',1,8700,0,'',1,8600,0,'',1,4200,0,'',1,8300,0,'',1,7200,0,'',1,3500,0,'',1,7800,0,'',1,3500,0,'',1,7500,0,'',1,7500,0,'',1,3700,0,'',1,7500,0,'',1,3500,0,'',1,7900,0,'',1,8100,0,'',1,4500,0,'',1
'260105-MULTI-Weekday-01',21500,72200,0,'',1
