502,'Holiday1',732,,15763,,,1,70,,15758,,,1,30,,15754,,,1,70,,15748,,,1,39,,15764,,,1,72,,15756,,,1,30,,15750,,,1,64,,15749,,,1,29,,15761,,,1,67,,15757,,,1,30,,15751,,,1,70,,15752,,,1,33,,15755,,,1,71,,15765,,,1,34,,15760,,,1,75,,15759,,,1,30,,15762,,,1,70,,15766,,,1,30,,15767,,,1,70,,15768,,,1,30,,15769,,,1,69,,15771,,,1,30,,15770,,,1,71,,15772,,,1,30,,15774,,,1,70,,15773,,,1,29,,15775,,,1,70,,15776,,,1,29,,15777,,,1,69,,15778,,,1,30,,15780,,,1,63,,15782,,,1,29,,15783,,,1,70,,15779,,,1,29,,15781,,,1
502,'Saturday',615,,15785,,,1,27,,15786,,,1,71,,15823,,,1,30,,15787,,,1,70,,15788,,,1,36,,15789,,,1,71,,15790,,,1,29,,15791,,,1,71,,15792,,,1,30,,15793,,,1,70,,15812,,,1,32,,15813,,,1,94,,15811,,,1,75,,15815,,,1,30,,15817,,,1,70,,15814,,,1,30,,15818,,,1,70,,15816,,,1,30,,15820,,,1,70,,15821,,,1,30,,15822,,,1,70,,15819,,,1,30,,15808,,,1,70,,15810,,,1,30,,15807,,,1,68,,15809,,,1,25,,15806,,,1,66,,15794,,,1,26,,15795,,,1,68,,15796,,,1,32,,15797,,,1,68,,15798,,,1,34,,15799,,,1,71,,15800,,,1,30,,15801,,,1,70,,15803,,,1,30,,15802,,,1,70,,15805,,,1,30,,15804,,,1
502,'Sunday',732,,15841,,,1,70,,15834,,,1,30,,15830,,,1,70,,15824,,,1,39,,15839,,,1,72,,15832,,,1,30,,15826,,,1,64,,15825,,,1,29,,15837,,,1,67,,15833,,,1,30,,15827,,,1,70,,15828,,,1,33,,15831,,,1,71,,15840,,,1,34,,15836,,,1,75,,15835,,,1,30,,15838,,,1,70,,15842,,,1,30,,15843,,,1,70,,15844,,,1,30,,15845,,,1,69,,15847,,,1,30,,15846,,,1,71,,15848,,,1,30,,15850,,,1,70,,15849,,,1,29,,15851,,,1,70,,15852,,,1,29,,15853,,,1,69,,15854,,,1,30,,15856,,,1,63,,15857,,,1,29,,15858,,,1,70,,15855,,,1,29,,15859,,,1
502,'Weekday',505,,15864,,,1,24,,15862,,,1,19,,15863,,,1,58,,15861,,,1,15,,15860,,,1,14,,15868,,,1,14,,15867,,,1,54,,15866,,,1,15,,15865,,,1,18,,15870,0,5,1,5,,15873,,,1,63,,15871,0,5,1,10,,15874,,,1,18,,15872,0,5,1,10,,15875,,,1,58,,15869,0,5,1,10,,15876,,,1,29,,15877,0,5,1,17,,15879,,,1,63,,15885,0,5,1,17,,15878,,,1,23,,15887,0,5,1,57,,15880,,,1,23,,15889,0,5,1,17,,15881,,,1,63,,15886,0,5,1,17,,15882,,,1,64,,15890,0,5,1,16,,15883,,,1,25,,15888,0,5,1,15,,15884,,,1,64,,15892,0,5,1,13,,15893,,,1,16,,15904,0,5,1,10,,15894,,,1,57,,15905,0,5,1,10,,15891,,,1,17,,15906,0,5,1,9,,15895,,,1,57,,15907,0,5,1,10,,15896,,,1,17,,15908,0,5,1,10,,15897,,,1,56,,15909,0,5,1,10,,15899,,,1,17,,15910,0,5,1,9,,15900,,,1,15,,15911,0,5,1,51,,15901,,,1,14,,15912,0,5,1,9,,15898,,,1,15,,15913,0,5,1,11,,15902,,,1,53,,15914,0,5,1,11,,15903,,,1,20,,15915,0,5,1,12,,15919,,,1,58,,15920,,,1,20,,15925,,,1,27,,15929,,,1,78,,15917,,,1,80,,15923,,,1,23,,15927,,,1,6,,15921,,,1,60,,15922,,,1,5,,15924,,,1,29,,15931,,,1,14,,15916,,,1,65,,15928,,,1,31,,15930,,,1,65,,15926,,,1,31,,15918,,,1
3503,'Holiday1',831,,22176,,,1,85,,22175,,,1,86,,22183,,,1,47,,22178,,,1,85,,22180,,,1,85,,22182,,,1,85,,22177,,,1,45,,22184,,,1,85,,22174,,,1,85,,22179,,,1,85,,22181,,,1,45,,22186,,,1,85,,22187,,,1,85,,22189,,,1,85,,22188,,,1,45,,22185,,,1
3503,'Saturday',848,,22192,,,1,86,,22190,,,1,85,,22193,,,1,85,,22191,,,1,46,,22195,,,1,85,,22194,,,1,85,,22197,,,1,85,,22198,,,1,45,,22199,,,1,85,,22196,,,1,85,,22200,,,1,85,,22202,,,1,45,,22203,,,1,84,,22201,,,1,85,,22204,,,1,85,,22205,,,1,45,,22206,,,1
3503,'Sunday',831,,22209,,,1,85,,22208,,,1,86,,22216,,,1,47,,22211,,,1,85,,22213,,,1,85,,22215,,,1,85,,22210,,,1,45,,22217,,,1,85,,22207,,,1,85,,22212,,,1,85,,22214,,,1,45,,22218,,,1,85,,22219,,,1,85,,22222,,,1,85,,22220,,,1,45,,22221,,,1
3503,'Weekday',607,,22223,,,1,38,,22227,,,1,75,,22224,,,1,36,,22246,,,1,75,,22231,,,1,75,,22242,,,1,33,,22249,,,1,75,,22254,,,1,35,,22248,,,1,75,,22226,,,1,80,,22247,,,1,31,,22245,,,1,76,,22250,,,1,33,,22243,,,1,75,,22252,,,1,35,,22253,,,1,75,,22244,,,1,77,,22234,,,1,36,,22233,,,1,75,,22229,,,1,35,,22239,,,1,74,,22235,,,1,74,,22238,,,1,33,,22232,,,1,74,,22228,,,1,34,,22236,,,1,75,,22237,,,1,34,,22240,,,1,74,,22241,,,1,35,,22225,,,1,75,,22230,,,1,75,,22251,,,1
21101,'Weekday',737,,24874,,,1
50502,'Holiday1',957,,26255,,,1,56,,26259,,,1,16,,26260,,,1,16,,26258,,,1,56,,26263,,,1,16,,26261,,,1,16,,26265,,,1,16,,26262,,,1,56,,26266,,,1,16,,26267,,,1,16,,26264,,,1,16,,26269,,,1,56,,26270,,,1,20,,26272,,,1,18,,26268,,,1,12,,26273,,,1,57,,26271,,,1,16,,26276,,,1,16,,26277,,,1,57,,26275,,,1,16,,26274,,,1,16,,26278,,,1,16,,26279,,,1,55,,26280,,,1,16,,26281,,,1,16,,26282,,,1,16,,26283,,,1,56,,26284,,,1,15,,26285,,,1,16,,26286,,,1,16,,26256,,,1,56,,26257,,,1
50502,'Saturday',849,,26287,,,1,56,,26288,,,1,16,,26293,,,1,16,,26294,,,1,16,,26295,,,1,57,,26297,,,1,18,,26298,,,1,16,,26299,,,1,56,,26301,,,1,16,,26296,,,1,16,,26302,,,1,16,,26303,,,1,56,,26300,,,1,16,,26305,,,1,16,,26306,,,1,16,,26308,,,1,57,,26309,,,1,16,,26304,,,1,14,,26310,,,1,18,,26311,,,1,55,,26291,,,1,16,,26313,,,1,16,,26314,,,1,56,,26316,,,1,16,,26317,,,1,17,,26318,,,1,18,,26315,,,1,55,,26319,,,1,16,,26320,,,1,16,,26321,,,1,16,,26323,,,1,57,,26324,,,1,15,,26325,,,1,16,,26326,,,1,16,,26322,,,1,55,,26312,,,1,16,,26292,,,1,16,,26289,,,1,56,,26307,,,1,16,,26290,,,1
50502,'Sunday',957,,26327,,,1,56,,26331,,,1,16,,26332,,,1,16,,26330,,,1,56,,26335,,,1,16,,26333,,,1,16,,26337,,,1,16,,26334,,,1,56,,26338,,,1,16,,26339,,,1,16,,26336,,,1,16,,26341,,,1,56,,26342,,,1,20,,26344,,,1,18,,26340,,,1,12,,26345,,,1,57,,26343,,,1,16,,26347,,,1,16,,26348,,,1,57,,26346,,,1,16,,26349,,,1,16,,26350,,,1,16,,26351,,,1,55,,26352,,,1,16,,26353,,,1,16,,26354,,,1,16,,26355,,,1,56,,26356,,,1,15,,26357,,,1,16,,26358,,,1,16,,26328,,,1,56,,26329,,,1
50502,'Weekday',655,,26359,,,1,50,,26360,0,5,1,8,,26364,,,1,18,,26365,,,1,9,,26361,0,5,1,9,,26366,,,1,59,,26367,,,1,17,,26368,,,1,9,,26362,0,5,1,9,,26369,,,1,58,,26370,,,1,10,,26363,0,5,1,8,,26371,,,1,15,,26372,,,1,22,,26373,,,1,46,,26405,0,5,1,20,,26374,,,1,15,,26406,0,5,1,9,,26375,,,1,63,,26376,,,1,18,,26407,0,5,1,8,,26377,,,1,20,,26378,,,1,55,,26379,,,1,7,,26404,0,5,1,17,,26380,,,1,23,,26381,,,1,45,,26409,0,5,1,21,,26382,,,1,24,,26384,,,1,6,,26410,0,5,1,59,,26385,,,1,22,,26411,0,5,1,3,,26386,,,1,64,,26383,,,1,20,,26387,,,1,9,,26408,0,5,1,8,,26388,,,1,20,,26389,,,1,60,,26390,,,1,8,,26412,0,5,1,12,,26391,,,1,18,,26393,,,1,59,,26394,,,1,7,,26413,0,5,1,12,,26395,,,1,18,,26392,,,1,58,,26396,,,1,5,,26414,0,5,1,12,,26397,,,1,17,,26398,,,1,62,,26415,0,5,1,3,,26399,,,1,20,,26400,,,1,21,,26401,,,1,6,,26416,0,5,1,56,,26402,,,1,26,,26403,,,1,7,,26417,0,5,1
