'251229-MULTI-Saturday-01',901,70000,0,'',1,5000,0,'',1,9000,0,'',1,9000,0,'',1,9000,0,'',1,9000,0,'',1,9000,0,'',1,5000,0,'',1,9000,0,'',1,9000,0,'',1,9000,0,'',1,9000,0,'',1,9000,0,'',1,5000,0,'',1,9000,0,'',1
'251229-MULTI-Saturday-01',902,81400,4,'',1,9000,4,'',1,5400,4,'',1,9000,4,'',1,9000,4,'',1,9000,4,'',1,9000,4,'',1,9000,4,'',1,5000,4,'',1,9200,4,'',1,9200,4,'',1,9000,4,'',1,8800,4,'',1,8700,4,'',1,5000,4,'',1
'251229-MULTI-Sunday-01',901,75000,0,'',1,10500,0,'',1,14500,0,'',1,10500,0,'',1,10500,0,'',1,10500,0,'',1,10500,0,'',1,10500,0,'',1,10700,0,'',1,10700,0,'',1,10600,0,'',1
'251229-MULTI-Sunday-01',902,84800,4,'',1,10500,4,'',1,14700,4,'',1,10500,4,'',1,10500,4,'',1,10500,4,'',1,10800,4,'',1,10500,4,'',1,10700,4,'',1,10600,4,'',1,10700,4,'',1
'260105-MULTI-Holiday1-01',901,75000,0,'',1,10500,0,'',1,14500,0,'',1,10500,0,'',1,10500,0,'',1,10500,0,'',1,10500,0,'',1,10500,0,'',1,10700,0,'',1,10700,0,'',1,10600,0,'',1
'260105-MULTI-Holiday1-01',902,84800,4,'',1,10500,4,'',1,14700,4,'',1,10500,4,'',1,10500,4,'',1,10500,4,'',1,10800,4,'',1,10500,4,'',1,10700,4,'',1,10600,4,'',1,10700,4,'',1
'260105-MULTI-Saturday-01',901,70000,0,'',1,5000,0,'',1,9000,0,'',1,9000,0,'',1,9000,0,'',1,9000,0,'',1,9000,0,'',1,5000,0,'',1,9000,0,'',1,9000,0,'',1,9000,0,'',1,9000,0,'',1,9000,0,'',1,5000,0,'',1,9000,0,'',1
'260105-MULTI-Saturday-01',902,81400,4,'',1,9000,4,'',1,5400,4,'',1,9000,4,'',1,9000,4,'',1,9000,4,'',1,9000,4,'',1,9000,4,'',1,5000,4,'',1,9200,4,'',1,9200,4,'',1,9000,4,'',1,8800,4,'',1,8700,4,'',1,5000,4,'',1
'260105-MULTI-Sunday-01',901,75000,0,'',1,10500,0,'',1,14500,0,'',1,10500,0,'',1,10500,0,'',1,10500,0,'',1,10500,0,'',1,10500,0,'',1,10700,0,'',1,10700,0,'',1,10600,0,'',1
'260105-MULTI-Sunday-01',902,84800,4,'',1,10500,4,'',1,14700,4,'',1,10500,4,'',1,10500,4,'',1,10500,4,'',1,10800,4,'',1,10500,4,'',1,10700,4,'',1,10600,4,'',1,10700,4,'',1
'260105-MULTI-Weekday-01',901,50000,0,'',1,3400,0,'',1,7400,0,'',1,3400,0,'',1,6300,0,'',1,3900,0,'',1,7600,0,'',1,8500,0,'',1,4800,0,'',1,8200,0,'',1,8700,0,'',1,8600,0,'',1,4200,0,'',1,8300,0,'',1,7200,0,'',1,3500,0,'',1,7800,0,'',1,3500,0,'',1,7500,0,'',1,7500,0,'',1,3700,0,'',1,7500,0,'',1,3500,0,'',1,7900,0,'',1,8100,0,'',1,4500,0,'',1
'260105-MULTI-Weekday-01',902,65800,4,'',1,8000,4,'',1,7500,4,'',1,4500,4,'',1,9000,4,'',1,7800,4,'',1,8500,4,'',1,4500,4,'',1,8500,4,'',1,8800,4,'',1,2900,4,'',1,7500,4,'',1,7500,4,'',1,600,4,'',1,3300,4,'',1,7500,4,'',1,3500,4,'',1,7500,4,'',1,7500,4,'',1,3600,4,'',1,7700,4,'',1,8200,4,'',1,4700,4,'',1,8600,4,'',1,11700,4,'',1
