'251229-MULTI-Saturday-01',2301,62500,0,'',1,3000,0,'',1,6800,0,'',1,2800,0,'',1,6800,0,'',1,2800,0,'',1,6800,0,'',1,2800,0,'',1,6800,0,'',1,2800,0,'',1,6800,0,'',1,2800,0,'',1,6800,0,'',1,2800,0,'',1,2800,0,'',1,6800,0,'',1,2800,0,'',1,6900,0,'',1,2800,0,'',1,6700,0,'',1,2800,0,'',1,6800,0,'',1,2800,0,'',1,6800,0,'',1,3400,0,'',1,7900,0,'',1,3000,0,'',1,7100,0,'',1,3000,0,'',1,7000,0,'',1,3000,0,'',1,7000,0,'',1,3000,0,'',1,6900,0,'',1,3000,0,'',1,7000,0,'',1,3000,0,'',1,7000,0,'',1
'251229-MULTI-Sunday-01',2301,71500,0,'',1,3000,0,'',1,7000,0,'',1,2200,0,'',1,7000,0,'',1,3000,0,'',1,7200,0,'',1,2800,0,'',1,6800,0,'',1,2800,0,'',1,6800,0,'',1,2800,0,'',1,2800,0,'',1,6800,0,'',1,2800,0,'',1,6800,0,'',1,2800,0,'',1,6800,0,'',1,2800,0,'',1,6800,0,'',1,2800,0,'',1,6800,0,'',1,2800,0,'',1,6800,0,'',1,2800,0,'',1,6800,0,'',1,2800,0,'',1,2800,0,'',1,6800,0,'',1,2800,0,'',1,6700,0,'',1,2800,0,'',1
'260105-MULTI-Holiday1-01',2301,71500,0,'',1,3000,0,'',1,7000,0,'',1,2200,0,'',1,7000,0,'',1,3000,0,'',1,7200,0,'',1,2800,0,'',1,6800,0,'',1,2800,0,'',1,6800,0,'',1,2800,0,'',1,2800,0,'',1,6800,0,'',1,2800,0,'',1,6800,0,'',1,2800,0,'',1,6800,0,'',1,2800,0,'',1,6800,0,'',1,2800,0,'',1,6800,0,'',1,2800,0,'',1,6800,0,'',1,2800,0,'',1,6800,0,'',1,2800,0,'',1,2800,0,'',1,6800,0,'',1,2800,0,'',1,6700,0,'',1,2800,0,'',1
'260105-MULTI-Saturday-01',2301,62500,0,'',1,3000,0,'',1,6800,0,'',1,2800,0,'',1,6800,0,'',1,2800,0,'',1,6800,0,'',1,2800,0,'',1,6800,0,'',1,2800,0,'',1,6800,0,'',1,2800,0,'',1,6800,0,'',1,2800,0,'',1,2800,0,'',1,6800,0,'',1,2800,0,'',1,6900,0,'',1,2800,0,'',1,6700,0,'',1,2800,0,'',1,6800,0,'',1,2800,0,'',1,6800,0,'',1,3400,0,'',1,7900,0,'',1,3000,0,'',1,7100,0,'',1,3000,0,'',1,7000,0,'',1,3000,0,'',1,7000,0,'',1,3000,0,'',1,6900,0,'',1,3000,0,'',1,7000,0,'',1,3000,0,'',1,7000,0,'',1
'260105-MULTI-Sunday-01',2301,71500,0,'',1,3000,0,'',1,7000,0,'',1,2200,0,'',1,7000,0,'',1,3000,0,'',1,7200,0,'',1,2800,0,'',1,6800,0,'',1,2800,0,'',1,6800,0,'',1,2800,0,'',1,2800,0,'',1,6800,0,'',1,2800,0,'',1,6800,0,'',1,2800,0,'',1,6800,0,'',1,2800,0,'',1,6800,0,'',1,2800,0,'',1,6800,0,'',1,2800,0,'',1,6800,0,'',1,2800,0,'',1,6800,0,'',1,2800,0,'',1,2800,0,'',1,6800,0,'',1,2800,0,'',1,6700,0,'',1,2800,0,'',1
'260105-MULTI-Weekday-01',2301,41400,0,'',1,1500,0,'',1,1500,0,'',1,5600,0,'',1,1500,0,'',1,1500,0,'',1,1500,0,'',1,1400,0,'',1,5600,0,'',1,1500,0,'',1,1500,0,'',1,5500,0,'',1,1500,0,'',1,1500,0,'',1,1500,0,'',1,5600,0,'',1,1500,0,'',1,1500,0,'',1,1500,0,'',1,5400,0,'',1,3100,0,'',1,7000,0,'',1,3000,0,'',1,7000,0,'',1,3000,0,'',1,7000,0,'',1,2700,0,'',1,3000,0,'',1,6800,0,'',1,2000,0,'',1,6000,0,'',1,1500,0,'',1,1500,0,'',1,1500,0,'',1,5400,0,'',1,1500,0,'',1,1500,0,'',1,1500,0,'',1,5500,0,'',1,1500,0,'',1,1500,0,'',1,1500,0,'',1,5500,0,'',1,1500,0,'',1,1500,0,'',1,1500,0,'',1,5500,0,'',1,1500,0,'',1,1500,0,'',1,1500,0,'',1,6000,0,'',1,3400,0,'',1,7400,0,'',1,3400,0,'',1,7400,0,'',1,7400,0,'',1,3400,0,'',1,7300,0,'',1,3400,0,'',1,7400,0,'',1
'251229-MULTI-Saturday-01',2603,70100,0,'',1,2300,0,'',1,3000,0,'',1,7000,0,'',1,3000,0,'',1,7000,0,'',1,3000,0,'',1,6900,0,'',1,3000,0,'',1,7000,0,'',1,3000,0,'',1,7000,0,'',1,3000,0,'',1,7100,0,'',1,3000,0,'',1,7000,0,'',1,3000,0,'',1,7000,0,'',1,3000,0,'',1,7000,0,'',1,3000,0,'',1,7000,0,'',1,3000,0,'',1,7000,0,'',1,3000,0,'',1,6900,0,'',1,3000,0,'',1,7000,0,'',1,3000,0,'',1,7000,0,'',1,3000,0,'',1
'251229-MULTI-Sunday-01',2603,70000,0,'',1,5400,0,'',1,10000,0,'',1,10000,0,'',1,9900,0,'',1,10000,0,'',1,10000,0,'',1,10100,0,'',1,10000,0,'',1,10000,0,'',1,10000,0,'',1,10000,0,'',1,10000,0,'',1,9900,0,'',1,10000,0,'',1
'260105-MULTI-Holiday1-01',2603,70000,0,'',1,5400,0,'',1,10000,0,'',1,10000,0,'',1,9900,0,'',1,10000,0,'',1,10000,0,'',1,10100,0,'',1,10000,0,'',1,10000,0,'',1,10000,0,'',1,10000,0,'',1,10000,0,'',1,9900,0,'',1,10000,0,'',1
'260105-MULTI-Saturday-01',2603,70100,0,'',1,2300,0,'',1,3000,0,'',1,7000,0,'',1,3000,0,'',1,7000,0,'',1,3000,0,'',1,6900,0,'',1,3000,0,'',1,7000,0,'',1,3000,0,'',1,7000,0,'',1,3000,0,'',1,7100,0,'',1,3000,0,'',1,7000,0,'',1,3000,0,'',1,7000,0,'',1,3000,0,'',1,7000,0,'',1,3000,0,'',1,7000,0,'',1,3000,0,'',1,7000,0,'',1,3000,0,'',1,6900,0,'',1,3000,0,'',1,7000,0,'',1,3000,0,'',1,7000,0,'',1,3000,0,'',1
'260105-MULTI-Sunday-01',2603,70000,0,'',1,5400,0,'',1,10000,0,'',1,10000,0,'',1,9900,0,'',1,10000,0,'',1,10000,0,'',1,10100,0,'',1,10000,0,'',1,10000,0,'',1,10000,0,'',1,10000,0,'',1,10000,0,'',1,9900,0,'',1,10000,0,'',1
'260105-MULTI-Weekday-01',2603,42700,0,'',1,2200,0,'',1,6200,0,'',1,2200,0,'',1,2200,0,'',1,6200,0,'',1,2200,0,'',1,6200,0,'',1,2200,0,'',1,2200,0,'',1,6200,0,'',1,2200,0,'',1,2200,0,'',1,6100,0,'',1,2200,0,'',1,2200,0,'',1,6200,0,'',1,2200,0,'',1,6200,0,'',1,2200,0,'',1,2200,0,'',1,6300,0,'',1,2200,0,'',1,2200,0,'',1,6200,0,'',1,2200,0,'',1,2200,0,'',1,6200,0,'',1,2200,0,'',1,6200,0,'',1,2200,0,'',1,2200,0,'',1,6200,0,'',1,2200,0,'',1,2200,0,'',1,6200,0,'',1,2500,0,'',1,5900,0,'',1,2200,0,'',1,2200,0,'',1,6200,0,'',1,2200,0,'',1,2200,0,'',1,6200,0,'',1,2200,0,'',1,2200,0,'',1,6200,0,'',1,2200,0,'',1,6300,0,'',1,2200,0,'',1,2200,0,'',1,6200,0,'',1,2200,0,'',1,2100,0,'',1,6200,0,'',1,2200,0,'',1
