1303,'Saturday',823,,4207,2,,,1,100,,4208,2,,,1,100,,4209,2,,,1,100,,4210,2,,,1,100,,4213,2,,,1,100,,4214,2,,,1,100,,4215,2,,,1,100,,4212,2,,,1,100,,4216,2,,,1,100,,4217,2,,,1,100,,4211,2,,,1,100,,4206,2,,,1
1303,'Weekday',453,,4220,2,,,1,82,,4221,2,,,1,82,,4222,2,,,1,85,,4218,2,,,1,47,,4219,2,,,1,85,,4223,2,,,1,88,,4224,2,,,1,83,,4225,2,,,1,43,,4226,2,,,1,87,,4227,2,,,1,84,,4228,2,,,1,82,,4229,2,,,1,44,,4230,2,,,1,90,,4232,2,,,1,87,,4233,2,,,1,83,,4234,2,,,1,49,,4231,2,,,1,83,,4235,2,,,1,86,,4236,2,,,1,80,,4237,2,,,1
1503,'Holiday1',719,,4848,10,0,6,1,40,,4817,10,0,6,1,70,,4818,10,0,6,1,30,,4816,10,0,6,1,70,,4819,10,0,6,1,30,,4820,10,0,6,1,70,,4821,10,0,6,1,30,,4822,10,0,6,1,70,,4826,10,0,6,1,30,,4823,10,0,6,1,70,,4827,10,0,6,1,30,,4824,10,0,6,1,70,,4830,10,0,6,1,30,,4825,10,0,6,1,70,,4831,10,0,6,1,30,,4828,10,0,6,1,70,,4829,10,0,6,1,30,,4832,10,0,6,1,70,,4833,10,0,6,1,30,,4834,10,0,6,1,70,,4835,10,0,6,1,30,,4836,10,0,6,1,70,,4837,10,0,6,1,30,,4838,10,0,6,1,70,,4839,10,0,6,1,30,,4840,10,0,6,1,70,,4841,10,0,6,1,30,,4843,10,0,6,1,70,,4844,10,0,6,1,30,,4845,10,0,6,1,70,,4842,10,0,6,1,30,,4846,10,0,6,1,70,,4847,10,0,6,1,30,,4851,10,0,6,1,70,,4850,10,0,6,1
1503,'Saturday',559,,4852,10,0,6,1,62,,4853,10,0,6,1,22,,4867,10,0,6,1,62,,4868,10,0,6,1,22,,4869,10,0,6,1,22,,4866,10,0,6,1,62,,4870,10,0,6,1,22,,4871,10,0,6,1,22,,4872,10,0,6,1,62,,4875,10,0,6,1,22,,4876,10,0,6,1,62,,4873,10,0,6,1,22,,4874,10,0,6,1,22,,4877,10,0,6,1,62,,4878,10,0,6,1,22,,4879,10,0,6,1,22,,4881,10,0,6,1,62,,4882,10,0,6,1,22,,4883,10,0,6,1,22,,4880,10,0,6,1,62,,4885,10,0,6,1,22,,4886,10,0,6,1,62,,4887,10,0,6,1,22,,4884,10,0,6,1,22,,4888,10,0,6,1,62,,4890,10,0,6,1,22,,4891,10,0,6,1,22,,4892,10,0,6,1,62,,4889,10,0,6,1,22,,4893,10,0,6,1,22,,4894,10,0,6,1,62,,4895,10,0,6,1,22,,4897,10,0,6,1,62,,4898,10,0,6,1,22,,4899,10,0,6,1,22,,4896,10,0,6,1,62,,4900,10,0,6,1,22,,4901,10,0,6,1,22,,4902,10,0,6,1,62,,4904,10,0,6,1,22,,4905,10,0,6,1,62,,4906,10,0,6,1,22,,4865,10,0,6,1,22,,4864,10,0,6,1,62,,4858,10,0,6,1,22,,4863,10,0,6,1,22,,4859,10,0,6,1,62,,4862,10,0,6,1,22,,4860,10,0,6,1,22,,4861,10,0,6,1,65,,4854,10,0,6,1,19,,4903,10,,,1,60,,4856,10,,,1,25,,4857,10,,,1
1503,'Sunday',719,,4939,10,0,6,1,40,,4908,10,0,6,1,70,,4909,10,0,6,1,30,,4907,10,0,6,1,70,,4910,10,0,6,1,30,,4911,10,0,6,1,70,,4912,10,0,6,1,30,,4913,10,0,6,1,70,,4916,10,0,6,1,30,,4917,10,0,6,1,70,,4918,10,0,6,1,30,,4914,10,0,6,1,70,,4921,10,0,6,1,30,,4915,10,0,6,1,70,,4922,10,0,6,1,30,,4919,10,0,6,1,70,,4920,10,0,6,1,30,,4923,10,0,6,1,70,,4924,10,0,6,1,30,,4925,10,0,6,1,70,,4926,10,0,6,1,30,,4927,10,0,6,1,70,,4928,10,0,6,1,30,,4929,10,0,6,1,70,,4930,10,0,6,1,30,,4931,10,0,6,1,70,,4932,10,0,6,1,30,,4934,10,0,6,1,70,,4935,10,0,6,1,30,,4936,10,0,6,1,70,,4933,10,0,6,1,30,,4937,10,0,6,1,70,,4938,10,0,6,1,30,,4942,10,0,6,1,70,,4941,10,0,6,1
1503,'Weekday',534,,4943,2,0,6,1,18,,4971,2,0,5,1,48,,5003,10,0,6,1,25,,4956,2,0,5,1,5,,4993,10,0,6,1,12,,5006,10,0,6,1,8,,4952,2,0,5,1,50,,4950,2,0,5,1,1,,5004,10,0,6,1,17,,4953,2,0,5,1,8,,4990,10,0,6,1,13,,4954,2,0,5,1,14,,4955,2,0,5,1,3,,4983,10,0,6,1,68,,4995,10,0,6,1,6,,4951,2,0,5,1,12,,4999,10,0,6,1,1,,4973,2,0,5,1,14,,4967,2,0,5,1,46,,4996,10,0,6,1,13,,4969,2,0,5,1,7,,4981,10,0,6,1,17,,4963,2,0,5,1,13,,5029,10,0,6,1,55,,5032,2,0,5,1,20,,5035,2,0,5,1,1,,5028,10,0,6,1,30,,5034,10,0,6,1,52,,5036,2,0,5,1,8,,5031,10,0,6,1,23,,5026,2,0,5,1,6,,5018,10,0,6,1,55,,5021,2,0,5,1,17,,5022,10,0,6,1,28,,5019,2,0,5,1,8,,5025,10,0,6,1,63,,5020,2,0,5,1,19,,5023,2,0,5,1,7,,5024,10,0,6,1,68,,4966,2,0,5,1,7,,4965,10,0,6,1,7,,4974,2,0,5,1,23,,4972,2,0,5,1,60,,4960,2,0,5,1,9,,5005,10,0,6,1,22,,4964,2,0,5,1,6,,4988,10,0,6,1,56,,4945,2,0,5,1,12,,4985,10,0,6,1,8,,4989,10,0,6,1,2,,4946,2,0,5,1,19,,4947,2,0,5,1,12,,4997,10,0,6,1,47,,4948,2,0,5,1,9,,4984,10,0,6,1,1,,4949,2,0,5,1,7,,4979,10,0,6,1,15,,4957,2,0,5,1,12,,4980,10,0,6,1,54,,4961,2,0,5,1,9,,5013,10,0,6,1,10,,4962,2,0,5,1,2,,5009,10,0,6,1,16,,4958,2,0,5,1,9,,5015,10,0,6,1,54,,4976,2,0,5,1,9,,4992,10,0,6,1,6,,4982,10,0,6,1,19,,5037,2,0,5,1,10,,5000,10,0,6,1,6,,5038,2,0,5,1,65,,4987,10,0,6,1,11,,5039,2,0,5,1,11,,4986,10,0,6,1,62,,4991,10,0,6,1,19,,5030,2,0,5,1,17,,4998,10,0,6,1,17,,5040,2,0,5,1,57,,5002,10,0,6,1,26,,5001,10,0,6,1,65,,4970,10,0,6,1,30,,5008,10,0,6,1,70,,5007,10,0,6,1,29,,5017,10,0,6,1,70,,4944,10,,,1,30,,5014,10,0,6,1,25,,5033,10,,,1,62,,5011,10,,,1
1603,'Holiday1',837,,5267,2,,,1,81,,5268,2,,,1,40,,5263,2,,,1,80,,5265,2,,,1,80,,5269,2,,,1,40,,5264,2,,,1,80,,5266,2,,,1,80,,5270,2,,,1,40,,5272,2,,,1,80,,5271,2,,,1,82,,5273,2,,,1,38,,5274,2,,,1,80,,5275,2,,,1,80,,5276,2,,,1,40,,5277,2,,,1,79,,5278,2,,,1,80,,5280,2,,,1,40,,5279,2,,,1,80,,5281,2,,,1,80,,5282,2,,,1,40,,5283,2,,,1,80,,5284,2,,,1
1603,'Saturday',622,,5286,2,,,1,80,,5287,2,,,1,40,,5285,2,,,1,80,,5288,2,,,1,80,,5290,2,,,1,40,,5289,2,,,1,80,,5291,2,,,1,81,,5292,2,,,1,40,,5293,2,,,1,80,,5294,2,,,1,80,,5295,2,,,1,40,,5296,2,,,1,80,,5297,2,,,1,80,,5298,2,,,1,40,,5299,2,,,1,80,,5300,2,,,1,80,,5302,2,,,1,40,,5303,2,,,1,80,,5301,2,,,1,79,,5304,2,,,1,40,,5305,2,,,1,80,,5306,2,,,1,80,,5308,2,,,1,40,,5307,2,,,1,80,,5309,2,,,1,80,,5310,2,,,1,40,,5312,2,,,1,80,,5311,2,,,1
1603,'Sunday',837,,5317,2,,,1,81,,5318,2,,,1,40,,5313,2,,,1,80,,5315,2,,,1,80,,5319,2,,,1,40,,5314,2,,,1,80,,5316,2,,,1,80,,5320,2,,,1,40,,5322,2,,,1,80,,5321,2,,,1,82,,5323,2,,,1,38,,5324,2,,,1,80,,5325,2,,,1,80,,5326,2,,,1,40,,5327,2,,,1,79,,5328,2,,,1,80,,5330,2,,,1,40,,5329,2,,,1,80,,5331,2,,,1,80,,5332,2,,,1,40,,5333,2,,,1,80,,5334,2,,,1
1603,'Weekday',548,,5335,2,,,1,84,,5339,2,,,1,72,,5340,2,,,1,30,,5341,2,,,1,77,,5338,2,,,1,34,,5342,2,,,1,74,,5343,2,,,1,31,,5336,2,,,1,73,,5337,2,,,1,86,,5360,2,,,1,45,,5361,2,,,1,87,,5362,2,,,1,86,,5363,2,,,1,87,,5364,2,,,1,88,,5365,2,,,1,23,,5345,2,,,1,27,,5346,2,,,1,72,,5347,2,,,1,35,,5348,2,,,1,71,,5349,2,,,1,70,,5350,2,,,1,31,,5351,2,,,1,27,,5352,2,,,1,65,,5353,2,,,1,30,,5354,2,,,1,85,,5355,2,,,1,83,,5356,2,,,1,87,,5357,2,,,1,45,,5358,2,,,1,85,,5359,2,,,1,85,,5344,2,,,1
