3104,'251229-MULTI-Saturday-01',818,,12041,0,,1,90,,12043,0,5,1,10,,12040,0,,1,89,,12032,0,,1,1,,12044,0,5,1,107,,12031,0,,1,1,,12045,0,5,1,104,,12033,0,,1,1,,12046,0,5,1,104,,12034,0,,1,1,,12047,0,5,1,103,,12035,0,,1,1,,12048,0,5,1,105,,12036,0,,1,1,,12049,0,5,1,104,,12037,0,,1,1,,12050,0,5,1,104,,12038,0,,1,1,,12051,0,5,1,103,,12039,0,,1,1,,12052,0,5,1,101,,12042,0,,1,1,,12053,0,5,1
3104,'251229-MULTI-Sunday-01',919,,12063,0,,1,92,,12062,0,,1,1,,12064,0,5,1,104,,12061,0,,1,1,,12065,0,5,1,104,,12060,0,,1,1,,12066,0,5,1,104,,12059,0,,1,1,,12067,0,5,1,104,,12058,0,,1,1,,12068,0,5,1,104,,12057,0,,1,1,,12069,0,5,1,104,,12054,0,,1,1,,12070,0,5,1,104,,12056,0,,1,1,,12071,0,5,1,104,,12055,0,,1,1,,12072,0,5,1
3104,'260105-MULTI-Holiday1-01',919,,12082,0,,1,92,,12081,0,,1,1,,12083,0,5,1,104,,12080,0,,1,1,,12084,0,5,1,104,,12079,0,,1,1,,12085,0,5,1,104,,12078,0,,1,1,,12086,0,5,1,104,,12077,0,,1,1,,12087,0,5,1,104,,12076,0,,1,1,,12088,0,5,1,104,,12073,0,,1,1,,12089,0,5,1,104,,12075,0,,1,1,,12090,0,5,1,104,,12074,0,,1,1,,12091,0,5,1
3104,'260105-MULTI-Saturday-01',818,,12102,0,,1,90,,12104,0,5,1,10,,12101,0,,1,89,,12093,0,,1,1,,12105,0,5,1,107,,12092,0,,1,1,,12106,0,5,1,104,,12094,0,,1,1,,12107,0,5,1,104,,12095,0,,1,1,,12109,0,5,1,103,,12096,0,,1,1,,12110,0,5,1,105,,12097,0,,1,1,,12108,0,5,1,104,,12098,0,,1,1,,12111,0,5,1,104,,12099,0,,1,1,,12112,0,5,1,103,,12100,0,,1,1,,12113,0,5,1,101,,12103,0,,1,1,,12114,0,5,1
3104,'260105-MULTI-Sunday-01',919,,12124,0,,1,92,,12123,0,,1,1,,12125,0,5,1,104,,12122,0,,1,1,,12126,0,5,1,104,,12121,0,,1,1,,12127,0,5,1,104,,12120,0,,1,1,,12128,0,5,1,104,,12119,0,,1,1,,12129,0,5,1,104,,12118,0,,1,1,,12130,0,5,1,104,,12115,0,,1,1,,12131,0,5,1,104,,12117,0,,1,1,,12132,0,5,1,104,,12116,0,,1,1,,12133,0,5,1
3104,'260105-MULTI-Weekday-01',514,,12135,0,,1,32,,12143,0,,1,73,,12166,0,5,1,1,,12144,0,,1,33,,12145,0,,1,71,,12167,0,5,1,1,,12142,0,,1,32,,12146,0,,1,71,,12168,0,5,1,1,,12147,0,,1,72,,12148,0,,1,31,,12169,0,5,1,1,,12149,0,,1,72,,12150,0,,1,31,,12151,0,,1,71,,12153,0,,1,32,,12154,0,,1,1,,12171,0,5,1,71,,12152,0,,1,32,,12156,0,,1,1,,12172,0,5,1,71,,12157,0,,1,32,,12155,0,,1,1,,12173,0,5,1,71,,12158,0,,1,32,,12159,0,,1,1,,12174,0,5,1,71,,12160,0,,1,32,,12161,0,,1,1,,12175,0,5,1,72,,12162,0,,1,72,,12163,0,,1,1,,12176,0,5,1,31,,12164,0,,1,72,,12165,0,,1,1,,12177,0,5,1,30,,12140,0,,1,67,,12178,0,5,1,4,,12141,0,,1,31,,12136,0,,1,74,,12179,0,5,1,4,,12134,0,,1,105,,12180,0,5,1,4,,12139,0,,1,100,,12137,0,,1,100,,12138,0,,1
5004,'251229-MULTI-Saturday-01',503,,13005,0,,1,40,,13003,0,,1,80,,12997,0,,1,80,,12991,0,,1,17,,13006,0,5,1,23,,12972,0,,1,62,,13007,0,5,1,19,,12973,0,,1,26,,13009,0,5,1,53,,12974,0,,1,31,,13010,0,5,1,14,,12975,0,,1,69,,13004,0,,1,3,,13008,0,5,1,24,,12976,0,,1,60,,13012,0,5,1,10,,12977,0,,1,30,,12979,0,,1,6,,13013,0,5,1,63,,12980,0,,1,21,,13014,0,5,1,9,,12981,0,,1,69,,12978,0,,1,8,,13011,0,5,1,22,,13001,0,,1,61,,13015,0,5,1,5,,12982,0,,1,34,,12983,0,,1,7,,13017,0,5,1,64,,12984,0,,1,22,,13018,0,5,1,8,,12986,0,,1,70,,13002,0,,1,7,,13019,0,5,1,23,,12987,0,,1,62,,13016,0,5,1,13,,12988,0,,1,25,,12985,0,,1,7,,13020,0,5,1,61,,12990,0,,1,21,,13022,0,5,1,13,,12995,0,,1,68,,12994,0,,1,7,,13023,0,5,1,21,,12992,0,,1,64,,13024,0,5,1,25,,12996,0,,1,20,,13021,0,5,1,52,,12989,0,,1,30,,13025,0,5,1,9,,12993,0,,1,71,,13026,0,5,1,11,,12998,0,,1,35,,12999,0,,1,46,,13027,0,5,1,36,,13000,0,,1,9,,13028,0,5,1
5004,'251229-MULTI-Sunday-01',713,,13058,0,,1,30,,13057,0,,1,13,,13059,0,5,1,56,,13051,0,,1,24,,13062,0,5,1,6,,13049,0,,1,71,,13056,0,,1,13,,13060,0,5,1,18,,13032,0,,1,56,,13061,0,5,1,14,,13033,0,,1,30,,13030,0,,1,12,,13063,0,5,1,57,,13053,0,,1,22,,13064,0,5,1,14,,13034,0,,1,59,,13029,0,,1,18,,13065,0,5,1,16,,13031,0,,1,60,,13066,0,5,1,17,,13052,0,,1,23,,13035,0,,1,14,,13067,0,5,1,56,,13036,0,,1,19,,13069,0,5,1,15,,13037,0,,1,66,,13054,0,,1,13,,13070,0,5,1,17,,13038,0,,1,60,,13071,0,5,1,16,,13039,0,,1,25,,13040,0,,1,13,,13068,0,5,1,57,,13055,0,,1,12,,13072,0,5,1,18,,13041,0,,1,70,,13042,0,,1,13,,13073,0,5,1,16,,13043,0,,1,66,,13074,0,5,1,21,,13044,0,,1,20,,13075,0,5,1,58,,13045,0,,1,26,,13078,0,5,1,15,,13047,0,,1,69,,13077,0,5,1,10,,13048,0,,1,78,,13046,0,,1,6,,13076,0,5,1,34,,13050,0,,1,10,,13080,0,5,1,80,,13079,0,5,1
5004,'260105-MULTI-Holiday1-01',713,,13110,0,,1,30,,13109,0,,1,13,,13111,0,5,1,56,,13103,0,,1,24,,13114,0,5,1,6,,13101,0,,1,71,,13108,0,,1,13,,13112,0,5,1,18,,13084,0,,1,56,,13113,0,5,1,14,,13085,0,,1,30,,13082,0,,1,12,,13115,0,5,1,57,,13105,0,,1,22,,13116,0,5,1,14,,13086,0,,1,59,,13081,0,,1,18,,13117,0,5,1,16,,13083,0,,1,60,,13118,0,5,1,17,,13104,0,,1,23,,13087,0,,1,14,,13119,0,5,1,56,,13088,0,,1,19,,13121,0,5,1,15,,13089,0,,1,66,,13106,0,,1,13,,13123,0,5,1,17,,13090,0,,1,60,,13124,0,5,1,16,,13091,0,,1,25,,13092,0,,1,13,,13120,0,5,1,57,,13107,0,,1,12,,13125,0,5,1,18,,13093,0,,1,70,,13094,0,,1,13,,13122,0,5,1,16,,13095,0,,1,66,,13126,0,5,1,21,,13096,0,,1,20,,13127,0,5,1,58,,13097,0,,1,26,,13130,0,5,1,15,,13099,0,,1,69,,13129,0,5,1,10,,13100,0,,1,78,,13098,0,,1,6,,13128,0,5,1,34,,13102,0,,1,10,,13132,0,5,1,80,,13131,0,5,1
5004,'260105-MULTI-Saturday-01',503,,13166,0,,1,40,,13162,0,,1,80,,13158,0,,1,80,,13152,0,,1,17,,13167,0,5,1,23,,13133,0,,1,62,,13168,0,5,1,19,,13134,0,,1,26,,13171,0,5,1,53,,13135,0,,1,31,,13169,0,5,1,14,,13136,0,,1,69,,13165,0,,1,3,,13170,0,5,1,24,,13137,0,,1,60,,13173,0,5,1,10,,13138,0,,1,30,,13140,0,,1,6,,13174,0,5,1,63,,13141,0,,1,21,,13175,0,5,1,9,,13142,0,,1,69,,13139,0,,1,8,,13172,0,5,1,22,,13163,0,,1,61,,13176,0,5,1,5,,13143,0,,1,34,,13144,0,,1,7,,13178,0,5,1,64,,13145,0,,1,22,,13179,0,5,1,8,,13147,0,,1,70,,13164,0,,1,7,,13180,0,5,1,23,,13148,0,,1,62,,13177,0,5,1,13,,13149,0,,1,25,,13146,0,,1,7,,13181,0,5,1,61,,13151,0,,1,21,,13183,0,5,1,13,,13156,0,,1,68,,13155,0,,1,7,,13184,0,5,1,21,,13153,0,,1,64,,13185,0,5,1,25,,13157,0,,1,20,,13182,0,5,1,52,,13150,0,,1,30,,13186,0,5,1,9,,13154,0,,1,71,,13187,0,5,1,11,,13159,0,,1,35,,13160,0,,1,46,,13188,0,5,1,36,,13161,0,,1,9,,13189,0,5,1
5004,'260105-MULTI-Sunday-01',713,,13219,0,,1,30,,13218,0,,1,13,,13220,0,5,1,56,,13212,0,,1,24,,13223,0,5,1,6,,13210,0,,1,71,,13217,0,,1,13,,13221,0,5,1,18,,13193,0,,1,56,,13222,0,5,1,14,,13194,0,,1,30,,13191,0,,1,12,,13224,0,5,1,57,,13214,0,,1,22,,13225,0,5,1,14,,13195,0,,1,59,,13190,0,,1,18,,13226,0,5,1,16,,13192,0,,1,60,,13227,0,5,1,17,,13213,0,,1,23,,13196,0,,1,14,,13228,0,5,1,56,,13197,0,,1,19,,13230,0,5,1,15,,13198,0,,1,66,,13215,0,,1,13,,13232,0,5,1,17,,13199,0,,1,60,,13233,0,5,1,16,,13200,0,,1,25,,13201,0,,1,13,,13229,0,5,1,57,,13216,0,,1,12,,13234,0,5,1,18,,13202,0,,1,70,,13203,0,,1,13,,13231,0,5,1,16,,13204,0,,1,66,,13235,0,5,1,21,,13205,0,,1,20,,13236,0,5,1,58,,13206,0,,1,26,,13239,0,5,1,15,,13208,0,,1,69,,13238,0,5,1,10,,13209,0,,1,78,,13207,0,,1,6,,13237,0,5,1,34,,13211,0,,1,10,,13241,0,5,1,80,,13240,0,5,1
5004,'260105-MULTI-Weekday-01',504,,13243,0,,1,11,,13242,0,5,1,4,,13281,0,,1,15,,13282,0,,1,11,,13272,0,5,1,4,,13283,0,,1,55,,13284,0,,1,11,,13278,0,5,1,6,,13285,0,,1,15,,13286,0,,1,8,,13247,0,5,1,7,,13287,0,,1,55,,13288,0,,1,9,,13256,0,5,1,6,,13289,0,,1,15,,13290,0,,1,10,,13268,0,5,1,5,,13291,0,,1,57,,13292,0,,1,11,,13276,0,5,1,8,,13293,0,,1,15,,13294,0,,1,7,,13260,0,5,1,8,,13295,0,,1,52,,13296,0,,1,10,,13255,0,5,1,2,,13297,0,,1,15,,13298,0,,1,14,,13262,0,5,1,2,,13299,0,,1,54,,13300,0,,1,13,,13257,0,5,1,2,,13301,0,,1,14,,13302,0,,1,15,,13303,0,,1,2,,13274,0,5,1,53,,13304,0,,1,16,,13305,0,,1,5,,13279,0,5,1,15,,13306,0,,1,60,,13307,0,,1,5,,13263,0,5,1,13,,13308,0,,1,20,,13309,0,,1,8,,13248,0,5,1,12,,13310,0,,1,61,,13311,0,,1,7,,13277,0,5,1,13,,13312,0,,1,17,,13269,0,5,1,43,,13313,0,,1,22,,13314,0,,1,6,,13253,0,5,1,9,,13315,0,,1,15,,13316,0,,1,49,,13275,0,5,1,6,,13317,0,,1,14,,13318,0,,1,13,,13267,0,5,1,2,,13319,0,,1,15,,13320,0,,1,50,,13259,0,5,1,5,,13321,0,,1,15,,13322,0,,1,9,,13249,0,5,1,6,,13323,0,,1,15,,13324,0,,1,50,,13250,0,5,1,5,,13325,0,,1,15,,13326,0,,1,11,,13265,0,5,1,4,,13327,0,,1,15,,13328,0,,1,52,,13252,0,5,1,3,,13329,0,,1,14,,13330,0,,1,12,,13254,0,5,1,3,,13331,0,,1,15,,13332,0,,1,9,,13261,0,5,1,46,,13333,0,,1,16,,13334,0,,1,7,,13266,0,5,1,8,,13335,0,,1,15,,13336,0,,1,7,,13251,0,5,1,48,,13337,0,,1,13,,13338,0,,1,9,,13280,0,5,1,21,,13339,0,,1,7,,13271,0,5,1,64,,13340,0,,1,5,,13246,0,5,1,25,,13341,0,,1,5,,13258,0,5,1,63,,13342,0,,1,6,,13273,0,5,1,24,,13343,0,,1,5,,13270,0,5,1,64,,13344,0,,1,5,,13245,0,5,1,25,,13345,0,,1,70,,13244,0,5,1,30,,13264,0,,1
