101,'Holiday1',554,,259,4,,,1,83,,257,4,,,1,16,,283,4,,,1,60,,284,4,,,1,20,,285,4,,,1,20,,286,4,,,1,60,,288,4,,,1,20,,289,4,,,1,20,,290,4,,,1,60,,287,4,,,1,20,,292,4,,,1,20,,293,4,,,1,60,,278,4,,,1,20,,279,4,,,1,20,,266,4,,,1,60,,272,4,,,1,20,,261,4,,,1,20,,271,4,,,1,60,,264,4,,,1,20,,270,4,,,1,20,,277,4,,,1,60,,273,4,,,1,20,,260,4,,,1,20,,276,4,,,1,60,,269,4,,,1,26,,262,4,,,1,20,,265,4,,,1,60,,281,4,,,1,20,,263,4,,,1,20,,280,4,,,1,60,,274,4,,,1,20,,282,4,,,1,20,,275,4,,,1,60,,267,4,,,1,20,,268,4,,,1,20,,291,4,,,1,60,,295,4,,,1,20,,296,4,,,1,20,,294,4,,,1,60,,297,4,,,1,20,,298,4,,,1,20,,299,4,,,1,60,,300,4,,,1,20,,301,4,,,1,20,,302,4,,,1,60,,303,4,,,1,20,,304,4,,,1,14,,305,4,,,1,60,,306,4,,,1,27,,309,4,,,1,65,,310,4,,,1,26,,307,4,,,1,20,,308,4,,,1,59,,311,4,,,1,15,,256,4,,,1,20,,312,4,,,1,61,,258,4,,,1
101,'Saturday',610,,313,4,,,1,20,,332,4,,,1,20,,333,4,,,1,60,,334,4,,,1,20,,335,4,,,1,20,,336,4,,,1,60,,337,4,,,1,20,,338,4,,,1,24,,339,4,,,1,60,,340,4,,,1,20,,341,4,,,1,20,,342,4,,,1,58,,343,4,,,1,20,,344,4,,,1,20,,345,4,,,1,60,,346,4,,,1,21,,347,4,,,1,20,,348,4,,,1,60,,349,4,,,1,20,,350,4,,,1,22,,351,4,,,1,58,,352,4,,,1,20,,353,4,,,1,20,,354,4,,,1,59,,355,4,,,1,19,,356,4,,,1,21,,357,4,,,1,61,,358,4,,,1,19,,331,4,,,1,20,,329,4,,,1,60,,328,4,,,1,20,,325,4,,,1,22,,326,4,,,1,60,,323,4,,,1,20,,321,4,,,1,20,,324,4,,,1,60,,322,4,,,1,19,,327,4,,,1,21,,320,4,,,1,56,,330,4,,,1,30,,361,4,,,1,76,,362,4,,,1,28,,363,4,,,1,69,,364,4,,,1,30,,365,4,,,1,70,,366,4,,,1,32,,367,4,,,1,70,,368,4,,,1,22,,360,4,,,1,69,,318,4,,,1,29,,316,4,,,1,69,,369,4,,,1,30,,319,4,,,1,82,,317,4,,,1
101,'Sunday',554,,373,4,,,1,83,,371,4,,,1,16,,397,4,,,1,60,,398,4,,,1,20,,399,4,,,1,20,,400,4,,,1,60,,401,4,,,1,20,,402,4,,,1,20,,403,4,,,1,60,,404,4,,,1,20,,406,4,,,1,20,,407,4,,,1,60,,392,4,,,1,20,,393,4,,,1,20,,380,4,,,1,60,,386,4,,,1,20,,375,4,,,1,20,,385,4,,,1,60,,378,4,,,1,20,,384,4,,,1,20,,391,4,,,1,60,,387,4,,,1,20,,374,4,,,1,20,,390,4,,,1,60,,383,4,,,1,26,,376,4,,,1,20,,379,4,,,1,60,,395,4,,,1,20,,377,4,,,1,20,,394,4,,,1,60,,388,4,,,1,20,,396,4,,,1,20,,389,4,,,1,60,,381,4,,,1,20,,382,4,,,1,20,,405,4,,,1,60,,409,4,,,1,20,,410,4,,,1,20,,408,4,,,1,60,,411,4,,,1,20,,412,4,,,1,20,,413,4,,,1,60,,414,4,,,1,20,,415,4,,,1,20,,416,4,,,1,60,,417,4,,,1,20,,418,4,,,1,14,,419,4,,,1,60,,420,4,,,1,27,,423,4,,,1,65,,424,4,,,1,26,,421,4,,,1,20,,422,4,,,1,59,,425,4,,,1,15,,370,4,,,1,20,,426,4,,,1,61,,372,4,,,1
101,'Weekday',417,,429,4,,,1,19,,430,4,,,1,22,,427,4,,,1,61,,433,4,,,1,19,,434,4,,,1,21,,432,4,,,1,59,,431,4,,,1,18,,443,4,,,1,23,,437,4,,,1,63,,439,4,,,1,26,,442,4,0,7,1,65,,445,4,,,1,23,,446,4,,,1,21,,436,4,,,1,70,,448,4,,,1,24,,449,4,,,1,65,,450,4,,,1,88,,451,4,,,1,25,,452,4,,,1,82,,454,4,,,1,28,,455,4,,,1,74,,456,4,0,7,1,27,,453,4,,,1,82,,457,4,,,1,27,,458,4,,,1,62,,475,4,,,1,23,,476,4,,,1,25,,473,4,,,1,61,,477,4,,,1,24,,478,4,,,1,9,,479,4,,,1,61,,480,4,,,1,38,,481,4,,,1,67,,482,4,,,1,13,,483,4,,,1,18,,484,4,,,1,64,,485,4,,,1,26,,486,4,,,1,62,,487,4,,,1,22,,488,4,,,1,19,,489,4,,,1,62,,497,4,,,1,24,,496,4,,,1,22,,495,4,,,1,79,,498,4,,,1,70,,499,4,,,1,37,,500,4,,,1,69,,501,4,,,1,35,,502,4,,,1,72,,503,4,,,1,32,,504,4,,,1
3500,'Holiday1',758,,8542,4,,,1,85,,8541,4,,,1,85,,8549,4,,,1,85,,8544,4,,,1,45,,8546,4,,,1,85,,8548,4,,,1,85,,8543,4,,,1,85,,8550,4,,,1,45,,8540,4,,,1,85,,8545,4,,,1,85,,8547,4,,,1,85,,8552,4,,,1,45,,8553,4,,,1,85,,8555,4,,,1,85,,8554,4,,,1,85,,8551,4,,,1
3500,'Saturday',813,,8558,4,,,1,45,,8556,4,,,1,85,,8559,4,,,1,85,,8557,4,,,1,85,,8561,4,,,1,45,,8560,4,,,1,85,,8563,4,,,1,85,,8564,4,,,1,85,,8565,4,,,1,45,,8562,4,,,1,85,,8566,4,,,1,85,,8568,4,,,1,85,,8569,4,,,1,45,,8567,4,,,1,85,,8570,4,,,1,85,,8571,4,,,1,85,,8572,4,,,1
3500,'Sunday',758,,8575,4,,,1,85,,8574,4,,,1,85,,8582,4,,,1,85,,8577,4,,,1,45,,8579,4,,,1,85,,8581,4,,,1,85,,8576,4,,,1,85,,8583,4,,,1,45,,8573,4,,,1,85,,8578,4,,,1,85,,8580,4,,,1,85,,8584,4,,,1,45,,8585,4,,,1,85,,8588,4,,,1,85,,8586,4,,,1,85,,8587,4,,,1
3500,'Weekday',528,,8589,4,,,1,75,,8593,4,,,1,35,,8590,4,,,1,75,,8612,4,,,1,35,,8597,4,,,1,75,,8608,4,,,1,35,,8615,4,,,1,75,,8620,4,,,1,75,,8614,4,,,1,35,,8592,4,,,1,80,,8613,4,,,1,30,,8611,4,,,1,75,,8616,4,,,1,75,,8609,4,,,1,35,,8618,4,,,1,75,,8619,4,,,1,35,,8610,4,,,1,75,,8600,4,,,1,35,,8599,4,,,1,75,,8595,4,,,1,75,,8605,4,,,1,35,,8601,4,,,1,75,,8604,4,,,1,35,,8598,4,,,1,75,,8594,4,,,1,75,,8602,4,,,1,35,,8603,4,,,1,75,,8606,4,,,1,35,,8607,4,,,1,75,,8591,4,,,1,35,,8596,4,,,1,75,,8617,4,,,1
4100,'Weekday',520,,8721,1,,,1,95,,8728,1,,,1,95,,8726,1,,,1,95,,8729,1,,,1,95,,8725,1,,,1,55,,8730,1,,,1,480,,8723,1,,,1,95,,8731,1,,,1,95,,8724,1,,,1,95,,8732,1,,,1,100,,8722,1,,,1,95,,8727,1,,,1
4101,'Weekday',702,,8733,28,4,,1,55,,8739,28,4,,1,95,,8737,28,4,,1,95,,8740,28,4,,1,95,,8736,28,4,,1,574,,8734,28,4,,1,95,,8741,28,4,,1,100,,8735,28,4,,1,95,,8738,28,4,,1
50101,'Holiday1',830,,11570,14,,,1,18,,11572,14,,,1,58,,11568,14,,,1,22,,11566,14,,,1,20,,11565,14,,,1,58,,11563,14,,,1,19,,11564,14,,,1,18,,11573,14,,,1,58,,11571,14,,,1,18,,11567,14,,,1,18,,11569,14,,,1,18,,11577,14,,,1,58,,11574,14,,,1,19,,11579,14,,,1,22,,11578,14,,,1,64,,11575,14,,,1,22,,11576,14,,,1,61,,11580,14,,,1,18,,11581,14,,,1,18,,11582,14,,,1,18,,11583,14,,,1,58,,11587,14,,,1,18,,11585,14,,,1,18,,11584,14,,,1,58,,11586,14,,,1,18,,11588,14,,,1,18,,11590,14,,,1,58,,11589,14,,,1,18,,11591,14,,,1,18,,11592,14,,,1,18,,11594,14,,,1,55,,11593,14,,,1,14,,11595,14,,,1,15,,11596,14,,,1,16,,11597,14,,,1,58,,11599,14,,,1,14,,11598,14,,,1,18,,11600,14,,,1,58,,11601,14,,,1,20,,11602,14,,,1,18,,11605,14,,,1,18,,11604,14,,,1,58,,11603,14,,,1,18,,11606,14,,,1,14,,11608,14,,,1,56,,11607,14,,,1,20,,11611,14,,,1,23,,11609,14,,,1,65,,11612,14,,,1,21,,11610,14,,,1,25,,11613,14,,,1
50101,'Saturday',654,,11614,14,,,1,56,,11632,14,,,1,17,,11635,14,,,1,16,,11637,14,,,1,16,,11638,14,,,1,56,,11633,14,,,1,16,,11630,14,,,1,16,,11631,14,,,1,56,,11634,14,,,1,16,,11639,14,,,1,17,,11636,14,,,1,16,,11640,14,,,1,56,,11641,14,,,1,16,,11642,14,,,1,16,,11643,14,,,1,16,,11644,14,,,1,56,,11645,14,,,1,16,,11646,14,,,1,18,,11647,14,,,1,55,,11648,14,,,1,15,,11649,14,,,1,16,,11650,14,,,1,14,,11651,14,,,1,56,,11652,14,,,1,16,,11653,14,,,1,16,,11654,14,,,1,16,,11655,14,,,1,56,,11656,14,,,1,16,,11657,14,,,1,16,,11658,14,,,1,16,,11659,14,,,1,56,,11660,14,,,1,16,,11661,14,,,1,16,,11662,14,,,1,16,,11663,14,,,1,56,,11664,14,,,1,13,,11667,14,,,1,16,,11668,14,,,1,16,,11669,14,,,1,56,,11665,14,,,1,16,,11666,14,,,1,16,,11670,14,,,1,56,,11671,14,,,1,14,,11674,14,,,1,18,,11675,14,,,1,23,,11672,14,,,1,58,,11673,14,,,1,17,,11626,14,,,1,22,,11627,14,,,1,58,,11628,14,,,1,24,,11629,14,,,1,16,,11621,14,,,1,60,,11620,14,,,1,20,,11617,14,,,1,20,,11619,14,,,1,60,,11623,14,,,1,20,,11624,14,,,1,20,,11615,14,,,1,57,,11622,14,,,1,18,,11625,14,,,1,21,,11618,14,,,1,60,,11616,14,,,1
50101,'Sunday',830,,11683,14,,,1,18,,11685,14,,,1,58,,11681,14,,,1,22,,11679,14,,,1,20,,11678,14,,,1,58,,11676,14,,,1,19,,11677,14,,,1,18,,11686,14,,,1,58,,11684,14,,,1,18,,11680,14,,,1,18,,11682,14,,,1,18,,11689,14,,,1,58,,11690,14,,,1,19,,11692,14,,,1,22,,11691,14,,,1,64,,11687,14,,,1,22,,11688,14,,,1,61,,11693,14,,,1,18,,11694,14,,,1,18,,11695,14,,,1,18,,11696,14,,,1,58,,11700,14,,,1,18,,11698,14,,,1,18,,11697,14,,,1,58,,11699,14,,,1,18,,11701,14,,,1,18,,11703,14,,,1,58,,11702,14,,,1,18,,11704,14,,,1,18,,11705,14,,,1,18,,11707,14,,,1,55,,11706,14,,,1,14,,11709,14,,,1,15,,11708,14,,,1,16,,11710,14,,,1,58,,11712,14,,,1,14,,11711,14,,,1,18,,11713,14,,,1,58,,11714,14,,,1,20,,11715,14,,,1,18,,11718,14,,,1,18,,11717,14,,,1,58,,11716,14,,,1,18,,11719,14,,,1,14,,11721,14,,,1,56,,11720,14,,,1,20,,11724,14,,,1,23,,11722,14,,,1,65,,11725,14,,,1,21,,11723,14,,,1,25,,11726,14,,,1
50101,'Weekday',611,,11737,14,,,1,11,,11743,14,,,1,13,,11744,14,,,1,12,,11745,14,,,1,12,,11746,14,,,1,52,,11747,14,,,1,15,,11748,14,,,1,12,,11749,14,,,1,12,,11750,14,,,1,52,,11751,14,,,1,12,,11752,14,,,1,12,,11753,14,,,1,12,,11754,14,,,1,12,,11755,14,,,1,52,,11756,14,,,1,12,,11757,14,,,1,11,,11758,14,,,1,12,,11759,14,,,1,12,,11760,14,,,1,52,,11761,14,,,1,12,,11762,14,,,1,12,,11763,14,,,1,12,,11764,14,,,1,12,,11765,14,,,1,52,,11766,14,,,1,12,,11767,14,,,1,12,,11768,14,,,1,12,,11769,14,,,1,12,,11770,14,,,1,52,,11771,14,,,1,12,,11772,14,,,1,12,,11773,14,,,1,12,,11774,14,,,1,12,,11775,14,,,1,52,,11776,14,,,1,12,,11777,14,,,1,12,,11778,14,,,1,12,,11779,14,,,1,12,,11780,14,,,1,52,,11781,14,,,1,13,,11782,14,,,1,14,,11783,14,,,1,7,,11784,14,,,1,6,,11785,14,,,1,6,,11786,14,,,1,6,,11787,14,,,1,6,,11788,14,,,1,46,,11789,14,,,1,7,,11790,14,,,1,9,,11791,14,,,1,6,,11792,14,,,1,6,,11793,14,,,1,6,,11794,14,,,1,6,,11795,14,,,1,6,,11796,14,,,1,6,,11797,14,,,1,46,,11798,14,,,1,6,,11799,14,,,1,6,,11800,14,,,1,6,,11801,14,,,1,6,,11802,14,,,1,6,,11803,14,,,1,6,,11804,14,,,1,6,,11805,14,,,1,6,,11806,14,,,1,6,,11807,14,,,1,46,,11808,14,,,1,6,,11809,14,,,1,5,,11810,14,,,1,6,,11811,14,,,1,6,,11812,14,,,1,6,,11813,14,,,1,6,,11814,14,,,1,6,,11815,14,,,1,6,,11816,14,,,1,6,,11817,14,,,1,46,,11818,14,,,1,5,,11819,14,,,1,5,,11820,14,,,1,4,,11821,14,,,1,6,,11822,14,,,1,6,,11823,14,,,1,5,,11824,14,,,1,6,,11825,14,,,1,6,,11826,14,,,1,6,,11827,14,,,1,6,,11828,14,,,1,46,,11829,14,,,1,5,,11830,14,,,1,5,,11831,14,,,1,5,,11832,14,,,1,5,,11833,14,,,1,6,,11834,14,,,1,6,,11835,14,,,1,6,,11836,14,,,1,6,,11837,14,,,1,6,,11838,14,,,1,6,,11839,14,,,1,46,,11840,14,,,1,6,,11841,14,,,1,6,,11842,14,,,1,6,,11843,14,,,1,6,,11844,14,,,1,12,,11845,14,,,1,12,,11738,14,,,1,52,,11739,14,,,1,9,,11742,14,,,1,9,,11740,14,,,1,10,,11741,14,,,1,9,,11733,14,,,1,15,,11732,14,,,1,55,,11735,14,,,1,13,,11728,14,,,1,21,,11734,14,,,1,62,,11736,14,,,1,15,,11731,14,,,1,18,,11727,14,,,1,18,,11729,14,,,1,58,,11730,14,,,1
