901,'Holiday1',832,,3392,48,,,1,105,,3394,48,,,1,108,,3395,48,,,1,105,,3396,48,,,1,105,,3397,48,,,1,145,,3399,48,,,1,106,,3400,48,,,1,105,,3401,48,,,1,107,,3398,48,,,1,106,,3402,48,,,1,107,,3393,48,,,1
901,'Saturday',801,,3403,48,,,1,50,,3410,48,,,1,92,,3413,48,,,1,90,,3411,48,,,1,90,,3415,48,,,1,90,,3416,48,,,1,90,,3417,48,,,1,50,,3414,48,,,1,90,,3409,48,,,1,92,,3404,48,,,1,92,,3406,48,,,1,90,,3408,48,,,1,88,,3412,48,,,1,47,,3405,48,,,1,90,,3407,48,,,1
901,'Sunday',832,,3418,48,,,1,105,,3420,48,,,1,108,,3421,48,,,1,105,,3422,48,,,1,105,,3423,48,,,1,145,,3424,48,,,1,106,,3425,48,,,1,105,,3426,48,,,1,107,,3427,48,,,1,106,,3428,48,,,1,107,,3419,48,,,1
901,'Weekday',646,,3429,48,,,1,78,,3438,48,,,1,34,,3439,48,,,1,85,,3437,48,,,1,91,,3435,48,,,1,78,,3441,48,,,1,45,,3446,48,,,1,85,,3443,48,,,1,85,,3436,48,,,1,87,,3432,48,,,1,29,,3447,48,,,1,75,,3448,48,,,1,35,,3449,48,,,1,6,,3444,48,,,1,73,,3450,48,,,1,75,,3451,48,,,1,35,,3442,48,,,1,75,,3440,48,,,1,35,,3445,48,,,1,76,,3433,48,,,1,79,,3434,48,,,1,42,,3452,48,,,1,88,,3453,48,,,1,86,,3431,48,,,1,117,,3430,48,,,1
2400,'Holiday1',816,,6585,13,,,1,85,,6586,13,,,1,45,,6587,13,,,1,85,,6588,13,,,1,85,,6590,13,,,1,85,,6591,13,,,1,45,,6592,13,,,1,85,,6589,13,,,1,85,,6594,13,,,1,85,,6596,13,,,1,45,,6597,13,,,1,85,,6593,13,,,1,85,,6598,13,,,1,85,,6595,13,,,1,45,,6599,13,,,1
2400,'Saturday',816,,6607,13,,,1,85,,6608,13,,,1,45,,6609,13,,,1,85,,6606,13,,,1,85,,6610,13,,,1,85,,6611,13,,,1,45,,6612,13,,,1,85,,6613,13,,,1,85,,6614,13,,,1,85,,6600,13,,,1,45,,6603,13,,,1,85,,6601,13,,,1,85,,6605,13,,,1,85,,6602,13,,,1,45,,6604,13,,,1
2400,'Sunday',816,,6615,13,,,1,85,,6616,13,,,1,45,,6617,13,,,1,85,,6618,13,,,1,85,,6620,13,,,1,85,,6621,13,,,1,45,,6622,13,,,1,85,,6619,13,,,1,85,,6624,13,,,1,85,,6625,13,,,1,45,,6626,13,,,1,85,,6623,13,,,1,85,,6627,13,,,1,85,,6628,13,,,1,45,,6629,13,,,1
2400,'Weekday',444,,6634,13,,,1,65,,6632,13,,,1,30,,6630,13,,,1,72,,6636,13,,,1,36,,6652,13,,,1,76,,6646,13,,,1,36,,6647,13,,,1,76,,6645,13,,,1,76,,6643,13,,,1,36,,6644,13,,,1,81,,6631,13,,,1,75,,6633,13,,,1,36,,6649,13,,,1,76,,6650,13,,,1,37,,6648,13,,,1,77,,6651,13,,,1,27,,6635,13,,,1,73,,6639,13,,,1,76,,6640,13,,,1,37,,6654,13,,,1,78,,6656,13,,,1,36,,6657,13,,,1,76,,6658,13,,,1,76,,6655,13,,,1,36,,6659,13,,,1,74,,6653,13,,,1,33,,6637,13,,,1,75,,6638,13,,,1,33,,6641,13,,,1,85,,6642,13,,,1
2500,'Weekday',525,,6735,11,,,1,30,,6734,11,,,1,70,,6738,11,,,1,76,,6744,11,,,1,37,,6743,11,,,1,77,,6741,11,,,1,36,,6740,11,,,1,76,,6742,11,,,1,76,,6745,11,,,1,408,,6736,11,,,1,38,,6737,11,,,1,79,,6746,11,,,1,77,,6747,11,,,1,34,,6748,11,,,1,78,,6749,11,,,1,36,,6750,11,,,1,75,,6751,11,,,1,75,,6752,11,,,1,35,,6739,11,,,1
21501,'Weekday',1501,,11248,34,,,1
