3103,'Holiday1',926,,21853,,,1,5,,21862,0,5,1,100,,21854,,,1,5,,21863,0,5,1,100,,21855,,,1,5,,21864,0,5,1,100,,21856,,,1,5,,21866,0,5,1,100,,21857,,,1,5,,21865,0,5,1,100,,21858,,,1,5,,21867,0,5,1,100,,21859,,,1,45,,21868,0,5,1,100,,21860,,,1,5,,21869,0,5,1,100,,21861,,,1,5,,21870,0,5,1
3103,'Saturday',833,,21882,0,5,1,6,,21880,,,1,89,,21879,,,1,5,,21883,0,5,1,103,,21872,,,1,5,,21884,0,5,1,100,,21873,,,1,5,,21886,0,5,1,100,,21874,,,1,5,,21887,0,5,1,99,,21871,,,1,5,,21885,0,5,1,101,,21875,,,1,45,,21889,0,5,1,100,,21876,,,1,5,,21890,0,5,1,100,,21877,,,1,5,,21888,0,5,1,100,,21878,,,1,5,,21891,0,5,1,97,,21881,,,1,5,,21892,0,5,1
3103,'Sunday',926,,21893,,,1,5,,21902,0,5,1,100,,21894,,,1,5,,21903,0,5,1,100,,21895,,,1,5,,21904,0,5,1,100,,21896,,,1,5,,21906,0,5,1,100,,21897,,,1,5,,21905,0,5,1,100,,21898,,,1,5,,21907,0,5,1,100,,21899,,,1,45,,21908,0,5,1,100,,21900,,,1,5,,21909,0,5,1,100,,21901,,,1,5,,21910,0,5,1
3103,'Weekday',535,,21916,,,1,5,,21942,0,5,1,68,,21918,,,1,32,,21917,,,1,5,,21943,0,5,1,67,,21920,,,1,32,,21921,,,1,5,,21944,0,5,1,67,,21919,,,1,32,,21922,,,1,5,,21945,0,5,1,67,,21923,,,1,32,,21924,,,1,5,,21946,0,5,1,67,,21925,,,1,32,,21926,,,1,45,,21947,0,5,1,27,,21927,,,1,72,,21928,,,1,5,,21948,0,5,1,27,,21929,,,1,72,,21930,,,1,5,,21949,0,5,1,27,,21931,,,1,72,,21932,,,1,5,,21950,0,5,1,27,,21933,,,1,72,,21934,,,1,5,,21951,0,5,1,27,,21935,,,1,72,,21936,,,1,5,,21952,0,5,1,27,,21937,,,1,72,,21938,,,1,5,,21953,0,5,1,27,,21939,,,1,72,,21940,,,1,32,,21941,,,1,79,,21914,,,1,110,,21913,,,1,100,,21912,,,1,100,,21911,,,1,100,,21915,,,1
3104,'Holiday1',920,,21966,4,,1,92,,21965,4,,1,1,,21967,4,,1,104,,21964,4,,1,1,,21968,4,,1,104,,21963,4,,1,1,,21969,4,,1,104,,21962,4,,1,1,,21970,4,,1,104,,21961,4,,1,1,,21971,4,,1,104,,21960,4,,1,1,,21972,4,,1,104,,21957,4,,1,1,,21973,4,,1,104,,21959,4,,1,1,,21974,4,,1,104,,21958,4,,1,1,,21975,4,,1
3104,'Saturday',819,,21986,4,,1,90,,21988,4,,1,10,,21985,4,,1,89,,21977,4,,1,1,,21989,4,,1,107,,21976,4,,1,1,,21990,4,,1,104,,21978,4,,1,1,,21991,4,,1,104,,21979,4,,1,1,,21993,4,,1,103,,21980,4,,1,1,,21994,4,,1,105,,21981,4,,1,1,,21992,4,,1,104,,21982,4,,1,1,,21995,4,,1,104,,21983,4,,1,1,,21996,4,,1,103,,21984,4,,1,1,,21997,4,,1,101,,21987,4,,1,1,,21998,4,,1
3104,'Sunday',920,,22008,4,,1,92,,22007,4,,1,1,,22009,4,,1,104,,22006,4,,1,1,,22010,4,,1,104,,22005,4,,1,1,,22011,4,,1,104,,22004,4,,1,1,,22012,4,,1,104,,22003,4,,1,1,,22013,4,,1,104,,22002,4,,1,1,,22014,4,,1,104,,21999,4,,1,1,,22015,4,,1,104,,22001,4,,1,1,,22016,4,,1,104,,22000,4,,1,1,,22017,4,,1
3104,'Weekday',515,,22019,4,,1,32,,22027,4,,1,73,,22050,4,,1,1,,22028,4,,1,33,,22029,4,,1,71,,22051,4,,1,1,,22026,4,,1,32,,22030,4,,1,71,,22052,4,,1,1,,22031,4,,1,72,,22032,4,,1,31,,22053,4,,1,1,,22033,4,,1,72,,22034,4,,1,31,,22035,4,,1,71,,22037,4,,1,32,,22038,4,,1,1,,22055,4,,1,71,,22036,4,,1,32,,22040,4,,1,1,,22056,4,,1,71,,22041,4,,1,32,,22039,4,,1,1,,22057,4,,1,71,,22042,4,,1,32,,22043,4,,1,1,,22058,4,,1,71,,22044,4,,1,32,,22045,4,,1,1,,22059,4,,1,72,,22046,4,,1,72,,22047,4,,1,1,,22060,4,,1,31,,22048,4,,1,72,,22049,4,,1,1,,22061,4,,1,30,,22024,4,,1,67,,22062,4,,1,4,,22025,4,,1,31,,22020,4,,1,74,,22063,4,,1,4,,22018,4,,1,105,,22064,4,,1,4,,22023,4,,1,100,,22021,4,,1,100,,22022,4,,1
5004,'Holiday1',715,,22668,,,1,30,,22667,,,1,13,,22669,0,5,1,56,,22661,,,1,24,,22672,0,5,1,6,,22659,,,1,71,,22666,,,1,13,,22670,0,5,1,18,,22642,,,1,56,,22671,0,5,1,14,,22643,,,1,30,,22639,,,1,12,,22673,0,5,1,57,,22663,,,1,22,,22674,0,5,1,14,,22644,,,1,59,,22640,,,1,18,,22675,0,5,1,16,,22641,,,1,60,,22676,0,5,1,17,,22662,,,1,23,,22645,,,1,14,,22677,0,5,1,56,,22646,,,1,19,,22679,0,5,1,15,,22647,,,1,66,,22664,,,1,13,,22681,0,5,1,17,,22648,,,1,60,,22682,0,5,1,16,,22649,,,1,25,,22650,,,1,13,,22678,0,5,1,57,,22665,,,1,12,,22683,0,5,1,18,,22651,,,1,70,,22652,,,1,13,,22680,0,5,1,16,,22653,,,1,66,,22684,0,5,1,21,,22654,,,1,20,,22685,0,5,1,58,,22655,,,1,26,,22688,0,5,1,15,,22657,,,1,69,,22687,0,5,1,10,,22658,,,1,78,,22656,,,1,6,,22686,0,5,1,34,,22660,,,1,10,,22690,0,5,1,80,,22689,0,5,1
5004,'Saturday',505,,22724,,,1,40,,22720,,,1,80,,22716,,,1,80,,22710,,,1,17,,22725,0,5,1,23,,22692,,,1,62,,22726,0,5,1,19,,22691,,,1,26,,22729,0,5,1,53,,22693,,,1,31,,22727,0,5,1,14,,22694,,,1,69,,22723,,,1,3,,22728,0,5,1,24,,22695,,,1,60,,22732,0,5,1,10,,22696,,,1,30,,22698,,,1,6,,22733,0,5,1,63,,22699,,,1,21,,22730,0,5,1,9,,22700,,,1,69,,22697,,,1,8,,22731,0,5,1,22,,22721,,,1,61,,22734,0,5,1,5,,22701,,,1,34,,22702,,,1,7,,22736,0,5,1,64,,22703,,,1,22,,22737,0,5,1,8,,22705,,,1,70,,22722,,,1,7,,22738,0,5,1,23,,22706,,,1,62,,22735,0,5,1,13,,22707,,,1,25,,22704,,,1,7,,22739,0,5,1,61,,22709,,,1,21,,22741,0,5,1,13,,22715,,,1,68,,22714,,,1,7,,22742,0,5,1,21,,22711,,,1,64,,22743,0,5,1,25,,22713,,,1,20,,22740,0,5,1,52,,22708,,,1,30,,22744,0,5,1,9,,22712,,,1,71,,22745,0,5,1,11,,22717,,,1,75,,22718,,,1,6,,22746,0,5,1,36,,22719,,,1,9,,22747,0,5,1
5004,'Sunday',715,,22777,,,1,30,,22776,,,1,13,,22778,0,5,1,56,,22770,,,1,24,,22781,0,5,1,6,,22768,,,1,71,,22775,,,1,13,,22779,0,5,1,18,,22751,,,1,56,,22780,0,5,1,14,,22752,,,1,30,,22750,,,1,12,,22782,0,5,1,57,,22772,,,1,22,,22783,0,5,1,14,,22753,,,1,59,,22748,,,1,18,,22784,0,5,1,16,,22749,,,1,60,,22785,0,5,1,17,,22771,,,1,23,,22754,,,1,14,,22786,0,5,1,56,,22755,,,1,19,,22788,0,5,1,15,,22756,,,1,66,,22773,,,1,13,,22790,0,5,1,17,,22757,,,1,60,,22791,0,5,1,16,,22758,,,1,25,,22759,,,1,13,,22787,0,5,1,57,,22774,,,1,12,,22792,0,5,1,18,,22760,,,1,70,,22761,,,1,13,,22789,0,5,1,16,,22762,,,1,66,,22793,0,5,1,21,,22763,,,1,20,,22794,0,5,1,58,,22764,,,1,26,,22797,0,5,1,15,,22766,,,1,69,,22796,0,5,1,10,,22767,,,1,78,,22765,,,1,6,,22795,0,5,1,34,,22769,,,1,10,,22799,0,5,1,80,,22798,0,5,1
5004,'Weekday',506,,22801,,,1,11,,22800,0,5,1,4,,22839,,,1,15,,22840,,,1,11,,22830,0,5,1,4,,22841,,,1,55,,22842,,,1,11,,22836,0,5,1,6,,22843,,,1,15,,22844,,,1,8,,22805,0,5,1,7,,22845,,,1,55,,22846,,,1,9,,22814,0,5,1,6,,22847,,,1,15,,22848,,,1,10,,22826,0,5,1,5,,22849,,,1,57,,22850,,,1,11,,22834,0,5,1,8,,22851,,,1,15,,22852,,,1,7,,22818,0,5,1,8,,22853,,,1,52,,22854,,,1,10,,22813,0,5,1,2,,22855,,,1,15,,22856,,,1,14,,22820,0,5,1,2,,22857,,,1,54,,22858,,,1,13,,22815,0,5,1,2,,22859,,,1,14,,22860,,,1,15,,22861,,,1,2,,22832,0,5,1,53,,22862,,,1,16,,22863,,,1,5,,22837,0,5,1,15,,22864,,,1,60,,22865,,,1,5,,22821,0,5,1,13,,22866,,,1,20,,22867,,,1,8,,22806,0,5,1,52,,22868,,,1,21,,22869,,,1,7,,22835,0,5,1,13,,22870,,,1,17,,22827,0,5,1,43,,22871,,,1,22,,22872,,,1,6,,22811,0,5,1,9,,22873,,,1,15,,22874,,,1,49,,22833,0,5,1,6,,22875,,,1,14,,22876,,,1,13,,22825,0,5,1,2,,22877,,,1,15,,22878,,,1,50,,22817,0,5,1,5,,22879,,,1,15,,22880,,,1,9,,22807,0,5,1,6,,22881,,,1,15,,22882,,,1,50,,22808,0,5,1,5,,22883,,,1,15,,22884,,,1,11,,22823,0,5,1,4,,22885,,,1,15,,22886,,,1,52,,22810,0,5,1,3,,22887,,,1,14,,22888,,,1,12,,22812,0,5,1,3,,22889,,,1,15,,22890,,,1,49,,22819,0,5,1,6,,22891,,,1,16,,22892,,,1,7,,22824,0,5,1,8,,22893,,,1,15,,22894,,,1,47,,22809,0,5,1,8,,22895,,,1,13,,22896,,,1,9,,22838,0,5,1,21,,22897,,,1,7,,22829,0,5,1,64,,22898,,,1,4,,22804,0,5,1,26,,22899,,,1,4,,22816,0,5,1,63,,22900,,,1,6,,22831,0,5,1,24,,22901,,,1,5,,22828,0,5,1,65,,22902,,,1,4,,22803,0,5,1,26,,22903,,,1,69,,22802,0,5,1,1,,22904,,,1,30,,22822,,,1
