604,'251229-MULTI-Saturday-01',704,,3523,0,,1,45,,3508,0,,1,85,,3506,0,,1,85,,3509,0,,1,85,,3507,0,,1,45,,3510,0,,1,85,,3513,0,,1,85,,3514,0,,1,85,,3511,0,,1,45,,3512,0,,1,85,,3515,0,,1,84,,3518,0,,1,85,,3519,0,,1,45,,3520,0,,1,85,,3516,0,,1,85,,3517,0,,1,85,,3521,0,,1,45,,3522,0,,1
604,'251229-MULTI-Sunday-01',819,,3524,0,,1,85,,3526,0,,1,45,,3527,0,,1,85,,3525,0,,1,85,,3529,0,,1,85,,3531,0,,1,45,,3528,0,,1,85,,3532,0,,1,85,,3530,0,,1,85,,3533,0,,1,45,,3534,0,,1,85,,3535,0,,1,85,,3536,0,,1,85,,3537,0,,1,44,,3538,0,,1
604,'260105-MULTI-Holiday1-01',819,,3539,0,,1,85,,3541,0,,1,45,,3542,0,,1,85,,3540,0,,1,85,,3544,0,,1,85,,3546,0,,1,45,,3543,0,,1,85,,3547,0,,1,85,,3545,0,,1,85,,3548,0,,1,45,,3549,0,,1,85,,3550,0,,1,85,,3551,0,,1,85,,3552,0,,1,44,,3553,0,,1
604,'260105-MULTI-Saturday-01',704,,3571,0,,1,45,,3556,0,,1,85,,3554,0,,1,85,,3557,0,,1,85,,3555,0,,1,45,,3558,0,,1,85,,3561,0,,1,85,,3563,0,,1,85,,3559,0,,1,45,,3560,0,,1,85,,3564,0,,1,84,,3566,0,,1,85,,3567,0,,1,45,,3568,0,,1,85,,3565,0,,1,85,,3562,0,,1,85,,3569,0,,1,45,,3570,0,,1
604,'260105-MULTI-Sunday-01',819,,3572,0,,1,85,,3574,0,,1,45,,3575,0,,1,85,,3573,0,,1,85,,3577,0,,1,85,,3579,0,,1,45,,3576,0,,1,85,,3580,0,,1,85,,3578,0,,1,85,,3581,0,,1,45,,3582,0,,1,85,,3583,0,,1,85,,3584,0,,1,85,,3585,0,,1,44,,3586,0,,1
604,'260105-MULTI-Weekday-01',539,,3587,0,,1,20,,3591,0,,1,61,,3599,0,,1,20,,3594,0,,1,60,,3600,0,,1,17,,3593,0,,1,22,,3598,0,,1,61,,3592,0,,1,20,,3596,0,,1,20,,3597,0,,1,18,,3590,0,,1,61,,3617,0,,1,17,,3588,0,,1,22,,3612,0,,1,57,,3604,0,,1,21,,3610,0,,1,66,,3609,0,,1,22,,3603,0,,1,20,,3611,0,,1,62,,3605,0,,1,26,,3606,0,,1,22,,3608,0,,1,60,,3607,0,,1,23,,3613,0,,1,63,,3615,0,,1,23,,3602,0,,1,23,,3601,0,,1,62,,3595,0,,1,18,,3589,0,,1,20,,3619,0,,1,60,,3620,0,,1,21,,3621,0,,1,19,,3622,0,,1,60,,3623,0,,1,20,,3624,0,,1,20,,3625,0,,1,62,,3626,0,,1,17,,3628,0,,1,20,,3630,0,,1,59,,3631,0,,1,23,,3627,0,,1,25,,3632,0,,1,65,,3629,0,,1,25,,3633,0,,1,63,,3634,0,,1,27,,3635,0,,1,27,,3636,0,,1,73,,3614,0,,1,27,,3618,0,,1,68,,3616,0,,1,30,,3637,0,,1
5704,'251229-MULTI-Saturday-01',609,,14938,0,,1,30,,14950,0,,1,68,,14936,0,,1,32,,14951,0,,1,68,,14942,0,,1,32,,14952,0,,1,68,,14944,0,,1,32,,14953,0,,1,68,,14945,0,,1,32,,14954,0,,1,68,,14940,0,,1,32,,14955,0,,1,68,,14941,0,,1,32,,14956,0,,1,68,,14937,0,,1,32,,14957,0,,1,68,,14935,0,,1,32,,14958,0,,1,68,,14932,0,,1,32,,14947,0,,1,68,,14934,0,,1,32,,14949,0,,1,68,,14933,0,,1,32,,14946,0,,1,68,,14939,0,,1,32,,14948,0,,1,68,,14943,0,,1
5704,'251229-MULTI-Sunday-01',938,,14959,0,,1,70,,14960,0,,1,30,,14961,0,,1,70,,14962,0,,1,30,,14963,0,,1,70,,14964,0,,1,30,,14965,0,,1,70,,14966,0,,1,35,,14967,0,,1,65,,14969,0,,1,33,,14970,0,,1,67,,14968,0,,1,33,,14973,0,,1,67,,14972,0,,1,33,,14971,0,,1,68,,14976,0,,1,34,,14975,0,,1,66,,14977,0,,1,34,,14974,0,,1,66,,14979,0,,1,34,,14978,0,,1
5704,'260105-MULTI-Holiday1-01',939,,14980,0,,1,69,,14981,0,,1,32,,14982,0,,1,69,,14983,0,,1,30,,14984,0,,1,70,,14985,0,,1,31,,14986,0,,1,69,,14987,0,,1,34,,14988,0,,1,66,,14990,0,,1,32,,14991,0,,1,68,,14989,0,,1,32,,14994,0,,1,68,,14993,0,,1,33,,14992,0,,1,67,,14997,0,,1,34,,14996,0,,1,67,,14998,0,,1,33,,14995,0,,1,66,,15000,0,,1,34,,14999,0,,1
5704,'260105-MULTI-Saturday-01',609,,15007,0,,1,30,,15019,0,,1,68,,15005,0,,1,32,,15020,0,,1,68,,15011,0,,1,32,,15021,0,,1,68,,15013,0,,1,32,,15022,0,,1,68,,15014,0,,1,32,,15023,0,,1,68,,15009,0,,1,32,,15024,0,,1,68,,15010,0,,1,32,,15025,0,,1,68,,15006,0,,1,32,,15026,0,,1,68,,15004,0,,1,32,,15027,0,,1,68,,15001,0,,1,32,,15017,0,,1,68,,15003,0,,1,32,,15018,0,,1,68,,15002,0,,1,32,,15016,0,,1,68,,15008,0,,1,32,,15015,0,,1,68,,15012,0,,1
5704,'260105-MULTI-Sunday-01',939,,15028,0,,1,69,,15029,0,,1,32,,15030,0,,1,69,,15031,0,,1,30,,15032,0,,1,70,,15033,0,,1,31,,15034,0,,1,69,,15035,0,,1,34,,15036,0,,1,66,,15038,0,,1,32,,15039,0,,1,68,,15037,0,,1,32,,15042,0,,1,68,,15041,0,,1,33,,15040,0,,1,67,,15045,0,,1,34,,15044,0,,1,67,,15046,0,,1,33,,15043,0,,1,66,,15048,0,,1,34,,15047,0,,1
5704,'260105-MULTI-Weekday-01',502,,15050,0,,1,25,,15051,0,,1,23,,15052,0,,1,72,,15049,0,,1,20,,15053,0,,1,66,,15054,0,,1,26,,15055,0,,1,25,,15056,0,,1,64,,15057,0,,1,29,,15058,0,,1,62,,15059,0,,1,31,,15060,0,,1,68,,15061,0,,1,22,,15062,0,,1,72,,15063,0,,1,23,,15064,0,,1,28,,15065,0,,1,73,,15066,0,,1,72,,15067,0,,1,33,,15069,0,,1,68,,15070,0,,1,24,,15093,0,,1,8,,15071,0,,1,73,,15068,0,,1,25,,15073,0,,1,23,,15074,0,,1,65,,15090,0,,1,31,,15091,0,,1,59,,15092,0,,1,25,,15075,0,,1,65,,15072,0,,1,18,,15076,0,,1,26,,15077,0,,1,67,,15079,0,,1,29,,15089,0,,1,69,,15080,0,,1,27,,15081,0,,1,68,,15078,0,,1,29,,15082,0,,1,70,,15083,0,,1,29,,15084,0,,1,69,,15085,0,,1,31,,15086,0,,1,22,,15087,0,,1,74,,15088,0,,1
