604,'251229-MULTI-Saturday-01',654,,3523,0,,1,85,,3508,0,,1,85,,3506,0,,1,85,,3509,0,,1,45,,3507,0,,1,85,,3510,0,,1,85,,3513,0,,1,85,,3514,0,,1,45,,3511,0,,1,85,,3512,0,,1,85,,3515,0,,1,84,,3518,0,,1,45,,3519,0,,1,85,,3520,0,,1,85,,3516,0,,1,85,,3517,0,,1,45,,3521,0,,1,85,,3522,0,,1
604,'251229-MULTI-Sunday-01',809,,3524,0,,1,45,,3526,0,,1,85,,3527,0,,1,85,,3525,0,,1,85,,3529,0,,1,45,,3531,0,,1,85,,3528,0,,1,85,,3532,0,,1,85,,3530,0,,1,45,,3533,0,,1,85,,3534,0,,1,85,,3535,0,,1,85,,3536,0,,1,45,,3537,0,,1,84,,3538,0,,1
604,'260105-MULTI-Holiday1-01',809,,3539,0,,1,45,,3541,0,,1,85,,3542,0,,1,85,,3540,0,,1,85,,3544,0,,1,45,,3546,0,,1,85,,3543,0,,1,85,,3547,0,,1,85,,3545,0,,1,45,,3548,0,,1,85,,3549,0,,1,85,,3550,0,,1,85,,3551,0,,1,45,,3552,0,,1,84,,3553,0,,1
604,'260105-MULTI-Saturday-01',654,,3571,0,,1,85,,3556,0,,1,85,,3554,0,,1,85,,3557,0,,1,45,,3555,0,,1,85,,3558,0,,1,85,,3561,0,,1,85,,3563,0,,1,45,,3559,0,,1,85,,3560,0,,1,85,,3564,0,,1,84,,3566,0,,1,45,,3567,0,,1,85,,3568,0,,1,85,,3565,0,,1,85,,3562,0,,1,45,,3569,0,,1,85,,3570,0,,1
604,'260105-MULTI-Sunday-01',809,,3572,0,,1,45,,3574,0,,1,85,,3575,0,,1,85,,3573,0,,1,85,,3577,0,,1,45,,3579,0,,1,85,,3576,0,,1,85,,3580,0,,1,85,,3578,0,,1,45,,3581,0,,1,85,,3582,0,,1,85,,3583,0,,1,85,,3584,0,,1,45,,3585,0,,1,84,,3586,0,,1
604,'260105-MULTI-Weekday-01',527,,3587,0,,1,20,,3591,0,,1,61,,3599,0,,1,20,,3594,0,,1,20,,3600,0,,1,57,,3593,0,,1,22,,3598,0,,1,21,,3592,0,,1,60,,3596,0,,1,20,,3597,0,,1,18,,3590,0,,1,62,,3617,0,,1,17,,3588,0,,1,22,,3612,0,,1,58,,3604,0,,1,21,,3610,0,,1,26,,3609,0,,1,62,,3603,0,,1,20,,3611,0,,1,21,,3605,0,,1,65,,3606,0,,1,22,,3608,0,,1,60,,3607,0,,1,23,,3613,0,,1,23,,3615,0,,1,63,,3602,0,,1,23,,3601,0,,1,22,,3595,0,,1,58,,3589,0,,1,20,,3619,0,,1,20,,3620,0,,1,61,,3621,0,,1,19,,3622,0,,1,20,,3623,0,,1,60,,3624,0,,1,20,,3625,0,,1,22,,3626,0,,1,58,,3628,0,,1,20,,3630,0,,1,20,,3631,0,,1,63,,3627,0,,1,25,,3632,0,,1,65,,3629,0,,1,25,,3633,0,,1,23,,3634,0,,1,67,,3635,0,,1,27,,3636,0,,1,73,,3614,0,,1,27,,3618,0,,1,68,,3616,0,,1,30,,3637,0,,1
6004,'251229-MULTI-Saturday-01',704,,15261,0,,1,30,,15239,0,,1,76,,15253,0,,1,32,,15254,0,,1,76,,15251,0,,1,35,,15255,0,,1,75,,15252,0,,1,75,,15257,0,,1,35,,15258,0,,1,75,,15259,0,,1,35,,15256,0,,1,75,,15260,0,,1,36,,15250,0,,1,75,,15249,0,,1,75,,15240,0,,1,35,,15247,0,,1,75,,15246,0,,1,35,,15245,0,,1,74,,15244,0,,1,77,,15243,0,,1,35,,15242,0,,1,75,,15241,0,,1,35,,15248,0,,1
6004,'251229-MULTI-Sunday-01',750,,15262,0,,1,105,,15263,0,,1,145,,15264,0,,1,105,,15265,0,,1,105,,15266,0,,1,105,,15267,0,,1,105,,15269,0,,1,105,,15270,0,,1,105,,15271,0,,1,105,,15268,0,,1,105,,15272,0,,1,105,,15273,0,,1
6004,'260105-MULTI-Holiday1-01',750,,15274,0,,1,105,,15275,0,,1,145,,15276,0,,1,105,,15277,0,,1,105,,15278,0,,1,105,,15279,0,,1,105,,15281,0,,1,105,,15282,0,,1,105,,15283,0,,1,105,,15280,0,,1,105,,15284,0,,1,105,,15285,0,,1
6004,'260105-MULTI-Saturday-01',704,,15308,0,,1,30,,15286,0,,1,76,,15300,0,,1,32,,15301,0,,1,76,,15298,0,,1,35,,15302,0,,1,75,,15299,0,,1,75,,15304,0,,1,35,,15305,0,,1,75,,15306,0,,1,35,,15303,0,,1,75,,15307,0,,1,36,,15297,0,,1,75,,15296,0,,1,75,,15287,0,,1,35,,15294,0,,1,75,,15293,0,,1,35,,15292,0,,1,74,,15291,0,,1,77,,15290,0,,1,35,,15289,0,,1,75,,15288,0,,1,35,,15295,0,,1
6004,'260105-MULTI-Sunday-01',750,,15309,0,,1,105,,15310,0,,1,145,,15311,0,,1,105,,15312,0,,1,105,,15313,0,,1,105,,15314,0,,1,105,,15316,0,,1,105,,15317,0,,1,105,,15318,0,,1,105,,15315,0,,1,105,,15319,0,,1,105,,15320,0,,1
6004,'260105-MULTI-Weekday-01',540,,15321,0,,1,65,,15322,0,,1,26,,15326,0,,1,28,,15327,0,,1,66,,15328,0,,1,26,,15329,0,,1,67,,15330,0,,1,26,,15331,0,,1,65,,15332,0,,1,26,,15333,0,,1,66,,15334,0,,1,26,,15335,0,,1,26,,15336,0,,1,66,,15337,0,,1,29,,15338,0,,1,69,,15339,0,,1,26,,15340,0,,1,66,,15342,0,,1,26,,15341,0,,1,68,,15343,0,,1,34,,15344,0,,1,64,,15345,0,,1,21,,15346,0,,1,27,,15347,0,,1,64,,15348,0,,1,25,,15349,0,,1,66,,15325,0,,1,23,,15323,0,,1,26,,15324,0,,1,68,,15350,0,,1,28,,15351,0,,1,67,,15352,0,,1,35,,15353,0,,1,86,,15354,0,,1,80,,15356,0,,1,40,,15357,0,,1,80,,15358,0,,1,80,,15355,0,,1,40,,15359,0,,1
