'251229-MULTI-Saturday-01',3104,85700,0,'A',1,10000,0,'A',1,14800,0,'A',1,10500,0,'A',1,10500,0,'A',1,10400,0,'A',1,10600,0,'A',1,10500,0,'A',1,10500,0,'A',1,10500,0,'A',1,10200,0,'A',1
'251229-MULTI-Sunday-01',3104,100000,0,'A',1,10500,0,'A',1,10500,0,'A',1,10500,0,'A',1,10500,0,'A',1,10500,0,'A',1,10500,0,'A',1,10500,0,'A',1,10500,0,'A',1
'260105-MULTI-Holiday1-01',3104,100000,0,'A',1,10500,0,'A',1,10500,0,'A',1,10500,0,'A',1,10500,0,'A',1,10500,0,'A',1,10500,0,'A',1,10500,0,'A',1,10500,0,'A',1
'260105-MULTI-Saturday-01',3104,85700,0,'A',1,10000,0,'A',1,14800,0,'A',1,10500,0,'A',1,10500,0,'A',1,10400,0,'A',1,10600,0,'A',1,10500,0,'A',1,10500,0,'A',1,10500,0,'A',1,10200,0,'A',1
'260105-MULTI-Sunday-01',3104,100000,0,'A',1,10500,0,'A',1,10500,0,'A',1,10500,0,'A',1,10500,0,'A',1,10500,0,'A',1,10500,0,'A',1,10500,0,'A',1,10500,0,'A',1
'260105-MULTI-Weekday-01',3104,60800,0,'A',1,10500,0,'A',1,10400,0,'A',1,10400,0,'A',1,10400,0,'A',1,10400,0,'A',1,10400,0,'A',1,10400,0,'A',1,10400,0,'A',1,10400,0,'A',1,10400,0,'A',1,10400,0,'A',1,9700,0,'A',1,15000,0,'A',1,11000,0,'A',1
'251229-MULTI-Saturday-01',3504,90900,0,'',1,4500,0,'',1,8500,0,'',1,8500,0,'',1,8500,0,'',1,4500,0,'',1,8500,0,'',1,8500,0,'',1,8500,0,'',1,4500,0,'',1,8500,0,'',1,8500,0,'',1,8500,0,'',1,4500,0,'',1,8500,0,'',1,8500,0,'',1
'251229-MULTI-Sunday-01',3504,85300,0,'',1,8500,0,'',1,8500,0,'',1,8500,0,'',1,4500,0,'',1,8500,0,'',1,8500,0,'',1,8500,0,'',1,4500,0,'',1,8500,0,'',1,8500,0,'',1,8500,0,'',1,4500,0,'',1,8500,0,'',1,8500,0,'',1,8500,0,'',1
'260105-MULTI-Holiday1-01',3504,85300,0,'',1,8500,0,'',1,8500,0,'',1,8500,0,'',1,4500,0,'',1,8500,0,'',1,8500,0,'',1,8500,0,'',1,4500,0,'',1,8500,0,'',1,8500,0,'',1,8500,0,'',1,4500,0,'',1,8500,0,'',1,8500,0,'',1,8500,0,'',1
'260105-MULTI-Saturday-01',3504,90900,0,'',1,4500,0,'',1,8500,0,'',1,8500,0,'',1,8500,0,'',1,4500,0,'',1,8500,0,'',1,8500,0,'',1,8500,0,'',1,4500,0,'',1,8500,0,'',1,8500,0,'',1,8500,0,'',1,4500,0,'',1,8500,0,'',1,8500,0,'',1
'260105-MULTI-Sunday-01',3504,85300,0,'',1,8500,0,'',1,8500,0,'',1,8500,0,'',1,4500,0,'',1,8500,0,'',1,8500,0,'',1,8500,0,'',1,4500,0,'',1,8500,0,'',1,8500,0,'',1,8500,0,'',1,4500,0,'',1,8500,0,'',1,8500,0,'',1,8500,0,'',1
'260105-MULTI-Weekday-01',3504,52300,0,'',1,3600,0,'',1,7500,0,'',1,7500,0,'',1,3500,0,'',1,7500,0,'',1,3500,0,'',1,7500,0,'',1,7500,0,'',1,3500,0,'',1,7500,0,'',1,3500,0,'',1,7900,0,'',1,3100,0,'',1,7500,0,'',1,7500,0,'',1,3500,0,'',1,7700,0,'',1,3500,0,'',1,7500,0,'',1,7500,0,'',1,3500,0,'',1,7500,0,'',1,3500,0,'',1,7600,0,'',1,7400,0,'',1,3500,0,'',1,7500,0,'',1,3500,0,'',1,7500,0,'',1,3500,0,'',1,7400,0,'',1
