1200,'Holiday1',740,,3998,1,,,1,80,,3994,1,,,1,80,,3997,1,,,1,40,,4002,1,,,1,80,,3993,1,,,1,80,,3996,1,,,1,40,,4001,1,,,1,80,,3995,1,,,1,80,,4000,1,,,1,40,,3999,1,,,1,80,,4004,1,,,1,80,,4003,1,,,1,40,,4005,1,,,1,80,,4006,1,,,1,80,,4007,1,,,1,40,,4009,1,,,1,80,,4008,1,,,1,80,,4010,1,,,1,40,,4011,1,,,1,80,,4012,1,,,1,80,,4014,1,,,1,40,,4013,1,,,1,80,,4015,1,,,1
1200,'Saturday',521,,4018,1,,,1,80,,4017,1,,,1,40,,4016,1,,,1,80,,4019,1,,,1,80,,4020,1,,,1,40,,4021,1,,,1,80,,4022,1,,,1,80,,4023,1,,,1,40,,4024,1,,,1,80,,4025,1,,,1,80,,4026,1,,,1,40,,4028,1,,,1,80,,4027,1,,,1,80,,4030,1,,,1,40,,4029,1,,,1,80,,4031,1,,,1,80,,4032,1,,,1,40,,4035,1,,,1,80,,4033,1,,,1,80,,4034,1,,,1,40,,4036,1,,,1,80,,4037,1,,,1,80,,4039,1,,,1,40,,4041,1,,,1,80,,4042,1,,,1,80,,4040,1,,,1,40,,4038,1,,,1,80,,4043,1,,,1,80,,4044,1,,,1
1200,'Sunday',740,,4050,1,,,1,80,,4046,1,,,1,80,,4049,1,,,1,40,,4054,1,,,1,80,,4045,1,,,1,80,,4048,1,,,1,40,,4053,1,,,1,80,,4047,1,,,1,80,,4052,1,,,1,40,,4051,1,,,1,80,,4056,1,,,1,80,,4055,1,,,1,40,,4057,1,,,1,80,,4058,1,,,1,80,,4059,1,,,1,40,,4061,1,,,1,80,,4060,1,,,1,80,,4062,1,,,1,40,,4063,1,,,1,80,,4064,1,,,1,80,,4066,1,,,1,40,,4065,1,,,1,80,,4067,1,,,1
1200,'Weekday',511,,4069,1,,,1,34,,4068,1,,,1,79,,4074,1,,,1,30,,4075,1,,,1,76,,4076,1,,,1,29,,4077,1,,,1,75,,4078,1,,,1,72,,4079,1,,,1,36,,4070,1,,,1,85,,4072,1,,,1,79,,4071,1,,,1,44,,4080,1,,,1,81,,4082,1,,,1,85,,4083,1,,,1,89,,4084,1,,,1,41,,4081,1,,,1,77,,4088,1,,,1,25,,4089,1,,,1,67,,4087,1,,,1,36,,4090,1,,,1,70,,4091,1,,,1,30,,4092,1,,,1,70,,4093,1,,,1,27,,4094,1,,,1,77,,4095,1,,,1,93,,4096,1,,,1,88,,4097,1,,,1,41,,4098,1,,,1,86,,4099,1,,,1,82,,4086,1,,,1,86,,4085,1,,,1,46,,4073,1,,,1
1201,'Holiday1',846,,4106,45,4,,1,83,,4100,45,4,,1,79,,4103,45,4,,1,40,,4104,45,4,,1,80,,4101,45,4,,1,80,,4102,45,4,,1,40,,4107,45,4,,1,80,,4108,45,4,,1,81,,4105,45,4,,1,44,,4110,45,4,,1,79,,4109,45,4,,1,80,,4112,45,4,,1,38,,4111,45,4,,1,80,,4113,45,4,,1,80,,4114,45,4,,1,40,,4115,45,4,,1,79,,4116,45,4,,1,78,,4117,45,4,,1,39,,4118,45,4,,1,80,,4119,45,4,,1,80,,4120,45,4,,1,38,,4121,45,4,,1,80,,4122,45,4,,1
1201,'Saturday',630,,4125,45,4,,1,80,,4123,45,4,,1,40,,4124,45,4,,1,81,,4126,45,4,,1,80,,4127,45,4,,1,40,,4128,45,4,,1,82,,4129,45,4,,1,80,,4130,45,4,,1,40,,4132,45,4,,1,80,,4131,45,4,,1,80,,4134,45,4,,1,40,,4133,45,4,,1,81,,4135,45,4,,1,80,,4136,45,4,,1,40,,4137,45,4,,1,80,,4138,45,4,,1,80,,4140,45,4,,1,38,,4139,45,4,,1,80,,4141,45,4,,1,80,,4142,45,4,,1,40,,4143,45,4,,1,81,,4145,45,4,,1,80,,4147,45,4,,1,40,,4144,45,4,,1,80,,4146,45,4,,1,80,,4148,45,4,,1,36,,4149,45,4,,1,80,,4150,45,4,,1,80,,4151,45,4,,1
1201,'Sunday',846,,4158,45,4,,1,83,,4152,45,4,,1,79,,4155,45,4,,1,40,,4156,45,4,,1,80,,4153,45,4,,1,80,,4154,45,4,,1,40,,4159,45,4,,1,80,,4160,45,4,,1,81,,4157,45,4,,1,44,,4162,45,4,,1,79,,4161,45,4,,1,80,,4164,45,4,,1,38,,4163,45,4,,1,80,,4165,45,4,,1,80,,4166,45,4,,1,40,,4167,45,4,,1,79,,4168,45,4,,1,78,,4169,45,4,,1,39,,4170,45,4,,1,80,,4171,45,4,,1,80,,4172,45,4,,1,38,,4173,45,4,,1,80,,4174,45,4,,1
1201,'Weekday',618,,4175,45,4,,1,35,,4176,45,4,,1,84,,4177,45,4,,1,75,,4178,45,4,,1,37,,4179,45,4,,1,66,,4180,45,4,,1,32,,4181,45,4,,1,73,,4182,45,4,,1,39,,4183,45,4,,1,84,,4184,45,4,,1,80,,4185,45,4,,1,83,,4186,45,4,,1,47,,4187,45,4,,1,83,,4188,45,4,,1,84,,4189,45,4,,1,90,,4199,45,4,,1,35,,4200,45,4,,1,67,,4201,45,4,,1,28,,4202,45,4,,1,74,,4203,45,4,,1,28,,4204,45,4,,1,72,,4205,45,4,,1,23,,4198,45,4,,1,70,,4194,45,4,,1,39,,4190,45,4,,1,86,,4195,45,4,,1,86,,4191,45,4,,1,84,,4196,45,4,,1,45,,4192,45,4,,1,79,,4197,45,4,,1,86,,4193,45,4,,1
20500,'Weekday',735,,11228,1,,,1
20501,'Weekday',1507,,11229,7,4,,1
21701,'Weekday',1507,,11251,13,4,,1
