'251229-MULTI-Saturday-01',5101,64800,0,'',1,10000,0,'',1,10000,0,'',1,10000,0,'',1,10000,0,'',1,10000,0,'',1,10000,0,'',1,10000,0,'',1,10000,0,'',1,10000,0,'',1,10000,0,'',1,10000,0,'',1,10000,0,'',1,10000,0,'',1,10000,0,'',1,10000,0,'',1
'251229-MULTI-Saturday-01',5102,64800,4,'',1,10000,4,'',1,10000,4,'',1,9900,4,'',1,9900,4,'',1,10000,4,'',1,10200,4,'',1,10000,4,'',1,10000,4,'',1,10000,4,'',1,10000,4,'',1,10000,4,'',1,9900,4,'',1,10000,4,'',1,10000,4,'',1,10000,4,'',1
'251229-MULTI-Sunday-01',5101,84700,0,'',1,10100,0,'',1,9900,0,'',1,10000,0,'',1,10200,0,'',1,10000,0,'',1,10000,0,'',1,10000,0,'',1,10000,0,'',1,10000,0,'',1,9900,0,'',1,10000,0,'',1,10000,0,'',1,10000,0,'',1
'251229-MULTI-Sunday-01',5102,84600,4,'',1,10100,4,'',1,9900,4,'',1,10000,4,'',1,10200,4,'',1,10000,4,'',1,10000,4,'',1,10000,4,'',1,10000,4,'',1,10000,4,'',1,9900,4,'',1,10000,4,'',1,10000,4,'',1,10000,4,'',1
'260105-MULTI-Holiday1-01',5101,84700,0,'',1,10100,0,'',1,9900,0,'',1,10000,0,'',1,10200,0,'',1,10000,0,'',1,10000,0,'',1,10000,0,'',1,10000,0,'',1,10000,0,'',1,9900,0,'',1,10000,0,'',1,10000,0,'',1,10000,0,'',1
'260105-MULTI-Holiday1-01',5102,84600,4,'',1,10100,4,'',1,9900,4,'',1,10000,4,'',1,10200,4,'',1,10000,4,'',1,10000,4,'',1,10000,4,'',1,10000,4,'',1,10000,4,'',1,9900,4,'',1,10000,4,'',1,10000,4,'',1,10000,4,'',1
'260105-MULTI-Saturday-01',5101,64800,0,'',1,10000,0,'',1,10000,0,'',1,10000,0,'',1,10000,0,'',1,10000,0,'',1,10000,0,'',1,10000,0,'',1,10000,0,'',1,10000,0,'',1,10000,0,'',1,10000,0,'',1,10000,0,'',1,10000,0,'',1,10000,0,'',1,10000,0,'',1
'260105-MULTI-Saturday-01',5102,64800,4,'',1,10000,4,'',1,10000,4,'',1,9900,4,'',1,9900,4,'',1,10000,4,'',1,10200,4,'',1,10000,4,'',1,10000,4,'',1,10000,4,'',1,10000,4,'',1,10000,4,'',1,9900,4,'',1,10000,4,'',1,10000,4,'',1,10000,4,'',1
'260105-MULTI-Sunday-01',5101,84700,0,'',1,10100,0,'',1,9900,0,'',1,10000,0,'',1,10200,0,'',1,10000,0,'',1,10000,0,'',1,10000,0,'',1,10000,0,'',1,10000,0,'',1,9900,0,'',1,10000,0,'',1,10000,0,'',1,10000,0,'',1
'260105-MULTI-Sunday-01',5102,84600,4,'',1,10100,4,'',1,9900,4,'',1,10000,4,'',1,10200,4,'',1,10000,4,'',1,10000,4,'',1,10000,4,'',1,10000,4,'',1,10000,4,'',1,9900,4,'',1,10000,4,'',1,10000,4,'',1,10000,4,'',1
'260105-MULTI-Weekday-01',5101,45700,0,'',1,7300,0,'',1,7000,0,'',1,3700,0,'',1,6300,0,'',1,3200,0,'',1,6800,0,'',1,3400,0,'',1,6800,0,'',1,3100,0,'',1,6900,0,'',1,3000,0,'',1,7000,0,'',1,3000,0,'',1,7000,0,'',1,2600,0,'',1,7200,0,'',1,2700,0,'',1,7300,0,'',1,3200,0,'',1,6800,0,'',1,3000,0,'',1,7300,0,'',1,2700,0,'',1,7100,0,'',1,2900,0,'',1,7400,0,'',1,2800,0,'',1,10100,0,'',1,10000,0,'',1,9900,0,'',1,10000,0,'',1,10800,0,'',1,9200,0,'',1
'260105-MULTI-Weekday-01',5102,45500,4,'',1,7300,4,'',1,3000,4,'',1,7600,4,'',1,2400,4,'',1,7300,4,'',1,2700,4,'',1,7500,4,'',1,2500,4,'',1,7300,4,'',1,7000,4,'',1,3000,4,'',1,7000,4,'',1,3000,4,'',1,7000,4,'',1,2600,4,'',1,3200,4,'',1,6600,4,'',1,3300,4,'',1,7000,4,'',1,3000,4,'',1,7100,4,'',1,7300,4,'',1,2700,4,'',1,7100,4,'',1,2900,4,'',1,7300,4,'',1,2900,4,'',1,7000,4,'',1,3000,4,'',1,10000,4,'',1,10000,4,'',1,10000,4,'',1,10800,4,'',1,9200,4,'',1
