601,'Holiday1',807,,2392,12,,,1,45,,2394,12,,,1,85,,2396,12,,,1,85,,2393,12,,,1,85,,2398,12,,,1,45,,2399,12,,,1,85,,2397,12,,,1,85,,2400,12,,,1,85,,2395,12,,,1,45,,2401,12,,,1,85,,2402,12,,,1,85,,2403,12,,,1,85,,2404,12,,,1,45,,2405,12,,,1,84,,2406,12,,,1
601,'Saturday',652,,2424,12,,,1,85,,2409,12,,,1,85,,2407,12,,,1,85,,2410,12,,,1,45,,2408,12,,,1,85,,2411,12,,,1,85,,2414,12,,,1,85,,2416,12,,,1,45,,2412,12,,,1,85,,2413,12,,,1,85,,2417,12,,,1,84,,2420,12,,,1,45,,2421,12,,,1,85,,2422,12,,,1,85,,2418,12,,,1,85,,2415,12,,,1,45,,2419,12,,,1,85,,2423,12,,,1
601,'Sunday',807,,2425,12,,,1,45,,2427,12,,,1,85,,2428,12,,,1,85,,2426,12,,,1,85,,2430,12,,,1,45,,2432,12,,,1,85,,2429,12,,,1,85,,2433,12,,,1,85,,2431,12,,,1,45,,2434,12,,,1,85,,2435,12,,,1,85,,2436,12,,,1,85,,2437,12,,,1,45,,2438,12,,,1,84,,2439,12,,,1
601,'Weekday',520,,2440,12,,,1,20,,2444,12,,,1,60,,2452,12,,,1,21,,2447,12,,,1,20,,2453,12,,,1,17,,2446,12,,,1,62,,2451,12,,,1,18,,2445,12,,,1,63,,2449,12,,,1,20,,2450,12,,,1,18,,2443,12,,,1,62,,2470,12,,,1,17,,2441,12,,,1,22,,2465,12,,,1,19,,2457,12,,,1,60,,2463,12,,,1,26,,2462,12,,,1,62,,2456,12,,,1,20,,2464,12,,,1,21,,2458,12,,,1,65,,2459,12,,,1,22,,2461,12,,,1,20,,2460,12,,,1,63,,2466,12,,,1,23,,2468,12,,,1,63,,2455,12,,,1,23,,2454,12,,,1,22,,2448,12,,,1,58,,2442,12,,,1,20,,2472,12,,,1,20,,2473,12,,,1,61,,2474,12,,,1,19,,2475,12,,,1,20,,2476,12,,,1,60,,2477,12,,,1,20,,2478,12,,,1,22,,2479,12,,,1,58,,2481,12,,,1,20,,2483,12,,,1,22,,2484,12,,,1,65,,2480,12,,,1,21,,2485,12,,,1,65,,2482,12,,,1,25,,2486,12,,,1,23,,2487,12,,,1,67,,2488,12,,,1,27,,2489,12,,,1,73,,2467,12,,,1,27,,2471,12,,,1,68,,2469,12,,,1,30,,2490,12,,,1
2900,'Holiday1',553,,7393,5,,,1,75,,7392,5,,,1,75,,7379,5,,,1,35,,7384,5,,,1,76,,7385,5,,,1,35,,7381,5,,,1,75,,7382,5,,,1,35,,7386,5,,,1,75,,7383,5,,,1,75,,7387,5,,,1,35,,7380,5,,,1,75,,7372,5,,,1,35,,7378,5,,,1,75,,7374,5,,,1,75,,7377,5,,,1,35,,7376,5,,,1,75,,7375,5,,,1,35,,7373,5,,,1,75,,7371,5,,,1,35,,7370,5,,,1,75,,7368,5,,,1,75,,7369,5,,,1,35,,7388,5,,,1,75,,7389,5,,,1,35,,7391,5,,,1,75,,7390,5,,,1,90,,7395,5,,,1,90,,7394,5,,,1,50,,7396,5,,,1,90,,7397,5,,,1
2900,'Saturday',529,,7407,5,,,1,25,,7398,5,,,1,65,,7408,5,,,1,25,,7409,5,,,1,65,,7410,5,,,1,25,,7411,5,,,1,25,,7412,5,,,1,65,,7413,5,,,1,25,,7414,5,,,1,65,,7415,5,,,1,25,,7416,5,,,1,65,,7417,5,,,1,25,,7418,5,,,1,25,,7419,5,,,1,65,,7421,5,,,1,25,,7422,5,,,1,65,,7423,5,,,1,25,,7420,5,,,1,25,,7424,5,,,1,65,,7426,5,,,1,25,,7428,5,,,1,65,,7429,5,,,1,25,,7430,5,,,1,65,,7427,5,,,1,25,,7431,5,,,1,25,,7425,5,,,1,65,,7432,5,,,1,25,,7433,5,,,1,65,,7434,5,,,1,25,,7435,5,,,1,25,,7436,5,,,1,65,,7437,5,,,1,32,,7400,5,,,1,73,,7399,5,,,1,75,,7401,5,,,1,29,,7403,5,,,1,80,,7402,5,,,1,93,,7404,5,,,1,47,,7405,5,,,1,90,,7406,5,,,1
2900,'Sunday',553,,7463,5,,,1,75,,7462,5,,,1,75,,7449,5,,,1,35,,7454,5,,,1,76,,7455,5,,,1,35,,7451,5,,,1,75,,7452,5,,,1,35,,7456,5,,,1,75,,7453,5,,,1,75,,7457,5,,,1,35,,7450,5,,,1,75,,7442,5,,,1,35,,7448,5,,,1,75,,7444,5,,,1,75,,7447,5,,,1,35,,7446,5,,,1,75,,7445,5,,,1,35,,7443,5,,,1,75,,7441,5,,,1,35,,7440,5,,,1,75,,7438,5,,,1,75,,7439,5,,,1,35,,7458,5,,,1,75,,7459,5,,,1,35,,7461,5,,,1,75,,7460,5,,,1,90,,7465,5,,,1,90,,7464,5,,,1,50,,7466,5,,,1,90,,7467,5,,,1
2900,'Weekday',504,,7469,5,0,5,1,16,,7468,5,0,5,1,16,,7471,5,0,5,1,11,,7498,5,0,5,1,5,,7500,5,0,5,1,56,,7502,5,0,5,1,16,,7503,5,0,5,1,16,,7513,5,0,5,1,16,,7512,5,0,5,1,56,,7508,5,0,5,1,16,,7507,5,0,5,1,6,,7499,5,0,5,1,10,,7506,5,0,5,1,56,,7505,5,0,5,1,16,,7509,5,0,5,1,16,,7511,5,0,5,1,16,,7510,5,0,5,1,59,,7504,5,0,5,1,25,,7470,5,,,1,26,,7472,5,,,1,64,,7473,5,,,1,25,,7474,5,,,1,65,,7475,5,,,1,25,,7476,5,,,1,65,,7477,5,,,1,25,,7478,5,,,1,25,,7479,5,,,1,65,,7480,5,,,1,25,,7481,5,,,1,63,,7482,5,0,5,1,15,,7483,5,0,5,1,18,,7514,5,0,5,1,18,,7515,5,0,5,1,57,,7516,5,0,5,1,18,,7517,5,0,5,1,18,,7518,5,0,5,1,58,,7519,5,0,5,1,18,,7520,5,0,5,1,18,,7521,5,0,5,1,58,,7522,5,0,5,1,18,,7523,5,0,5,1,18,,7524,5,0,5,1,18,,7525,5,0,5,1,58,,7526,5,0,5,1,18,,7527,5,0,5,1,18,,7528,5,0,5,1,58,,7529,5,0,5,1,18,,7501,5,0,5,1,13,,7484,5,0,5,1,15,,7485,5,0,5,1,55,,7486,5,0,5,1,23,,7487,5,,,1,70,,7488,5,,,1,35,,7489,5,,,1,70,,7490,5,,,1,32,,7491,5,,,1,69,,7492,5,,,1,30,,7493,5,,,1,70,,7494,5,,,1,30,,7495,5,,,1,70,,7496,5,,,1
6001,'Holiday1',749,,10601,5,,,1,105,,10602,5,,,1,105,,10603,5,,,1,145,,10604,5,,,1,105,,10605,5,,,1,105,,10606,5,,,1,105,,10609,5,,,1,105,,10610,5,,,1,105,,10611,5,,,1,105,,10607,5,,,1,105,,10608,5,,,1,105,,10612,5,,,1
6001,'Saturday',703,,10635,5,,,1,30,,10613,5,,,1,76,,10627,5,,,1,32,,10628,5,,,1,76,,10625,5,,,1,35,,10629,5,,,1,75,,10626,5,,,1,75,,10631,5,,,1,35,,10632,5,,,1,75,,10633,5,,,1,35,,10630,5,,,1,75,,10634,5,,,1,36,,10624,5,,,1,75,,10623,5,,,1,75,,10614,5,,,1,35,,10621,5,,,1,75,,10620,5,,,1,35,,10619,5,,,1,74,,10618,5,,,1,77,,10617,5,,,1,35,,10616,5,,,1,75,,10615,5,,,1,35,,10622,5,,,1
6001,'Sunday',749,,10636,5,,,1,105,,10637,5,,,1,105,,10638,5,,,1,145,,10639,5,,,1,105,,10640,5,,,1,105,,10641,5,,,1,105,,10644,5,,,1,105,,10645,5,,,1,105,,10646,5,,,1,105,,10642,5,,,1,105,,10643,5,,,1,105,,10647,5,,,1
6001,'Weekday',539,,10648,5,,,1,65,,10649,5,,,1,26,,10653,5,,,1,28,,10654,5,,,1,66,,10655,5,,,1,26,,10656,5,,,1,67,,10657,5,,,1,26,,10658,5,,,1,65,,10659,5,,,1,26,,10660,5,,,1,66,,10661,5,,,1,26,,10662,5,,,1,26,,10663,5,,,1,66,,10664,5,,,1,29,,10665,5,,,1,69,,10666,5,,,1,26,,10667,5,,,1,66,,10669,5,,,1,26,,10668,5,,,1,67,,10670,5,,,1,34,,10671,5,,,1,24,,10672,5,,,1,61,,10673,5,,,1,27,,10674,5,,,1,64,,10675,5,,,1,25,,10676,5,,,1,66,,10652,5,,,1,23,,10650,5,,,1,26,,10651,5,,,1,68,,10677,5,,,1,28,,10678,5,,,1,68,,10679,5,,,1,35,,10680,5,,,1,86,,10681,5,,,1,80,,10683,5,,,1,40,,10684,5,,,1,80,,10685,5,,,1,80,,10682,5,,,1,40,,10686,5,,,1
