203,'Holiday1',749,,537,,,1,75,,538,,,1,33,,539,,,1,74,,540,,,1,72,,541,,,1,34,,543,,,1,73,,544,,,1,34,,545,,,1,74,,542,,,1,33,,546,,,1,73,,547,,,1,33,,548,,,1,73,,549,,,1,73,,550,,,1,33,,551,,,1,73,,552,,,1,33,,553,,,1,73,,555,,,1,33,,556,,,1,73,,557,,,1,33,,554,,,1,72,,559,,,1,33,,560,,,1,73,,561,,,1,73,,558,,,1,30,,563,,,1,73,,564,,,1,33,,566,,,1,72,,567,,,1,32,,565,,,1,73,,568,,,1,33,,562,,,1
203,'Saturday',558,,569,,,1,71,,570,,,1,30,,573,,,1,73,,574,,,1,25,,572,,,1,78,,571,,,1,70,,576,,,1,52,,577,,,1,71,,578,,,1,30,,575,,,1,73,,579,,,1,70,,581,,,1,30,,583,,,1,70,,584,,,1,30,,580,,,1,70,,585,,,1,30,,582,,,1,71,,586,,,1,30,,587,,,1,70,,590,,,1,30,,591,,,1,70,,592,,,1,30,,588,,,1,70,,589,,,1,30,,593,,,1,69,,595,,,1,27,,596,,,1,28,,597,,,1,68,,594,,,1,29,,598,,,1,69,,599,,,1,29,,602,,,1,69,,603,,,1,30,,600,,,1,69,,601,,,1,30,,605,,,1,70,,606,,,1,30,,604,,,1,70,,607,,,1,30,,608,,,1
203,'Sunday',749,,609,,,1,75,,610,,,1,33,,611,,,1,74,,612,,,1,72,,613,,,1,34,,615,,,1,73,,616,,,1,34,,617,,,1,74,,614,,,1,33,,618,,,1,73,,619,,,1,33,,620,,,1,73,,621,,,1,73,,622,,,1,33,,623,,,1,73,,624,,,1,33,,625,,,1,73,,627,,,1,33,,628,,,1,73,,629,,,1,33,,626,,,1,72,,631,,,1,33,,632,,,1,73,,633,,,1,73,,630,,,1,30,,635,,,1,73,,636,,,1,33,,638,,,1,72,,639,,,1,32,,637,,,1,73,,640,,,1,33,,634,,,1
203,'Weekday',445,,641,,,1,62,,643,,,1,22,,644,,,1,22,,645,,,1,51,,642,,,1,35,,646,,,1,22,,647,,,1,46,,648,,,1,39,,649,,,1,67,,650,,,1,22,,651,,,1,22,,652,,,1,1,,654,,,1,82,,655,,,1,64,,656,,,1,22,,653,,,1,19,,657,,,1,4,,658,,,1,78,,659,,,1,25,,660,,,1,62,,661,,,1,18,,662,,,1,10,,664,,,1,76,,665,,,1,26,,666,,,1,62,,663,,,1,14,,668,,,1,15,,669,,,1,72,,670,,,1,27,,667,,,1,19,,671,,,1,57,,673,,,1,17,,674,,,1,33,,675,,,1,67,,672,,,1,22,,676,,,1,60,,678,,,1,24,,679,,,1,26,,680,,,1,65,,677,,,1,21,,681,,,1,59,,682,,,1,26,,683,,,1,20,,684,,,1,59,,685,,,1,23,,686,,,1,17,,687,,,1,65,,689,,,1,19,,690,,,1,16,,691,,,1,73,,688,,,1,28,,692,,,1,69,,693,,,1,32,,694,,,1,68,,695,,,1,28,,696,,,1
2301,'Holiday1',729,,6415,,,1,30,,6388,,,1,71,,6390,,,1,22,,6387,,,1,69,,6391,,,1,30,,6389,,,1,74,,6392,,,1,28,,6393,,,1,68,,6394,,,1,28,,6395,,,1,68,,6396,,,1,28,,6398,,,1,68,,6399,,,1,28,,6400,,,1,68,,6397,,,1,28,,6402,,,1,68,,6403,,,1,28,,6404,,,1,68,,6401,,,1,28,,6406,,,1,28,,6407,,,1,68,,6409,,,1,28,,6405,,,1,67,,6410,,,1,28,,6408,,,1,67,,6412,,,1,28,,6413,,,1,67,,6411,,,1,28,,6416,,,1,68,,6414,,,1,27,,6418,,,1,69,,6417,,,1
2301,'Saturday',639,,6420,,,1,70,,6419,,,1,28,,6429,,,1,68,,6433,,,1,30,,6434,,,1,68,,6431,,,1,28,,6430,,,1,27,,6432,,,1,68,,6435,,,1,28,,6436,,,1,70,,6437,,,1,28,,6438,,,1,68,,6440,,,1,28,,6441,,,1,69,,6442,,,1,28,,6439,,,1,68,,6443,,,1,29,,6445,,,1,67,,6446,,,1,27,,6447,,,1,68,,6444,,,1,26,,6448,,,1,28,,6449,,,1,68,,6450,,,1,74,,6451,,,1,39,,6423,,,1,70,,6421,,,1,31,,6424,,,1,69,,6422,,,1,30,,6426,,,1,70,,6428,,,1,30,,6425,,,1,69,,6427,,,1,29,,6452,,,1,70,,6454,,,1,30,,6453,,,1,70,,6455,,,1,30,,6456,,,1
2301,'Sunday',729,,6485,,,1,30,,6458,,,1,71,,6460,,,1,22,,6457,,,1,69,,6461,,,1,30,,6459,,,1,74,,6462,,,1,28,,6463,,,1,68,,6464,,,1,28,,6465,,,1,68,,6466,,,1,28,,6468,,,1,68,,6469,,,1,28,,6470,,,1,68,,6467,,,1,28,,6472,,,1,68,,6473,,,1,28,,6474,,,1,68,,6471,,,1,28,,6476,,,1,28,,6477,,,1,68,,6479,,,1,28,,6475,,,1,67,,6480,,,1,28,,6478,,,1,67,,6482,,,1,28,,6483,,,1,67,,6481,,,1,28,,6486,,,1,68,,6484,,,1,27,,6488,,,1,69,,6487,,,1
2301,'Weekday',428,,6489,,,1,15,,6490,,,1,15,,6491,,,1,56,,6492,,,1,16,,6493,,,1,15,,6494,,,1,55,,6495,,,1,14,,6496,,,1,16,,6497,,,1,15,,6498,,,1,55,,6499,,,1,17,,6501,,,1,15,,6502,,,1,15,,6503,,,1,55,,6500,,,1,16,,6505,,,1,15,,6506,,,1,15,,6507,,,1,55,,6504,,,1,14,,6508,,,1,31,,6509,,,1,69,,6510,,,1,30,,6511,,,1,74,,6512,,,1,30,,6513,,,1,67,,6514,,,1,27,,6515,,,1,70,,6516,,,1,28,,6517,,,1,60,,6548,,,1,20,,6518,,,1,15,,6547,,,1,15,,6544,,,1,55,,6546,,,1,14,,6545,,,1,15,,6520,,,1,15,,6519,,,1,55,,6521,,,1,15,,6523,,,1,15,,6525,,,1,15,,6526,,,1,55,,6527,,,1,15,,6524,,,1,15,,6528,,,1,15,,6522,,,1,55,,6529,,,1,15,,6530,,,1,15,,6531,,,1,15,,6532,,,1,54,,6533,,,1,20,,6534,,,1,74,,6535,,,1,33,,6536,,,1,73,,6538,,,1,34,,6539,,,1,74,,6540,,,1,34,,6537,,,1,72,,6541,,,1,34,,6542,,,1,74,,6543,,,1
2801,'Holiday1',631,,7222,0,5,1,25,,7215,,,1,65,,7212,0,5,1,25,,7219,,,1,65,,7217,0,5,1,25,,7211,,,1,65,,7223,0,5,1,25,,7214,,,1,25,,7213,0,5,1,65,,7220,,,1,25,,7216,0,5,1,65,,7218,,,1,25,,7224,0,5,1,25,,7221,,,1,65,,7225,0,5,1,25,,7226,,,1,65,,7227,0,5,1,25,,7228,,,1,65,,7229,0,5,1,25,,7230,,,1,25,,7231,0,5,1,65,,7232,,,1,25,,7233,0,5,1,65,,7234,,,1,25,,7235,0,5,1,25,,7237,,,1,65,,7236,0,5,1,25,,7238,,,1,65,,7239,0,5,1,25,,7240,,,1,65,,7241,0,5,1,25,,7242,,,1
2801,'Saturday',631,,7244,0,5,1,25,,7260,,,1,65,,7245,0,5,1,25,,7262,,,1,65,,7243,0,5,1,25,,7263,,,1,65,,7246,0,5,1,25,,7264,,,1,25,,7247,0,5,1,65,,7261,,,1,25,,7248,0,5,1,65,,7265,,,1,25,,7249,0,5,1,25,,7266,,,1,65,,7250,0,5,1,25,,7267,,,1,65,,7251,0,5,1,25,,7268,,,1,65,,7252,0,5,1,25,,7269,,,1,25,,7253,0,5,1,65,,7270,,,1,25,,7254,0,5,1,65,,7271,,,1,25,,7255,0,5,1,25,,7272,,,1,65,,7256,0,5,1,25,,7273,,,1,65,,7257,0,5,1,25,,7274,,,1,65,,7258,0,5,1,25,,7259,,,1
2801,'Sunday',631,,7286,0,5,1,25,,7279,,,1,65,,7276,0,5,1,25,,7283,,,1,65,,7281,0,5,1,25,,7275,,,1,65,,7287,0,5,1,25,,7278,,,1,25,,7277,0,5,1,65,,7284,,,1,25,,7280,0,5,1,65,,7282,,,1,25,,7288,0,5,1,25,,7285,,,1,65,,7289,0,5,1,25,,7290,,,1,65,,7291,0,5,1,25,,7292,,,1,65,,7293,0,5,1,25,,7294,,,1,25,,7295,0,5,1,65,,7296,,,1,25,,7297,0,5,1,65,,7298,,,1,25,,7299,0,5,1,25,,7301,,,1,65,,7300,0,5,1,25,,7302,,,1,65,,7303,0,5,1,25,,7304,,,1,65,,7305,0,5,1,25,,7306,,,1
2801,'Weekday',456,,7349,,,1,80,,7347,,,1,80,,7348,,,1,18,,7307,0,5,1,20,,7329,,,1,62,,7310,0,5,1,19,,7330,,,1,20,,7311,0,5,1,58,,7331,,,1,19,,7312,0,5,1,20,,7332,,,1,59,,7313,0,5,1,21,,7333,,,1,21,,7314,0,5,1,61,,7335,,,1,18,,7315,0,5,1,24,,7336,,,1,60,,7316,0,5,1,20,,7337,,,1,20,,7317,0,5,1,60,,7334,,,1,20,,7318,0,5,1,20,,7338,,,1,60,,7320,0,5,1,20,,7339,,,1,20,,7321,0,5,1,60,,7340,,,1,20,,7322,0,5,1,21,,7341,,,1,59,,7319,0,5,1,20,,7342,,,1,21,,7323,0,5,1,61,,7343,,,1,18,,7324,0,5,1,21,,7344,,,1,59,,7325,0,5,1,20,,7345,,,1,21,,7326,0,5,1,59,,7309,,,1,23,,7327,0,5,1,19,,7308,,,1,60,,7328,0,5,1,20,,7346,,,1
