1101,'251229-MULTI-Saturday-01',438,,5106,0,,1,82,,5108,0,,1,80,,5109,0,,1,41,,5110,0,,1,80,,5107,0,,1,80,,5111,0,,1,42,,5118,0,,1,88,,5120,0,,1,79,,5121,0,,1,42,,5122,0,,1,82,,5124,0,,1,82,,5125,0,,1,41,,5126,0,,1,82,,5123,0,,1,82,,5127,0,,1,86,,5141,0,,1,44,,5142,0,,1,86,,5143,0,,1,83,,5144,0,,1,84,,5145,0,,1,45,,5146,0,,1,87,,5150,0,,1,84,,5151,0,,1,87,,5152,0,,1,94,,5154,0,,1,54,,5157,0,,1,145,,5158,0,,1
1101,'251229-MULTI-Sunday-01',521,,5165,0,,1,80,,5163,0,,1,40,,5161,0,,1,80,,5159,0,,1,80,,5166,0,,1,40,,5168,0,,1,80,,5170,0,,1,80,,5172,0,,1,40,,5175,0,,1,80,,5174,0,,1,80,,5178,0,,1,40,,5180,0,,1,80,,5182,0,,1,80,,5183,0,,1,40,,5185,0,,1,82,,5188,0,,1,82,,5192,0,,1,42,,5193,0,,1,82,,5197,0,,1,80,,5195,0,,1,41,,5194,0,,1,86,,5199,0,,1,86,,5200,0,,1,84,,5208,0,,1,45,,5204,0,,1,88,,5205,0,,1,86,,5210,0,,1,80,,5212,0,,1
1101,'260105-MULTI-Holiday1-01',521,,5219,0,,1,80,,5217,0,,1,40,,5215,0,,1,80,,5213,0,,1,80,,5220,0,,1,40,,5222,0,,1,80,,5225,0,,1,80,,5226,0,,1,40,,5229,0,,1,80,,5228,0,,1,80,,5232,0,,1,40,,5234,0,,1,80,,5236,0,,1,80,,5237,0,,1,40,,5239,0,,1,82,,5242,0,,1,82,,5246,0,,1,42,,5247,0,,1,82,,5251,0,,1,80,,5249,0,,1,41,,5248,0,,1,86,,5253,0,,1,86,,5254,0,,1,84,,5262,0,,1,45,,5258,0,,1,88,,5259,0,,1,86,,5265,0,,1,80,,5266,0,,1
1101,'260105-MULTI-Saturday-01',438,,5267,0,,1,82,,5270,0,,1,80,,5271,0,,1,41,,5269,0,,1,80,,5268,0,,1,80,,5272,0,,1,42,,5279,0,,1,88,,5281,0,,1,79,,5282,0,,1,42,,5283,0,,1,82,,5285,0,,1,82,,5286,0,,1,41,,5287,0,,1,82,,5284,0,,1,82,,5288,0,,1,86,,5302,0,,1,44,,5303,0,,1,86,,5304,0,,1,83,,5305,0,,1,84,,5306,0,,1,45,,5307,0,,1,87,,5311,0,,1,84,,5312,0,,1,87,,5313,0,,1,94,,5315,0,,1,54,,5318,0,,1,145,,5319,0,,1
1101,'260105-MULTI-Sunday-01',521,,5326,0,,1,80,,5324,0,,1,40,,5322,0,,1,80,,5320,0,,1,80,,5327,0,,1,40,,5329,0,,1,80,,5332,0,,1,80,,5333,0,,1,40,,5336,0,,1,80,,5335,0,,1,80,,5339,0,,1,40,,5341,0,,1,80,,5343,0,,1,80,,5344,0,,1,40,,5346,0,,1,82,,5349,0,,1,82,,5353,0,,1,42,,5354,0,,1,82,,5358,0,,1,80,,5356,0,,1,41,,5355,0,,1,86,,5360,0,,1,86,,5361,0,,1,84,,5369,0,,1,45,,5365,0,,1,88,,5366,0,,1,86,,5372,0,,1,80,,5373,0,,1
1101,'260105-MULTI-Weekday-01',424,,5469,0,,1,20,,5472,0,,1,59,,5466,0,,1,19,,5475,0,,1,21,,5464,0,,1,14,,5467,0,,1,63,,5479,0,,1,18,,5468,0,,1,21,,5474,0,,1,53,,5473,0,,1,28,,5470,0,,1,14,,5445,0,,1,59,,5442,0,,1,22,,5443,0,,1,65,,5444,0,,1,31,,5461,0,,1,18,,5449,0,,1,67,,5450,0,,1,30,,5429,0,,1,54,,5430,0,,1,59,,5431,0,,1,68,,5415,0,,1,73,,5412,0,9 10,1,4,,5416,0,,1,28,,5453,0,,1,22,,5457,0,,1,59,,5406,0,,1,28,,5407,0,,1,62,,5424,0,,1,17,,5403,0,9 11,1,80,,5414,0,9 11,1,20,,5425,0,,1,27,,5390,0,,1,67,,5454,0,,1,22,,5387,0,,1,74,,5419,0,,1,33,,5451,0,,1,62,,5433,0,,1,22,,5432,0,,1,26,,5380,0,,1,65,,5378,0,,1,19,,5383,0,,1,71,,5409,0,,1,25,,5398,0,9 11,1,19,,5396,0,,1,86,,5381,0,,1,90,,5385,0,,1,26,,5375,0,9 10,1,59,,5394,0,,1,18,,5374,0,9 10,1,15,,5377,0,,1,75,,5410,0,,1
5101,'251229-MULTI-Saturday-01',653,,13348,0,,1,101,,13349,0,,1,100,,13350,0,,1,100,,13353,0,,1,100,,13352,0,,1,99,,13351,0,,1,101,,13354,0,,1,100,,13356,0,,1,100,,13355,0,,1,100,,13358,0,,1,101,,13357,0,,1,100,,13359,0,,1,100,,13347,0,,1,100,,13362,0,,1,100,,13360,0,,1,100,,13361,0,,1
5101,'251229-MULTI-Sunday-01',853,,13376,0,,1,101,,13375,0,,1,99,,13374,0,,1,99,,13373,0,,1,103,,13372,0,,1,100,,13371,0,,1,100,,13370,0,,1,100,,13369,0,,1,101,,13368,0,,1,100,,13366,0,,1,99,,13367,0,,1,100,,13365,0,,1,100,,13364,0,,1,100,,13363,0,,1
5101,'260105-MULTI-Holiday1-01',853,,13388,0,,1,101,,13390,0,,1,99,,13389,0,,1,99,,13387,0,,1,103,,13386,0,,1,100,,13385,0,,1,100,,13384,0,,1,100,,13383,0,,1,101,,13382,0,,1,100,,13380,0,,1,99,,13381,0,,1,100,,13379,0,,1,100,,13378,0,,1,100,,13377,0,,1
5101,'260105-MULTI-Saturday-01',653,,13392,0,,1,101,,13393,0,,1,100,,13394,0,,1,100,,13398,0,,1,100,,13396,0,,1,99,,13395,0,,1,101,,13397,0,,1,100,,13400,0,,1,100,,13399,0,,1,100,,13402,0,,1,101,,13401,0,,1,100,,13403,0,,1,100,,13391,0,,1,100,,13406,0,,1,100,,13404,0,,1,100,,13405,0,,1
5101,'260105-MULTI-Sunday-01',853,,13418,0,,1,101,,13420,0,,1,99,,13419,0,,1,99,,13417,0,,1,103,,13416,0,,1,100,,13415,0,,1,100,,13414,0,,1,100,,13413,0,,1,101,,13412,0,,1,100,,13410,0,,1,99,,13411,0,,1,100,,13409,0,,1,100,,13408,0,,1,100,,13407,0,,1
5101,'260105-MULTI-Weekday-01',502,,13421,0,,1,33,,13434,0,,1,70,,13422,0,,1,37,,13432,0,,1,64,,13423,0,,1,32,,13431,0,,1,69,,13425,0,,1,34,,13433,0,,1,66,,13429,0,,1,31,,13444,0,,1,69,,13446,0,,1,30,,13447,0,,1,70,,13448,0,,1,30,,13445,0,,1,70,,13449,0,,1,26,,13450,0,,1,72,,13451,0,,1,27,,13452,0,,1,73,,13453,0,,1,32,,13454,0,,1,69,,13426,0,,1,30,,13436,0,,1,74,,13427,0,,1,27,,13437,0,,1,71,,13424,0,,1,29,,13438,0,,1,74,,13430,0,,1,28,,13435,0,,1,100,,13428,0,,1,99,,13440,0,,1,99,,13441,0,,1,100,,13442,0,,1,108,,13443,0,,1,92,,13439,0,,1
