603,'Holiday1',902,,2299,16,,,1,45,,2298,16,,,1,86,,2301,16,,,1,85,,2302,16,,,1,85,,2303,16,,,1,45,,2304,16,,,1,87,,2305,16,,,1,85,,2300,16,,,1,85,,2306,16,,,1,45,,2307,16,,,1,85,,2308,16,,,1,85,,2309,16,,,1,85,,2310,16,,,1,45,,2311,16,,,1,84,,2312,16,,,1
603,'Saturday',748,,2328,16,,,1,85,,2313,16,,,1,85,,2314,16,,,1,85,,2316,16,,,1,45,,2317,16,,,1,85,,2315,16,,,1,85,,2319,16,,,1,85,,2318,16,,,1,46,,2321,16,,,1,85,,2322,16,,,1,86,,2320,16,,,1,85,,2323,16,,,1,45,,2324,16,,,1,85,,2325,16,,,1,85,,2326,16,,,1,85,,2327,16,,,1
603,'Sunday',902,,2330,16,,,1,45,,2329,16,,,1,86,,2332,16,,,1,85,,2333,16,,,1,85,,2334,16,,,1,45,,2335,16,,,1,87,,2336,16,,,1,85,,2331,16,,,1,85,,2337,16,,,1,45,,2338,16,,,1,85,,2339,16,,,1,85,,2340,16,,,1,85,,2341,16,,,1,45,,2342,16,,,1,84,,2343,16,,,1
603,'Weekday',623,,2344,16,,,1,19,,2346,16,,,1,61,,2350,16,,,1,20,,2351,16,,,1,19,,2347,16,,,1,59,,2352,16,,,1,22,,2349,16,,,1,17,,2354,16,,,1,63,,2348,16,,,1,20,,2353,16,,,1,23,,2345,16,,,1,70,,2368,16,,,1,22,,2366,16,,,1,19,,2359,16,,,1,61,,2362,16,,,1,26,,2364,16,,,1,62,,2360,16,,,1,20,,2356,16,,,1,23,,2363,16,,,1,64,,2355,16,,,1,22,,2361,16,,,1,20,,2357,16,,,1,65,,2367,16,,,1,25,,2358,16,,,1,64,,2365,16,,,1,25,,2370,16,,,1,20,,2371,16,,,1,61,,2369,16,,,1,20,,2372,16,,,1,20,,2373,16,,,1,60,,2374,16,,,1,20,,2375,16,,,1,20,,2376,16,,,1,60,,2377,16,,,1,19,,2378,16,,,1,21,,2379,16,,,1,54,,2380,16,,,1,20,,2381,16,,,1,20,,2385,16,,,1,62,,2382,16,,,1,22,,2383,16,,,1,67,,2384,16,,,1,25,,2386,16,,,1,22,,2387,16,,,1,67,,2388,16,,,1,27,,2389,16,,,1,72,,2390,16,,,1,30,,2391,16,,,1
5301,'Holiday1',823,,9717,1,,,1,31,,9718,1,,,1,70,,9719,1,,,1,30,,9720,1,,,1,70,,9721,1,,,1,30,,9722,1,,,1,70,,9723,1,,,1,30,,9724,1,,,1,72,,9725,1,,,1,28,,9726,1,,,1,72,,9727,1,,,1,28,,9728,1,,,1,74,,9730,1,,,1,26,,9729,1,,,1,74,,9733,1,,,1,26,,9731,1,,,1,74,,9732,1,,,1,26,,9735,1,,,1,74,,9736,1,,,1,26,,9734,1,,,1,74,,9737,1,,,1,26,,9738,1,,,1,74,,9739,1,,,1
5301,'Saturday',554,,9745,1,,,1,70,,9754,1,,,1,30,,9742,1,,,1,70,,9755,1,,,1,30,,9750,1,,,1,70,,9756,1,,,1,30,,9752,1,,,1,70,,9757,1,,,1,30,,9753,1,,,1,70,,9758,1,,,1,30,,9748,1,,,1,70,,9759,1,,,1,30,,9747,1,,,1,70,,9760,1,,,1,30,,9741,1,,,1,70,,9761,1,,,1,30,,9746,1,,,1,70,,9762,1,,,1,30,,9744,1,,,1,70,,9763,1,,,1,30,,9743,1,,,1,70,,9764,1,,,1,30,,9740,1,,,1,70,,9765,1,,,1,30,,9749,1,,,1,70,,9766,1,,,1,30,,9751,1,,,1
5301,'Sunday',823,,9767,1,,,1,31,,9768,1,,,1,70,,9769,1,,,1,30,,9770,1,,,1,70,,9771,1,,,1,30,,9772,1,,,1,70,,9773,1,,,1,30,,9774,1,,,1,72,,9775,1,,,1,28,,9776,1,,,1,72,,9777,1,,,1,28,,9778,1,,,1,74,,9780,1,,,1,26,,9779,1,,,1,74,,9783,1,,,1,26,,9781,1,,,1,74,,9782,1,,,1,26,,9785,1,,,1,74,,9786,1,,,1,26,,9784,1,,,1,74,,9787,1,,,1,26,,9788,1,,,1,74,,9789,1,,,1
5301,'Weekday',519,,9790,1,,,1,16,,9794,1,,,1,65,,9796,1,,,1,30,,9797,1,,,1,23,,9795,1,,,1,69,,9798,1,,,1,21,,9799,1,,,1,65,,9800,1,,,1,23,,9801,1,,,1,26,,9802,1,,,1,71,,9803,1,,,1,27,,9804,1,,,1,75,,9805,1,,,1,25,,9806,1,,,1,76,,9807,1,,,1,24,,9808,1,,,1,70,,9809,1,,,1,27,,9810,1,,,1,73,,9812,1,,,1,31,,9814,1,,,1,71,,9811,1,,,1,31,,9815,1,,,1,64,,9813,1,,,1,20,,9816,1,,,1,70,,9817,1,,,1,25,,9818,1,,,1,65,,9820,1,,,1,25,,9821,1,,,1,25,,9822,1,,,1,64,,9819,1,,,1,25,,9823,1,,,1,68,,9824,1,,,1,21,,9825,1,,,1,75,,9826,1,,,1,29,,9827,1,,,1,68,,9828,1,,,1,29,,9829,1,,,1,69,,9830,1,,,1,32,,9831,1,,,1,68,,9832,1,,,1,30,,9833,1,,,1,27,,9791,1,,,1,69,,9792,1,,,1,74,,9793,1,,,1
5302,'Holiday1',821,,9834,22,4,,1,30,,9835,22,4,,1,71,,9836,22,4,,1,30,,9837,22,4,,1,70,,9838,22,4,,1,30,,9839,22,4,,1,70,,9841,22,4,,1,30,,9840,22,4,,1,72,,9842,22,4,,1,30,,9843,22,4,,1,70,,9845,22,4,,1,30,,9844,22,4,,1,72,,9847,22,4,,1,28,,9846,22,4,,1,72,,9848,22,4,,1,28,,9850,22,4,,1,70,,9851,22,4,,1,30,,9849,22,4,,1,72,,9854,22,4,,1,28,,9852,22,4,,1,72,,9855,22,4,,1,28,,9853,22,4,,1,70,,9856,22,4,,1
5302,'Saturday',546,,9864,22,4,,1,75,,9874,22,4,,1,30,,9862,22,4,,1,70,,9871,22,4,,1,30,,9859,22,4,,1,70,,9875,22,4,,1,30,,9869,22,4,,1,71,,9872,22,4,,1,30,,9870,22,4,,1,70,,9873,22,4,,1,30,,9866,22,4,,1,70,,9876,22,4,,1,30,,9867,22,4,,1,72,,9877,22,4,,1,27,,9863,22,4,,1,73,,9878,22,4,,1,27,,9861,22,4,,1,73,,9879,22,4,,1,27,,9858,22,4,,1,73,,9880,22,4,,1,27,,9865,22,4,,1,73,,9881,22,4,,1,27,,9860,22,4,,1,73,,9882,22,4,,1,27,,9857,22,4,,1,73,,9883,22,4,,1,27,,9868,22,4,,1
5302,'Sunday',821,,9884,22,4,,1,30,,9885,22,4,,1,71,,9886,22,4,,1,30,,9887,22,4,,1,70,,9888,22,4,,1,30,,9889,22,4,,1,70,,9891,22,4,,1,30,,9890,22,4,,1,72,,9892,22,4,,1,30,,9893,22,4,,1,70,,9895,22,4,,1,30,,9894,22,4,,1,72,,9897,22,4,,1,28,,9896,22,4,,1,72,,9898,22,4,,1,28,,9900,22,4,,1,70,,9901,22,4,,1,30,,9899,22,4,,1,72,,9904,22,4,,1,28,,9902,22,4,,1,72,,9905,22,4,,1,28,,9903,22,4,,1,70,,9906,22,4,,1
5302,'Weekday',513,,9907,22,4,,1,20,,9908,22,4,,1,25,,9909,22,4,,1,69,,9910,22,4,,1,22,,9911,22,4,,1,68,,9912,22,4,,1,22,,9913,22,4,,1,67,,9914,22,4,,1,21,,9915,22,4,,1,27,,9916,22,4,,1,70,,9917,22,4,,1,29,,9919,22,4,,1,71,,9920,22,4,,1,29,,9921,22,4,,1,72,,9918,22,4,,1,27,,9922,22,4,,1,70,,9923,22,4,,1,28,,9925,22,4,,1,73,,9927,22,4,,1,31,,9924,22,4,,1,71,,9928,22,4,,1,30,,9926,22,4,,1,64,,9929,22,4,,1,18,,9931,22,4,,1,73,,9932,22,4,,1,25,,9933,22,4,,1,65,,9930,22,4,,1,24,,9934,22,4,,1,25,,9935,22,4,,1,65,,9936,22,4,,1,24,,9937,22,4,,1,69,,9938,22,4,,1,21,,9939,22,4,,1,75,,9940,22,4,,1,27,,9941,22,4,,1,70,,9942,22,4,,1,28,,9943,22,4,,1,30,,9944,22,4,,1,72,,9946,22,4,,1,25,,9947,22,4,,1,72,,9948,22,4,,1,28,,9949,22,4,,1,69,,9945,22,4,,1,33,,9950,22,4,,1
