501,'Holiday1',730,,2129,21,,,1,70,,2124,21,,,1,30,,2120,21,,,1,70,,2114,21,,,1,39,,2130,21,,,1,72,,2122,21,,,1,30,,2116,21,,,1,64,,2115,21,,,1,29,,2127,21,,,1,67,,2123,21,,,1,30,,2117,21,,,1,70,,2118,21,,,1,33,,2121,21,,,1,71,,2131,21,,,1,34,,2126,21,,,1,75,,2125,21,,,1,30,,2128,21,,,1,70,,2132,21,,,1,30,,2133,21,,,1,70,,2134,21,,,1,30,,2135,21,,,1,69,,2137,21,,,1,30,,2136,21,,,1,71,,2138,21,,,1,30,,2140,21,,,1,70,,2139,21,,,1,29,,2141,21,,,1,70,,2142,21,,,1,29,,2143,21,,,1,69,,2144,21,,,1,30,,2146,21,,,1,63,,2148,21,,,1,29,,2149,21,,,1,70,,2145,21,,,1,29,,2147,21,,,1
501,'Saturday',613,,2151,21,,,1,27,,2152,21,,,1,71,,2189,21,,,1,30,,2153,21,,,1,70,,2154,21,,,1,36,,2155,21,,,1,71,,2156,21,,,1,29,,2157,21,,,1,71,,2158,21,,,1,30,,2159,21,,,1,70,,2178,21,,,1,32,,2179,21,,,1,94,,2177,21,,,1,75,,2181,21,,,1,30,,2183,21,,,1,70,,2180,21,,,1,30,,2184,21,,,1,70,,2182,21,,,1,30,,2186,21,,,1,70,,2187,21,,,1,30,,2188,21,,,1,70,,2185,21,,,1,30,,2174,21,,,1,70,,2176,21,,,1,30,,2173,21,,,1,68,,2175,21,,,1,25,,2172,21,,,1,66,,2160,21,,,1,26,,2161,21,,,1,68,,2162,21,,,1,32,,2163,21,,,1,68,,2164,21,,,1,34,,2165,21,,,1,71,,2166,21,,,1,30,,2167,21,,,1,70,,2169,21,,,1,30,,2168,21,,,1,70,,2171,21,,,1,30,,2170,21,,,1
501,'Sunday',730,,2207,21,,,1,70,,2200,21,,,1,30,,2196,21,,,1,70,,2190,21,,,1,39,,2205,21,,,1,72,,2198,21,,,1,30,,2192,21,,,1,64,,2191,21,,,1,29,,2203,21,,,1,67,,2199,21,,,1,30,,2193,21,,,1,70,,2194,21,,,1,33,,2197,21,,,1,71,,2206,21,,,1,34,,2202,21,,,1,75,,2201,21,,,1,30,,2204,21,,,1,70,,2208,21,,,1,30,,2209,21,,,1,70,,2210,21,,,1,30,,2211,21,,,1,69,,2213,21,,,1,30,,2212,21,,,1,71,,2214,21,,,1,30,,2216,21,,,1,70,,2215,21,,,1,29,,2217,21,,,1,70,,2218,21,,,1,29,,2219,21,,,1,69,,2220,21,,,1,30,,2222,21,,,1,63,,2223,21,,,1,29,,2224,21,,,1,70,,2221,21,,,1,29,,2225,21,,,1
501,'Weekday',503,,2230,21,,,1,24,,2228,21,,,1,19,,2229,21,,,1,58,,2227,21,,,1,15,,2226,21,,,1,14,,2234,21,,,1,14,,2233,21,,,1,54,,2232,21,,,1,15,,2231,21,,,1,23,,2239,21,,,1,73,,2240,21,,,1,28,,2241,21,,,1,68,,2242,21,,,1,46,,2245,21,,,1,80,,2244,21,,,1,80,,2246,21,,,1,40,,2247,21,,,1,80,,2248,21,,,1,80,,2249,21,,,1,40,,2250,21,,,1,77,,2259,21,,,1,26,,2260,21,,,1,67,,2257,21,,,1,26,,2261,21,,,1,67,,2262,21,,,1,27,,2263,21,,,1,66,,2265,21,,,1,26,,2266,21,,,1,66,,2267,21,,,1,23,,2264,21,,,1,26,,2268,21,,,1,64,,2269,21,,,1,32,,2285,21,,,1,58,,2286,21,,,1,20,,2291,21,,,1,27,,2295,21,,,1,78,,2283,21,,,1,80,,2289,21,,,1,23,,2293,21,,,1,6,,2287,21,,,1,20,,2288,21,,,1,45,,2290,21,,,1,29,,2297,17,,,1,14,,2282,21,,,1,65,,2294,21,,,1,31,,2296,21,,,1,65,,2292,21,,,1,31,,2284,21,,,1
2301,'Holiday1',739,,6453,26,,,1,69,,6427,26,,,1,28,,6430,26,,,1,73,,6431,26,,,1,29,,6432,26,,,1,68,,6429,26,,,1,28,,6433,26,,,1,68,,6434,26,,,1,28,,6428,26,,,1,28,,6436,26,,,1,69,,6438,26,,,1,28,,6435,26,,,1,67,,6439,26,,,1,28,,6437,26,,,1,70,,6440,26,,,1,28,,6441,26,,,1,68,,6442,26,,,1,28,,6443,26,,,1,68,,6444,26,,,1,28,,6458,26,,,1,68,,6448,26,,,1,28,,6449,26,,,1,68,,6450,26,,,1,27,,6445,26,,,1,28,,6447,26,,,1,68,,6451,26,,,1,28,,6452,26,,,1,68,,6446,26,,,1,28,,6456,26,,,1,68,,6457,26,,,1,28,,6454,26,,,1,67,,6455,26,,,1
2301,'Saturday',537,,6459,26,,,1,70,,6461,26,,,1,30,,6481,26,,,1,72,,6480,26,,,1,40,,6484,26,,,1,72,,6483,26,,,1,28,,6486,26,,,1,68,,6487,26,,,1,28,,6488,26,,,1,67,,6485,26,,,1,28,,6489,26,,,1,68,,6492,26,,,1,29,,6493,26,,,1,68,,6490,26,,,1,29,,6491,26,,,1,68,,6482,26,,,1,28,,6471,26,,,1,28,,6473,26,,,1,66,,6474,26,,,1,28,,6475,26,,,1,69,,6476,26,,,1,28,,6472,26,,,1,69,,6478,26,,,1,30,,6479,26,,,1,69,,6477,26,,,1,26,,6463,26,,,1,66,,6464,26,,,1,26,,6460,26,,,1,73,,6470,26,,,1,30,,6462,26,,,1,72,,6466,26,,,1,28,,6468,26,,,1,70,,6465,26,,,1,30,,6467,26,,,1,69,,6469,26,,,1,30,,6497,26,,,1,70,,6496,26,,,1,30,,6495,26,,,1,70,,6494,26,,,1
2301,'Sunday',739,,6524,26,,,1,69,,6498,26,,,1,28,,6501,26,,,1,73,,6502,26,,,1,29,,6503,26,,,1,68,,6500,26,,,1,28,,6504,26,,,1,68,,6505,26,,,1,28,,6499,26,,,1,28,,6507,26,,,1,69,,6509,26,,,1,28,,6506,26,,,1,67,,6510,26,,,1,28,,6508,26,,,1,70,,6511,26,,,1,28,,6512,26,,,1,68,,6513,26,,,1,28,,6514,26,,,1,68,,6515,26,,,1,28,,6529,26,,,1,68,,6518,26,,,1,28,,6519,26,,,1,68,,6520,26,,,1,27,,6516,26,,,1,28,,6521,26,,,1,68,,6522,26,,,1,28,,6523,26,,,1,68,,6517,26,,,1,28,,6527,26,,,1,68,,6528,26,,,1,28,,6525,26,,,1,67,,6526,26,,,1
2301,'Weekday',459,,6530,26,,,1,56,,6540,26,,,1,16,,6541,26,,,1,15,,6539,26,,,1,55,,6543,26,,,1,16,,6545,26,,,1,15,,6546,26,,,1,15,,6547,26,,,1,55,,6544,26,,,1,15,,6548,26,,,1,15,,6542,26,,,1,15,,6549,26,,,1,55,,6550,26,,,1,16,,6551,26,,,1,16,,6552,26,,,1,17,,6536,26,,,1,58,,6533,26,,,1,24,,6535,26,,,1,69,,6553,26,,,1,31,,6554,26,,,1,69,,6555,26,,,1,31,,6556,26,,,1,70,,6557,26,,,1,29,,6558,26,,,1,70,,6559,26,,,1,31,,6560,26,,,1,70,,6538,26,,,1,30,,6584,26,,,1,15,,6581,26,,,1,55,,6583,26,,,1,16,,6580,26,,,1,15,,6582,26,,,1,15,,6579,26,,,1,59,,6561,26,,,1,15,,6562,26,,,1,15,,6563,26,,,1,15,,6564,26,,,1,55,,6565,26,,,1,15,,6566,26,,,1,15,,6567,26,,,1,15,,6568,26,,,1,55,,6569,26,,,1,15,,6570,26,,,1,15,,6531,26,,,1,17,,6537,26,,,1,53,,6534,26,,,1,15,,6532,26,,,1,34,,6571,26,,,1,74,,6572,26,,,1,74,,6573,26,,,1,32,,6574,26,,,1,73,,6575,26,,,1,34,,6576,26,,,1,74,,6577,26,,,1,34,,6578,26,,,1
3500,'Holiday1',829,,8542,35,,,1,85,,8541,35,,,1,86,,8549,35,,,1,47,,8544,35,,,1,85,,8546,35,,,1,85,,8548,35,,,1,85,,8543,35,,,1,45,,8550,35,,,1,85,,8540,35,,,1,85,,8545,35,,,1,85,,8547,35,,,1,45,,8552,35,,,1,85,,8553,35,,,1,85,,8555,35,,,1,85,,8554,35,,,1,45,,8551,35,,,1
3500,'Saturday',846,,8558,35,,,1,86,,8556,35,,,1,85,,8559,35,,,1,85,,8557,35,,,1,46,,8561,35,,,1,85,,8560,35,,,1,85,,8563,35,,,1,85,,8564,35,,,1,45,,8565,35,,,1,85,,8562,35,,,1,85,,8566,35,,,1,85,,8568,35,,,1,45,,8569,35,,,1,84,,8567,35,,,1,85,,8570,35,,,1,85,,8571,35,,,1,45,,8572,35,,,1
3500,'Sunday',829,,8575,35,,,1,85,,8574,35,,,1,86,,8582,35,,,1,47,,8577,35,,,1,85,,8579,35,,,1,85,,8581,35,,,1,85,,8576,35,,,1,45,,8583,35,,,1,85,,8573,35,,,1,85,,8578,35,,,1,85,,8580,35,,,1,45,,8584,35,,,1,85,,8585,35,,,1,85,,8588,35,,,1,85,,8586,35,,,1,45,,8587,35,,,1
3500,'Weekday',605,,8589,35,,,1,37,,8593,35,,,1,76,,8590,35,,,1,36,,8612,35,,,1,75,,8597,35,,,1,75,,8608,35,,,1,33,,8615,35,,,1,75,,8620,35,,,1,35,,8614,35,,,1,75,,8592,35,,,1,80,,8613,35,,,1,31,,8611,35,,,1,75,,8616,35,,,1,33,,8609,35,,,1,75,,8618,35,,,1,35,,8619,35,,,1,75,,8610,35,,,1,77,,8600,35,,,1,36,,8599,35,,,1,75,,8595,35,,,1,35,,8605,35,,,1,74,,8601,35,,,1,34,,8604,35,,,1,73,,8598,35,,,1,75,,8594,35,,,1,34,,8602,35,,,1,75,,8603,35,,,1,34,,8606,35,,,1,74,,8607,35,,,1,35,,8591,35,,,1,75,,8596,35,,,1,75,,8617,35,,,1
21101,'Weekday',726,,11240,2,,,1
21401,'Weekday',1531,,11246,36,,,1
