900,'Holiday1',821,,3329,37,,,1,105,,3336,37,,,1,108,,3337,37,,,1,105,,3338,37,,,1,105,,3339,37,,,1,105,,3335,37,,,1,106,,3331,37,,,1,145,,3332,37,,,1,107,,3333,37,,,1,107,,3330,37,,,1,106,,3334,37,,,1
900,'Saturday',732,,3340,37,,,1,90,,3341,37,,,1,90,,3342,37,,,1,90,,3343,37,,,1,50,,3344,37,,,1,90,,3345,37,,,1,90,,3346,37,,,1,90,,3347,37,,,1,90,,3348,37,,,1,91,,3349,37,,,1,51,,3350,37,,,1,90,,3351,37,,,1,90,,3352,37,,,1,89,,3353,37,,,1,89,,3354,37,,,1
900,'Sunday',821,,3355,37,,,1,105,,3362,37,,,1,108,,3363,37,,,1,105,,3364,37,,,1,105,,3365,37,,,1,105,,3361,37,,,1,106,,3357,37,,,1,145,,3358,37,,,1,107,,3359,37,,,1,107,,3356,37,,,1,106,,3360,37,,,1
900,'Weekday',533,,3366,37,,,1,74,,3369,37,,,1,34,,3370,37,,,1,74,,3371,37,,,1,23,,3368,37,,,1,79,,3372,37,,,1,36,,3383,37,,,1,85,,3384,37,,,1,87,,3385,37,,,1,82,,3386,37,,,1,47,,3387,37,,,1,88,,3388,37,,,1,84,,3373,37,,,1,83,,3382,37,,,1,32,,3379,37,,,1,75,,3375,37,,,1,38,,3380,37,,,1,75,,3377,37,,,1,75,,3374,37,,,1,35,,3376,37,,,1,76,,3381,37,,,1,34,,3378,37,,,1,74,,3389,37,,,1,79,,3391,37,,,1,41,,3390,37,,,1,85,,3367,37,,,1
901,'Holiday1',807,,3392,23,,,1,105,,3394,23,,,1,106,,3395,23,,,1,105,,3396,23,,,1,105,,3397,23,,,1,105,,3399,23,,,1,104,,3400,23,,,1,106,,3401,23,,,1,107,,3398,23,,,1,106,,3402,23,,,1,147,,3393,23,,,1
901,'Saturday',736,,3403,23,,,1,90,,3410,23,,,1,90,,3413,23,,,1,90,,3411,23,,,1,50,,3415,23,,,1,90,,3416,23,,,1,90,,3417,23,,,1,90,,3414,23,,,1,90,,3409,23,,,1,90,,3404,23,,,1,50,,3406,23,,,1,90,,3408,23,,,1,90,,3412,23,,,1,90,,3405,23,,,1,90,,3407,23,,,1
901,'Sunday',807,,3418,23,,,1,105,,3420,23,,,1,106,,3421,23,,,1,105,,3422,23,,,1,105,,3423,23,,,1,105,,3424,23,,,1,104,,3425,23,,,1,106,,3426,23,,,1,107,,3427,23,,,1,106,,3428,23,,,1,147,,3419,23,,,1
901,'Weekday',620,,3429,23,,,1,34,,3438,23,,,1,74,,3439,23,,,1,85,,3437,23,,,1,93,,3435,23,,,1,38,,3441,23,,,1,85,,3446,23,,,1,85,,3443,23,,,1,45,,3436,23,,,1,85,,3432,23,,,1,67,,3447,23,,,1,35,,3448,23,,,1,75,,3449,23,,,1,6,,3444,23,,,1,73,,3450,23,,,1,35,,3451,23,,,1,75,,3442,23,,,1,35,,3440,23,,,1,75,,3445,23,,,1,36,,3433,23,,,1,80,,3434,23,,,1,85,,3452,23,,,1,91,,3453,23,,,1,46,,3431,23,,,1,157,,3430,23,,,1
1901,'Holiday1',854,,6147,38,,,1,99,,6148,38,,,1,103,,6149,38,,,1,100,,6150,38,,,1,101,,6151,38,,,1,98,,6152,38,,,1,101,,6153,38,,,1,100,,6154,38,,,1,100,,6155,38,,,1,98,,6156,38,,,1,100,,6157,38,,,1,101,,6158,38,,,1
1901,'Saturday',822,,6159,38,,,1,103,,6161,38,,,1,100,,6163,38,,,1,99,,6160,38,,,1,100,,6164,38,,,1,100,,6162,38,,,1,100,,6165,38,,,1,101,,6166,38,,,1,100,,6168,38,,,1,100,,6169,38,,,1,99,,6170,38,,,1,98,,6167,38,,,1
1901,'Sunday',854,,6171,38,,,1,99,,6172,38,,,1,103,,6173,38,,,1,100,,6174,38,,,1,101,,6175,38,,,1,98,,6176,38,,,1,101,,6177,38,,,1,100,,6178,38,,,1,100,,6179,38,,,1,98,,6180,38,,,1,100,,6181,38,,,1,101,,6182,38,,,1
1901,'Weekday',552,,6185,38,,,1,92,,6184,38,,,1,81,,6187,38,,,1,80,,6183,38,,,1,40,,6186,38,,,1,79,,6188,38,,,1,100,,6189,38,,,1,99,,6191,38,,,1,100,,6190,38,,,1,100,,6192,38,,,1,100,,6193,38,,,1,103,,6194,38,,,1,85,,6195,38,,,1,35,,6196,38,,,1,80,,6197,38,,,1,80,,6198,38,,,1,38,,6199,38,,,1,80,,6200,38,,,1,80,,6201,38,,,1
21701,'Weekday',1504,,11251,11,,,1
