5503,'Weekday',746,,10160,8,4,,1,96,,10164,8,4,,1,94,,10165,8,4,,1,91,,10166,8,4,,1,95,,10163,8,4,,1,95,,10167,8,4,,1,96,,10168,8,4,,1,95,,10169,8,4,,1,98,,10170,8,4,,1,95,,10171,8,4,,1,55,,10172,8,4,,1,95,,10173,8,4,,1,95,,10162,8,4,,1,91,,10161,8,4,,1
5504,'Weekday',750,,10174,1,,,1,95,,10176,1,,,1,95,,10177,1,,,1,95,,10178,1,,,1,95,,10179,1,,,1,95,,10180,1,,,1,95,,10181,1,,,1,95,,10182,1,,,1,95,,10183,1,,,1,95,,10184,1,,,1,95,,10185,1,,,1,55,,10186,1,,,1,95,,10175,1,,,1
6003,'Holiday1',847,,10516,32,4,,1,104,,10514,32,4,,1,105,,10517,32,4,,1,145,,10513,32,4,,1,105,,10519,32,4,,1,105,,10520,32,4,,1,106,,10521,32,4,,1,105,,10518,32,4,,1,105,,10522,32,4,,1,104,,10523,32,4,,1,106,,10524,32,4,,1,104,,10515,32,4,,1
6003,'Saturday',802,,10547,32,4,,1,30,,10525,32,4,,1,76,,10539,32,4,,1,33,,10540,32,4,,1,75,,10541,32,4,,1,35,,10542,32,4,,1,75,,10543,32,4,,1,75,,10544,32,4,,1,35,,10545,32,4,,1,75,,10546,32,4,,1,35,,10530,32,4,,1,75,,10527,32,4,,1,35,,10531,32,4,,1,75,,10528,32,4,,1,75,,10526,32,4,,1,35,,10529,32,4,,1,75,,10532,32,4,,1,35,,10533,32,4,,1,75,,10536,32,4,,1,75,,10538,32,4,,1,35,,10535,32,4,,1,75,,10534,32,4,,1,35,,10537,32,4,,1
6003,'Sunday',847,,10551,32,4,,1,104,,10549,32,4,,1,105,,10552,32,4,,1,145,,10548,32,4,,1,105,,10554,32,4,,1,105,,10555,32,4,,1,106,,10556,32,4,,1,105,,10553,32,4,,1,105,,10557,32,4,,1,104,,10558,32,4,,1,106,,10559,32,4,,1,104,,10550,32,4,,1
6003,'Weekday',523,,10560,26,4,,1,26,,10561,32,4,,1,61,,10562,32,4,,1,27,,10563,32,4,,1,65,,10564,32,4,,1,27,,10565,32,4,,1,71,,10566,32,4,,1,27,,10567,32,4,,1,26,,10568,32,4,,1,66,,10569,32,4,,1,26,,10570,32,4,,1,66,,10571,32,4,,1,26,,10572,32,4,,1,66,,10574,32,4,,1,29,,10575,32,4,,1,69,,10576,32,4,,1,26,,10573,32,4,,1,26,,10577,32,4,,1,66,,10578,32,4,,1,26,,10579,32,4,,1,69,,10580,32,4,,1,27,,10581,32,4,,1,69,,10582,32,4,,1,31,,10583,32,4,,1,64,,10584,32,4,,1,23,,10586,32,4,,1,27,,10588,32,4,,1,64,,10589,32,4,,1,26,,10585,32,4,,1,68,,10590,32,4,,1,27,,10587,32,4,,1,68,,10591,32,4,,1,28,,10592,32,4,,1,85,,10593,32,4,,1,80,,10594,32,4,,1,40,,10595,32,4,,1,80,,10596,32,4,,1,80,,10597,32,4,,1,40,,10598,32,4,,1,80,,10599,32,4,,1,80,,10600,32,4,,1
6004,'Holiday1',745,,10601,1,,,1,105,,10602,1,,,1,105,,10603,1,,,1,145,,10604,1,,,1,105,,10605,1,,,1,105,,10606,1,,,1,105,,10609,1,,,1,105,,10610,1,,,1,105,,10611,1,,,1,105,,10607,1,,,1,105,,10608,1,,,1,105,,10612,1,,,1
6004,'Saturday',700,,10635,1,,,1,30,,10613,1,,,1,76,,10627,1,,,1,32,,10628,1,,,1,75,,10625,1,,,1,35,,10629,1,,,1,75,,10626,1,,,1,35,,10631,1,,,1,75,,10632,1,,,1,75,,10633,1,,,1,35,,10630,1,,,1,75,,10634,1,,,1,36,,10624,1,,,1,75,,10623,1,,,1,75,,10614,1,,,1,35,,10621,1,,,1,75,,10620,1,,,1,35,,10619,1,,,1,74,,10618,1,,,1,77,,10617,1,,,1,35,,10616,1,,,1,75,,10615,1,,,1,35,,10622,1,,,1
6004,'Sunday',745,,10636,1,,,1,105,,10637,1,,,1,105,,10638,1,,,1,145,,10639,1,,,1,105,,10640,1,,,1,105,,10641,1,,,1,105,,10644,1,,,1,105,,10645,1,,,1,105,,10646,1,,,1,105,,10642,1,,,1,105,,10643,1,,,1,105,,10647,1,,,1
6004,'Weekday',535,,10648,1,,,1,24,,10649,1,,,1,66,,10653,1,,,1,28,,10654,1,,,1,66,,10655,1,,,1,26,,10656,1,,,1,66,,10657,1,,,1,26,,10658,1,,,1,66,,10659,1,,,1,26,,10660,1,,,1,26,,10661,1,,,1,66,,10662,1,,,1,26,,10663,1,,,1,66,,10664,1,,,1,29,,10665,1,,,1,69,,10666,1,,,1,26,,10667,1,,,1,66,,10669,1,,,1,26,,10668,1,,,1,27,,10670,1,,,1,74,,10671,1,,,1,24,,10672,1,,,1,61,,10673,1,,,1,27,,10674,1,,,1,64,,10675,1,,,1,25,,10676,1,,,1,26,,10652,1,,,1,63,,10650,1,,,1,26,,10651,1,,,1,68,,10677,1,,,1,28,,10678,1,,,1,68,,10679,1,,,1,35,,10680,1,,,1,86,,10681,1,,,1,80,,10683,1,,,1,40,,10684,1,,,1,80,,10685,1,,,1,80,,10682,1,,,1,40,,10686,1,,,1
