1303,'Saturday',820,,4207,1,,,1,100,,4208,1,,,1,100,,4209,1,,,1,100,,4210,1,,,1,100,,4213,1,,,1,100,,4214,1,,,1,100,,4215,1,,,1,100,,4212,1,,,1,100,,4216,1,,,1,100,,4217,1,,,1,100,,4211,1,,,1,100,,4206,1,,,1
1303,'Weekday',449,,4220,1,,,1,82,,4221,1,,,1,80,,4222,1,,,1,45,,4218,1,,,1,87,,4219,1,,,1,85,,4223,1,,,1,90,,4224,1,,,1,82,,4225,1,,,1,43,,4226,1,,,1,87,,4227,1,,,1,85,,4228,1,,,1,42,,4229,1,,,1,84,,4230,1,,,1,89,,4232,1,,,1,87,,4233,1,,,1,83,,4234,1,,,1,49,,4231,1,,,1,83,,4235,1,,,1,86,,4236,1,,,1,41,,4237,1,,,1
1304,'Saturday',814,,4238,19,4,,1,100,,4240,19,4,,1,100,,4239,19,4,,1,100,,4241,19,4,,1,101,,4242,19,4,,1,100,,4243,19,4,,1,100,,4244,19,4,,1,100,,4245,19,4,,1,100,,4246,19,4,,1,100,,4247,19,4,,1,100,,4248,19,4,,1,100,,4249,19,4,,1
1304,'Weekday',526,,4250,19,4,,1,82,,4251,19,4,,1,45,,4252,19,4,,1,86,,4253,19,4,,1,86,,4254,19,4,,1,85,,4255,19,4,,1,44,,4256,19,4,,1,85,,4257,19,4,,1,85,,4258,19,4,,1,85,,4259,19,4,,1,44,,4260,19,4,,1,84,,4261,19,4,,1,84,,4263,19,4,,1,89,,4264,19,4,,1,47,,4265,19,4,,1,83,,4262,19,4,,1,88,,4266,19,4,,1,86,,4267,19,4,,1,42,,4268,19,4,,1,81,,4269,19,4,,1
1603,'Holiday1',835,,5267,1,,,1,80,,5268,1,,,1,40,,5263,1,,,1,80,,5265,1,,,1,80,,5269,1,,,1,40,,5264,1,,,1,80,,5266,1,,,1,80,,5270,1,,,1,40,,5272,1,,,1,80,,5271,1,,,1,82,,5273,1,,,1,38,,5274,1,,,1,80,,5275,1,,,1,80,,5276,1,,,1,40,,5277,1,,,1,80,,5278,1,,,1,80,,5280,1,,,1,40,,5279,1,,,1,80,,5281,1,,,1,80,,5282,1,,,1,40,,5283,1,,,1,80,,5284,1,,,1
1603,'Saturday',620,,5286,1,,,1,80,,5287,1,,,1,40,,5285,1,,,1,80,,5288,1,,,1,80,,5290,1,,,1,40,,5289,1,,,1,80,,5291,1,,,1,80,,5292,1,,,1,40,,5293,1,,,1,80,,5294,1,,,1,80,,5295,1,,,1,40,,5296,1,,,1,80,,5297,1,,,1,80,,5298,1,,,1,40,,5299,1,,,1,80,,5300,1,,,1,80,,5302,1,,,1,40,,5303,1,,,1,80,,5301,1,,,1,80,,5304,1,,,1,40,,5305,1,,,1,80,,5306,1,,,1,80,,5308,1,,,1,40,,5307,1,,,1,80,,5309,1,,,1,80,,5310,1,,,1,40,,5312,1,,,1,80,,5311,1,,,1
1603,'Sunday',835,,5317,1,,,1,80,,5318,1,,,1,40,,5313,1,,,1,80,,5315,1,,,1,80,,5319,1,,,1,40,,5314,1,,,1,80,,5316,1,,,1,80,,5320,1,,,1,40,,5322,1,,,1,80,,5321,1,,,1,82,,5323,1,,,1,38,,5324,1,,,1,80,,5325,1,,,1,80,,5326,1,,,1,40,,5327,1,,,1,80,,5328,1,,,1,80,,5330,1,,,1,40,,5329,1,,,1,80,,5331,1,,,1,80,,5332,1,,,1,40,,5333,1,,,1,80,,5334,1,,,1
1603,'Weekday',545,,5335,1,,,1,84,,5339,1,,,1,72,,5340,1,,,1,30,,5341,1,,,1,77,,5338,1,,,1,34,,5342,1,,,1,74,,5343,1,,,1,31,,5336,1,,,1,73,,5337,1,,,1,86,,5360,1,,,1,45,,5361,1,,,1,87,,5362,1,,,1,86,,5363,1,,,1,87,,5364,1,,,1,47,,5365,1,,,1,63,,5345,1,,,1,27,,5346,1,,,1,72,,5347,1,,,1,35,,5348,1,,,1,71,,5349,1,,,1,30,,5350,1,,,1,71,,5351,1,,,1,27,,5352,1,,,1,66,,5353,1,,,1,30,,5354,1,,,1,85,,5355,1,,,1,83,,5356,1,,,1,87,,5357,1,,,1,45,,5358,1,,,1,85,,5359,1,,,1,85,,5344,1,,,1
1604,'Holiday1',831,,5370,22,4,,1,81,,5374,22,4,,1,40,,5366,22,4,,1,80,,5368,22,4,,1,80,,5373,22,4,,1,40,,5367,22,4,,1,80,,5369,22,4,,1,80,,5371,22,4,,1,40,,5372,22,4,,1,80,,5376,22,4,,1,82,,5375,22,4,,1,38,,5378,22,4,,1,80,,5377,22,4,,1,80,,5379,22,4,,1,40,,5381,22,4,,1,79,,5380,22,4,,1,81,,5382,22,4,,1,40,,5384,22,4,,1,80,,5383,22,4,,1,80,,5385,22,4,,1,40,,5386,22,4,,1,80,,5387,22,4,,1,80,,5388,22,4,,1
1604,'Saturday',616,,5389,22,4,,1,40,,5390,22,4,,1,80,,5391,22,4,,1,80,,5392,22,4,,1,40,,5393,22,4,,1,80,,5394,22,4,,1,81,,5395,22,4,,1,40,,5396,22,4,,1,80,,5397,22,4,,1,80,,5398,22,4,,1,40,,5400,22,4,,1,80,,5399,22,4,,1,80,,5402,22,4,,1,40,,5401,22,4,,1,80,,5403,22,4,,1,80,,5404,22,4,,1,40,,5406,22,4,,1,80,,5405,22,4,,1,80,,5407,22,4,,1,40,,5408,22,4,,1,80,,5409,22,4,,1,80,,5411,22,4,,1,40,,5413,22,4,,1,80,,5410,22,4,,1,80,,5412,22,4,,1,40,,5414,22,4,,1,80,,5415,22,4,,1,79,,5416,22,4,,1
1604,'Sunday',831,,5421,22,4,,1,81,,5425,22,4,,1,40,,5417,22,4,,1,80,,5419,22,4,,1,80,,5424,22,4,,1,40,,5418,22,4,,1,80,,5420,22,4,,1,80,,5422,22,4,,1,40,,5423,22,4,,1,80,,5427,22,4,,1,82,,5426,22,4,,1,38,,5429,22,4,,1,80,,5428,22,4,,1,80,,5430,22,4,,1,40,,5432,22,4,,1,79,,5431,22,4,,1,81,,5433,22,4,,1,40,,5435,22,4,,1,80,,5434,22,4,,1,80,,5436,22,4,,1,40,,5437,22,4,,1,80,,5438,22,4,,1,80,,5439,22,4,,1
1604,'Weekday',543,,5440,22,4,,1,79,,5441,22,4,,1,29,,5442,22,4,,1,63,,5443,22,4,,1,89,,5444,22,4,,1,35,,5445,22,4,,1,74,,5446,22,4,,1,31,,5447,22,4,,1,73,,5448,22,4,,1,87,,5465,22,4,,1,45,,5466,22,4,,1,87,,5467,22,4,,1,86,,5468,22,4,,1,88,,5469,22,4,,1,47,,5470,22,4,,1,63,,5449,22,4,,1,27,,5450,22,4,,1,72,,5451,22,4,,1,30,,5452,22,4,,1,69,,5453,22,4,,1,30,,5454,22,4,,1,69,,5455,22,4,,1,30,,5456,22,4,,1,70,,5457,22,4,,1,28,,5458,22,4,,1,89,,5459,22,4,,1,82,,5460,22,4,,1,87,,5461,22,4,,1,45,,5462,22,4,,1,85,,5463,22,4,,1,85,,5464,22,4,,1
