'251229-MULTI-Saturday-01',901,75100,0,'',1,9000,0,'',1,9100,0,'',1,9000,0,'',1,9000,0,'',1,9000,0,'',1,5000,0,'',1,9000,0,'',1,9000,0,'',1,9200,0,'',1,9000,0,'',1,9000,0,'',1,5000,0,'',1,8800,0,'',1,8900,0,'',1
'251229-MULTI-Sunday-01',901,83800,0,'',1,10500,0,'',1,10900,0,'',1,10500,0,'',1,14500,0,'',1,10600,0,'',1,10700,0,'',1,10500,0,'',1,10700,0,'',1,10700,0,'',1,10600,0,'',1
'260105-MULTI-Holiday1-01',901,83800,0,'',1,10500,0,'',1,10900,0,'',1,10500,0,'',1,14500,0,'',1,10600,0,'',1,10700,0,'',1,10500,0,'',1,10700,0,'',1,10700,0,'',1,10600,0,'',1
'260105-MULTI-Saturday-01',901,75100,0,'',1,9000,0,'',1,9100,0,'',1,9000,0,'',1,9000,0,'',1,9000,0,'',1,5000,0,'',1,9000,0,'',1,9000,0,'',1,9200,0,'',1,9000,0,'',1,9000,0,'',1,5000,0,'',1,8800,0,'',1,8900,0,'',1
'260105-MULTI-Sunday-01',901,83800,0,'',1,10500,0,'',1,10900,0,'',1,10500,0,'',1,14500,0,'',1,10600,0,'',1,10700,0,'',1,10500,0,'',1,10700,0,'',1,10700,0,'',1,10600,0,'',1
'260105-MULTI-Weekday-01',901,55100,0,'',1,7600,0,'',1,7400,0,'',1,3400,0,'',1,2300,0,'',1,7900,0,'',1,7500,0,'',1,4500,0,'',1,8700,0,'',1,8200,0,'',1,8700,0,'',1,8800,0,'',1,4600,0,'',1,8300,0,'',1,7200,0,'',1,3500,0,'',1,7800,0,'',1,3500,0,'',1,7500,0,'',1,7500,0,'',1,3500,0,'',1,7300,0,'',1,3400,0,'',1,7900,0,'',1,8100,0,'',1,4500,0,'',1
'251229-MULTI-Saturday-01',2901,60000,0,'',1,2500,0,'',1,2500,0,'',1,6600,0,'',1,2600,0,'',1,6500,0,'',1,2700,0,'',1,2500,0,'',1,6600,0,'',1,2500,0,'',1,6400,0,'',1,2500,0,'',1,6500,0,'',1,2500,0,'',1,2500,0,'',1,6600,0,'',1,2500,0,'',1,6500,0,'',1,2500,0,'',1,6500,0,'',1,2500,0,'',1,2500,0,'',1,6500,0,'',1,2500,0,'',1,6500,0,'',1,2500,0,'',1,2500,0,'',1,6500,0,'',1,2500,0,'',1,6500,0,'',1,2400,0,'',1,2500,0,'',1,7100,0,'',1,7300,0,'',1,3300,0,'',1,6900,0,'',1,3900,0,'',1,9300,0,'',1,8700,0,'',1,9000,0,'',1
'251229-MULTI-Sunday-01',2901,62400,0,'',1,3500,0,'',1,7500,0,'',1,7500,0,'',1,3700,0,'',1,7600,0,'',1,3600,0,'',1,7600,0,'',1,7500,0,'',1,3500,0,'',1,7600,0,'',1,3500,0,'',1,7500,0,'',1,7500,0,'',1,3500,0,'',1,7500,0,'',1,3500,0,'',1,7500,0,'',1,7500,0,'',1,3500,0,'',1,7500,0,'',1,3300,0,'',1,7500,0,'',1,3500,0,'',1,7500,0,'',1,7500,0,'',1,4800,0,'',1,9000,0,'',1,9000,0,'',1,9000,0,'',1
'260105-MULTI-Holiday1-01',2901,62400,0,'',1,3500,0,'',1,7500,0,'',1,7500,0,'',1,3700,0,'',1,7600,0,'',1,3600,0,'',1,7600,0,'',1,7500,0,'',1,3500,0,'',1,7600,0,'',1,3500,0,'',1,7500,0,'',1,7500,0,'',1,3500,0,'',1,7500,0,'',1,3500,0,'',1,7500,0,'',1,7500,0,'',1,3500,0,'',1,7500,0,'',1,3300,0,'',1,7500,0,'',1,3500,0,'',1,7500,0,'',1,7500,0,'',1,4800,0,'',1,9000,0,'',1,9000,0,'',1,9000,0,'',1
'260105-MULTI-Saturday-01',2901,60000,0,'',1,2500,0,'',1,2500,0,'',1,6600,0,'',1,2600,0,'',1,6500,0,'',1,2700,0,'',1,2500,0,'',1,6600,0,'',1,2500,0,'',1,6400,0,'',1,2500,0,'',1,6500,0,'',1,2500,0,'',1,2500,0,'',1,6600,0,'',1,2500,0,'',1,6500,0,'',1,2500,0,'',1,6500,0,'',1,2500,0,'',1,2500,0,'',1,6500,0,'',1,2500,0,'',1,6500,0,'',1,2500,0,'',1,2500,0,'',1,6500,0,'',1,2500,0,'',1,6500,0,'',1,2400,0,'',1,2500,0,'',1,7100,0,'',1,7300,0,'',1,3300,0,'',1,6900,0,'',1,3900,0,'',1,9300,0,'',1,8700,0,'',1,9000,0,'',1
'260105-MULTI-Sunday-01',2901,62400,0,'',1,3500,0,'',1,7500,0,'',1,7500,0,'',1,3700,0,'',1,7600,0,'',1,3600,0,'',1,7600,0,'',1,7500,0,'',1,3500,0,'',1,7600,0,'',1,3500,0,'',1,7500,0,'',1,7500,0,'',1,3500,0,'',1,7500,0,'',1,3500,0,'',1,7500,0,'',1,7500,0,'',1,3500,0,'',1,7500,0,'',1,3300,0,'',1,7500,0,'',1,3500,0,'',1,7500,0,'',1,7500,0,'',1,4800,0,'',1,9000,0,'',1,9000,0,'',1,9000,0,'',1
'260105-MULTI-Weekday-01',2901,53800,0,'A',1,1400,0,'A',1,5400,0,'A',1,1600,0,'A',1,500,0,'A',1,1000,0,'A',1,1400,0,'A',1,5400,0,'A',1,1500,0,'A',1,1600,0,'A',1,1400,0,'A',1,5400,0,'A',1,900,0,'A',1,500,0,'A',1,1400,0,'A',1,1400,0,'A',1,5400,0,'A',1,1300,0,'A',1,1200,0,'A',1,1300,0,'A',1,1400,0,'A',1,5500,0,'',1,2500,0,'',1,2500,0,'',1,6500,0,'',1,2500,0,'',1,6500,0,'',1,2600,0,'',1,6500,0,'',1,2500,0,'',1,2500,0,'',1,6600,0,'',1,2400,0,'A',1,900,0,'A',1,600,0,'A',1,5500,0,'A',1,1400,0,'A',1,1400,0,'A',1,1500,0,'A',1,5500,0,'A',1,1500,0,'A',1,1500,0,'A',1,1500,0,'A',1,5500,0,'A',1,1500,0,'A',1,1500,0,'A',1,1500,0,'A',1,5500,0,'A',1,1500,0,'A',1,1500,0,'A',1,1500,0,'A',1,5400,0,'A',1,1300,0,'A',1,1400,0,'A',1,1500,0,'A',1,5900,0,'A',1,1500,0,'A',1,1400,0,'A',1,6300,0,'',1,3000,0,'',1,7500,0,'',1,3000,0,'',1,7100,0,'',1,2700,0,'',1,7000,0,'',1,3000,0,'',1,7000,0,'',1,3000,0,'',1
