604,'Holiday1',808,,2392,13,,,1,45,,2394,13,,,1,85,,2396,13,,,1,85,,2393,13,,,1,85,,2398,13,,,1,45,,2399,13,,,1,85,,2397,13,,,1,85,,2400,13,,,1,85,,2395,13,,,1,45,,2401,13,,,1,85,,2402,13,,,1,85,,2403,13,,,1,85,,2404,13,,,1,45,,2405,13,,,1,84,,2406,13,,,1
604,'Saturday',653,,2424,13,,,1,85,,2409,13,,,1,85,,2407,13,,,1,85,,2410,13,,,1,45,,2408,13,,,1,85,,2411,13,,,1,85,,2414,13,,,1,85,,2416,13,,,1,45,,2412,13,,,1,85,,2413,13,,,1,85,,2417,13,,,1,84,,2420,13,,,1,45,,2421,13,,,1,85,,2422,13,,,1,85,,2418,13,,,1,85,,2415,13,,,1,45,,2419,13,,,1,85,,2423,13,,,1
604,'Sunday',808,,2425,13,,,1,45,,2427,13,,,1,85,,2428,13,,,1,85,,2426,13,,,1,85,,2430,13,,,1,45,,2432,13,,,1,85,,2429,13,,,1,85,,2433,13,,,1,85,,2431,13,,,1,45,,2434,13,,,1,85,,2435,13,,,1,85,,2436,13,,,1,85,,2437,13,,,1,45,,2438,13,,,1,84,,2439,13,,,1
604,'Weekday',521,,2440,13,,,1,20,,2444,13,,,1,60,,2452,13,,,1,21,,2447,13,,,1,20,,2453,13,,,1,17,,2446,13,,,1,62,,2451,13,,,1,18,,2445,13,,,1,63,,2449,13,,,1,20,,2450,13,,,1,18,,2443,13,,,1,62,,2470,13,,,1,17,,2441,13,,,1,22,,2465,13,,,1,59,,2457,13,,,1,20,,2463,13,,,1,26,,2462,13,,,1,62,,2456,13,,,1,20,,2464,13,,,1,21,,2458,13,,,1,65,,2459,13,,,1,22,,2461,13,,,1,20,,2460,13,,,1,63,,2466,13,,,1,23,,2468,13,,,1,63,,2455,13,,,1,23,,2454,13,,,1,22,,2448,13,,,1,58,,2442,13,,,1,20,,2472,13,,,1,20,,2473,13,,,1,61,,2474,13,,,1,19,,2475,13,,,1,20,,2476,13,,,1,60,,2477,13,,,1,20,,2478,13,,,1,22,,2479,13,,,1,58,,2481,13,,,1,20,,2483,13,,,1,22,,2484,13,,,1,65,,2480,13,,,1,21,,2485,13,,,1,65,,2482,13,,,1,25,,2486,13,,,1,23,,2487,13,,,1,67,,2488,13,,,1,27,,2489,13,,,1,73,,2467,13,,,1,27,,2471,13,,,1,68,,2469,13,,,1,30,,2490,13,,,1
2901,'Holiday1',554,,7393,6,,,1,75,,7392,6,,,1,75,,7379,6,,,1,35,,7384,6,,,1,76,,7385,6,,,1,35,,7381,6,,,1,75,,7382,6,,,1,75,,7386,6,,,1,35,,7383,6,,,1,75,,7387,6,,,1,35,,7380,6,,,1,75,,7372,6,,,1,35,,7378,6,,,1,75,,7374,6,,,1,75,,7377,6,,,1,35,,7376,6,,,1,75,,7375,6,,,1,35,,7373,6,,,1,75,,7371,6,,,1,75,,7370,6,,,1,35,,7368,6,,,1,75,,7369,6,,,1,35,,7388,6,,,1,75,,7389,6,,,1,35,,7391,6,,,1,75,,7390,6,,,1,90,,7395,6,,,1,90,,7394,6,,,1,90,,7396,6,,,1,50,,7397,6,,,1
2901,'Saturday',530,,7407,6,,,1,25,,7398,6,,,1,65,,7408,6,,,1,25,,7409,6,,,1,65,,7410,6,,,1,25,,7411,6,,,1,65,,7412,6,,,1,25,,7413,6,,,1,25,,7414,6,,,1,65,,7415,6,,,1,25,,7416,6,,,1,65,,7417,6,,,1,25,,7418,6,,,1,25,,7419,6,,,1,65,,7421,6,,,1,25,,7422,6,,,1,65,,7423,6,,,1,25,,7420,6,,,1,65,,7424,6,,,1,25,,7426,6,,,1,25,,7428,6,,,1,65,,7429,6,,,1,25,,7430,6,,,1,65,,7427,6,,,1,25,,7431,6,,,1,25,,7425,6,,,1,65,,7432,6,,,1,25,,7433,6,,,1,65,,7434,6,,,1,25,,7435,6,,,1,65,,7436,6,,,1,25,,7437,6,,,1,32,,7400,6,,,1,73,,7399,6,,,1,75,,7401,6,,,1,29,,7403,6,,,1,80,,7402,6,,,1,93,,7404,6,,,1,47,,7405,6,,,1,90,,7406,6,,,1
2901,'Sunday',554,,7463,6,,,1,75,,7462,6,,,1,75,,7449,6,,,1,35,,7454,6,,,1,76,,7455,6,,,1,35,,7451,6,,,1,75,,7452,6,,,1,75,,7456,6,,,1,35,,7453,6,,,1,75,,7457,6,,,1,35,,7450,6,,,1,75,,7442,6,,,1,35,,7448,6,,,1,75,,7444,6,,,1,75,,7447,6,,,1,35,,7446,6,,,1,75,,7445,6,,,1,35,,7443,6,,,1,75,,7441,6,,,1,75,,7440,6,,,1,35,,7438,6,,,1,75,,7439,6,,,1,35,,7458,6,,,1,75,,7459,6,,,1,35,,7461,6,,,1,75,,7460,6,,,1,90,,7465,6,,,1,90,,7464,6,,,1,90,,7466,6,,,1,50,,7467,6,,,1
2901,'Weekday',505,,7469,6,0,5,1,16,,7468,6,0,5,1,16,,7471,6,0,5,1,11,,7498,6,0,5,1,5,,7500,6,0,5,1,56,,7502,6,0,5,1,16,,7503,6,0,5,1,16,,7513,6,0,5,1,16,,7512,6,0,5,1,56,,7508,6,0,5,1,16,,7507,6,0,5,1,6,,7499,6,0,5,1,10,,7506,6,0,5,1,56,,7505,6,0,5,1,16,,7509,6,0,5,1,16,,7511,6,0,5,1,16,,7510,6,0,5,1,59,,7504,6,0,5,1,25,,7470,6,,,1,26,,7472,6,,,1,64,,7473,6,,,1,25,,7474,6,,,1,65,,7475,6,,,1,25,,7476,6,,,1,65,,7477,6,,,1,25,,7478,6,,,1,25,,7479,6,,,1,65,,7480,6,,,1,25,,7481,6,,,1,63,,7482,6,0,5,1,15,,7483,6,0,5,1,18,,7514,6,0,5,1,18,,7515,6,0,5,1,57,,7516,6,0,5,1,18,,7517,6,0,5,1,18,,7518,6,0,5,1,58,,7519,6,0,5,1,18,,7520,6,0,5,1,18,,7521,6,0,5,1,58,,7522,6,0,5,1,18,,7523,6,0,5,1,18,,7524,6,0,5,1,18,,7525,6,0,5,1,58,,7526,6,0,5,1,18,,7527,6,0,5,1,18,,7528,6,0,5,1,58,,7529,6,0,5,1,18,,7501,6,0,5,1,13,,7484,6,0,5,1,15,,7485,6,0,5,1,55,,7486,6,0,5,1,23,,7487,6,,,1,70,,7488,6,,,1,35,,7489,6,,,1,70,,7490,6,,,1,32,,7491,6,,,1,69,,7492,6,,,1,30,,7493,6,,,1,70,,7494,6,,,1,30,,7495,6,,,1,70,,7496,6,,,1
6004,'Holiday1',750,,10601,6,,,1,105,,10602,6,,,1,145,,10603,6,,,1,105,,10604,6,,,1,105,,10605,6,,,1,105,,10606,6,,,1,105,,10609,6,,,1,105,,10610,6,,,1,105,,10611,6,,,1,105,,10607,6,,,1,105,,10608,6,,,1,105,,10612,6,,,1
6004,'Saturday',704,,10635,6,,,1,30,,10613,6,,,1,76,,10627,6,,,1,32,,10628,6,,,1,76,,10625,6,,,1,35,,10629,6,,,1,75,,10626,6,,,1,75,,10631,6,,,1,35,,10632,6,,,1,75,,10633,6,,,1,35,,10630,6,,,1,75,,10634,6,,,1,36,,10624,6,,,1,75,,10623,6,,,1,75,,10614,6,,,1,35,,10621,6,,,1,75,,10620,6,,,1,35,,10619,6,,,1,74,,10618,6,,,1,77,,10617,6,,,1,35,,10616,6,,,1,75,,10615,6,,,1,35,,10622,6,,,1
6004,'Sunday',750,,10636,6,,,1,105,,10637,6,,,1,145,,10638,6,,,1,105,,10639,6,,,1,105,,10640,6,,,1,105,,10641,6,,,1,105,,10644,6,,,1,105,,10645,6,,,1,105,,10646,6,,,1,105,,10642,6,,,1,105,,10643,6,,,1,105,,10647,6,,,1
6004,'Weekday',540,,10648,6,,,1,65,,10649,6,,,1,26,,10653,6,,,1,28,,10654,6,,,1,66,,10655,6,,,1,26,,10656,6,,,1,67,,10657,6,,,1,26,,10658,6,,,1,65,,10659,6,,,1,26,,10660,6,,,1,66,,10661,6,,,1,26,,10662,6,,,1,26,,10663,6,,,1,66,,10664,6,,,1,29,,10665,6,,,1,69,,10666,6,,,1,26,,10667,6,,,1,66,,10669,6,,,1,26,,10668,6,,,1,67,,10670,6,,,1,34,,10671,6,,,1,64,,10672,6,,,1,21,,10673,6,,,1,27,,10674,6,,,1,64,,10675,6,,,1,25,,10676,6,,,1,66,,10652,6,,,1,23,,10650,6,,,1,26,,10651,6,,,1,68,,10677,6,,,1,28,,10678,6,,,1,68,,10679,6,,,1,35,,10680,6,,,1,86,,10681,6,,,1,80,,10683,6,,,1,40,,10684,6,,,1,80,,10685,6,,,1,80,,10682,6,,,1,40,,10686,6,,,1
