5300,'Holiday1',838,,9717,15,4,,1,71,,9718,15,4,,1,30,,9719,15,4,,1,70,,9720,15,4,,1,30,,9721,15,4,,1,71,,9722,15,4,,1,31,,9723,15,4,,1,70,,9724,15,4,,1,32,,9725,15,4,,1,68,,9726,15,4,,1,32,,9727,15,4,,1,68,,9728,15,4,,1,34,,9730,15,4,,1,66,,9729,15,4,,1,34,,9733,15,4,,1,66,,9731,15,4,,1,34,,9732,15,4,,1,66,,9735,15,4,,1,34,,9736,15,4,,1,65,,9734,15,4,,1,33,,9737,15,4,,1,66,,9738,15,4,,1,34,,9739,15,4,,1
5300,'Saturday',609,,9745,15,4,,1,30,,9754,15,4,,1,70,,9742,15,4,,1,30,,9755,15,4,,1,70,,9750,15,4,,1,30,,9756,15,4,,1,70,,9752,15,4,,1,30,,9757,15,4,,1,70,,9753,15,4,,1,30,,9758,15,4,,1,71,,9748,15,4,,1,31,,9759,15,4,,1,70,,9747,15,4,,1,30,,9760,15,4,,1,70,,9741,15,4,,1,30,,9761,15,4,,1,70,,9746,15,4,,1,30,,9762,15,4,,1,70,,9744,15,4,,1,30,,9763,15,4,,1,70,,9743,15,4,,1,30,,9764,15,4,,1,70,,9740,15,4,,1,30,,9765,15,4,,1,69,,9749,15,4,,1,30,,9766,15,4,,1,69,,9751,15,4,,1
5300,'Sunday',838,,9767,15,4,,1,71,,9768,15,4,,1,30,,9769,15,4,,1,70,,9770,15,4,,1,30,,9771,15,4,,1,71,,9772,15,4,,1,31,,9773,15,4,,1,70,,9774,15,4,,1,32,,9775,15,4,,1,68,,9776,15,4,,1,32,,9777,15,4,,1,68,,9778,15,4,,1,34,,9780,15,4,,1,66,,9779,15,4,,1,34,,9783,15,4,,1,66,,9781,15,4,,1,34,,9782,15,4,,1,66,,9785,15,4,,1,34,,9786,15,4,,1,65,,9784,15,4,,1,33,,9787,15,4,,1,66,,9788,15,4,,1,34,,9789,15,4,,1
5300,'Weekday',538,,9790,15,4,,1,16,,9794,15,4,,1,67,,9796,15,4,,1,30,,9797,15,4,,1,63,,9795,15,4,,1,29,,9798,15,4,,1,61,,9799,15,4,,1,25,,9800,15,4,,1,23,,9801,15,4,,1,68,,9802,15,4,,1,31,,9803,15,4,,1,67,,9804,15,4,,1,35,,9805,15,4,,1,65,,9806,15,4,,1,35,,9807,15,4,,1,64,,9808,15,4,,1,30,,9809,15,4,,1,67,,9810,15,4,,1,33,,9812,15,4,,1,71,,9814,15,4,,1,31,,9811,15,4,,1,71,,9815,15,4,,1,24,,9813,15,4,,1,60,,9816,15,4,,1,30,,9817,15,4,,1,25,,9818,15,4,,1,65,,9820,15,4,,1,25,,9821,15,4,,1,65,,9822,15,4,,1,24,,9819,15,4,,1,65,,9823,15,4,,1,27,,9824,15,4,,1,21,,9825,15,4,,1,75,,9826,15,4,,1,29,,9827,15,4,,1,68,,9828,15,4,,1,29,,9829,15,4,,1,68,,9830,15,4,,1,32,,9831,15,4,,1,67,,9832,15,4,,1,30,,9833,15,4,,1,67,,9791,15,4,,1,29,,9792,15,4,,1,74,,9793,15,4,,1
5301,'Holiday1',800,,9834,1,,,1,30,,9835,1,,,1,70,,9836,1,,,1,30,,9837,1,,,1,70,,9838,1,,,1,30,,9839,1,,,1,70,,9841,1,,,1,30,,9840,1,,,1,70,,9842,1,,,1,30,,9843,1,,,1,70,,9845,1,,,1,30,,9844,1,,,1,72,,9847,1,,,1,28,,9846,1,,,1,72,,9848,1,,,1,28,,9850,1,,,1,70,,9851,1,,,1,30,,9849,1,,,1,72,,9854,1,,,1,28,,9852,1,,,1,72,,9855,1,,,1,28,,9853,1,,,1,72,,9856,1,,,1
5301,'Saturday',525,,9864,1,,,1,75,,9874,1,,,1,30,,9862,1,,,1,70,,9871,1,,,1,30,,9859,1,,,1,70,,9875,1,,,1,30,,9869,1,,,1,70,,9872,1,,,1,30,,9870,1,,,1,70,,9873,1,,,1,30,,9866,1,,,1,70,,9876,1,,,1,30,,9867,1,,,1,70,,9877,1,,,1,27,,9863,1,,,1,73,,9878,1,,,1,27,,9861,1,,,1,73,,9879,1,,,1,27,,9858,1,,,1,73,,9880,1,,,1,27,,9865,1,,,1,73,,9881,1,,,1,27,,9860,1,,,1,73,,9882,1,,,1,27,,9857,1,,,1,73,,9883,1,,,1,27,,9868,1,,,1
5301,'Sunday',800,,9884,1,,,1,30,,9885,1,,,1,70,,9886,1,,,1,30,,9887,1,,,1,70,,9888,1,,,1,30,,9889,1,,,1,70,,9891,1,,,1,30,,9890,1,,,1,70,,9892,1,,,1,30,,9893,1,,,1,70,,9895,1,,,1,30,,9894,1,,,1,72,,9897,1,,,1,28,,9896,1,,,1,72,,9898,1,,,1,28,,9900,1,,,1,70,,9901,1,,,1,30,,9899,1,,,1,72,,9904,1,,,1,28,,9902,1,,,1,72,,9905,1,,,1,28,,9903,1,,,1,72,,9906,1,,,1
5301,'Weekday',446,,9907,1,,,1,60,,9908,1,,,1,25,,9909,1,,,1,27,,9910,1,,,1,61,,9911,1,,,1,28,,9912,1,,,1,62,,9913,1,,,1,27,,9914,1,,,1,21,,9915,1,,,1,67,,9916,1,,,1,32,,9917,1,,,1,70,,9919,1,,,1,31,,9920,1,,,1,69,,9921,1,,,1,33,,9918,1,,,1,67,,9922,1,,,1,28,,9923,1,,,1,68,,9925,1,,,1,32,,9927,1,,,1,70,,9924,1,,,1,30,,9928,1,,,1,70,,9926,1,,,1,24,,9929,1,,,1,58,,9931,1,,,1,32,,9932,1,,,1,65,,9933,1,,,1,25,,9930,1,,,1,24,,9934,1,,,1,65,,9935,1,,,1,24,,9936,1,,,1,63,,9937,1,,,1,29,,9938,1,,,1,22,,9939,1,,,1,75,,9940,1,,,1,70,,9941,1,,,1,30,,9942,1,,,1,70,,9943,1,,,1,30,,9944,1,,,1,73,,9946,1,,,1,25,,9947,1,,,1,72,,9948,1,,,1,28,,9949,1,,,1,29,,9945,1,,,1,73,,9950,1,,,1
5601,'Holiday1',800,,10187,1,,,1,31,,10187,29,4,,1,9,,10188,1,,,1,71,,10188,29,4,,1,9,,10189,1,,,1,31,,10189,29,4,,1,49,,10190,1,,,1,31,,10190,29,4,,1,9,,10191,1,,,1,71,,10191,29,4,,1,9,,10192,1,,,1,31,,10192,29,4,,1,49,,10193,1,,,1,31,,10193,29,4,,1,9,,10194,1,,,1,71,,10194,29,4,,1,9,,10195,1,,,1,31,,10195,29,4,,1,49,,10196,1,,,1,31,,10196,29,4,,1,9,,10197,1,,,1,71,,10197,29,4,,1,9,,10198,1,,,1,31,,10198,29,4,,1,49,,10199,1,,,1,31,,10199,29,4,,1,9,,10200,1,,,1,71,,10200,29,4,,1,9,,10202,1,,,1,31,,10202,29,4,,1,49,,10201,1,,,1,31,,10201,29,4,,1,9,,10203,1,,,1,71,,10203,29,4,,1
5601,'Saturday',800,,10205,1,,,1,30,,10205,29,4,,1,10,,10206,1,,,1,70,,10206,29,4,,1,10,,10207,1,,,1,32,,10207,29,4,,1,48,,10208,1,,,1,32,,10208,29,4,,1,8,,10209,1,,,1,72,,10209,29,4,,1,8,,10210,1,,,1,32,,10210,29,4,,1,48,,10204,1,,,1,32,,10204,29,4,,1,8,,10211,1,,,1,72,,10211,29,4,,1,8,,10212,1,,,1,32,,10212,29,4,,1,48,,10213,1,,,1,32,,10213,29,4,,1,8,,10214,1,,,1,72,,10214,29,4,,1,8,,10217,1,,,1,32,,10217,29,4,,1,48,,10219,1,,,1,32,,10219,29,4,,1,8,,10216,1,,,1,72,,10216,29,4,,1,8,,10220,1,,,1,32,,10220,29,4,,1,48,,10215,1,,,1,32,,10215,29,4,,1,8,,10218,1,,,1,71,,10218,29,4,,1
5601,'Sunday',800,,10221,1,,,1,31,,10221,29,4,,1,9,,10222,1,,,1,71,,10222,29,4,,1,9,,10223,1,,,1,31,,10223,29,4,,1,49,,10224,1,,,1,31,,10224,29,4,,1,9,,10225,1,,,1,71,,10225,29,4,,1,9,,10226,1,,,1,31,,10226,29,4,,1,49,,10227,1,,,1,31,,10227,29,4,,1,9,,10228,1,,,1,71,,10228,29,4,,1,9,,10229,1,,,1,31,,10229,29,4,,1,49,,10230,1,,,1,31,,10230,29,4,,1,9,,10231,1,,,1,71,,10231,29,4,,1,9,,10232,1,,,1,31,,10232,29,4,,1,49,,10233,1,,,1,31,,10233,29,4,,1,9,,10234,1,,,1,71,,10234,29,4,,1,9,,10236,1,,,1,31,,10236,29,4,,1,49,,10235,1,,,1,31,,10235,29,4,,1,9,,10237,1,,,1,71,,10237,29,4,,1
5601,'Weekday',530,,10238,1,,,1,70,,10238,29,4,,1,10,,10239,1,,,1,30,,10239,29,4,,1,10,,10240,1,,,1,70,,10240,29,4,,1,10,,10241,1,,,1,70,,10241,29,4,,1,10,,10242,1,,,1,31,,10242,29,4,,1,9,,10244,1,,,1,71,,10244,29,4,,1,9,,10245,1,,,1,71,,10245,29,4,,1,9,,10246,1,,,1,30,,10246,29,4,,1,10,,10247,1,,,1,70,,10247,29,4,,1,10,,10248,1,,,1,70,,10248,29,4,,1,10,,10249,1,,,1,30,,10249,29,4,,1,10,,10243,1,,,1,70,,10243,29,4,,1,10,,10250,1,,,1,70,,10250,29,4,,1,10,,10251,1,,,1,31,,10251,29,4,,1,9,,10252,1,,,1,72,,10252,29,4,,1,8,,10253,1,,,1,72,,10253,29,4,,1,8,,10258,1,,,1,33,,10258,29,4,,1,7,,10255,1,,,1,73,,10255,29,4,,1,7,,10256,1,,,1,73,,10256,29,4,,1,7,,10257,1,,,1,33,,10257,29,4,,1,7,,10254,1,,,1,73,,10254,29,4,,1,7,,10260,1,,,1,72,,10260,29,4,,1,8,,10261,1,,,1,31,,10261,29,4,,1,9,,10259,1,,,1,70,,10259,29,4,,1,10,,10262,1,,,1,70,,10262,29,4,,1
