5203,'251229-MULTI-Saturday-01',549,,13582,4,,1,64,,13586,4,,1,23,,13579,4,,1,65,,13587,4,,1,26,,13565,4,,1,25,,13588,4,,1,67,,13580,4,,1,25,,13589,4,,1,64,,13583,4,,1,23,,13590,4,,1,25,,13564,4,,1,66,,13591,4,,1,25,,13567,4,,1,65,,13592,4,,1,25,,13577,4,,1,65,,13593,4,,1,25,,13570,4,,1,25,,13594,4,,1,67,,13576,4,,1,25,,13595,4,,1,65,,13568,4,,1,25,,13596,4,,1,25,,13574,4,,1,66,,13597,4,,1,24,,13571,4,,1,66,,13598,4,,1,24,,13572,4,,1,65,,13599,4,,1,25,,13569,4,,1,25,,13584,4,,1,65,,13581,4,,1,26,,13585,4,,1,63,,13575,4,,1,44,,13566,4,,1,85,,13578,4,,1,86,,13573,4,,1
5203,'251229-MULTI-Sunday-01',741,,13600,4,,1,66,,13601,4,,1,26,,13602,4,,1,25,,13603,4,,1,63,,13604,4,,1,25,,13605,4,,1,65,,13606,4,,1,26,,13607,4,,1,65,,13609,4,,1,26,,13610,4,,1,25,,13608,4,,1,64,,13611,4,,1,25,,13612,4,,1,66,,13614,4,,1,26,,13613,4,,1,24,,13615,4,,1,63,,13618,4,,1,27,,13617,4,,1,64,,13616,4,,1,28,,13621,4,,1,63,,13620,4,,1,27,,13622,4,,1,23,,13619,4,,1,66,,13626,4,,1,25,,13624,4,,1,66,,13625,4,,1,25,,13623,4,,1,65,,13628,4,,1,27,,13629,4,,1,86,,13627,4,,1,45,,13630,4,,1
5203,'260105-MULTI-Holiday1-01',741,,13631,4,,1,66,,13632,4,,1,26,,13633,4,,1,25,,13634,4,,1,63,,13635,4,,1,25,,13636,4,,1,65,,13637,4,,1,26,,13638,4,,1,65,,13640,4,,1,26,,13641,4,,1,25,,13639,4,,1,64,,13642,4,,1,25,,13643,4,,1,66,,13645,4,,1,26,,13644,4,,1,24,,13646,4,,1,63,,13649,4,,1,27,,13648,4,,1,64,,13647,4,,1,28,,13652,4,,1,63,,13651,4,,1,27,,13653,4,,1,23,,13650,4,,1,66,,13657,4,,1,25,,13655,4,,1,66,,13656,4,,1,25,,13654,4,,1,65,,13659,4,,1,27,,13660,4,,1,86,,13658,4,,1,45,,13661,4,,1
5203,'260105-MULTI-Saturday-01',549,,13681,4,,1,64,,13684,4,,1,23,,13677,4,,1,65,,13685,4,,1,26,,13663,4,,1,25,,13686,4,,1,67,,13678,4,,1,25,,13687,4,,1,64,,13680,4,,1,23,,13688,4,,1,25,,13662,4,,1,66,,13689,4,,1,25,,13665,4,,1,65,,13690,4,,1,25,,13675,4,,1,65,,13691,4,,1,25,,13667,4,,1,25,,13692,4,,1,67,,13674,4,,1,25,,13693,4,,1,65,,13666,4,,1,25,,13694,4,,1,25,,13672,4,,1,66,,13695,4,,1,24,,13669,4,,1,66,,13696,4,,1,24,,13670,4,,1,65,,13697,4,,1,25,,13668,4,,1,25,,13682,4,,1,65,,13679,4,,1,26,,13683,4,,1,63,,13673,4,,1,44,,13664,4,,1,85,,13676,4,,1,86,,13671,4,,1
5203,'260105-MULTI-Sunday-01',741,,13698,4,,1,66,,13699,4,,1,26,,13700,4,,1,25,,13701,4,,1,63,,13702,4,,1,25,,13703,4,,1,65,,13704,4,,1,26,,13705,4,,1,65,,13707,4,,1,26,,13708,4,,1,25,,13706,4,,1,64,,13709,4,,1,25,,13710,4,,1,66,,13712,4,,1,26,,13711,4,,1,24,,13713,4,,1,63,,13716,4,,1,27,,13715,4,,1,64,,13714,4,,1,28,,13719,4,,1,63,,13718,4,,1,27,,13720,4,,1,23,,13717,4,,1,66,,13724,4,,1,25,,13722,4,,1,66,,13723,4,,1,25,,13721,4,,1,65,,13726,4,,1,27,,13727,4,,1,86,,13725,4,,1,45,,13728,4,,1
5203,'260105-MULTI-Weekday-01',515,,13773,4,,1,20,,13772,4,,1,19,,13771,4,,1,80,,13770,4,,1,16,,13769,4,,1,66,,13768,4,,1,39,,13767,4,,1,49,,13766,4,,1,32,,13764,4,,1,17,,13765,4,,1,67,,13763,4,,1,23,,13762,4,,1,67,,13761,4,,1,21,,13760,4,,1,73,,13759,4,,1,18,,13758,4,,1,33,,13757,4,,1,56,,13756,4,,1,34,,13755,4,,1,66,,13754,4,,1,25,,13753,4,,1,67,,13752,4,,1,25,,13751,4,,1,25,,13750,4,,1,65,,13749,4,,1,25,,13748,4,,1,65,,13747,4,,1,25,,13746,4,,1,25,,13745,4,,1,65,,13744,4,,1,25,,13743,4,,1,67,,13742,4,,1,23,,13741,4,,1,65,,13739,4,,1,25,,13740,4,,1,25,,13738,4,,1,64,,13737,4,,1,25,,13736,4,,1,65,,13735,4,,1,24,,13734,4,,1,27,,13733,4,,1,62,,13732,4,,1,85,,13731,4,,1,45,,13730,4,,1,85,,13729,4,,1
5204,'251229-MULTI-Saturday-01',500,,13781,0,,1,28,,13795,0,,1,25,,13780,0,,1,65,,13794,0,,1,25,,13776,0,,1,65,,13796,0,,1,25,,13793,0,,1,25,,13798,0,,1,65,,13774,0,,1,25,,13799,0,,1,65,,13777,0,,1,25,,13800,0,,1,65,,13778,0,,1,25,,13797,0,,1,25,,13775,0,,1,65,,13801,0,,1,25,,13791,0,,1,65,,13802,0,,1,27,,13779,0,,1,23,,13803,0,,1,65,,13790,0,,1,25,,13804,0,,1,65,,13784,0,,1,25,,13805,0,,1,65,,13782,0,,1,25,,13806,0,,1,25,,13792,0,,1,65,,13807,0,,1,25,,13785,0,,1,65,,13808,0,,1,25,,13788,0,,1,25,,13809,0,,1,64,,13787,0,,1,26,,13810,0,,1,67,,13789,0,,1,42,,13786,0,,1,87,,13783,0,,1
5204,'251229-MULTI-Sunday-01',700,,13811,0,,1,25,,13812,0,,1,25,,13813,0,,1,65,,13814,0,,1,25,,13815,0,,1,65,,13817,0,,1,25,,13816,0,,1,25,,13819,0,,1,67,,13818,0,,1,23,,13822,0,,1,65,,13820,0,,1,25,,13821,0,,1,65,,13823,0,,1,25,,13824,0,,1,25,,13825,0,,1,65,,13827,0,,1,25,,13826,0,,1,65,,13830,0,,1,25,,13828,0,,1,25,,13829,0,,1,65,,13831,0,,1,25,,13833,0,,1,65,,13832,0,,1,25,,13834,0,,1,65,,13835,0,,1,25,,13837,0,,1,25,,13838,0,,1,65,,13836,0,,1,25,,13841,0,,1,90,,13840,0,,1,85,,13839,0,,1,85,,13842,0,,1
5204,'260105-MULTI-Holiday1-01',700,,13843,0,,1,25,,13844,0,,1,25,,13845,0,,1,65,,13846,0,,1,25,,13847,0,,1,65,,13849,0,,1,25,,13848,0,,1,25,,13851,0,,1,67,,13850,0,,1,23,,13854,0,,1,65,,13852,0,,1,25,,13853,0,,1,65,,13855,0,,1,25,,13856,0,,1,25,,13857,0,,1,65,,13859,0,,1,25,,13858,0,,1,65,,13862,0,,1,25,,13860,0,,1,25,,13861,0,,1,65,,13863,0,,1,25,,13865,0,,1,65,,13864,0,,1,25,,13866,0,,1,65,,13867,0,,1,25,,13869,0,,1,25,,13870,0,,1,65,,13868,0,,1,25,,13873,0,,1,90,,13872,0,,1,85,,13871,0,,1,85,,13874,0,,1
5204,'260105-MULTI-Saturday-01',500,,13882,0,,1,28,,13895,0,,1,25,,13881,0,,1,65,,13896,0,,1,25,,13877,0,,1,65,,13897,0,,1,25,,13894,0,,1,25,,13899,0,,1,65,,13875,0,,1,25,,13900,0,,1,65,,13878,0,,1,25,,13901,0,,1,65,,13879,0,,1,25,,13898,0,,1,25,,13876,0,,1,65,,13902,0,,1,25,,13892,0,,1,65,,13903,0,,1,27,,13880,0,,1,23,,13904,0,,1,65,,13891,0,,1,25,,13905,0,,1,65,,13885,0,,1,25,,13906,0,,1,65,,13883,0,,1,25,,13907,0,,1,25,,13893,0,,1,65,,13908,0,,1,25,,13886,0,,1,65,,13909,0,,1,25,,13889,0,,1,25,,13910,0,,1,64,,13888,0,,1,26,,13911,0,,1,67,,13890,0,,1,42,,13887,0,,1,87,,13884,0,,1
5204,'260105-MULTI-Sunday-01',700,,13912,0,,1,25,,13913,0,,1,25,,13914,0,,1,65,,13915,0,,1,25,,13916,0,,1,65,,13918,0,,1,25,,13917,0,,1,25,,13920,0,,1,67,,13919,0,,1,23,,13923,0,,1,65,,13921,0,,1,25,,13922,0,,1,65,,13924,0,,1,25,,13925,0,,1,25,,13926,0,,1,65,,13928,0,,1,25,,13927,0,,1,65,,13931,0,,1,25,,13929,0,,1,25,,13930,0,,1,65,,13932,0,,1,25,,13934,0,,1,65,,13933,0,,1,25,,13935,0,,1,65,,13936,0,,1,25,,13938,0,,1,25,,13939,0,,1,65,,13937,0,,1,25,,13942,0,,1,90,,13941,0,,1,85,,13940,0,,1,85,,13943,0,,1
5204,'260105-MULTI-Weekday-01',458,,13988,0,,1,61,,13987,0,,1,23,,13986,0,,1,65,,13985,0,,1,31,,13984,0,,1,63,,13983,0,,1,20,,13982,0,,1,80,,13981,0,,1,9,,13980,0,,1,33,,13979,0,,1,57,,13978,0,,1,31,,13977,0,,1,17,,13976,0,,1,75,,13975,0,,1,14,,13974,0,,1,76,,13973,0,,1,13,,13971,0,,1,77,,13972,0,,1,14,,13970,0,,1,36,,13969,0,,1,63,,13968,0,,1,27,,13967,0,,1,67,,13966,0,,1,23,,13965,0,,1,25,,13964,0,,1,65,,13963,0,,1,25,,13961,0,,1,65,,13962,0,,1,27,,13960,0,,1,63,,13959,0,,1,28,,13958,0,,1,25,,13957,0,,1,65,,13956,0,,1,22,,13955,0,,1,65,,13954,0,,1,25,,13953,0,,1,25,,13952,0,,1,65,,13951,0,,1,25,,13950,0,,1,65,,13949,0,,1,27,,13948,0,,1,82,,13947,0,,1,85,,13946,0,,1,45,,13945,0,,1,85,,13944,0,,1
