204,'Holiday1',716,,665,23,,,1,33,,667,23,,,1,73,,669,23,,,1,33,,671,23,,,1,74,,672,23,,,1,73,,668,23,,,1,33,,673,23,,,1,73,,670,23,,,1,33,,674,23,,,1,74,,675,23,,,1,33,,677,23,,,1,73,,678,23,,,1,33,,679,23,,,1,73,,676,23,,,1,73,,681,23,,,1,33,,682,23,,,1,73,,683,23,,,1,33,,680,23,,,1,73,,695,23,,,1,33,,691,23,,,1,72,,694,23,,,1,33,,690,23,,,1,72,,693,23,,,1,33,,692,23,,,1,72,,688,23,,,1,73,,687,23,,,1,33,,689,23,,,1,73,,684,23,,,1,32,,686,23,,,1,73,,685,23,,,1,33,,666,23,,,1
204,'Saturday',624,,696,23,,,1,27,,734,23,,,1,74,,731,23,,,1,29,,730,23,,,1,72,,733,23,,,1,30,,732,23,,,1,71,,729,23,,,1,30,,728,23,,,1,70,,724,23,,,1,30,,727,23,,,1,71,,726,23,,,1,30,,735,23,,,1,71,,725,23,,,1,30,,723,23,,,1,71,,719,23,,,1,70,,718,23,,,1,30,,722,23,,,1,70,,721,23,,,1,30,,720,23,,,1,70,,717,23,,,1,30,,716,23,,,1,71,,712,23,,,1,29,,715,23,,,1,70,,710,23,,,1,28,,714,23,,,1,30,,713,23,,,1,68,,711,23,,,1,30,,709,23,,,1,68,,706,23,,,1,30,,705,23,,,1,70,,708,23,,,1,30,,707,23,,,1,70,,701,23,,,1,30,,702,23,,,1,70,,704,23,,,1,30,,703,23,,,1,70,,699,23,,,1,30,,700,23,,,1
204,'Sunday',716,,736,23,,,1,33,,738,23,,,1,73,,740,23,,,1,33,,741,23,,,1,74,,742,23,,,1,73,,739,23,,,1,33,,743,23,,,1,73,,744,23,,,1,33,,745,23,,,1,74,,746,23,,,1,33,,748,23,,,1,73,,749,23,,,1,33,,750,23,,,1,73,,747,23,,,1,73,,752,23,,,1,33,,753,23,,,1,73,,754,23,,,1,33,,751,23,,,1,73,,766,23,,,1,33,,762,23,,,1,72,,765,23,,,1,33,,761,23,,,1,72,,764,23,,,1,33,,763,23,,,1,72,,759,23,,,1,73,,758,23,,,1,33,,760,23,,,1,73,,755,23,,,1,32,,757,23,,,1,73,,756,23,,,1,33,,737,23,,,1
204,'Weekday',455,,821,23,,,1,62,,820,23,,,1,22,,819,23,,,1,16,,817,23,,,1,70,,816,23,,,1,22,,815,23,,,1,58,,811,23,,,1,22,,822,23,,,1,19,,814,23,,,1,66,,809,23,,,1,28,,813,23,,,1,60,,818,23,,,1,21,,812,23,,,1,22,,807,23,,,1,62,,810,23,,,1,25,,808,23,,,1,21,,806,23,,,1,60,,805,23,,,1,18,,804,23,,,1,27,,803,23,,,1,64,,799,23,,,1,22,,802,23,,,1,16,,801,23,,,1,56,,800,23,,,1,29,,798,23,,,1,67,,797,23,,,1,20,,796,23,,,1,15,,795,23,,,1,59,,794,23,,,1,28,,793,23,,,1,24,,792,23,,,1,64,,788,23,,,1,17,,791,23,,,1,64,,790,23,,,1,27,,789,23,,,1,25,,787,23,,,1,63,,783,23,,,1,21,,786,23,,,1,64,,785,23,,,1,25,,784,23,,,1,26,,782,23,,,1,60,,781,23,,,1,21,,780,23,,,1,22,,779,23,,,1,58,,778,23,,,1,19,,774,23,,,1,23,,777,23,,,1,60,,776,23,,,1,22,,775,23,,,1,74,,773,23,,,1,31,,772,23,,,1,70,,771,23,,,1,28,,770,23,,,1
2404,'Holiday1',831,,6661,38,,,1,85,,6660,38,,,1,85,,6662,38,,,1,45,,6663,38,,,1,85,,6664,38,,,1,85,,6666,38,,,1,85,,6667,38,,,1,45,,6665,38,,,1,85,,6670,38,,,1,85,,6671,38,,,1,85,,6668,38,,,1,45,,6669,38,,,1,85,,6673,38,,,1,85,,6674,38,,,1,85,,6672,38,,,1
2404,'Saturday',831,,6675,38,,,1,85,,6676,38,,,1,85,,6681,38,,,1,45,,6677,38,,,1,85,,6678,38,,,1,85,,6679,38,,,1,85,,6682,38,,,1,45,,6683,38,,,1,85,,6684,38,,,1,85,,6685,38,,,1,85,,6680,38,,,1,45,,6686,38,,,1,85,,6687,38,,,1,85,,6688,38,,,1,85,,6689,38,,,1
2404,'Sunday',831,,6691,38,,,1,85,,6690,38,,,1,85,,6692,38,,,1,45,,6693,38,,,1,85,,6694,38,,,1,85,,6696,38,,,1,85,,6697,38,,,1,45,,6695,38,,,1,85,,6700,38,,,1,85,,6701,38,,,1,85,,6698,38,,,1,45,,6699,38,,,1,85,,6703,38,,,1,85,,6704,38,,,1,85,,6702,38,,,1
2404,'Weekday',542,,6707,38,,,1,17,,6706,38,,,1,74,,6710,38,,,1,77,,6719,38,,,1,36,,6720,38,,,1,75,,6721,38,,,1,36,,6717,38,,,1,76,,6718,38,,,1,75,,6726,38,,,1,37,,6705,38,,,1,74,,6708,38,,,1,35,,6724,38,,,1,77,,6722,38,,,1,77,,6723,38,,,1,37,,6725,38,,,1,77,,6709,38,,,1,33,,6712,38,,,1,77,,6727,38,,,1,76,,6728,38,,,1,34,,6729,38,,,1,75,,6730,38,,,1,36,,6731,38,,,1,75,,6732,38,,,1,75,,6733,38,,,1,38,,6714,38,,,1,72,,6711,38,,,1,32,,6713,38,,,1,76,,6716,38,,,1,35,,6715,38,,,1
2504,'Weekday',625,,6753,34,,,1,30,,6755,34,,,1,77,,6761,34,,,1,77,,6760,34,,,1,38,,6759,34,,,1,73,,6758,34,,,1,35,,6762,34,,,1,76,,6763,34,,,1,483,,6754,34,,,1,36,,6764,34,,,1,76,,6765,34,,,1,77,,6766,34,,,1,36,,6767,34,,,1,77,,6768,34,,,1,36,,6769,34,,,1,74,,6770,34,,,1,76,,6757,34,,,1,34,,6756,34,,,1
21600,'Weekday',1547,,11249,26,,,1
