604,'Holiday1',806,,15795,11,,,1,45,,15797,11,,,1,85,,15798,11,,,1,85,,15796,11,,,1,85,,15800,11,,,1,45,,15802,11,,,1,85,,15799,11,,,1,85,,15803,11,,,1,85,,15801,11,,,1,45,,15804,11,,,1,85,,15805,11,,,1,85,,15806,11,,,1,85,,15807,11,,,1,45,,15808,11,,,1,85,,15809,11,,,1
604,'Saturday',651,,15827,11,,,1,85,,15812,11,,,1,85,,15810,11,,,1,85,,15813,11,,,1,45,,15811,11,,,1,85,,15814,11,,,1,85,,15817,11,,,1,85,,15819,11,,,1,45,,15815,11,,,1,85,,15816,11,,,1,85,,15820,11,,,1,84,,15823,11,,,1,45,,15824,11,,,1,85,,15825,11,,,1,85,,15821,11,,,1,86,,15818,11,,,1,45,,15822,11,,,1,85,,15826,11,,,1
604,'Sunday',806,,15828,11,,,1,45,,15830,11,,,1,85,,15831,11,,,1,85,,15829,11,,,1,85,,15833,11,,,1,45,,15835,11,,,1,85,,15832,11,,,1,85,,15836,11,,,1,85,,15834,11,,,1,45,,15837,11,,,1,85,,15838,11,,,1,85,,15839,11,,,1,85,,15840,11,,,1,45,,15841,11,,,1,85,,15842,11,,,1
604,'Weekday',519,,15843,11,,,1,20,,15847,11,,,1,20,,15855,11,,,1,61,,15850,11,,,1,20,,15856,11,,,1,17,,15849,11,,,1,62,,15854,11,,,1,18,,15848,11,,,1,63,,15852,11,,,1,20,,15853,11,,,1,18,,15846,11,,,1,62,,15873,11,,,1,17,,15844,11,,,1,22,,15868,11,,,1,19,,15860,11,,,1,60,,15866,11,,,1,26,,15865,11,,,1,62,,15859,11,,,1,20,,15867,11,,,1,21,,15861,11,,,1,65,,15862,11,,,1,22,,15864,11,,,1,20,,15863,11,,,1,63,,15869,11,,,1,23,,15871,11,,,1,63,,15858,11,,,1,23,,15857,11,,,1,22,,15851,11,,,1,58,,15845,11,,,1,20,,15875,11,,,1,20,,15876,11,,,1,61,,15877,11,,,1,19,,15878,11,,,1,20,,15879,11,,,1,60,,15880,11,,,1,20,,15881,11,,,1,22,,15882,11,,,1,58,,15884,11,,,1,20,,15886,11,,,1,22,,15887,11,,,1,66,,15883,11,,,1,21,,15888,11,,,1,65,,15885,11,,,1,25,,15889,11,,,1,23,,15890,11,,,1,67,,15891,11,,,1,27,,15892,11,,,1,73,,15870,11,,,1,27,,15874,11,,,1,68,,15872,11,,,1,30,,15893,11,,,1
2901,'Holiday1',553,,20797,4,,,1,75,,20796,4,,,1,75,,20783,4,,,1,35,,20788,4,,,1,75,,20789,4,,,1,35,,20785,4,,,1,75,,20786,4,,,1,35,,20790,4,,,1,75,,20787,4,,,1,75,,20791,4,,,1,35,,20784,4,,,1,75,,20777,4,,,1,35,,20782,4,,,1,75,,20779,4,,,1,75,,20781,4,,,1,35,,20780,4,,,1,75,,20776,4,,,1,35,,20778,4,,,1,75,,20775,4,,,1,35,,20774,4,,,1,75,,20772,4,,,1,75,,20773,4,,,1,35,,20792,4,,,1,75,,20793,4,,,1,35,,20795,4,,,1,75,,20794,4,,,1,90,,20799,4,,,1,90,,20798,4,,,1,50,,20800,4,,,1,90,,20801,4,,,1
2901,'Saturday',528,,20811,4,,,1,25,,20802,4,,,1,65,,20812,4,,,1,25,,20813,4,,,1,65,,20814,4,,,1,25,,20815,4,,,1,25,,20816,4,,,1,65,,20817,4,,,1,25,,20818,4,,,1,65,,20819,4,,,1,25,,20820,4,,,1,65,,20821,4,,,1,25,,20822,4,,,1,25,,20823,4,,,1,65,,20825,4,,,1,25,,20826,4,,,1,65,,20827,4,,,1,25,,20824,4,,,1,25,,20828,4,,,1,65,,20830,4,,,1,25,,20832,4,,,1,65,,20833,4,,,1,25,,20834,4,,,1,65,,20831,4,,,1,25,,20835,4,,,1,25,,20829,4,,,1,65,,20836,4,,,1,25,,20837,4,,,1,65,,20838,4,,,1,25,,20839,4,,,1,25,,20840,4,,,1,65,,20841,4,,,1,32,,20804,4,,,1,73,,20803,4,,,1,75,,20805,4,,,1,29,,20807,4,,,1,81,,20806,4,,,1,93,,20808,4,,,1,47,,20809,4,,,1,90,,20810,4,,,1
2901,'Sunday',553,,20867,4,,,1,75,,20866,4,,,1,75,,20853,4,,,1,35,,20858,4,,,1,75,,20859,4,,,1,35,,20855,4,,,1,75,,20856,4,,,1,35,,20860,4,,,1,75,,20857,4,,,1,75,,20861,4,,,1,35,,20854,4,,,1,75,,20847,4,,,1,35,,20852,4,,,1,75,,20849,4,,,1,75,,20851,4,,,1,35,,20850,4,,,1,75,,20846,4,,,1,35,,20848,4,,,1,75,,20845,4,,,1,35,,20844,4,,,1,75,,20842,4,,,1,75,,20843,4,,,1,35,,20862,4,,,1,75,,20863,4,,,1,35,,20865,4,,,1,75,,20864,4,,,1,90,,20869,4,,,1,90,,20868,4,,,1,50,,20870,4,,,1,90,,20871,4,,,1
2901,'Weekday',503,,20873,4,0,5,1,16,,20872,4,0,5,1,16,,20875,4,0,5,1,11,,20902,4,0,5,1,5,,20904,4,0,5,1,56,,20906,4,0,5,1,16,,20907,4,0,5,1,16,,20917,4,0,5,1,16,,20916,4,0,5,1,56,,20912,4,0,5,1,16,,20911,4,0,5,1,6,,20903,4,0,5,1,10,,20910,4,0,5,1,16,,20909,4,0,5,1,56,,20913,4,0,5,1,16,,20915,4,0,5,1,16,,20914,4,0,5,1,59,,20908,4,0,5,1,25,,20874,4,,,1,26,,20876,4,,,1,64,,20877,4,,,1,25,,20878,4,,,1,65,,20879,4,,,1,25,,20880,4,,,1,65,,20881,4,,,1,25,,20882,4,,,1,25,,20883,4,,,1,65,,20884,4,,,1,25,,20885,4,,,1,63,,20886,4,0,5,1,15,,20887,4,0,5,1,18,,20918,4,0,5,1,18,,20919,4,0,5,1,57,,20920,4,0,5,1,18,,20921,4,0,5,1,18,,20922,4,0,5,1,58,,20923,4,0,5,1,18,,20924,4,0,5,1,18,,20925,4,0,5,1,58,,20926,4,0,5,1,18,,20927,4,0,5,1,18,,20928,4,0,5,1,18,,20929,4,0,5,1,58,,20930,4,0,5,1,18,,20931,4,0,5,1,18,,20932,4,0,5,1,58,,20933,4,0,5,1,18,,20905,4,0,5,1,13,,20888,4,0,5,1,15,,20889,4,0,5,1,55,,20890,4,0,5,1,23,,20891,4,,,1,70,,20892,4,,,1,35,,20893,4,,,1,70,,20894,4,,,1,32,,20895,4,,,1,70,,20896,4,,,1,30,,20897,4,,,1,70,,20898,4,,,1,30,,20899,4,,,1,70,,20900,4,,,1
6004,'Holiday1',748,,23847,4,,,1,105,,23848,4,,,1,105,,23849,4,,,1,145,,23850,4,,,1,105,,23851,4,,,1,105,,23852,4,,,1,105,,23855,4,,,1,105,,23856,4,,,1,105,,23857,4,,,1,105,,23853,4,,,1,105,,23854,4,,,1,105,,23858,4,,,1
6004,'Saturday',703,,23881,4,,,1,30,,23859,4,,,1,76,,23873,4,,,1,32,,23874,4,,,1,75,,23871,4,,,1,35,,23875,4,,,1,75,,23872,4,,,1,75,,23877,4,,,1,35,,23878,4,,,1,75,,23879,4,,,1,35,,23876,4,,,1,75,,23880,4,,,1,36,,23870,4,,,1,75,,23869,4,,,1,75,,23860,4,,,1,35,,23867,4,,,1,75,,23866,4,,,1,35,,23865,4,,,1,74,,23864,4,,,1,77,,23863,4,,,1,35,,23862,4,,,1,75,,23861,4,,,1,35,,23868,4,,,1
6004,'Sunday',748,,23882,4,,,1,105,,23883,4,,,1,105,,23884,4,,,1,145,,23885,4,,,1,105,,23886,4,,,1,105,,23887,4,,,1,105,,23890,4,,,1,105,,23891,4,,,1,105,,23892,4,,,1,105,,23888,4,,,1,105,,23889,4,,,1,105,,23893,4,,,1
6004,'Weekday',538,,23894,4,,,1,65,,23895,4,,,1,26,,23899,4,,,1,28,,23900,4,,,1,66,,23901,4,,,1,26,,23902,4,,,1,67,,23903,4,,,1,26,,23904,4,,,1,65,,23905,4,,,1,26,,23906,4,,,1,26,,23907,4,,,1,66,,23908,4,,,1,26,,23909,4,,,1,66,,23910,4,,,1,29,,23911,4,,,1,69,,23912,4,,,1,26,,23913,4,,,1,66,,23915,4,,,1,26,,23914,4,,,1,67,,23916,4,,,1,34,,23917,4,,,1,24,,23918,4,,,1,61,,23919,4,,,1,27,,23920,4,,,1,64,,23921,4,,,1,25,,23922,4,,,1,66,,23898,4,,,1,23,,23896,4,,,1,26,,23897,4,,,1,68,,23923,4,,,1,28,,23924,4,,,1,68,,23925,4,,,1,35,,23926,4,,,1,86,,23927,4,,,1,80,,23929,4,,,1,40,,23930,4,,,1,80,,23931,4,,,1,80,,23928,4,,,1,40,,23932,4,,,1
