5803,'Weekday',615,,23738,1,,,1,90,,23739,1,,,1,50,,23740,1,,,1,90,,23737,1,,,1,90,,23741,1,,,1,565,,23743,1,,,1,50,,23744,1,,,1,90,,23742,1,,,1,90,,23745,1,,,1,90,,23746,1,,,1,90,,23747,1,,,1
5804,'Weekday',705,,23750,29,4,,1,50,,23751,29,4,,1,90,,23748,29,4,,1,90,,23752,29,4,,1,90,,23749,29,4,,1,525,,23753,29,4,,1,90,,23754,29,4,,1,90,,23755,29,4,,1,90,,23756,29,4,,1,90,,23757,29,4,,1,90,,23758,29,4,,1
6003,'Holiday1',821,,23762,1,,,1,104,,23761,1,,,1,105,,23763,1,,,1,105,,23760,1,,,1,105,,23765,1,,,1,105,,23766,1,,,1,105,,23767,1,,,1,105,,23764,1,,,1,145,,23768,1,,,1,104,,23769,1,,,1,106,,23770,1,,,1,104,,23759,1,,,1
6003,'Saturday',736,,23793,1,,,1,70,,23771,1,,,1,36,,23785,1,,,1,73,,23786,1,,,1,35,,23787,1,,,1,75,,23788,1,,,1,75,,23789,1,,,1,35,,23790,1,,,1,75,,23791,1,,,1,35,,23792,1,,,1,75,,23776,1,,,1,35,,23773,1,,,1,75,,23777,1,,,1,75,,23774,1,,,1,35,,23772,1,,,1,75,,23775,1,,,1,35,,23778,1,,,1,75,,23779,1,,,1,75,,23782,1,,,1,35,,23784,1,,,1,75,,23781,1,,,1,35,,23780,1,,,1,75,,23783,1,,,1
6003,'Sunday',821,,23797,1,,,1,104,,23796,1,,,1,105,,23798,1,,,1,105,,23795,1,,,1,105,,23800,1,,,1,105,,23801,1,,,1,105,,23802,1,,,1,105,,23799,1,,,1,145,,23803,1,,,1,104,,23804,1,,,1,106,,23805,1,,,1,104,,23794,1,,,1
6003,'Weekday',524,,23807,1,,,1,21,,23808,1,,,1,65,,23809,1,,,1,25,,23810,1,,,1,67,,23811,1,,,1,31,,23812,1,,,1,67,,23813,1,,,1,26,,23814,1,,,1,26,,23815,1,,,1,66,,23816,1,,,1,26,,23817,1,,,1,66,,23818,1,,,1,26,,23820,1,,,1,69,,23821,1,,,1,29,,23822,1,,,1,66,,23819,1,,,1,26,,23823,1,,,1,26,,23824,1,,,1,66,,23825,1,,,1,26,,23826,1,,,1,66,,23827,1,,,1,29,,23828,1,,,1,71,,23829,1,,,1,24,,23830,1,,,1,22,,23832,1,,,1,67,,23834,1,,,1,23,,23835,1,,,1,66,,23831,1,,,1,26,,23836,1,,,1,66,,23833,1,,,1,28,,23837,1,,,1,73,,23838,1,,,1,45,,23839,1,,,1,80,,23840,1,,,1,80,,23841,1,,,1,40,,23842,1,,,1,80,,23843,1,,,1,80,,23844,1,,,1,40,,23845,1,,,1,80,,23846,1,,,1
6004,'Holiday1',819,,23847,35,4,,1,105,,23848,35,4,,1,105,,23849,35,4,,1,105,,23850,35,4,,1,105,,23851,35,4,,1,105,,23852,35,4,,1,106,,23855,35,4,,1,104,,23856,35,4,,1,104,,23857,35,4,,1,145,,23853,35,4,,1,104,,23854,35,4,,1,105,,23858,35,4,,1
6004,'Saturday',734,,23881,35,4,,1,70,,23859,35,4,,1,36,,23873,35,4,,1,72,,23874,35,4,,1,36,,23871,35,4,,1,74,,23875,35,4,,1,35,,23872,35,4,,1,76,,23877,35,4,,1,75,,23878,35,4,,1,35,,23879,35,4,,1,75,,23876,35,4,,1,35,,23880,35,4,,1,75,,23870,35,4,,1,75,,23869,35,4,,1,35,,23860,35,4,,1,74,,23867,35,4,,1,36,,23866,35,4,,1,75,,23865,35,4,,1,34,,23864,35,4,,1,75,,23863,35,4,,1,75,,23862,35,4,,1,35,,23861,35,4,,1,75,,23868,35,4,,1
6004,'Sunday',819,,23882,35,4,,1,105,,23883,35,4,,1,105,,23884,35,4,,1,105,,23885,35,4,,1,105,,23886,35,4,,1,105,,23887,35,4,,1,106,,23890,35,4,,1,104,,23891,35,4,,1,104,,23892,35,4,,1,145,,23888,35,4,,1,104,,23889,35,4,,1,105,,23893,35,4,,1
6004,'Weekday',608,,23894,35,4,,1,26,,23895,35,4,,1,66,,23899,35,4,,1,30,,23900,35,4,,1,26,,23901,35,4,,1,66,,23902,35,4,,1,27,,23903,35,4,,1,66,,23904,35,4,,1,25,,23905,35,4,,1,66,,23906,35,4,,1,26,,23907,35,4,,1,26,,23908,35,4,,1,65,,23909,35,4,,1,26,,23910,35,4,,1,69,,23911,35,4,,1,29,,23912,35,4,,1,67,,23913,35,4,,1,26,,23915,35,4,,1,66,,23914,35,4,,1,28,,23916,35,4,,1,74,,23917,35,4,,1,25,,23918,35,4,,1,21,,23919,35,4,,1,67,,23920,35,4,,1,24,,23921,35,4,,1,65,,23922,35,4,,1,26,,23898,35,4,,1,23,,23896,35,4,,1,66,,23897,35,4,,1,28,,23923,35,4,,1,65,,23924,35,4,,1,26,,23925,35,4,,1,75,,23926,35,4,,1,86,,23927,35,4,,1,40,,23929,35,4,,1,80,,23930,35,4,,1,80,,23931,35,4,,1,40,,23928,35,4,,1,80,,23932,35,4,,1
