204,'Holiday1',715,,14142,21,,,1,33,,14144,21,,,1,73,,14146,21,,,1,33,,14147,21,,,1,74,,14148,21,,,1,73,,14145,21,,,1,33,,14149,21,,,1,73,,14150,21,,,1,33,,14151,21,,,1,74,,14152,21,,,1,33,,14154,21,,,1,73,,14155,21,,,1,33,,14156,21,,,1,73,,14153,21,,,1,33,,14158,21,,,1,73,,14159,21,,,1,73,,14160,21,,,1,33,,14157,21,,,1,73,,14172,21,,,1,33,,14168,21,,,1,72,,14171,21,,,1,33,,14167,21,,,1,72,,14170,21,,,1,33,,14169,21,,,1,72,,14165,21,,,1,33,,14164,21,,,1,73,,14166,21,,,1,73,,14161,21,,,1,32,,14163,21,,,1,73,,14162,21,,,1,33,,14143,21,,,1
204,'Saturday',623,,14173,21,,,1,27,,14211,21,,,1,74,,14208,21,,,1,29,,14207,21,,,1,72,,14210,21,,,1,30,,14209,21,,,1,71,,14206,21,,,1,30,,14205,21,,,1,70,,14201,21,,,1,30,,14204,21,,,1,71,,14203,21,,,1,30,,14212,21,,,1,71,,14202,21,,,1,30,,14200,21,,,1,71,,14196,21,,,1,30,,14195,21,,,1,70,,14199,21,,,1,30,,14198,21,,,1,70,,14197,21,,,1,30,,14194,21,,,1,70,,14193,21,,,1,30,,14189,21,,,1,69,,14192,21,,,1,30,,14187,21,,,1,69,,14191,21,,,1,30,,14190,21,,,1,68,,14188,21,,,1,30,,14186,21,,,1,68,,14183,21,,,1,30,,14182,21,,,1,70,,14185,21,,,1,30,,14184,21,,,1,70,,14178,21,,,1,30,,14179,21,,,1,70,,14181,21,,,1,30,,14180,21,,,1,70,,14176,21,,,1,30,,14177,21,,,1
204,'Sunday',715,,14213,21,,,1,33,,14215,21,,,1,73,,14217,21,,,1,33,,14218,21,,,1,74,,14219,21,,,1,73,,14216,21,,,1,33,,14220,21,,,1,73,,14221,21,,,1,33,,14222,21,,,1,74,,14223,21,,,1,33,,14225,21,,,1,73,,14226,21,,,1,33,,14227,21,,,1,73,,14224,21,,,1,33,,14229,21,,,1,73,,14230,21,,,1,73,,14231,21,,,1,33,,14228,21,,,1,73,,14243,21,,,1,33,,14239,21,,,1,72,,14242,21,,,1,33,,14238,21,,,1,72,,14241,21,,,1,33,,14240,21,,,1,72,,14236,21,,,1,33,,14235,21,,,1,73,,14237,21,,,1,73,,14232,21,,,1,32,,14234,21,,,1,73,,14233,21,,,1,33,,14214,21,,,1
204,'Weekday',454,,14298,21,,,1,62,,14297,21,,,1,22,,14296,21,,,1,16,,14294,21,,,1,70,,14293,21,,,1,22,,14292,21,,,1,58,,14288,21,,,1,22,,14299,21,,,1,19,,14291,21,,,1,66,,14286,21,,,1,28,,14290,21,,,1,20,,14295,21,,,1,61,,14289,21,,,1,22,,14284,21,,,1,62,,14287,21,,,1,25,,14285,21,,,1,21,,14283,21,,,1,60,,14282,21,,,1,18,,14281,21,,,1,27,,14280,21,,,1,64,,14276,21,,,1,22,,14279,21,,,1,16,,14278,21,,,1,56,,14277,21,,,1,29,,14275,21,,,1,67,,14274,21,,,1,20,,14273,21,,,1,15,,14272,21,,,1,59,,14271,21,,,1,28,,14270,21,,,1,24,,14269,21,,,1,64,,14265,21,,,1,17,,14268,21,,,1,64,,14267,21,,,1,27,,14266,21,,,1,25,,14264,21,,,1,63,,14260,21,,,1,21,,14263,21,,,1,64,,14262,21,,,1,25,,14261,21,,,1,26,,14259,21,,,1,60,,14258,21,,,1,21,,14257,21,,,1,22,,14256,21,,,1,58,,14255,21,,,1,19,,14251,21,,,1,23,,14254,21,,,1,60,,14253,21,,,1,22,,14252,21,,,1,74,,14250,21,,,1,31,,14249,21,,,1,70,,14248,21,,,1,28,,14247,21,,,1
2404,'Holiday1',829,,20065,36,,,1,85,,20064,36,,,1,45,,20066,36,,,1,85,,20067,36,,,1,85,,20068,36,,,1,85,,20070,36,,,1,45,,20071,36,,,1,85,,20069,36,,,1,85,,20074,36,,,1,85,,20075,36,,,1,45,,20072,36,,,1,85,,20073,36,,,1,85,,20077,36,,,1,85,,20078,36,,,1,45,,20076,36,,,1
2404,'Saturday',829,,20079,36,,,1,85,,20080,36,,,1,45,,20085,36,,,1,85,,20081,36,,,1,85,,20082,36,,,1,85,,20083,36,,,1,45,,20086,36,,,1,85,,20087,36,,,1,85,,20088,36,,,1,85,,20089,36,,,1,45,,20084,36,,,1,85,,20090,36,,,1,85,,20091,36,,,1,85,,20092,36,,,1,45,,20093,36,,,1
2404,'Sunday',829,,20095,36,,,1,85,,20094,36,,,1,45,,20096,36,,,1,85,,20097,36,,,1,85,,20098,36,,,1,85,,20100,36,,,1,45,,20101,36,,,1,85,,20099,36,,,1,85,,20104,36,,,1,85,,20105,36,,,1,45,,20102,36,,,1,85,,20103,36,,,1,85,,20107,36,,,1,85,,20108,36,,,1,45,,20106,36,,,1
2404,'Weekday',541,,20111,36,,,1,17,,20110,36,,,1,74,,20114,36,,,1,76,,20123,36,,,1,36,,20124,36,,,1,75,,20125,36,,,1,36,,20121,36,,,1,76,,20122,36,,,1,75,,20130,36,,,1,37,,20109,36,,,1,75,,20112,36,,,1,35,,20128,36,,,1,76,,20126,36,,,1,77,,20127,36,,,1,37,,20129,36,,,1,77,,20113,36,,,1,33,,20116,36,,,1,77,,20131,36,,,1,76,,20132,36,,,1,34,,20133,36,,,1,75,,20134,36,,,1,36,,20135,36,,,1,75,,20136,36,,,1,76,,20137,36,,,1,38,,20118,36,,,1,72,,20115,36,,,1,32,,20117,36,,,1,76,,20120,36,,,1,35,,20119,36,,,1
2504,'Weekday',623,,20157,32,,,1,30,,20159,32,,,1,77,,20165,32,,,1,77,,20164,32,,,1,38,,20163,32,,,1,73,,20162,32,,,1,35,,20166,32,,,1,76,,20167,32,,,1,483,,20158,32,,,1,36,,20168,32,,,1,76,,20169,32,,,1,77,,20170,32,,,1,36,,20171,32,,,1,77,,20172,32,,,1,36,,20173,32,,,1,75,,20174,32,,,1,76,,20161,32,,,1,34,,20160,32,,,1
21600,'Weekday',1546,,24483,24,,,1
50204,'Holiday1',746,,25424,4,,,1,60,,25382,4,,,1,20,,25381,4,,,1,20,,25377,4,,,1,60,,25378,4,,,1,20,,25379,4,,,1,19,,25380,5,,,1,61,,25383,5,,,1,19,,25384,5,,,1,22,,25369,5,,,1,60,,25368,5,,,1,15,,25389,5,,,1,15,,25390,5,,,1,15,,25391,5,,,1,57,,25392,5,,,1,17,,25395,5,,,1,17,,25393,5,,,1,15,,25394,5,,,1,55,,25396,5,,,1,15,,25386,5,,,1,15,,25388,5,,,1,13,,25385,5,,,1,53,,25387,5,,,1,12,,25422,5,,,1,12,,25419,5,,,1,12,,25418,5,,,1,12,,25417,5,,,1,52,,25416,5,,,1,12,,25421,5,,,1,12,,25415,5,,,1,12,,25414,5,,,1,12,,25411,5,,,1,52,,25410,5,,,1,12,,25420,5,,,1,12,,25413,5,,,1,12,,25412,5,,,1,12,,25409,5,,,1,52,,25408,5,,,1,12,,25407,5,,,1,12,,25403,5,,,1,12,,25406,5,,,1,12,,25405,5,,,1,51,,25404,5,,,1,12,,25400,5,,,1,12,,25399,5,,,1,12,,25402,5,,,1,12,,25401,5,,,1,53,,25398,5,,,1,14,,25371,5,,,1,12,,25425,5,,,1,13,,25372,5,,,1,54,,25397,5,,,1,14,,25370,5,,,1,17,,25373,5,,,1,21,,25374,5,,,1,60,,25375,5,,,1,20,,25376,5,,,1,20,,25423,5,,,1
50204,'Saturday',650,,25472,4,,,1,52,,25451,4,,,1,12,,25449,4,,,1,12,,25437,4,,,1,12,,25438,4,,,1,12,,25431,4,,,1,52,,25428,4,,,1,12,,25426,4,,,1,12,,25505,4,,,1,12,,25502,4,,,1,14,,25501,5,,,1,52,,25503,5,,,1,13,,25499,5,,,1,12,,25495,5,,,1,12,,25488,5,,,1,12,,25487,5,,,1,52,,25500,5,,,1,12,,25486,5,,,1,12,,25489,5,,,1,12,,25494,5,,,1,12,,25492,5,,,1,52,,25491,5,,,1,12,,25498,5,,,1,12,,25497,5,,,1,12,,25490,5,,,1,12,,25493,5,,,1,53,,25504,5,,,1,13,,25496,5,,,1,12,,25435,5,,,1,14,,25427,5,,,1,11,,25506,5,,,1,50,,25464,5,,,1,13,,25453,5,,,1,10,,25484,5,,,1,9,,25452,5,,,1,11,,25441,5,,,1,10,,25485,5,,,1,50,,25444,5,,,1,11,,25433,5,,,1,10,,25434,5,,,1,8,,25436,5,,,1,10,,25429,5,,,1,10,,25463,5,,,1,53,,25432,5,,,1,10,,25450,5,,,1,10,,25430,5,,,1,10,,25456,5,,,1,10,,25440,5,,,1,50,,25439,5,,,1,10,,25442,5,,,1,10,,25483,5,,,1,10,,25443,5,,,1,10,,25448,5,,,1,10,,25447,5,,,1,49,,25446,5,,,1,11,,25470,5,,,1,12,,25445,5,,,1,12,,25454,5,,,1,10,,25460,5,,,1,12,,25461,5,,,1,52,,25459,5,,,1,13,,25457,5,,,1,15,,25458,5,,,1,15,,25455,5,,,1,55,,25462,5,,,1,15,,25471,5,,,1,15,,25465,5,,,1,15,,25469,5,,,1,55,,25467,5,,,1,16,,25468,5,,,1,14,,25466,5,,,1,15,,25474,5,,,1,55,,25475,5,,,1,15,,25476,5,,,1,15,,25477,5,,,1,15,,25479,5,,,1,55,,25478,5,,,1,15,,25473,5,,,1,15,,25482,5,,,1,15,,25480,5,,,1,54,,25481,5,,,1
50204,'Sunday',746,,25563,4,,,1,60,,25521,4,,,1,20,,25520,4,,,1,20,,25516,4,,,1,60,,25517,4,,,1,20,,25518,4,,,1,19,,25519,5,,,1,61,,25522,5,,,1,19,,25523,5,,,1,22,,25508,5,,,1,60,,25507,5,,,1,15,,25528,5,,,1,15,,25529,5,,,1,15,,25530,5,,,1,57,,25531,5,,,1,17,,25534,5,,,1,17,,25532,5,,,1,15,,25533,5,,,1,55,,25535,5,,,1,15,,25525,5,,,1,15,,25527,5,,,1,13,,25524,5,,,1,53,,25526,5,,,1,12,,25561,5,,,1,12,,25558,5,,,1,12,,25557,5,,,1,12,,25556,5,,,1,52,,25555,5,,,1,12,,25560,5,,,1,12,,25554,5,,,1,12,,25553,5,,,1,12,,25550,5,,,1,52,,25549,5,,,1,12,,25559,5,,,1,12,,25552,5,,,1,12,,25551,5,,,1,12,,25548,5,,,1,52,,25547,5,,,1,12,,25546,5,,,1,12,,25542,5,,,1,12,,25545,5,,,1,12,,25544,5,,,1,51,,25543,5,,,1,12,,25539,5,,,1,12,,25538,5,,,1,12,,25541,5,,,1,12,,25540,5,,,1,53,,25537,5,,,1,14,,25510,5,,,1,12,,25564,5,,,1,13,,25511,5,,,1,54,,25536,5,,,1,14,,25509,5,,,1,17,,25512,5,,,1,21,,25513,5,,,1,60,,25514,5,,,1,20,,25515,5,,,1,20,,25562,5,,,1
50204,'Weekday',500,,25653,4,,,1,12,,25636,4,,,1,10,,25632,4,,,1,10,,25630,4,,,1,10,,25625,4,,,1,10,,25627,4,,,1,51,,25629,4,,,1,9,,25628,4,,,1,11,,25626,4,,,1,10,,25631,5,,,1,10,,25645,5,,,1,10,,25655,5,,,1,50,,25654,5,,,1,11,,25642,5,,,1,10,,25634,5,,,1,10,,25633,5,,,1,10,,25620,5,,,1,10,,25617,5,,,1,52,,25613,5,,,1,10,,25607,5,,,1,10,,25609,5,,,1,10,,25603,5,,,1,10,,25604,5,,,1,10,,25646,5,,,1,50,,25600,5,,,1,13,,25658,5,,,1,13,,25641,5,,,1,16,,25621,5,,,1,54,,25598,5,,,1,14,,25614,5,,,1,15,,25608,5,,,1,17,,25599,5,,,1,53,,25597,5,,,1,18,,25648,5,,,1,15,,25657,5,,,1,14,,25640,5,,,1,56,,25622,5,,,1,16,,25593,5,,,1,14,,25616,5,,,1,15,,25606,5,,,1,55,,25601,5,,,1,12,,25594,5,,,1,18,,25649,5,,,1,15,,25659,5,,,1,53,,25639,5,,,1,11,,25591,5,,,1,9,,25592,5,,,1,9,,25589,5,,,1,11,,25623,5,,,1,11,,25588,5,,,1,49,,25587,5,,,1,10,,25618,5,,,1,10,,25610,5,,,1,10,,25602,5,,,1,10,,25595,5,,,1,10,,25583,5,,,1,52,,25650,5,,,1,9,,25660,5,,,1,9,,25579,5,,,1,10,,25643,5,,,1,12,,25580,5,,,1,10,,25575,5,,,1,50,,25581,5,,,1,10,,25576,5,,,1,10,,25624,5,,,1,9,,25590,5,,,1,9,,25572,5,,,1,10,,25619,5,,,1,52,,25611,5,,,1,10,,25596,5,,,1,8,,25573,5,,,1,11,,25651,5,,,1,10,,25661,5,,,1,11,,25570,5,,,1,51,,25637,5,,,1,13,,25569,5,,,1,13,,25578,5,,,1,12,,25586,5,,,1,59,,25615,5,,,1,15,,25605,5,,,1,15,,25571,5,,,1,15,,25647,5,,,1,55,,25567,5,,,1,14,,25638,5,,,1,15,,25566,5,,,1,15,,25577,5,,,1,55,,25585,5,,,1,15,,25612,5,,,1,15,,25574,5,,,1,15,,25652,5,,,1,55,,25568,5,,,1,14,,25644,5,,,1,15,,25565,5,,,1,13,,25582,5,,,1,15,,25584,5,,,1
