901,'Holiday1',805,,3329,16,,,1,104,,3336,16,,,1,107,,3337,16,,,1,105,,3338,16,,,1,105,,3339,16,,,1,105,,3335,16,,,1,106,,3331,16,,,1,105,,3332,16,,,1,107,,3333,16,,,1,107,,3330,16,,,1,146,,3334,16,,,1
901,'Saturday',716,,3340,16,,,1,90,,3341,16,,,1,50,,3342,16,,,1,90,,3343,16,,,1,90,,3344,16,,,1,90,,3345,16,,,1,90,,3346,16,,,1,90,,3347,16,,,1,50,,3348,16,,,1,90,,3349,16,,,1,91,,3350,16,,,1,91,,3351,16,,,1,90,,3352,16,,,1,89,,3353,16,,,1,49,,3354,16,,,1
901,'Sunday',805,,3355,16,,,1,104,,3362,16,,,1,107,,3363,16,,,1,105,,3364,16,,,1,105,,3365,16,,,1,105,,3361,16,,,1,106,,3357,16,,,1,105,,3358,16,,,1,107,,3359,16,,,1,107,,3356,16,,,1,146,,3360,16,,,1
901,'Weekday',517,,3366,16,,,1,34,,3369,16,,,1,74,,3370,16,,,1,34,,3371,16,,,1,63,,3368,16,,,1,79,,3372,16,,,1,36,,3383,16,,,1,85,,3384,16,,,1,88,,3385,16,,,1,42,,3386,16,,,1,87,,3387,16,,,1,86,,3388,16,,,1,83,,3373,16,,,1,43,,3382,16,,,1,72,,3379,16,,,1,35,,3375,16,,,1,78,,3380,16,,,1,75,,3377,16,,,1,35,,3374,16,,,1,75,,3376,16,,,1,37,,3381,16,,,1,74,,3378,16,,,1,75,,3389,16,,,1,39,,3391,16,,,1,81,,3390,16,,,1,85,,3367,16,,,1
2404,'Holiday1',826,,6661,31,,,1,85,,6660,31,,,1,45,,6662,31,,,1,85,,6663,31,,,1,85,,6664,31,,,1,85,,6666,31,,,1,45,,6667,31,,,1,85,,6665,31,,,1,85,,6670,31,,,1,85,,6671,31,,,1,45,,6668,31,,,1,85,,6669,31,,,1,85,,6673,31,,,1,85,,6674,31,,,1,45,,6672,31,,,1
2404,'Saturday',826,,6675,31,,,1,85,,6676,31,,,1,45,,6681,31,,,1,85,,6677,31,,,1,85,,6678,31,,,1,85,,6679,31,,,1,45,,6682,31,,,1,85,,6683,31,,,1,85,,6684,31,,,1,85,,6685,31,,,1,45,,6680,31,,,1,85,,6686,31,,,1,85,,6687,31,,,1,85,,6688,31,,,1,45,,6689,31,,,1
2404,'Sunday',826,,6691,31,,,1,85,,6690,31,,,1,45,,6692,31,,,1,85,,6693,31,,,1,85,,6694,31,,,1,85,,6696,31,,,1,45,,6697,31,,,1,85,,6695,31,,,1,85,,6700,31,,,1,85,,6701,31,,,1,45,,6698,31,,,1,85,,6699,31,,,1,85,,6703,31,,,1,85,,6704,31,,,1,45,,6702,31,,,1
2404,'Weekday',538,,6707,31,,,1,17,,6706,31,,,1,74,,6710,31,,,1,76,,6719,31,,,1,36,,6720,31,,,1,75,,6721,31,,,1,36,,6717,31,,,1,76,,6718,31,,,1,75,,6726,31,,,1,37,,6705,31,,,1,75,,6708,31,,,1,35,,6724,31,,,1,76,,6722,31,,,1,77,,6723,31,,,1,37,,6725,31,,,1,77,,6709,31,,,1,33,,6712,31,,,1,77,,6727,31,,,1,76,,6728,31,,,1,34,,6729,31,,,1,75,,6730,31,,,1,36,,6731,31,,,1,75,,6732,31,,,1,36,,6733,31,,,1,78,,6714,31,,,1,72,,6711,31,,,1,32,,6713,31,,,1,76,,6716,31,,,1,35,,6715,31,,,1
2504,'Weekday',621,,6753,29,,,1,30,,6755,29,,,1,77,,6761,29,,,1,76,,6760,29,,,1,38,,6759,29,,,1,74,,6758,29,,,1,35,,6762,29,,,1,76,,6763,29,,,1,483,,6754,29,,,1,36,,6764,29,,,1,76,,6765,29,,,1,37,,6766,29,,,1,76,,6767,29,,,1,77,,6768,29,,,1,36,,6769,29,,,1,75,,6770,29,,,1,36,,6757,29,,,1,74,,6756,29,,,1
21500,'Weekday',739,,11247,15,,,1
