101,'251229-MULTI-Saturday-01',621,,2,0,,1,20,,3,0,,1,60,,5,0,,1,20,,6,0,,1,20,,1,0,,1,60,,7,0,,1,23,,4,0,,1,21,,8,0,,1,59,,10,0,,1,18,,14,0,,1,19,,15,0,,1,61,,16,0,,1,21,,26,0,,1,15,,27,0,,1,15,,28,0,,1,55,,29,0,,1,15,,31,0,,1,15,,32,0,,1,15,,33,0,,1,55,,30,0,,1,15,,34,0,,1,15,,35,0,,1,15,,36,0,,1,55,,40,0,,1,12,,37,0,,1,11,,38,0,,1,15,,39,0,,1,55,,41,0,,1,16,,42,0,,1,15,,43,0,,1,15,,45,0,,1,55,,46,0,,1,15,,47,0,,1,15,,44,0,,1,15,,48,0,,1,55,,49,0,,1,15,,50,0,,1,15,,52,0,,1,15,,53,0,,1,55,,54,0,,1,14,,51,0,,1,15,,55,0,,1,15,,56,0,,1,55,,57,0,,1,15,,58,0,,1,15,,59,0,,1,15,,60,0,,1,55,,61,0,,1,20,,62,0,,1,20,,63,0,,1,60,,65,0,,1,19,,66,0,,1,20,,67,0,,1,60,,64,0,,1,20,,68,0,,1,20,,69,0,,1,66,,20,0,,1,30,,21,0,,1,70,,22,0,,1,30,,19,0,,1,70,,23,0,,1,30,,18,0,,1,70,,25,0,,1,24,,24,0,,1,70,,17,0,,1
101,'251229-MULTI-Sunday-01',529,,73,0,,1,130,,70,0,,1,60,,82,0,,1,20,,83,0,,1,20,,84,0,,1,60,,85,0,,1,20,,86,0,,1,20,,87,0,,1,60,,88,0,,1,20,,89,0,,1,20,,91,0,,1,60,,92,0,,1,20,,90,0,,1,20,,94,0,,1,60,,95,0,,1,20,,93,0,,1,20,,96,0,,1,60,,97,0,,1,20,,98,0,,1,20,,99,0,,1,60,,100,0,,1,20,,101,0,,1,20,,102,0,,1,60,,103,0,,1,20,,104,0,,1,20,,105,0,,1,60,,108,0,,1,20,,109,0,,1,20,,106,0,,1,61,,107,0,,1,20,,110,0,,1,60,,111,0,,1,20,,112,0,,1,20,,113,0,,1,60,,114,0,,1,20,,115,0,,1,20,,116,0,,1,60,,118,0,,1,20,,119,0,,1,20,,120,0,,1,60,,117,0,,1,19,,121,0,,1,20,,122,0,,1,65,,123,0,,1,20,,124,0,,1,20,,125,0,,1,60,,80,0,,1,19,,77,0,,1,20,,78,0,,1,60,,76,0,,1,15,,79,0,,1,20,,81,0,,1,63,,75,0,,1,22,,72,0,,1,26,,126,0,,1,59,,74,0,,1
101,'260105-MULTI-Holiday1-01',529,,130,0,,1,130,,127,0,,1,60,,139,0,,1,20,,140,0,,1,20,,141,0,,1,60,,142,0,,1,20,,143,0,,1,20,,144,0,,1,60,,145,0,,1,20,,146,0,,1,20,,148,0,,1,60,,149,0,,1,20,,147,0,,1,20,,151,0,,1,60,,152,0,,1,20,,150,0,,1,20,,153,0,,1,60,,154,0,,1,20,,155,0,,1,20,,156,0,,1,60,,157,0,,1,20,,158,0,,1,20,,159,0,,1,60,,160,0,,1,20,,161,0,,1,20,,162,0,,1,60,,165,0,,1,20,,166,0,,1,20,,163,0,,1,61,,164,0,,1,20,,167,0,,1,60,,168,0,,1,20,,169,0,,1,20,,170,0,,1,60,,171,0,,1,20,,172,0,,1,20,,173,0,,1,60,,175,0,,1,20,,176,0,,1,20,,177,0,,1,60,,174,0,,1,19,,178,0,,1,20,,179,0,,1,65,,180,0,,1,20,,181,0,,1,20,,182,0,,1,60,,137,0,,1,19,,134,0,,1,20,,135,0,,1,60,,133,0,,1,15,,136,0,,1,20,,138,0,,1,63,,132,0,,1,22,,129,0,,1,26,,183,0,,1,59,,131,0,,1
101,'260105-MULTI-Saturday-01',621,,185,0,,1,20,,186,0,,1,60,,188,0,,1,20,,189,0,,1,20,,184,0,,1,60,,190,0,,1,23,,187,0,,1,21,,191,0,,1,59,,193,0,,1,18,,197,0,,1,19,,198,0,,1,61,,199,0,,1,21,,209,0,,1,15,,210,0,,1,15,,211,0,,1,55,,212,0,,1,15,,214,0,,1,15,,215,0,,1,15,,216,0,,1,55,,213,0,,1,15,,217,0,,1,15,,218,0,,1,15,,219,0,,1,55,,223,0,,1,12,,220,0,,1,11,,221,0,,1,15,,222,0,,1,55,,224,0,,1,16,,226,0,,1,15,,227,0,,1,15,,225,0,,1,55,,229,0,,1,15,,230,0,,1,15,,228,0,,1,15,,231,0,,1,55,,232,0,,1,15,,233,0,,1,15,,235,0,,1,15,,236,0,,1,55,,237,0,,1,14,,234,0,,1,15,,238,0,,1,15,,239,0,,1,55,,240,0,,1,15,,241,0,,1,15,,242,0,,1,15,,243,0,,1,55,,244,0,,1,20,,245,0,,1,20,,246,0,,1,60,,248,0,,1,19,,249,0,,1,20,,250,0,,1,60,,247,0,,1,20,,251,0,,1,20,,252,0,,1,66,,203,0,,1,30,,204,0,,1,70,,205,0,,1,30,,202,0,,1,70,,206,0,,1,30,,201,0,,1,70,,208,0,,1,24,,207,0,,1,70,,200,0,,1
101,'260105-MULTI-Sunday-01',529,,256,0,,1,130,,253,0,,1,60,,265,0,,1,20,,266,0,,1,20,,267,0,,1,60,,268,0,,1,20,,269,0,,1,20,,270,0,,1,60,,271,0,,1,20,,272,0,,1,20,,274,0,,1,60,,275,0,,1,20,,273,0,,1,20,,277,0,,1,60,,278,0,,1,20,,276,0,,1,20,,279,0,,1,60,,280,0,,1,20,,281,0,,1,20,,282,0,,1,60,,283,0,,1,20,,284,0,,1,20,,285,0,,1,60,,286,0,,1,20,,287,0,,1,20,,288,0,,1,60,,291,0,,1,20,,292,0,,1,20,,289,0,,1,61,,290,0,,1,20,,293,0,,1,60,,294,0,,1,20,,295,0,,1,20,,296,0,,1,60,,297,0,,1,20,,298,0,,1,20,,299,0,,1,60,,301,0,,1,20,,302,0,,1,20,,303,0,,1,60,,300,0,,1,19,,304,0,,1,20,,305,0,,1,65,,306,0,,1,20,,307,0,,1,20,,308,0,,1,60,,263,0,,1,19,,260,0,,1,20,,261,0,,1,60,,259,0,,1,15,,262,0,,1,20,,264,0,,1,63,,258,0,,1,22,,255,0,,1,26,,309,0,,1,59,,257,0,,1
101,'260105-MULTI-Weekday-01',458,,311,0,,1,60,,314,0,,1,8,,316,0,,1,31,,327,0,,1,65,,328,0,,1,22,,329,0,,1,63,,322,0,,1,13,,325,0,,1,34,,320,0,,1,60,,326,0,,1,23,,321,0,,1,5,,323,0,,1,94,,337,0,,1,67,,338,0,,1,42,,339,0,,1,67,,340,0,,1,25,,341,0,,1,68,,342,0,,1,43,,343,0,7,1,67,,344,0,,1,37,,345,0,,1,61,,346,0,,1,27,,347,0,7,1,76,,356,0,,1,25,,360,0,,1,62,,361,0,,1,24,,362,0,,1,27,,363,0,,1,60,,364,0,,1,25,,365,0,,1,61,,366,0,,1,16,,367,0,,1,26,,368,0,,1,10,,369,0,,1,66,,370,0,,1,22,,371,0,,1,70,,372,0,,1,25,,373,0,,1,22,,374,0,,1,62,,375,0,,1,24,,387,0,,1,78,,388,0,,1,27,,390,0,,1,84,,391,0,,1,75,,392,0,,1,32,,389,0,,1,74,,393,0,,1,26,,319,0,,1,78,,394,0,,1
6003,'251229-MULTI-Saturday-01',749,,15138,0,,1,70,,15116,0,,1,36,,15130,0,,1,73,,15131,0,,1,75,,15132,0,,1,35,,15133,0,,1,75,,15134,0,,1,35,,15135,0,,1,75,,15136,0,,1,35,,15137,0,,1,75,,15124,0,,1,75,,15118,0,,1,35,,15121,0,,1,75,,15119,0,,1,35,,15117,0,,1,75,,15120,0,,1,75,,15125,0,,1,35,,15122,0,,1,75,,15127,0,,1,35,,15129,0,,1,75,,15126,0,,1,35,,15123,0,,1,75,,15128,0,,1
6003,'251229-MULTI-Sunday-01',834,,15142,0,,1,104,,15140,0,,1,105,,15143,0,,1,105,,15139,0,,1,105,,15144,0,,1,105,,15145,0,,1,145,,15146,0,,1,105,,15147,0,,1,105,,15148,0,,1,104,,15149,0,,1,106,,15150,0,,1,104,,15141,0,,1
6003,'260105-MULTI-Holiday1-01',834,,15154,0,,1,104,,15152,0,,1,105,,15155,0,,1,105,,15151,0,,1,105,,15157,0,,1,105,,15158,0,,1,145,,15159,0,,1,105,,15156,0,,1,105,,15160,0,,1,104,,15161,0,,1,106,,15162,0,,1,104,,15153,0,,1
6003,'260105-MULTI-Saturday-01',749,,15185,0,,1,70,,15163,0,,1,36,,15177,0,,1,73,,15178,0,,1,75,,15179,0,,1,35,,15180,0,,1,75,,15181,0,,1,35,,15182,0,,1,75,,15183,0,,1,35,,15184,0,,1,75,,15168,0,,1,75,,15165,0,,1,35,,15169,0,,1,75,,15166,0,,1,35,,15164,0,,1,75,,15167,0,,1,75,,15172,0,,1,35,,15170,0,,1,75,,15174,0,,1,35,,15176,0,,1,75,,15173,0,,1,35,,15171,0,,1,75,,15175,0,,1
6003,'260105-MULTI-Sunday-01',834,,15189,0,,1,104,,15187,0,,1,105,,15190,0,,1,105,,15186,0,,1,105,,15192,0,,1,105,,15193,0,,1,145,,15194,0,,1,105,,15191,0,,1,105,,15195,0,,1,104,,15196,0,,1,106,,15197,0,,1,104,,15188,0,,1
6003,'260105-MULTI-Weekday-01',510,,15198,0,,1,26,,15199,0,,1,21,,15200,0,,1,67,,15201,0,,1,25,,15202,0,,1,67,,15203,0,,1,31,,15204,0,,1,67,,15205,0,,1,26,,15206,0,,1,66,,15207,0,,1,26,,15208,0,,1,26,,15209,0,,1,66,,15210,0,,1,26,,15212,0,,1,69,,15213,0,,1,29,,15214,0,,1,66,,15211,0,,1,26,,15215,0,,1,66,,15216,0,,1,26,,15217,0,,1,26,,15218,0,,1,67,,15219,0,,1,29,,15220,0,,1,71,,15221,0,,1,24,,15222,0,,1,63,,15224,0,,1,27,,15226,0,,1,63,,15227,0,,1,26,,15223,0,,1,26,,15228,0,,1,66,,15225,0,,1,28,,15229,0,,1,72,,15230,0,,1,85,,15231,0,,1,40,,15232,0,,1,80,,15233,0,,1,80,,15234,0,,1,40,,15235,0,,1,80,,15236,0,,1,80,,15237,0,,1,40,,15238,0,,1
56101,'260105-MULTI-Weekday-01',539,,19242,0,,1,20,,19241,0,,1,60,,19243,0,,1,20,,19244,0,,1,20,,19245,0,,1,60,,19246,0,,1,20,,19247,0,,1,20,,19248,0,,1,60,,19249,0,,1,20,,19250,0,,1,20,,19251,0,,1,68,,19252,0,,1,30,,19253,0,,1,70,,19254,0,,1,30,,19255,0,,1,70,,19256,0,,1,30,,19257,0,,1,70,,19258,0,,1,30,,19259,0,,1,70,,19260,0,,1,30,,19261,0,,1,72,,19262,0,,1,30,,19263,0,,1,60,,19264,0,,1,20,,19265,0,,1,20,,19266,0,,1,60,,19267,0,,1,20,,19268,0,,1,20,,19269,0,,1,60,,19270,0,,1,20,,19271,0,,1,20,,19272,0,,1,60,,19273,0,,1,20,,19274,0,,1,20,,19275,0,,1
