204,'251229-MULTI-Saturday-01',632,,1021,0,,1,27,,1059,0,,1,77,,1056,0,,1,69,,1055,0,,1,32,,1058,0,,1,70,,1057,0,,1,31,,1054,0,,1,70,,1053,0,,1,30,,1049,0,,1,70,,1052,0,,1,31,,1051,0,,1,71,,1060,0,,1,31,,1050,0,,1,70,,1048,0,,1,31,,1044,0,,1,70,,1043,0,,1,30,,1047,0,,1,70,,1046,0,,1,30,,1045,0,,1,70,,1042,0,,1,30,,1041,0,,1,71,,1037,0,,1,29,,1040,0,,1,70,,1035,0,,1,28,,1039,0,,1,69,,1038,0,,1,28,,1036,0,,1,70,,1034,0,,1,28,,1030,0,,1,69,,1033,0,,1,30,,1032,0,,1,70,,1031,0,,1,28,,1029,0,,1,70,,1026,0,,1,30,,1028,0,,1,70,,1027,0,,1,29,,1024,0,,1,70,,1025,0,,1
204,'251229-MULTI-Sunday-01',725,,1061,0,,1,33,,1063,0,,1,73,,1064,0,,1,73,,1065,0,,1,34,,1066,0,,1,74,,1067,0,,1,33,,1068,0,,1,73,,1069,0,,1,33,,1070,0,,1,74,,1071,0,,1,33,,1073,0,,1,73,,1074,0,,1,73,,1075,0,,1,33,,1072,0,,1,73,,1077,0,,1,33,,1078,0,,1,73,,1079,0,,1,33,,1076,0,,1,73,,1091,0,,1,33,,1090,0,,1,72,,1089,0,,1,73,,1086,0,,1,31,,1088,0,,1,73,,1087,0,,1,32,,1084,0,,1,72,,1083,0,,1,33,,1085,0,,1,73,,1080,0,,1,32,,1082,0,,1,73,,1081,0,,1,33,,1062,0,,1
204,'260105-MULTI-Holiday1-01',725,,1092,0,,1,33,,1094,0,,1,73,,1095,0,,1,73,,1096,0,,1,34,,1097,0,,1,74,,1098,0,,1,33,,1099,0,,1,73,,1100,0,,1,33,,1101,0,,1,74,,1102,0,,1,33,,1104,0,,1,73,,1105,0,,1,73,,1106,0,,1,33,,1103,0,,1,73,,1108,0,,1,33,,1109,0,,1,73,,1110,0,,1,33,,1107,0,,1,73,,1122,0,,1,33,,1118,0,,1,72,,1121,0,,1,73,,1117,0,,1,31,,1120,0,,1,73,,1119,0,,1,32,,1115,0,,1,72,,1114,0,,1,33,,1116,0,,1,73,,1111,0,,1,32,,1113,0,,1,73,,1112,0,,1,33,,1093,0,,1
204,'260105-MULTI-Saturday-01',632,,1123,0,,1,27,,1161,0,,1,77,,1158,0,,1,69,,1157,0,,1,32,,1160,0,,1,70,,1159,0,,1,31,,1156,0,,1,70,,1155,0,,1,30,,1151,0,,1,70,,1154,0,,1,31,,1153,0,,1,71,,1162,0,,1,31,,1152,0,,1,70,,1150,0,,1,31,,1146,0,,1,70,,1145,0,,1,30,,1149,0,,1,70,,1148,0,,1,30,,1147,0,,1,70,,1144,0,,1,30,,1143,0,,1,71,,1139,0,,1,29,,1142,0,,1,70,,1137,0,,1,28,,1141,0,,1,69,,1140,0,,1,28,,1138,0,,1,70,,1136,0,,1,28,,1132,0,,1,69,,1135,0,,1,30,,1134,0,,1,70,,1133,0,,1,28,,1128,0,,1,70,,1129,0,,1,30,,1131,0,,1,70,,1130,0,,1,29,,1126,0,,1,70,,1127,0,,1
204,'260105-MULTI-Sunday-01',725,,1163,0,,1,33,,1165,0,,1,73,,1166,0,,1,73,,1167,0,,1,34,,1168,0,,1,74,,1169,0,,1,33,,1170,0,,1,73,,1171,0,,1,33,,1172,0,,1,74,,1173,0,,1,33,,1175,0,,1,73,,1176,0,,1,73,,1177,0,,1,33,,1174,0,,1,73,,1179,0,,1,33,,1180,0,,1,73,,1181,0,,1,33,,1178,0,,1,73,,1193,0,,1,33,,1189,0,,1,72,,1192,0,,1,73,,1188,0,,1,31,,1191,0,,1,73,,1190,0,,1,32,,1186,0,,1,72,,1185,0,,1,33,,1187,0,,1,73,,1182,0,,1,32,,1184,0,,1,73,,1183,0,,1,33,,1164,0,,1
204,'260105-MULTI-Weekday-01',502,,1248,0,,1,22,,1247,0,,1,22,,1246,0,,1,56,,1244,0,,1,31,,1243,0,,1,22,,1242,0,,1,61,,1238,0,,1,28,,1241,0,,1,3,,1249,0,,1,79,,1236,0,,1,24,,1240,0,,1,63,,1245,0,,1,23,,1239,0,,1,82,,1237,0,,1,24,,1235,0,,1,62,,1233,0,,1,19,,1232,0,,1,8,,1231,0,,1,75,,1230,0,,1,26,,1226,0,,1,22,,1229,0,,1,54,,1228,0,,1,14,,1227,0,,1,33,,1225,0,,1,66,,1224,0,,1,21,,1223,0,,1,15,,1222,0,,1,55,,1221,0,,1,32,,1220,0,,1,67,,1219,0,,1,19,,1215,0,,1,20,,1218,0,,1,60,,1217,0,,1,30,,1216,0,,1,64,,1214,0,,1,23,,1210,0,,1,20,,1213,0,,1,66,,1212,0,,1,25,,1211,0,,1,63,,1209,0,,1,23,,1208,0,,1,15,,1207,0,,1,65,,1206,0,,1,18,,1205,0,,1,19,,1201,0,,1,63,,1204,0,,1,16,,1203,0,,1,26,,1202,0,,1,74,,1200,0,,1,33,,1199,0,,1,67,,1198,0,,1,28,,1197,0,,1
5204,'251229-MULTI-Saturday-01',519,,13781,0,,1,28,,13795,0,,1,65,,13780,0,,1,24,,13794,0,,1,65,,13776,0,,1,26,,13796,0,,1,25,,13793,0,,1,64,,13798,0,,1,25,,13774,0,,1,65,,13799,0,,1,25,,13777,0,,1,25,,13800,0,,1,65,,13778,0,,1,25,,13797,0,,1,65,,13775,0,,1,25,,13801,0,,1,65,,13791,0,,1,26,,13802,0,,1,27,,13779,0,,1,63,,13803,0,,1,25,,13790,0,,1,65,,13804,0,,1,25,,13784,0,,1,25,,13805,0,,1,65,,13782,0,,1,25,,13806,0,,1,65,,13792,0,,1,26,,13807,0,,1,65,,13785,0,,1,25,,13808,0,,1,25,,13788,0,,1,65,,13809,0,,1,24,,13787,0,,1,65,,13810,0,,1,26,,13789,0,,1,83,,13786,0,,1,88,,13783,0,,1
5204,'251229-MULTI-Sunday-01',719,,13811,0,,1,25,,13812,0,,1,65,,13813,0,,1,25,,13814,0,,1,25,,13815,0,,1,64,,13817,0,,1,25,,13816,0,,1,65,,13819,0,,1,28,,13818,0,,1,63,,13822,0,,1,25,,13820,0,,1,25,,13821,0,,1,65,,13823,0,,1,25,,13824,0,,1,65,,13825,0,,1,25,,13827,0,,1,25,,13826,0,,1,65,,13830,0,,1,25,,13828,0,,1,65,,13829,0,,1,25,,13831,0,,1,65,,13833,0,,1,25,,13832,0,,1,25,,13834,0,,1,67,,13835,0,,1,25,,13837,0,,1,65,,13838,0,,1,25,,13836,0,,1,65,,13841,0,,1,48,,13840,0,,1,86,,13839,0,,1,83,,13842,0,,1
5204,'260105-MULTI-Holiday1-01',719,,13843,0,,1,25,,13844,0,,1,65,,13845,0,,1,25,,13846,0,,1,25,,13847,0,,1,64,,13849,0,,1,25,,13848,0,,1,65,,13851,0,,1,28,,13850,0,,1,63,,13854,0,,1,25,,13852,0,,1,25,,13853,0,,1,65,,13855,0,,1,25,,13856,0,,1,65,,13857,0,,1,25,,13859,0,,1,25,,13858,0,,1,65,,13862,0,,1,25,,13860,0,,1,65,,13861,0,,1,25,,13863,0,,1,65,,13865,0,,1,25,,13864,0,,1,25,,13866,0,,1,67,,13867,0,,1,25,,13869,0,,1,65,,13870,0,,1,25,,13868,0,,1,65,,13873,0,,1,48,,13872,0,,1,86,,13871,0,,1,83,,13874,0,,1
5204,'260105-MULTI-Saturday-01',519,,13882,0,,1,28,,13895,0,,1,65,,13881,0,,1,24,,13896,0,,1,65,,13877,0,,1,26,,13897,0,,1,25,,13894,0,,1,64,,13899,0,,1,25,,13875,0,,1,65,,13900,0,,1,25,,13878,0,,1,25,,13901,0,,1,65,,13879,0,,1,25,,13898,0,,1,65,,13876,0,,1,25,,13902,0,,1,65,,13892,0,,1,26,,13903,0,,1,27,,13880,0,,1,63,,13904,0,,1,25,,13891,0,,1,65,,13905,0,,1,25,,13885,0,,1,25,,13906,0,,1,65,,13883,0,,1,25,,13907,0,,1,65,,13893,0,,1,26,,13908,0,,1,65,,13886,0,,1,25,,13909,0,,1,25,,13889,0,,1,65,,13910,0,,1,24,,13888,0,,1,65,,13911,0,,1,26,,13890,0,,1,83,,13887,0,,1,88,,13884,0,,1
5204,'260105-MULTI-Sunday-01',719,,13912,0,,1,25,,13913,0,,1,65,,13914,0,,1,25,,13915,0,,1,25,,13916,0,,1,64,,13918,0,,1,25,,13917,0,,1,65,,13920,0,,1,28,,13919,0,,1,63,,13923,0,,1,25,,13921,0,,1,25,,13922,0,,1,65,,13924,0,,1,25,,13925,0,,1,65,,13926,0,,1,25,,13928,0,,1,25,,13927,0,,1,65,,13931,0,,1,25,,13929,0,,1,65,,13930,0,,1,25,,13932,0,,1,65,,13934,0,,1,25,,13933,0,,1,25,,13935,0,,1,67,,13936,0,,1,25,,13938,0,,1,65,,13939,0,,1,25,,13937,0,,1,65,,13942,0,,1,48,,13941,0,,1,86,,13940,0,,1,83,,13943,0,,1
5204,'260105-MULTI-Weekday-01',514,,13988,0,,1,21,,13987,0,,1,23,,13986,0,,1,65,,13985,0,,1,31,,13984,0,,1,63,,13983,0,,1,20,,13982,0,,1,80,,13981,0,,1,9,,13980,0,,1,33,,13979,0,,1,56,,13978,0,,1,31,,13977,0,,1,57,,13976,0,,1,35,,13975,0,,1,14,,13974,0,,1,76,,13973,0,,1,13,,13971,0,,1,77,,13972,0,,1,14,,13970,0,,1,76,,13969,0,,1,23,,13968,0,,1,27,,13967,0,,1,69,,13966,0,,1,23,,13965,0,,1,65,,13964,0,,1,25,,13963,0,,1,65,,13961,0,,1,25,,13962,0,,1,27,,13960,0,,1,63,,13959,0,,1,28,,13958,0,,1,65,,13957,0,,1,25,,13956,0,,1,62,,13955,0,,1,25,,13954,0,,1,25,,13953,0,,1,64,,13952,0,,1,25,,13951,0,,1,65,,13950,0,,1,25,,13949,0,,1,27,,13948,0,,1,82,,13947,0,,1,85,,13946,0,,1,85,,13945,0,,1,45,,13944,0,,1
