'250428-MULTI-Holiday1-02',501,60000,,'',1,3000,,'',1,7000,,'',1,3000,,'',1,7000,,'',1,3000,,'',1,7000,,'',1,3000,,'',1,7000,,'',1,3000,,'',1,7000,,'',1,3000,,'',1,7000,,'',1,3000,,'',1,7000,,'',1,4000,,'',1,7000,,'',1,3000,,'',1,7000,,'',1,3000,,'',1,7000,,'',1,3000,,'',1,7000,,'',1,3000,,'',1,7000,,'',1,3000,,'',1,7000,,'',1,3000,,'',1,7000,,'',1,3000,,'',1,7000,,'',1,3000,,'',1,6100,,'',1,3000,,'',1,7000,,'',1
'250428-MULTI-Holiday1-02',502,65600,4,'',1,16300,4,'',1,3000,4,'',1,7000,4,'',1,3000,4,'',1,7300,4,'',1,3200,4,'',1,7000,4,'',1,3100,4,'',1,7000,4,'',1,3000,4,'',1,7100,4,'',1,3100,4,'',1,7000,4,'',1,3200,4,'',1,7100,4,'',1,7000,4,'',1,3000,4,'',1,7000,4,'',1,3000,4,'',1,7000,4,'',1,3000,4,'',1,7000,4,'',1,2900,4,'',1,2900,4,'',1,6900,4,'',1,2900,4,'',1,6900,4,'',1,2900,4,'',1,6900,4,'',1,2900,4,'',1,6900,4,'',1,3000,4,'',1,7000,4,'',1,2900,4,'',1,6900,4,'',1
'250428-MULTI-Saturday-01',501,44100,,'',1,8100,,'',1,1500,,'',1,6300,,'',1,3200,,'',1,7000,,'',1,3000,,'',1,7000,,'',1,3000,,'',1,7000,,'',1,3000,,'',1,7000,,'',1,3900,,'',1,7000,,'',1,3000,,'',1,7000,,'',1,3000,,'',1,7000,,'',1,3000,,'',1,7000,,'',1,3000,,'',1,7000,,'',1,3000,,'',1,7000,,'',1,3000,,'',1,7000,,'',1,3000,,'',1,7000,,'',1,3000,,'',1,7000,,'',1,2700,,'',1,6900,,'',1,2500,,'',1,7000,,'',1,3000,,'',1,7000,,'',1,3000,,'',1,7000,,'',1,3000,,'',1,7000,,'',1,3000,,'',1
'250428-MULTI-Saturday-01',502,55600,4,'',1,8500,4,'',1,8800,4,'',1,1600,4,'',1,7200,4,'',1,3100,4,'',1,7000,4,'',1,3000,4,'',1,7100,4,'',1,2900,4,'',1,7300,4,'',1,3200,4,'',1,7100,4,'',1,3100,4,'',1,7000,4,'',1,3000,4,'',1,7000,4,'',1,3100,4,'',1,7000,4,'',1,3000,4,'',1,7000,4,'',1,3100,4,'',1,7200,4,'',1,3000,4,'',1,6900,4,'',1,3000,4,'',1,6700,4,'',1,3000,4,'',1,6800,4,'',1,2900,4,'',1,6800,4,'',1,3100,4,'',1,6800,4,'',1,2800,4,'',1,6900,4,'',1,2800,4,'',1,7000,4,'',1,2900,4,'',1,7000,4,'',1,3000,4,'',1
'250428-MULTI-Sunday-01',501,60000,,'',1,3000,,'',1,7000,,'',1,3000,,'',1,7000,,'',1,3000,,'',1,7000,,'',1,3000,,'',1,7000,,'',1,3000,,'',1,7000,,'',1,3000,,'',1,7000,,'',1,3000,,'',1,7000,,'',1,4000,,'',1,7000,,'',1,3000,,'',1,7000,,'',1,3000,,'',1,7000,,'',1,3000,,'',1,7000,,'',1,3000,,'',1,7000,,'',1,3000,,'',1,7000,,'',1,3000,,'',1,7000,,'',1,3000,,'',1,7000,,'',1,3000,,'',1,6100,,'',1,3000,,'',1,7000,,'',1
'250428-MULTI-Sunday-01',502,65600,4,'',1,16300,4,'',1,3000,4,'',1,7000,4,'',1,3000,4,'',1,7300,4,'',1,3200,4,'',1,7000,4,'',1,3100,4,'',1,7000,4,'',1,3000,4,'',1,7100,4,'',1,3100,4,'',1,7000,4,'',1,3200,4,'',1,7100,4,'',1,7000,4,'',1,3000,4,'',1,7000,4,'',1,3000,4,'',1,7000,4,'',1,3000,4,'',1,7000,4,'',1,2900,4,'',1,2900,4,'',1,6900,4,'',1,2900,4,'',1,6900,4,'',1,2900,4,'',1,6900,4,'',1,2900,4,'',1,6900,4,'',1,3000,4,'',1,7000,4,'',1,2900,4,'',1,6900,4,'',1
'250428-MULTI-Weekday-01',501,40000,,'',1,2000,,'',1,2000,,'',1,6000,,'',1,2000,,'',1,2000,,'',1,6000,,'',1,1400,,'',1,1400,,'',1,700,,'',1,700,,'',1,1400,,'',1,5400,0,'A',1,1400,,'',1,1400,0,'A',1,1400,,'',1,5400,0,'A',1,1400,,'',1,1400,0,'A',1,1400,,'',1,6000,0,'A',1,2000,,'',1,2000,0,'A',1,6000,,'',1,2000,0,'A',1,2000,,'',1,6000,0,'A',1,2000,,'',1,2000,0,'A',1,6000,,'',1,2000,0,'A',1,2000,,'',1,6000,0,'A',1,2000,,'',1,2000,0,'A',1,1100,,'',1,5500,0,'A',1,1300,,'',1,1300,0,'A',1,1300,,'',1,5400,0,'A',1,1200,,'',1,1300,0,'A',1,1300,,'',1,1300,0,'A',1,5300,,'',1,1300,0,'A',1,1300,,'',1,1300,0,'A',1,5300,,'',1,1300,0,'A',1,1300,,'',1,1300,0,'A',1,1300,,'',1,5300,0,'A',1,1300,,'',1,1300,0,'A',1,1300,,'',1,5300,0,'A',1,3200,,'',1,6800,,'',1,3000,,'',1,1900,,'',1,5100,,'',1,2500,,'',1,500,,'',1,7800,,'',1,2500,,'',1,7200,,'',1,2900,,'',1,8100,,'',1,2700,,'',1
'250428-MULTI-Weekday-01',502,54600,4,'',1,6500,4,'',1,1900,4,'',1,1800,4,'',1,5500,4,'',1,1500,4,'',1,1500,4,'',1,1400,4,'',1,5500,4,'',1,1400,4,'',1,1500,4,'',1,1400,4,'',1,5500,4,'',1,1300,4,'',1,1400,4,'',1,1300,4,'',1,1400,4,'',1,6500,4,'',1,2100,4,'',1,1900,4,'',1,6100,4,'',1,2000,4,'',1,6000,4,'',1,2000,4,'',1,2100,4,'',1,6000,4,'',1,2100,4,'',1,2100,4,'',1,6100,4,'',1,2000,4,'',1,2200,4,'',1,5900,4,'',1,1900,4,'',1,1200,4,'',1,1600,4,'',1,5200,4,'',1,1500,4,'',1,1200,4,'',1,1300,4,'',1,1400,4,'',1,5400,4,'',1,1300,4,'',1,1600,4,'',1,1000,4,'',1,5600,4,'',1,1100,4,'',1,1300,4,'',1,1000,4,'',1,1500,4,'',1,5000,4,'',1,1100,4,'',1,1300,4,'',1,1100,4,'',1,1300,4,'',1,5000,4,'',1,2100,4,'',1,1000,4,'',1,1800,4,'',1,6000,4,'',1,2700,4,'',1,7600,4,'',1,3600,4,'',1,6300,4,'',1,600,4,'',1,1900,4,'',1,500,4,'',1,6600,4,'',1,1700,4,'',1,2500,4,'',1,6900,4,'',1,2500,4,'',1,7100,4,'',1
'250428-MULTI-Holiday1-02',50501,100500,,'',1,1600,,'',1,1600,,'',1,1600,,'',1,5600,,'',1,1600,,'',1,1600,,'',1,1600,,'',1,5800,,'',1,1900,,'',1,1800,,'',1,5600,,'',1,1600,,'',1,1600,,'',1,1600,,'',1,5600,,'',1,1600,,'',1,1600,,'',1,5600,,'',1,1600,,'',1,1600,,'',1,1600,,'',1,5600,,'',1,1600,,'',1,1600,,'',1,1600,,'',1,5600,,'',1,1600,,'',1,1600,,'',1,1600,,'',1,5600,,'',1
'250428-MULTI-Holiday1-02',50502,103100,4,'',1,1600,4,'',1,5600,4,'',1,1600,4,'',1,1700,4,'',1,1600,4,'',1,5600,4,'',1,1700,4,'',1,1600,4,'',1,1600,4,'',1,5700,4,'',1,1600,4,'',1,1600,4,'',1,6000,4,'',1,2000,4,'',1,1300,4,'',1,1700,4,'',1,5700,4,'',1,1600,4,'',1,1700,4,'',1,5600,4,'',1,1600,4,'',1,1500,4,'',1,1400,4,'',1,5600,4,'',1,1600,4,'',1,1500,4,'',1,1600,4,'',1,5500,4,'',1,1600,4,'',1,1600,4,'',1,1600,4,'',1
'250428-MULTI-Saturday-01',50501,85000,,'',1,5600,,'',1,1600,,'',1,1600,,'',1,1600,,'',1,5600,,'',1,1600,,'',1,1600,,'',1,1600,,'',1,5600,,'',1,1600,,'',1,1600,,'',1,5600,,'',1,1600,,'',1,1600,,'',1,1600,,'',1,5600,,'',1,1600,,'',1,1600,,'',1,1600,,'',1,5500,,'',1,1700,,'',1,1700,,'',1,1600,,'',1,5600,,'',1,1800,,'',1,1800,,'',1,5600,,'',1,1600,,'',1,1600,,'',1,1600,,'',1,5600,,'',1,1600,,'',1,1600,,'',1,1600,,'',1,5600,,'',1,1600,,'',1
'250428-MULTI-Saturday-01',50502,92500,4,'',1,1600,4,'',1,1600,4,'',1,5700,4,'',1,1700,4,'',1,1700,4,'',1,5800,4,'',1,1800,4,'',1,1700,4,'',1,1600,4,'',1,5600,4,'',1,1700,4,'',1,1600,4,'',1,5600,4,'',1,1600,4,'',1,1600,4,'',1,1700,4,'',1,5600,4,'',1,1500,4,'',1,1900,4,'',1,1500,4,'',1,5500,4,'',1,1600,4,'',1,1700,4,'',1,5600,4,'',1,1700,4,'',1,1800,4,'',1,1400,4,'',1,5600,4,'',1,1500,4,'',1,1600,4,'',1,1600,4,'',1,5500,4,'',1,1400,4,'',1,1600,4,'',1,1500,4,'',1,5600,4,'',1,1600,4,'',1,1600,4,'',1,1600,4,'',1
'250428-MULTI-Sunday-01',50501,100500,,'',1,1600,,'',1,1600,,'',1,1600,,'',1,5600,,'',1,1600,,'',1,1600,,'',1,1600,,'',1,5800,,'',1,1900,,'',1,1800,,'',1,5600,,'',1,1600,,'',1,1600,,'',1,1600,,'',1,5600,,'',1,1600,,'',1,1600,,'',1,5600,,'',1,1600,,'',1,1600,,'',1,1600,,'',1,5600,,'',1,1600,,'',1,1600,,'',1,1600,,'',1,5600,,'',1,1600,,'',1,1600,,'',1,1600,,'',1,5600,,'',1
'250428-MULTI-Sunday-01',50502,103100,4,'',1,1600,4,'',1,5600,4,'',1,1600,4,'',1,1700,4,'',1,1600,4,'',1,5600,4,'',1,1700,4,'',1,1600,4,'',1,1600,4,'',1,5700,4,'',1,1600,4,'',1,1600,4,'',1,6000,4,'',1,2000,4,'',1,1300,4,'',1,1700,4,'',1,5700,4,'',1,1600,4,'',1,1700,4,'',1,5600,4,'',1,1600,4,'',1,1500,4,'',1,1400,4,'',1,5600,4,'',1,1600,4,'',1,1500,4,'',1,1600,4,'',1,5500,4,'',1,1600,4,'',1,1600,4,'',1,1600,4,'',1
'250428-MULTI-Weekday-01',50501,55100,,'',1,5600,,'',1,1600,,'',1,1600,,'',1,1600,,'',1,5600,,'',1,1600,,'',1,1600,,'',1,1600,,'',1,5600,,'',1,1400,,'',1,1800,,'',1,5500,,'',1,2200,,'',1,1800,,'',1,6000,,'',1,2000,,'',1,2000,,'',1,6000,,'',1,2000,,'',1,2000,,'',1,6000,,'',1,2000,,'',1,2000,,'',1,6000,,'',1,2000,,'',1,2000,,'',1,6000,,'',1,2000,,'',1,2000,,'',1,6000,,'',1,2600,,'',1,1700,,'',1,5700,,'',1,1700,,'',1,1700,,'',1,1700,,'',1,5700,,'',1,1700,,'',1,1700,,'',1,5700,,'',1,1700,,'',1,1700,,'',1,1700,,'',1,5700,,'',1,2000,,'',1,2000,,'',1
'250428-MULTI-Weekday-01',50502,73100,4,'',1,1500,4,'',1,5600,4,'',1,1900,4,'',1,1700,4,'',1,1700,4,'',1,5400,4,'',1,1300,4,'',1,1700,4,'',1,1200,4,'',1,5800,4,'',1,2200,4,'',1,1800,4,'',1,6200,4,'',1,1800,4,'',1,1900,4,'',1,6000,4,'',1,2100,4,'',1,1700,4,'',1,6700,4,'',1,2000,4,'',1,2000,4,'',1,6000,4,'',1,2100,4,'',1,2300,4,'',1,6200,4,'',1,2300,4,'',1,6200,4,'',1,2000,4,'',1,1700,4,'',1,5900,4,'',1,2200,4,'',1,1500,4,'',1,1700,4,'',1,6100,4,'',1,1700,4,'',1,1700,4,'',1,5600,4,'',1,1400,4,'',1,1700,4,'',1,1600,4,'',1,5200,4,'',1,2200,4,'',1,2100,4,'',1,5500,4,'',1,1900,4,'',1
