1903,'251229-MULTI-Saturday-01',854,,8870,4,,1,99,,8872,4,,1,100,,8874,4,,1,100,,8875,4,,1,102,,8871,4,,1,101,,8873,4,,1,100,,8877,4,,1,101,,8878,4,,1,100,,8876,4,,1,100,,8879,4,,1,100,,8880,4,,1
1903,'251229-MULTI-Sunday-01',827,,8881,4,,1,103,,8882,4,,1,99,,8883,4,,1,102,,8884,4,,1,100,,8885,4,,1,99,,8886,4,,1,100,,8887,4,,1,99,,8889,4,,1,101,,8891,4,,1,99,,8888,4,,1,100,,8892,4,,1,98,,8890,4,,1
1903,'260105-MULTI-Holiday1-01',827,,8893,4,,1,103,,8894,4,,1,99,,8895,4,,1,102,,8896,4,,1,100,,8897,4,,1,99,,8898,4,,1,100,,8899,4,,1,99,,8901,4,,1,101,,8903,4,,1,99,,8900,4,,1,100,,8904,4,,1,98,,8902,4,,1
1903,'260105-MULTI-Saturday-01',854,,8906,4,,1,99,,8908,4,,1,100,,8909,4,,1,100,,8910,4,,1,102,,8907,4,,1,101,,8905,4,,1,100,,8912,4,,1,101,,8913,4,,1,100,,8911,4,,1,100,,8914,4,,1,100,,8915,4,,1
1903,'260105-MULTI-Sunday-01',827,,8916,4,,1,103,,8917,4,,1,99,,8918,4,,1,102,,8919,4,,1,100,,8920,4,,1,99,,8921,4,,1,100,,8922,4,,1,99,,8924,4,,1,101,,8926,4,,1,99,,8923,4,,1,100,,8927,4,,1,98,,8925,4,,1
1903,'260105-MULTI-Weekday-01',532,,8935,4,,1,81,,8930,4,,1,41,,8933,4,,1,81,,8929,4,,1,81,,8931,4,,1,41,,8928,4,,1,98,,8932,4,,1,99,,8934,4,,1,101,,8936,4,,1,100,,8937,4,,1,99,,8938,4,,1,101,,8939,4,,1,80,,8940,4,,1,80,,8941,4,,1,33,,8943,4,,1,81,,8942,4,,1,80,,8944,4,,1,40,,8945,4,,1,77,,8947,4,,1,80,,8946,4,,1
1904,'251229-MULTI-Saturday-01',800,,8948,0,,1,100,,8950,0,,1,100,,8952,0,,1,100,,8949,0,,1,100,,8953,0,,1,100,,8951,0,,1,100,,8954,0,,1,100,,8955,0,,1,100,,8957,0,,1,100,,8958,0,,1,100,,8959,0,,1,100,,8956,0,,1
1904,'251229-MULTI-Sunday-01',833,,8960,0,,1,100,,8961,0,,1,100,,8962,0,,1,100,,8963,0,,1,100,,8964,0,,1,100,,8965,0,,1,100,,8966,0,,1,100,,8967,0,,1,100,,8968,0,,1,100,,8969,0,,1,100,,8970,0,,1,100,,8971,0,,1
1904,'260105-MULTI-Holiday1-01',833,,8972,0,,1,100,,8973,0,,1,100,,8974,0,,1,100,,8975,0,,1,100,,8976,0,,1,100,,8977,0,,1,100,,8978,0,,1,100,,8979,0,,1,100,,8980,0,,1,100,,8981,0,,1,100,,8982,0,,1,100,,8983,0,,1
1904,'260105-MULTI-Saturday-01',800,,8984,0,,1,100,,8986,0,,1,100,,8988,0,,1,100,,8985,0,,1,100,,8989,0,,1,100,,8987,0,,1,100,,8990,0,,1,100,,8991,0,,1,100,,8993,0,,1,100,,8994,0,,1,100,,8995,0,,1,100,,8992,0,,1
1904,'260105-MULTI-Sunday-01',833,,8996,0,,1,100,,8997,0,,1,100,,8998,0,,1,100,,8999,0,,1,100,,9000,0,,1,100,,9001,0,,1,100,,9002,0,,1,100,,9003,0,,1,100,,9004,0,,1,100,,9005,0,,1,100,,9006,0,,1,100,,9007,0,,1
1904,'260105-MULTI-Weekday-01',540,,9010,0,,1,80,,9009,0,,1,80,,9012,0,,1,40,,9008,0,,1,80,,9011,0,,1,80,,9013,0,,1,100,,9014,0,,1,100,,9016,0,,1,100,,9015,0,,1,100,,9017,0,,1,100,,9018,0,,1,100,,9019,0,,1,45,,9020,0,,1,75,,9021,0,,1,80,,9022,0,,1,40,,9023,0,,1,80,,9024,0,,1,80,,9025,0,,1,40,,9026,0,,1
