101,'Holiday1',549,,4,30,,,1,170,,1,30,,,1,20,,13,30,,,1,20,,14,30,,,1,60,,15,30,,,1,20,,16,30,,,1,20,,18,30,,,1,60,,19,30,,,1,20,,20,30,,,1,20,,17,30,,,1,60,,22,30,,,1,20,,23,30,,,1,20,,21,30,,,1,61,,25,30,,,1,20,,26,30,,,1,60,,24,30,,,1,20,,27,30,,,1,20,,28,30,,,1,60,,29,30,,,1,21,,30,30,,,1,20,,31,30,,,1,60,,32,30,,,1,20,,33,30,,,1,20,,34,30,,,1,60,,35,30,,,1,20,,36,30,,,1,20,,40,30,,,1,60,,41,30,,,1,20,,37,30,,,1,21,,38,30,,,1,60,,42,30,,,1,20,,39,30,,,1,20,,43,30,,,1,60,,44,30,,,1,18,,45,30,,,1,20,,46,30,,,1,60,,47,30,,,1,20,,49,30,,,1,20,,50,30,,,1,60,,51,30,,,1,20,,48,30,,,1,19,,52,30,,,1,20,,53,30,,,1,65,,54,30,,,1,20,,55,30,,,1,60,,56,30,,,1,20,,11,30,,,1,19,,8,30,,,1,60,,9,30,,,1,19,,5,30,,,1,15,,10,30,,,1,20,,12,30,,,1,63,,7,30,,,1
101,'Saturday',544,,60,4,,,1,61,,59,4,,,1,18,,62,4,,,1,18,,58,30,,,1,60,,68,30,,,1,20,,69,30,,,1,20,,70,30,,,1,61,,71,30,,,1,20,,72,30,,,1,20,,73,30,,,1,60,,74,30,,,1,20,,75,30,,,1,20,,76,30,,,1,60,,77,30,,,1,19,,78,30,,,1,22,,79,30,,,1,60,,80,30,,,1,20,,81,30,,,1,20,,82,30,,,1,60,,83,30,,,1,19,,84,30,,,1,20,,85,30,,,1,58,,86,30,,,1,24,,87,30,,,1,20,,88,30,,,1,61,,89,30,,,1,21,,90,30,,,1,23,,91,30,,,1,60,,92,30,,,1,20,,93,30,,,1,20,,94,30,,,1,60,,95,30,,,1,20,,96,30,,,1,22,,97,30,,,1,60,,98,30,,,1,19,,99,30,,,1,22,,100,30,,,1,59,,101,30,,,1,18,,102,30,,,1,20,,103,30,,,1,60,,67,30,,,1,17,,66,30,,,1,28,,106,30,,,1,71,,107,30,,,1,31,,108,30,,,1,69,,109,30,,,1,33,,110,30,,,1,70,,111,30,,,1,27,,112,30,,,1,69,,113,30,,,1,30,,104,30,,,1,69,,105,30,,,1,32,,63,30,,,1,82,,65,30,,,1
101,'Sunday',549,,117,30,,,1,170,,114,30,,,1,20,,126,30,,,1,20,,127,30,,,1,60,,128,30,,,1,20,,129,30,,,1,20,,130,30,,,1,60,,131,30,,,1,20,,132,30,,,1,20,,133,30,,,1,60,,135,30,,,1,20,,136,30,,,1,20,,134,30,,,1,61,,138,30,,,1,20,,139,30,,,1,60,,137,30,,,1,20,,140,30,,,1,20,,141,30,,,1,60,,142,30,,,1,21,,143,30,,,1,20,,144,30,,,1,60,,145,30,,,1,20,,146,30,,,1,20,,147,30,,,1,60,,148,30,,,1,20,,149,30,,,1,20,,153,30,,,1,60,,154,30,,,1,20,,150,30,,,1,21,,151,30,,,1,60,,155,30,,,1,20,,152,30,,,1,20,,156,30,,,1,60,,157,30,,,1,18,,158,30,,,1,20,,159,30,,,1,60,,160,30,,,1,20,,162,30,,,1,20,,163,30,,,1,60,,164,30,,,1,20,,161,30,,,1,19,,165,30,,,1,20,,166,30,,,1,65,,167,30,,,1,20,,168,30,,,1,60,,169,30,,,1,20,,124,30,,,1,19,,121,30,,,1,60,,122,30,,,1,19,,118,30,,,1,15,,123,30,,,1,20,,125,30,,,1,63,,120,30,,,1
101,'Weekday',352,,179,4,,,1,62,,176,4,,,1,20,,174,4,,,1,18,,173,4,,,1,70,,172,30,,,1,19,,175,30,,,1,64,,177,30,,,1,10,,171,25,0,5,1,13,,187,30,,,1,9,,190,25,0,5,1,13,,188,30,,,1,54,,191,25,0,5,1,11,,189,30,,,1,15,,192,25,0,5,1,12,,182,30,,,1,58,,185,30,,,1,11,,193,25,0,5,1,16,,181,30,,,1,13,,194,25,0,5,1,13,,186,30,,,1,53,,195,25,0,5,1,12,,183,30,,,1,14,,184,25,0,5,1,16,,207,25,0,5,1,54,,196,30,,,1,10,,208,25,0,5,1,19,,197,30,,,1,22,,209,25,0,5,1,59,,198,30,,,1,13,,210,25,0,5,1,14,,199,30,,,1,12,,211,25,0,5,1,53,,200,30,,,1,21,,212,25,0,5,1,9,,201,30,,,1,67,,213,25,0,5,1,22,,202,34,0,7,1,11,,214,25,0,5,1,8,,203,30,,,1,68,,216,25,0,5,1,14,,204,30,,,1,11,,217,29,0,5 7,1,15,,205,30,,,1,54,,218,25,0,5,1,19,,206,34,0,7,1,15,,215,30,,,1,15,,234,25,0,5,1,51,,219,30,,,1,15,,235,25,0,5,1,19,,236,25,0,5,1,9,,220,30,,,1,56,,237,25,0,5,1,17,,221,30,,,1,12,,238,25,0,5,1,12,,222,30,,,1,14,,239,25,0,5,1,52,,223,30,,,1,19,,224,30,,,1,9,,240,25,0,5,1,12,,225,30,,,1,50,,241,25,0,5,1,12,,226,30,,,1,8,,242,25,0,5,1,9,,227,30,,,1,18,,228,30,,,1,67,,229,30,,,1,21,,230,30,,,1,65,,231,30,,,1,20,,232,30,,,1,22,,233,30,,,1,64,,243,30,,,1,37,,244,30,,,1,67,,246,30,,,1,42,,247,30,,,1,74,,248,30,,,1,33,,245,30,,,1,72,,249,30,,,1
2404,'Holiday1',837,,6661,45,,,1,85,,6660,45,,,1,85,,6662,45,,,1,45,,6663,45,,,1,85,,6664,45,,,1,85,,6666,45,,,1,85,,6667,45,,,1,45,,6665,45,,,1,85,,6670,45,,,1,85,,6671,45,,,1,85,,6668,45,,,1,45,,6669,45,,,1,85,,6673,45,,,1,85,,6674,45,,,1,85,,6672,45,,,1
2404,'Saturday',837,,6675,45,,,1,85,,6676,45,,,1,85,,6681,45,,,1,45,,6677,45,,,1,85,,6678,45,,,1,85,,6679,45,,,1,85,,6682,45,,,1,45,,6683,45,,,1,85,,6684,45,,,1,85,,6685,45,,,1,85,,6680,45,,,1,45,,6686,45,,,1,85,,6687,45,,,1,85,,6688,45,,,1,85,,6689,45,,,1
2404,'Sunday',837,,6691,45,,,1,85,,6690,45,,,1,85,,6692,45,,,1,45,,6693,45,,,1,85,,6694,45,,,1,85,,6696,45,,,1,85,,6697,45,,,1,45,,6695,45,,,1,85,,6700,45,,,1,85,,6701,45,,,1,85,,6698,45,,,1,45,,6699,45,,,1,85,,6703,45,,,1,85,,6704,45,,,1,85,,6702,45,,,1
2404,'Weekday',549,,6707,45,,,1,55,,6706,45,,,1,34,,6710,45,,,1,77,,6719,45,,,1,36,,6720,45,,,1,76,,6721,45,,,1,75,,6717,45,,,1,36,,6718,45,,,1,75,,6726,45,,,1,37,,6705,45,,,1,74,,6708,45,,,1,35,,6724,45,,,1,78,,6722,45,,,1,77,,6723,45,,,1,37,,6725,45,,,1,77,,6709,45,,,1,73,,6712,45,,,1,37,,6727,45,,,1,76,,6728,45,,,1,34,,6729,45,,,1,75,,6730,45,,,1,36,,6731,45,,,1,75,,6732,45,,,1,74,,6733,45,,,1,38,,6714,45,,,1,72,,6711,45,,,1,32,,6713,45,,,1,76,,6716,45,,,1,75,,6715,45,,,1
2504,'Weekday',630,,6753,41,,,1,70,,6755,41,,,1,37,,6761,41,,,1,78,,6760,41,,,1,38,,6759,41,,,1,72,,6758,41,,,1,75,,6762,41,,,1,36,,6763,41,,,1,484,,6754,41,,,1,36,,6764,41,,,1,76,,6765,41,,,1,78,,6766,41,,,1,36,,6767,41,,,1,76,,6768,41,,,1,36,,6769,41,,,1,75,,6770,41,,,1,74,,6757,41,,,1,34,,6756,41,,,1
50101,'Holiday1',702,,11284,2,,,1,18,,11283,2,,,1,18,,11281,2,,,1,18,,11276,2,,,1,58,,11275,2,,,1,18,,11274,2,,,1,18,,11272,2,,,1,59,,11287,2,,,1,18,,11286,2,,,1,18,,11280,2,,,1,58,,11273,2,,,1,18,,11278,2,,,1,18,,11277,2,,,1,18,,11279,2,,,1,58,,11282,2,,,1,18,,11288,2,,,1,18,,11285,2,,,1,58,,11289,2,,,1,18,,11290,2,,,1,18,,11291,2,,,1,58,,11292,2,,,1,18,,11293,2,,,1,18,,11294,2,,,1,18,,11296,2,,,1,58,,11295,2,,,1,18,,11298,2,,,1,18,,11297,2,,,1,58,,11301,2,,,1,18,,11299,2,,,1,18,,11300,2,,,1,58,,11304,2,,,1,18,,11302,2,,,1,19,,11305,2,,,1,17,,11303,2,,,1,58,,11306,2,,,1,18,,11307,2,,,1,18,,11308,2,,,1,58,,11309,2,,,1,18,,11311,2,,,1,18,,11310,2,,,1,58,,11312,2,,,1,18,,11313,2,,,1,18,,11314,2,,,1,18,,11315,2,,,1,57,,11316,2,,,1,18,,11317,2,,,1,19,,11318,2,,,1,58,,11319,2,,,1,17,,11320,2,,,1,18,,11321,2,,,1,60,,11323,2,,,1,20,,11322,2,,,1,20,,11324,2,,,1
50101,'Saturday',522,,11325,2,,,1,16,,11342,2,,,1,16,,11343,2,,,1,56,,11344,2,,,1,16,,11341,2,,,1,16,,11345,2,,,1,16,,11346,2,,,1,56,,11347,2,,,1,19,,11348,2,,,1,16,,11349,2,,,1,57,,11350,2,,,1,16,,11351,2,,,1,16,,11352,2,,,1,16,,11353,2,,,1,56,,11354,2,,,1,15,,11357,2,,,1,13,,11358,2,,,1,16,,11359,2,,,1,55,,11355,2,,,1,16,,11356,2,,,1,15,,11360,2,,,1,15,,11361,2,,,1,58,,11363,2,,,1,18,,11364,2,,,1,16,,11365,2,,,1,56,,11362,2,,,1,16,,11366,2,,,1,16,,11367,2,,,1,16,,11368,2,,,1,56,,11369,2,,,1,16,,11370,2,,,1,16,,11371,2,,,1,16,,11372,2,,,1,56,,11373,2,,,1,16,,11374,2,,,1,16,,11375,2,,,1,16,,11376,2,,,1,56,,11377,2,,,1,16,,11378,2,,,1,16,,11379,2,,,1,56,,11380,2,,,1,16,,11381,2,,,1,16,,11382,2,,,1,16,,11383,2,,,1,56,,11384,2,,,1,14,,11385,2,,,1,18,,11386,2,,,1,16,,11387,2,,,1,56,,11388,2,,,1,14,,11389,2,,,1,18,,11390,2,,,1,65,,11391,2,,,1,16,,11326,2,,,1,18,,11327,2,,,1,60,,11329,2,,,1,20,,11328,2,,,1,20,,11331,2,,,1,60,,11332,2,,,1,21,,11333,2,,,1,19,,11330,2,,,1,60,,11334,2,,,1,20,,11335,2,,,1,20,,11336,2,,,1,60,,11337,2,,,1,20,,11338,2,,,1,25,,11339,2,,,1,60,,11340,2,,,1
50101,'Sunday',702,,11404,2,,,1,18,,11403,2,,,1,18,,11401,2,,,1,18,,11396,2,,,1,58,,11395,2,,,1,18,,11394,2,,,1,18,,11392,2,,,1,59,,11407,2,,,1,18,,11406,2,,,1,18,,11400,2,,,1,58,,11393,2,,,1,18,,11398,2,,,1,18,,11397,2,,,1,18,,11399,2,,,1,58,,11402,2,,,1,18,,11408,2,,,1,18,,11405,2,,,1,58,,11409,2,,,1,18,,11410,2,,,1,18,,11411,2,,,1,58,,11412,2,,,1,18,,11413,2,,,1,18,,11414,2,,,1,18,,11416,2,,,1,58,,11415,2,,,1,18,,11418,2,,,1,18,,11417,2,,,1,58,,11421,2,,,1,18,,11419,2,,,1,18,,11420,2,,,1,58,,11424,2,,,1,18,,11422,2,,,1,19,,11425,2,,,1,17,,11423,2,,,1,58,,11426,2,,,1,18,,11427,2,,,1,18,,11428,2,,,1,58,,11429,2,,,1,18,,11431,2,,,1,18,,11430,2,,,1,58,,11432,2,,,1,18,,11433,2,,,1,18,,11434,2,,,1,18,,11435,2,,,1,57,,11436,2,,,1,18,,11437,2,,,1,19,,11438,2,,,1,58,,11439,2,,,1,17,,11440,2,,,1,18,,11441,2,,,1,60,,11443,2,,,1,20,,11442,2,,,1,20,,11444,2,,,1
50101,'Weekday',433,,11448,2,,,1,15,,11451,2,,,1,55,,11449,2,,,1,6,,11456,2,,,1,6,,11457,2,,,1,6,,11458,2,,,1,6,,11459,2,,,1,6,,11460,2,,,1,6,,11461,2,,,1,6,,11462,2,,,1,6,,11463,2,,,1,6,,11464,2,,,1,47,,11465,2,,,1,6,,11466,2,,,1,6,,11467,2,,,1,6,,11468,2,,,1,6,,11469,2,,,1,6,,11470,2,,,1,6,,11471,2,,,1,6,,11472,2,,,1,6,,11473,2,,,1,6,,11474,2,,,1,46,,11475,2,,,1,6,,11476,2,,,1,6,,11477,2,,,1,6,,11478,2,,,1,6,,11479,2,,,1,6,,11480,2,,,1,6,,11481,2,,,1,6,,11482,2,,,1,6,,11483,2,,,1,6,,11484,2,,,1,46,,11485,2,,,1,6,,11486,2,,,1,6,,11487,2,,,1,6,,11488,2,,,1,6,,11489,2,,,1,6,,11490,2,,,1,6,,11491,2,,,1,6,,11492,2,,,1,6,,11493,2,,,1,6,,11494,2,,,1,46,,11495,2,,,1,6,,11496,2,,,1,6,,11497,2,,,1,6,,11498,2,,,1,6,,11499,2,,,1,6,,11500,2,,,1,6,,11501,2,,,1,6,,11502,2,,,1,6,,11503,2,,,1,6,,11504,2,,,1,46,,11505,2,,,1,6,,11506,2,,,1,6,,11507,2,,,1,6,,11508,2,,,1,6,,11509,2,,,1,12,,11510,2,,,1,12,,11511,2,,,1,52,,11512,2,,,1,12,,11513,2,,,1,12,,11514,2,,,1,12,,11515,2,,,1,12,,11516,2,,,1,52,,11517,2,,,1,12,,11518,2,,,1,12,,11519,2,,,1,12,,11520,2,,,1,12,,11521,2,,,1,52,,11522,2,,,1,12,,11523,2,,,1,12,,11524,2,,,1,12,,11525,2,,,1,12,,11526,2,,,1,52,,11527,2,,,1,12,,11528,2,,,1,12,,11529,2,,,1,12,,11530,2,,,1,12,,11531,2,,,1,52,,11532,2,,,1,12,,11533,2,,,1,12,,11534,2,,,1,12,,11535,2,,,1,12,,11536,2,,,1,52,,11537,2,,,1,12,,11538,2,,,1,12,,11539,2,,,1,12,,11540,2,,,1,12,,11541,2,,,1,52,,11542,2,,,1,12,,11543,2,,,1,12,,11544,2,,,1,12,,11545,2,,,1,12,,11546,2,,,1,52,,11547,2,,,1,12,,11548,2,,,1,12,,11549,2,,,1,12,,11550,2,,,1,12,,11551,2,,,1,52,,11552,2,,,1,12,,11553,2,,,1,12,,11554,2,,,1,12,,11555,2,,,1,12,,11556,2,,,1,52,,11557,2,,,1,12,,11558,2,,,1,12,,11559,2,,,1,12,,11560,2,,,1,12,,11561,2,,,1,51,,11562,2,,,1,15,,11454,2,,,1,15,,11453,2,,,1,15,,11455,2,,,1,55,,11450,2,,,1,18,,11446,2,,,1,18,,11447,2,,,1,18,,11445,2,,,1,58,,11452,2,,,1
