502,'Holiday1',736,,15763,,,1,70,,15758,,,1,30,,15754,,,1,69,,15748,,,1,39,,15764,,,1,72,,15756,,,1,30,,15750,,,1,65,,15749,,,1,29,,15761,,,1,67,,15757,,,1,30,,15751,,,1,70,,15752,,,1,33,,15755,,,1,72,,15765,,,1,34,,15760,,,1,75,,15759,,,1,30,,15762,,,1,70,,15766,,,1,30,,15767,,,1,70,,15768,,,1,30,,15769,,,1,69,,15771,,,1,30,,15770,,,1,70,,15772,,,1,30,,15774,,,1,70,,15773,,,1,29,,15775,,,1,70,,15776,,,1,29,,15777,,,1,69,,15778,,,1,30,,15780,,,1,63,,15782,,,1,29,,15783,,,1,69,,15779,,,1,29,,15781,,,1
502,'Saturday',618,,15785,,,1,27,,15786,,,1,71,,15823,,,1,30,,15787,,,1,71,,15788,,,1,36,,15789,,,1,71,,15790,,,1,29,,15791,,,1,70,,15792,,,1,30,,15793,,,1,71,,15812,,,1,32,,15813,,,1,95,,15811,,,1,75,,15815,,,1,30,,15817,,,1,70,,15814,,,1,30,,15818,,,1,70,,15816,,,1,30,,15820,,,1,70,,15821,,,1,30,,15822,,,1,70,,15819,,,1,30,,15808,,,1,70,,15810,,,1,30,,15807,,,1,68,,15809,,,1,25,,15806,,,1,66,,15794,,,1,26,,15795,,,1,67,,15796,,,1,32,,15797,,,1,68,,15798,,,1,34,,15799,,,1,71,,15800,,,1,30,,15801,,,1,69,,15803,,,1,30,,15802,,,1,70,,15805,,,1,30,,15804,,,1
502,'Sunday',736,,15841,,,1,70,,15834,,,1,30,,15830,,,1,69,,15824,,,1,39,,15839,,,1,72,,15832,,,1,30,,15826,,,1,65,,15825,,,1,29,,15837,,,1,67,,15833,,,1,30,,15827,,,1,70,,15828,,,1,33,,15831,,,1,72,,15840,,,1,34,,15836,,,1,75,,15835,,,1,30,,15838,,,1,70,,15842,,,1,30,,15843,,,1,70,,15844,,,1,30,,15845,,,1,69,,15847,,,1,30,,15846,,,1,70,,15848,,,1,30,,15850,,,1,70,,15849,,,1,29,,15851,,,1,70,,15852,,,1,29,,15853,,,1,69,,15854,,,1,30,,15856,,,1,63,,15857,,,1,29,,15858,,,1,69,,15855,,,1,29,,15859,,,1
502,'Weekday',509,,15864,,,1,24,,15862,,,1,19,,15863,,,1,58,,15861,,,1,15,,15860,,,1,14,,15868,,,1,14,,15867,,,1,54,,15866,,,1,15,,15865,,,1,18,,15870,0,5,1,5,,15873,,,1,63,,15871,0,5,1,10,,15874,,,1,18,,15872,0,5,1,10,,15875,,,1,58,,15869,0,5,1,10,,15876,,,1,29,,15877,0,5,1,57,,15879,,,1,23,,15885,0,5,1,17,,15878,,,1,63,,15887,0,5,1,17,,15880,,,1,23,,15889,0,5,1,57,,15881,,,1,24,,15886,0,5,1,17,,15882,,,1,64,,15890,0,5,1,16,,15883,,,1,25,,15888,0,5,1,55,,15884,,,1,24,,15892,0,5,1,14,,15893,,,1,15,,15904,0,5,1,51,,15894,,,1,16,,15905,0,5,1,11,,15891,,,1,16,,15906,0,5,1,10,,15895,,,1,57,,15907,0,5,1,10,,15896,,,1,17,,15908,0,5,1,10,,15897,,,1,56,,15909,0,5,1,10,,15899,,,1,17,,15910,0,5,1,9,,15900,,,1,15,,15911,0,5,1,50,,15901,,,1,15,,15912,0,5,1,8,,15898,,,1,16,,15913,0,5,1,10,,15902,,,1,54,,15914,0,5,1,10,,15903,,,1,21,,15915,0,5,1,11,,15919,,,1,58,,15920,,,1,20,,15925,,,1,27,,15929,,,1,78,,15917,,,1,79,,15923,,,1,23,,15927,,,1,6,,15921,,,1,60,,15922,,,1,5,,15924,,,1,29,,15931,,,1,14,,15916,,,1,65,,15928,,,1,31,,15930,,,1,65,,15926,,,1,31,,15918,,,1
1203,'Holiday1',758,,17632,,,1,80,,17628,,,1,81,,17631,,,1,40,,17636,,,1,80,,17627,,,1,80,,17630,,,1,40,,17635,,,1,80,,17629,,,1,80,,17634,,,1,40,,17633,,,1,82,,17638,,,1,80,,17637,,,1,80,,17639,,,1,40,,17640,,,1,80,,17641,,,1,80,,17643,,,1,40,,17642,,,1,79,,17644,,,1,80,,17645,,,1,40,,17646,,,1,80,,17648,,,1,80,,17647,,,1,38,,17649,,,1
1203,'Saturday',539,,17652,,,1,79,,17651,,,1,40,,17650,,,1,81,,17653,,,1,80,,17654,,,1,40,,17655,,,1,80,,17656,,,1,81,,17657,,,1,80,,17658,,,1,40,,17659,,,1,80,,17660,,,1,80,,17662,,,1,40,,17661,,,1,80,,17664,,,1,80,,17663,,,1,42,,17665,,,1,80,,17666,,,1,80,,17669,,,1,40,,17667,,,1,80,,17668,,,1,80,,17670,,,1,40,,17671,,,1,79,,17673,,,1,80,,17675,,,1,40,,17676,,,1,80,,17674,,,1,80,,17672,,,1,38,,17677,,,1,80,,17678,,,1
1203,'Sunday',758,,17684,,,1,80,,17680,,,1,81,,17683,,,1,40,,17688,,,1,80,,17679,,,1,80,,17682,,,1,40,,17687,,,1,80,,17681,,,1,80,,17686,,,1,40,,17685,,,1,82,,17690,,,1,80,,17689,,,1,80,,17691,,,1,40,,17692,,,1,80,,17693,,,1,80,,17695,,,1,40,,17694,,,1,79,,17696,,,1,80,,17697,,,1,40,,17698,,,1,80,,17700,,,1,80,,17699,,,1,38,,17701,,,1
1203,'Weekday',527,,17703,,,1,74,,17702,,,1,42,,17708,,,1,71,,17709,,,1,37,,17710,,,1,70,,17711,,,1,35,,17712,,,1,69,,17713,,,1,76,,17704,,,1,45,,17706,,,1,79,,17705,,,1,84,,17714,,,1,41,,17716,,,1,85,,17717,,,1,91,,17718,,,1,82,,17715,,,1,39,,17722,,,1,65,,17723,,,1,27,,17721,,,1,76,,17724,,,1,30,,17725,,,1,70,,17726,,,1,28,,17727,,,1,67,,17728,,,1,37,,17729,,,1,92,,17730,,,1,87,,17731,,,1,81,,17732,,,1,46,,17733,,,1,81,,17720,,,1,86,,17719,,,1,86,,17707,,,1
3503,'Holiday1',835,,22176,,,1,85,,22175,,,1,86,,22183,,,1,47,,22178,,,1,85,,22180,,,1,85,,22182,,,1,85,,22177,,,1,45,,22184,,,1,85,,22174,,,1,85,,22179,,,1,85,,22181,,,1,45,,22186,,,1,85,,22187,,,1,85,,22189,,,1,85,,22188,,,1,45,,22185,,,1
3503,'Saturday',852,,22192,,,1,87,,22190,,,1,85,,22193,,,1,85,,22191,,,1,46,,22195,,,1,85,,22194,,,1,85,,22197,,,1,85,,22198,,,1,45,,22199,,,1,85,,22196,,,1,85,,22200,,,1,85,,22202,,,1,45,,22203,,,1,84,,22201,,,1,85,,22204,,,1,85,,22205,,,1,45,,22206,,,1
3503,'Sunday',835,,22209,,,1,85,,22208,,,1,86,,22216,,,1,47,,22211,,,1,85,,22213,,,1,85,,22215,,,1,85,,22210,,,1,45,,22217,,,1,85,,22207,,,1,85,,22212,,,1,85,,22214,,,1,45,,22218,,,1,85,,22219,,,1,85,,22222,,,1,85,,22220,,,1,45,,22221,,,1
3503,'Weekday',612,,22223,,,1,38,,22227,,,1,75,,22224,,,1,76,,22246,,,1,35,,22231,,,1,75,,22242,,,1,33,,22249,,,1,75,,22254,,,1,35,,22248,,,1,75,,22226,,,1,80,,22247,,,1,31,,22245,,,1,76,,22250,,,1,33,,22243,,,1,76,,22252,,,1,75,,22253,,,1,35,,22244,,,1,77,,22234,,,1,36,,22233,,,1,75,,22229,,,1,35,,22239,,,1,74,,22235,,,1,73,,22238,,,1,33,,22232,,,1,74,,22228,,,1,34,,22236,,,1,75,,22237,,,1,34,,22240,,,1,74,,22241,,,1,75,,22225,,,1,35,,22230,,,1,75,,22251,,,1
