3503,'251229-MULTI-Saturday-01',837,5,12338,0,,1,86,5,12336,0,,1,85,5,12339,0,,1,45,5,12337,0,,1,86,6,12340,0,,1,85,6,12341,0,,1,85,6,12342,0,,1,45,6,12344,0,,1,85,6,12345,0,,1,85,6,12343,0,,1,85,6,12346,0,,1,45,6,12348,0,,1,85,6,12349,0,,1,84,5,12347,0,,1,85,5,12350,0,,1,45,5,12351,0,,1,85,5,12352,0,,1
3503,'251229-MULTI-Sunday-01',822,6,12355,0,,1,85,6,12354,0,,1,46,6,12362,0,,1,86,6,12357,0,,1,85,6,12359,0,,1,85,6,12361,0,,1,45,6,12356,0,,1,85,6,12363,0,,1,85,6,12353,0,,1,85,6,12358,0,,1,45,6,12360,0,,1,85,6,12364,0,,1,85,6,12365,0,,1,85,6,12368,0,,1,45,6,12366,0,,1,85,6,12367,0,,1
3503,'260105-MULTI-Holiday1-01',822,6,12371,0,,1,85,6,12370,0,,1,46,6,12378,0,,1,86,6,12373,0,,1,85,6,12375,0,,1,85,6,12377,0,,1,45,6,12372,0,,1,85,6,12379,0,,1,85,6,12369,0,,1,85,6,12374,0,,1,45,6,12376,0,,1,85,6,12380,0,,1,85,6,12381,0,,1,85,6,12384,0,,1,45,6,12382,0,,1,85,6,12383,0,,1
3503,'260105-MULTI-Saturday-01',837,5,12387,0,,1,86,5,12385,0,,1,85,5,12388,0,,1,45,5,12386,0,,1,86,6,12390,0,,1,85,6,12389,0,,1,85,6,12391,0,,1,45,6,12393,0,,1,85,6,12394,0,,1,85,6,12392,0,,1,85,6,12395,0,,1,45,6,12397,0,,1,85,6,12398,0,,1,84,5,12396,0,,1,85,5,12399,0,,1,45,5,12400,0,,1,85,5,12401,0,,1
3503,'260105-MULTI-Sunday-01',822,6,12404,0,,1,85,6,12403,0,,1,46,6,12411,0,,1,86,6,12406,0,,1,85,6,12408,0,,1,85,6,12410,0,,1,45,6,12405,0,,1,85,6,12412,0,,1,85,6,12402,0,,1,85,6,12407,0,,1,45,6,12409,0,,1,85,6,12413,0,,1,85,6,12414,0,,1,85,6,12417,0,,1,45,6,12415,0,,1,85,6,12416,0,,1
3503,'260105-MULTI-Weekday-01',556,7,12418,0,,1,77,7,12422,0,,1,76,8,12419,0,,1,36,8,12441,0,,1,75,8,12426,0,,1,35,8,12437,0,,1,73,7,12444,0,,1,75,47,12449,0,,1,35,7,12443,0,,1,75,7,12421,0,,1,40,7,12442,0,,1,71,7,12440,0,,1,35,7,12445,0,,1,73,4,12438,0,,1,75,4,12447,0,,1,35,4,12448,0,,1,75,3,12439,0,,1,36,3,12429,0,,1,75,3,12428,0,,1,75,3,12424,0,,1,35,3,12434,0,,1,75,3,12430,0,,1,34,3,12433,0,,1,74,2,12427,0,,1,35,2,12423,0,,1,74,2,12431,0,,1,75,2,12432,0,,1,34,2,12435,0,,1,75,2,12436,0,,1,35,2,12420,0,,1,75,2,12425,0,,1,35,2,12446,0,,1
3603,'260105-MULTI-Weekday-01',735,4,12562,0,,1,114,4,12567,0,,1,108,4,12569,0,,1,147,4,12570,0,,1,110,4,12571,0,,1,112,4,12566,0,,1,110,4,12564,0,,1,112,4,12563,0,,1,111,4,12565,0,,1,151,4,12568,0,,1
5003,'251229-MULTI-Saturday-01',817,2,12637,0,5,1,84,42,12645,0,5,1,44,2,12649,0,5,1,87,2,12650,0,5,1,86,2,12646,0,5,1,85,2,12648,0,5,1,45,2,12647,0,5,1,86,2,12651,0,5,1,85,2,12652,0,5,1,84,2,12653,0,5,1,46,2,12654,0,5,1,86,2,12640,0,5,1,85,2,12642,0,5,1,84,2,12641,0,5,1,45,2,12644,0,5,1,84,2,12643,0,5,1,87,2,12639,0,5,1,82,2,12638,0,5,1,41,2,12658,0,5,1,87,2,12657,0,5,1,92,2,12656,0,5,1,31,2,12655,0,5,1
5003,'251229-MULTI-Sunday-01',852,2,12690,0,5,1,74,2,12698,0,5,1,95,2,12701,0,5,1,34,2,12702,0,5,1,98,2,12703,0,5,1,78,2,12700,0,5,1,91,2,12704,0,5,1,81,2,12705,0,5,1,49,2,12706,0,5,1,82,2,12697,0,5,1,88,2,12696,0,5,1,78,42,12695,0,5,1,53,2,12694,0,5,1,81,2,12693,0,5,1,89,2,12692,0,5,1,84,2,12691,0,5,1,45,2,12699,0,5,1,85,2,12709,0,5,1,91,2,12707,0,5,1,82,2,12710,0,5,1,39,2,12708,0,5,1
5003,'260105-MULTI-Holiday1-01',852,2,12742,0,5,1,74,2,12750,0,5,1,95,2,12753,0,5,1,34,2,12754,0,5,1,98,2,12755,0,5,1,78,2,12752,0,5,1,91,2,12756,0,5,1,81,2,12757,0,5,1,49,2,12758,0,5,1,82,2,12749,0,5,1,88,2,12748,0,5,1,78,42,12747,0,5,1,53,2,12746,0,5,1,81,2,12745,0,5,1,89,2,12744,0,5,1,84,2,12743,0,5,1,45,2,12751,0,5,1,85,2,12761,0,5,1,91,2,12759,0,5,1,82,2,12762,0,5,1,39,2,12760,0,5,1
5003,'260105-MULTI-Saturday-01',817,2,12797,0,5,1,84,42,12805,0,5,1,44,2,12809,0,5,1,87,2,12810,0,5,1,86,2,12806,0,5,1,85,2,12808,0,5,1,45,2,12807,0,5,1,86,2,12811,0,5,1,85,2,12812,0,5,1,84,2,12813,0,5,1,46,2,12814,0,5,1,86,2,12800,0,5,1,85,2,12802,0,5,1,84,2,12801,0,5,1,45,2,12804,0,5,1,84,2,12803,0,5,1,87,2,12799,0,5,1,82,2,12798,0,5,1,41,2,12818,0,5,1,87,2,12817,0,5,1,92,2,12816,0,5,1,31,2,12815,0,5,1
5003,'260105-MULTI-Sunday-01',852,2,12850,0,5,1,74,2,12858,0,5,1,95,2,12861,0,5,1,34,2,12862,0,5,1,98,2,12863,0,5,1,78,2,12860,0,5,1,91,2,12864,0,5,1,81,2,12865,0,5,1,49,2,12866,0,5,1,82,2,12857,0,5,1,88,2,12856,0,5,1,78,42,12855,0,5,1,53,2,12854,0,5,1,81,2,12853,0,5,1,89,2,12852,0,5,1,84,2,12851,0,5,1,45,2,12859,0,5,1,85,2,12869,0,5,1,91,2,12867,0,5,1,82,2,12870,0,5,1,39,2,12868,0,5,1
5003,'260105-MULTI-Weekday-01',447,,12872,0,5,1,169,5,12871,0,5,1,30,5,12895,0,5,1,69,5,12890,0,5,1,31,5,12883,0,5,1,70,5,12902,0,5,1,30,5,12893,0,5,1,70,5,12892,0,5,1,29,5,12891,0,5,1,75,5,12898,0,5,1,36,5,12901,0,5,1,81,5,12906,0,5,1,80,5,12907,0,5,1,40,5,12899,0,5,1,70,5,12905,0,5,1,31,5,12900,0,5,1,73,5,12881,0,5,1,72,45,12904,0,5,1,27,5,12908,0,5,1,29,5,12909,0,5,1,71,5,12888,0,5,1,72,45,12880,0,5,1,31,5,12879,0,5,1,70,45,12896,0,5,1,27,5,12878,0,5,1,29,5,12884,0,5,1,70,5,12897,0,5,1,71,45,12886,0,5,1,28,5,12885,0,5,1,29,5,12903,0,5,1,70,5,12894,0,5,1,30,5,12882,0,5,1,69,5,12877,0,5,1,29,5,12889,0,5,1,70,5,12887,0,5,1,25,5,12874,0,5,1,69,5,12875,0,5,1
