1203,'251229-MULTI-Saturday-01',552,,5851,0,,1,77,,5850,0,,1,81,,5849,0,,1,42,,5852,0,,1,80,,5853,0,,1,81,,5854,0,,1,40,,5855,0,,1,81,,5856,0,,1,80,,5857,0,,1,40,,5858,0,,1,81,,5859,0,,1,80,,5861,0,,1,40,,5860,0,,1,80,,5862,0,,1,81,,5863,0,,1,42,,5864,0,,1,80,,5865,0,,1,80,,5868,0,,1,40,,5866,0,,1,80,,5867,0,,1,80,,5869,0,,1,40,,5870,0,,1,78,,5873,0,,1,79,,5874,0,,1,40,,5875,0,,1,80,,5872,0,,1,80,,5871,0,,1,38,,5876,0,,1,80,,5877,0,,1
1203,'251229-MULTI-Sunday-01',812,,5883,0,,1,40,,5879,0,,1,81,,5882,0,,1,80,,5887,0,,1,40,,5878,0,,1,81,,5881,0,,1,80,,5886,0,,1,40,,5880,0,,1,80,,5885,0,,1,81,,5884,0,,1,42,,5889,0,,1,80,,5888,0,,1,80,,5890,0,,1,40,,5891,0,,1,80,,5892,0,,1,80,,5894,0,,1,40,,5893,0,,1,78,,5895,0,,1,79,,5896,0,,1,40,,5897,0,,1,80,,5899,0,,1,80,,5898,0,,1,38,,5900,0,,1
1203,'260105-MULTI-Holiday1-01',812,,5906,0,,1,40,,5902,0,,1,81,,5905,0,,1,80,,5910,0,,1,40,,5901,0,,1,81,,5904,0,,1,80,,5909,0,,1,40,,5903,0,,1,80,,5908,0,,1,81,,5907,0,,1,42,,5912,0,,1,80,,5911,0,,1,80,,5913,0,,1,40,,5914,0,,1,80,,5915,0,,1,80,,5917,0,,1,40,,5916,0,,1,78,,5918,0,,1,79,,5919,0,,1,40,,5920,0,,1,80,,5922,0,,1,80,,5921,0,,1,38,,5923,0,,1
1203,'260105-MULTI-Saturday-01',552,,5926,0,,1,77,,5925,0,,1,81,,5924,0,,1,42,,5927,0,,1,80,,5928,0,,1,81,,5929,0,,1,40,,5930,0,,1,81,,5931,0,,1,80,,5932,0,,1,40,,5933,0,,1,81,,5934,0,,1,80,,5936,0,,1,40,,5935,0,,1,80,,5937,0,,1,81,,5938,0,,1,42,,5939,0,,1,80,,5940,0,,1,80,,5943,0,,1,40,,5941,0,,1,80,,5942,0,,1,80,,5944,0,,1,40,,5945,0,,1,78,,5948,0,,1,79,,5949,0,,1,40,,5950,0,,1,80,,5947,0,,1,80,,5946,0,,1,38,,5951,0,,1,80,,5952,0,,1
1203,'260105-MULTI-Sunday-01',812,,5958,0,,1,40,,5954,0,,1,81,,5957,0,,1,80,,5962,0,,1,40,,5953,0,,1,81,,5956,0,,1,80,,5961,0,,1,40,,5955,0,,1,80,,5960,0,,1,81,,5959,0,,1,42,,5964,0,,1,80,,5963,0,,1,80,,5965,0,,1,40,,5966,0,,1,80,,5967,0,,1,80,,5969,0,,1,40,,5968,0,,1,78,,5970,0,,1,79,,5971,0,,1,40,,5972,0,,1,80,,5974,0,,1,80,,5973,0,,1,38,,5975,0,,1
1203,'260105-MULTI-Weekday-01',540,,5977,0,,1,79,,5976,0,,1,39,,5982,0,,1,71,,5983,0,,1,77,,5984,0,,1,31,,5985,0,,1,75,,5986,0,,1,29,,5987,0,,1,76,,5978,0,,1,85,,5980,0,,1,36,,5979,0,,1,88,,5988,0,,1,78,,5990,0,,1,48,,5991,0,,1,82,,5992,0,,1,92,,5989,0,,1,79,,5996,0,,1,25,,5997,0,,1,27,,5995,0,,1,76,,5998,0,,1,68,,5999,0,,1,32,,6000,0,,1,68,,6001,0,,1,27,,6002,0,,1,76,,6003,0,,1,50,,6004,0,,1,87,,6005,0,,1,81,,6006,0,,1,86,,6007,0,,1,40,,5994,0,,1,86,,5993,0,,1,86,,5981,0,,1
1503,'251229-MULTI-Saturday-01',549,,7057,0,6,1,80,,7054,0,6,1,22,,7055,0,6,1,62,,7069,0,6,1,22,,7070,0,6,1,22,,7071,0,6,1,62,,7068,0,6,1,22,,7072,0,6,1,62,,7073,0,6,1,22,,7074,0,6,1,22,,7077,0,6,1,62,,7078,0,6,1,22,,7075,0,6,1,22,,7076,0,6,1,62,,7079,0,6,1,22,,7080,0,6,1,22,,7081,0,6,1,62,,7082,0,6,1,22,,7083,0,6,1,62,,7084,0,6,1,22,,7085,0,6,1,22,,7087,0,6,1,62,,7088,0,6,1,22,,7089,0,6,1,22,,7086,0,6,1,62,,7090,0,6,1,22,,7092,0,6,1,62,,7093,0,6,1,22,,7094,0,6,1,22,,7091,0,6,1,62,,7095,0,6,1,22,,7096,0,6,1,22,,7097,0,6,1,62,,7099,0,6,1,22,,7100,0,6,1,22,,7101,0,6,1,62,,7098,0,6,1,22,,7102,0,6,1,62,,7103,0,6,1,22,,7104,0,6,1,22,,7106,0,6,1,62,,7107,0,6,1,22,,7108,0,6,1,22,,7067,0,6,1,62,,7066,0,6,1,22,,7060,0,6,1,22,,7065,0,6,1,62,,7061,0,6,1,22,,7064,0,6,1,62,,7062,0,6,1,22,,7063,0,6,1,25,,7056,0,6,1
1503,'251229-MULTI-Sunday-01',715,,7144,0,6,1,34,,7142,0,6,1,80,,7110,0,6,1,30,,7111,0,6,1,70,,7109,0,6,1,30,,7112,0,6,1,70,,7113,0,6,1,30,,7114,0,6,1,70,,7115,0,6,1,30,,7117,0,6,1,70,,7118,0,6,1,30,,7119,0,6,1,70,,7116,0,6,1,30,,7123,0,6,1,70,,7120,0,6,1,30,,7124,0,6,1,70,,7121,0,6,1,30,,7122,0,6,1,70,,7125,0,6,1,30,,7126,0,6,1,70,,7127,0,6,1,30,,7128,0,6,1,70,,7129,0,6,1,30,,7130,0,6,1,70,,7131,0,6,1,30,,7132,0,6,1,70,,7133,0,6,1,30,,7134,0,6,1,70,,7136,0,6,1,30,,7137,0,6,1,70,,7138,0,6,1,30,,7135,0,6,1,70,,7139,0,6,1,30,,7140,0,6,1
1503,'260105-MULTI-Holiday1-01',715,,7178,0,6,1,34,,7177,0,6,1,80,,7146,0,6,1,30,,7147,0,6,1,70,,7145,0,6,1,30,,7148,0,6,1,70,,7149,0,6,1,30,,7150,0,6,1,70,,7151,0,6,1,30,,7153,0,6,1,70,,7154,0,6,1,30,,7155,0,6,1,70,,7152,0,6,1,30,,7159,0,6,1,70,,7156,0,6,1,30,,7160,0,6,1,70,,7157,0,6,1,30,,7158,0,6,1,70,,7161,0,6,1,30,,7162,0,6,1,70,,7163,0,6,1,30,,7164,0,6,1,70,,7165,0,6,1,30,,7166,0,6,1,70,,7167,0,6,1,30,,7168,0,6,1,70,,7169,0,6,1,30,,7170,0,6,1,70,,7172,0,6,1,30,,7173,0,6,1,70,,7174,0,6,1,30,,7171,0,6,1,70,,7175,0,6,1,30,,7176,0,6,1,70,,7180,0,6,1,30,,7179,0,6,1
1503,'260105-MULTI-Saturday-01',549,,7184,0,6,1,80,,7181,0,6,1,22,,7182,0,6,1,62,,7196,0,6,1,22,,7197,0,6,1,22,,7198,0,6,1,62,,7195,0,6,1,22,,7199,0,6,1,62,,7200,0,6,1,22,,7201,0,6,1,22,,7204,0,6,1,62,,7205,0,6,1,22,,7202,0,6,1,22,,7203,0,6,1,62,,7206,0,6,1,22,,7207,0,6,1,22,,7208,0,6,1,62,,7209,0,6,1,22,,7210,0,6,1,62,,7211,0,6,1,22,,7212,0,6,1,22,,7214,0,6,1,62,,7215,0,6,1,22,,7216,0,6,1,22,,7213,0,6,1,62,,7217,0,6,1,22,,7219,0,6,1,62,,7220,0,6,1,22,,7221,0,6,1,22,,7218,0,6,1,62,,7222,0,6,1,22,,7223,0,6,1,22,,7224,0,6,1,62,,7226,0,6,1,22,,7227,0,6,1,22,,7228,0,6,1,62,,7225,0,6,1,22,,7229,0,6,1,62,,7230,0,6,1,22,,7231,0,6,1,22,,7233,0,6,1,62,,7234,0,6,1,22,,7235,0,6,1,22,,7194,0,6,1,62,,7193,0,6,1,22,,7187,0,6,1,22,,7192,0,6,1,62,,7188,0,6,1,22,,7191,0,6,1,62,,7189,0,6,1,22,,7190,0,6,1,25,,7183,0,6,1
1503,'260105-MULTI-Sunday-01',715,,7269,0,6,1,34,,7268,0,6,1,80,,7237,0,6,1,30,,7238,0,6,1,70,,7236,0,6,1,30,,7239,0,6,1,70,,7240,0,6,1,30,,7241,0,6,1,70,,7242,0,6,1,30,,7244,0,6,1,70,,7245,0,6,1,30,,7246,0,6,1,70,,7243,0,6,1,30,,7250,0,6,1,70,,7247,0,6,1,30,,7251,0,6,1,70,,7248,0,6,1,30,,7249,0,6,1,70,,7252,0,6,1,30,,7253,0,6,1,70,,7254,0,6,1,30,,7255,0,6,1,70,,7256,0,6,1,30,,7257,0,6,1,70,,7258,0,6,1,30,,7259,0,6,1,70,,7260,0,6,1,30,,7261,0,6,1,70,,7263,0,6,1,30,,7264,0,6,1,70,,7265,0,6,1,30,,7262,0,6,1,70,,7266,0,6,1,30,,7267,0,6,1,70,,7271,0,6,1,30,,7270,0,6,1
1503,'260105-MULTI-Weekday-01',442,,7339,0,6,1,63,,7304,0,5,1,3,,7341,0,6,1,28,,7307,0,5,1,7,,7345,0,6,1,60,,7272,0,6,1,5,,7306,0,5,1,16,,7300,0,5,1,8,,7332,0,6,1,9,,7288,0,5,1,16,,7285,0,5,1,45,,7322,0,6,1,13,,7335,0,6,1,10,,7281,0,5,1,10,,7333,0,6,1,1,,7279,0,5,1,18,,7282,0,5,1,46,,7319,0,6,1,14,,7323,0,6,1,1,,7283,0,5,1,14,,7284,0,5,1,2,,7312,0,6,1,27,,7324,0,6,1,47,,7280,0,5,1,9,,7328,0,6,1,3,,7302,0,5,1,13,,7296,0,5,1,4,,7325,0,6,1,15,,7298,0,5,1,5,,7310,0,6,1,59,,7292,0,5,1,12,,7358,0,6,1,15,,7361,0,5,1,60,,7364,0,5,1,1,,7357,0,6,1,32,,7363,0,6,1,11,,7365,0,5,1,9,,7360,0,6,1,62,,7355,0,5,1,7,,7347,0,6,1,14,,7350,0,5,1,18,,7351,0,6,1,67,,7348,0,5,1,8,,7354,0,6,1,22,,7349,0,5,1,1,,7356,0,6,1,60,,7352,0,5,1,9,,7353,0,6,1,27,,7295,0,5,1,8,,7294,0,6,1,46,,7303,0,5,1,23,,7301,0,5,1,1,,7297,0,6,1,20,,7289,0,5,1,10,,7334,0,6,1,61,,7293,0,5,1,8,,7317,0,6,1,15,,7274,0,5,1,13,,7314,0,6,1,48,,7318,0,6,1,1,,7275,0,5,1,22,,7276,0,5,1,8,,7326,0,6,1,10,,7277,0,5,1,7,,7278,0,5,1,8,,7308,0,6,1,54,,7286,0,5,1,13,,7309,0,6,1,12,,7290,0,5,1,10,,7342,0,6,1,9,,7291,0,5,1,3,,7338,0,6,1,55,,7287,0,5,1,10,,7344,0,6,1,12,,7305,0,5,1,10,,7321,0,6,1,6,,7311,0,6,1,58,,7366,0,5,1,10,,7329,0,6,1,5,,7367,0,5,1,25,,7316,0,6,1,10,,7368,0,5,1,52,,7315,0,6,1,22,,7320,0,6,1,18,,7359,0,5,1,57,,7327,0,6,1,15,,7369,0,5,1,18,,7331,0,6,1,66,,7330,0,6,1,24,,7299,0,6,1,70,,7337,0,6,1,28,,7336,0,6,1,29,,7346,0,6,1,99,,7343,0,6,1
20700,'260105-MULTI-Weekday-01',742,,16101,0,,1
