1504,'251229-MULTI-Saturday-01',613,,7372,0,,1,22,,7370,0,,1,22,,7377,0,,1,62,,7378,0,,1,22,,7376,0,,1,62,,7382,0,,1,22,,7383,0,,1,22,,7379,0,,1,62,,7381,0,,1,22,,7380,0,,1,22,,7384,0,,1,62,,7385,0,,1,22,,7386,0,,1,22,,7387,0,,1,62,,7389,0,,1,22,,7390,0,,1,62,,7391,0,,1,22,,7388,0,,1,22,,7392,0,,1,62,,7393,0,,1,22,,7395,0,,1,22,,7396,0,,1,62,,7397,0,,1,22,,7394,0,,1,62,,7398,0,,1,22,,7399,0,,1,22,,7400,0,,1,62,,7402,0,,1,22,,7403,0,,1,22,,7404,0,,1,62,,7401,0,,1,22,,7406,0,,1,22,,7407,0,,1,62,,7408,0,,1,22,,7405,0,,1,62,,7409,0,,1,22,,7411,0,,1,22,,7412,0,,1,62,,7413,0,,1,22,,7410,0,,1,22,,7414,0,,1,62,,7415,0,,1,22,,7416,0,,1,22,,7418,0,,1,62,,7419,0,,1,22,,7420,0,,1,62,,7417,0,,1,22,,7421,0,,1,22,,7422,0,,1,62,,7423,0,,1,26,,7371,0,,1,21,,7375,0,,1
1504,'251229-MULTI-Sunday-01',707,,7457,0,,1,30,,7425,0,,1,71,,7427,0,,1,29,,7428,0,,1,70,,7429,0,,1,30,,7430,0,,1,70,,7431,0,,1,30,,7433,0,,1,70,,7435,0,,1,30,,7432,0,,1,70,,7437,0,,1,30,,7434,0,,1,70,,7438,0,,1,30,,7439,0,,1,70,,7442,0,,1,30,,7436,0,,1,70,,7440,0,,1,30,,7443,0,,1,70,,7441,0,,1,30,,7444,0,,1,70,,7445,0,,1,30,,7446,0,,1,70,,7447,0,,1,30,,7448,0,,1,70,,7449,0,,1,30,,7450,0,,1,70,,7452,0,,1,30,,7453,0,,1,70,,7454,0,,1,30,,7451,0,,1,70,,7455,0,,1,30,,7456,0,,1,70,,7424,0,,1,30,,7426,0,,1,70,,7458,0,,1,30,,7459,0,,1
1504,'260105-MULTI-Holiday1-01',707,,7493,0,,1,30,,7460,0,,1,71,,7463,0,,1,29,,7464,0,,1,70,,7465,0,,1,30,,7466,0,,1,70,,7467,0,,1,30,,7469,0,,1,70,,7471,0,,1,30,,7468,0,,1,70,,7473,0,,1,30,,7470,0,,1,70,,7474,0,,1,30,,7475,0,,1,70,,7478,0,,1,30,,7472,0,,1,70,,7476,0,,1,30,,7479,0,,1,70,,7477,0,,1,30,,7480,0,,1,70,,7481,0,,1,30,,7482,0,,1,70,,7483,0,,1,30,,7484,0,,1,70,,7485,0,,1,30,,7486,0,,1,70,,7488,0,,1,30,,7489,0,,1,70,,7490,0,,1,30,,7487,0,,1,70,,7491,0,,1,30,,7492,0,,1,70,,7461,0,,1,30,,7462,0,,1,17,,7494,0,,1,70,,7495,0,,1
1504,'260105-MULTI-Saturday-01',613,,7498,0,,1,22,,7496,0,,1,22,,7503,0,,1,62,,7504,0,,1,22,,7502,0,,1,62,,7508,0,,1,22,,7509,0,,1,22,,7505,0,,1,62,,7507,0,,1,22,,7506,0,,1,22,,7510,0,,1,62,,7511,0,,1,22,,7512,0,,1,22,,7513,0,,1,62,,7515,0,,1,22,,7516,0,,1,62,,7517,0,,1,22,,7514,0,,1,22,,7518,0,,1,62,,7519,0,,1,22,,7521,0,,1,22,,7522,0,,1,62,,7523,0,,1,22,,7520,0,,1,62,,7525,0,,1,22,,7526,0,,1,22,,7527,0,,1,62,,7528,0,,1,22,,7529,0,,1,22,,7530,0,,1,62,,7524,0,,1,22,,7532,0,,1,22,,7533,0,,1,62,,7534,0,,1,22,,7531,0,,1,62,,7535,0,,1,22,,7537,0,,1,22,,7538,0,,1,62,,7539,0,,1,22,,7536,0,,1,22,,7540,0,,1,62,,7541,0,,1,22,,7542,0,,1,22,,7544,0,,1,62,,7545,0,,1,22,,7546,0,,1,62,,7543,0,,1,22,,7547,0,,1,22,,7548,0,,1,62,,7549,0,,1,26,,7497,0,,1,21,,7501,0,,1
1504,'260105-MULTI-Sunday-01',707,,7583,0,,1,30,,7550,0,,1,71,,7553,0,,1,29,,7554,0,,1,70,,7555,0,,1,30,,7556,0,,1,70,,7557,0,,1,30,,7559,0,,1,70,,7561,0,,1,30,,7558,0,,1,70,,7563,0,,1,30,,7560,0,,1,70,,7564,0,,1,30,,7565,0,,1,70,,7568,0,,1,30,,7562,0,,1,70,,7566,0,,1,30,,7569,0,,1,70,,7567,0,,1,30,,7570,0,,1,70,,7571,0,,1,30,,7572,0,,1,70,,7573,0,,1,30,,7574,0,,1,70,,7575,0,,1,30,,7576,0,,1,70,,7578,0,,1,30,,7579,0,,1,70,,7580,0,,1,30,,7577,0,,1,70,,7581,0,,1,30,,7582,0,,1,70,,7551,0,,1,30,,7552,0,,1,17,,7584,0,,1,70,,7585,0,,1
1504,'260105-MULTI-Weekday-01',454,,7586,0,5,1,50,,7642,0,,1,14,,7604,0,5,1,15,,7641,0,,1,13,,7616,0,5,1,5,,7655,0,,1,53,,7656,0,5,1,2,,7637,0,,1,13,,7612,0,5,1,11,,7654,0,,1,7,,7587,0,5,1,8,,7615,0,,1,8,,7609,0,5,1,4,,7631,0,,1,53,,7594,0,5,1,18,,7629,0,,1,8,,7590,0,5,1,4,,7645,0,,1,14,,7592,0,5,1,50,,7646,0,,1,7,,7598,0,5,1,14,,7621,0,,1,7,,7611,0,5,1,24,,7619,0,,1,1,,7618,0,5,1,62,,7617,0,,1,3,,7613,0,5,1,15,,7665,0,,1,9,,7606,0,5,1,59,,7603,0,,1,15,,7659,0,,1,8,,7662,0,5,1,21,,7669,0,,1,51,,7673,0,5,1,19,,7670,0,5,1,3,,7661,0,,1,36,,7663,0,,1,46,,7671,0,5,1,15,,7657,0,,1,17,,7668,0,5,1,13,,7660,0,,1,7,,7672,0,5,1,63,,7664,0,,1,25,,7667,0,5,1,10,,7666,0,,1,57,,7608,0,5,1,6,,7624,0,,1,12,,7588,0,5,1,18,,7623,0,,1,54,,7601,0,5,1,12,,7607,0,,1,9,,7605,0,5,1,20,,7596,0,5,1,9,,7640,0,,1,52,,7597,0,5,1,9,,7620,0,,1,7,,7599,0,5,1,1,,7636,0,,1,14,,7600,0,5,1,13,,7632,0,,1,9,,7593,0,5,1,55,,7634,0,,1,8,,7591,0,5,1,4,,7643,0,,1,16,,7589,0,5,1,12,,7638,0,,1,8,,7595,0,5,1,52,,7622,0,,1,9,,7633,0,,1,2,,7602,0,5,1,23,,7644,0,,1,7,,7675,0,5,1,51,,7653,0,,1,7,,7680,0,5,1,11,,7625,0,,1,8,,7676,0,5,1,10,,7626,0,,1,10,,7677,0,5,1,54,,7627,0,,1,9,,7652,0,,1,15,,7678,0,5,1,12,,7635,0,,1,2,,7679,0,5,1,70,,7628,0,,1,6,,7681,0,5,1,22,,7630,0,,1,62,,7639,0,,1,30,,7647,0,,1,69,,7648,0,,1,30,,7650,0,,1,70,,7614,0,,1,30,,7649,0,,1,70,,7674,0,,1,29,,7651,0,,1,85,,7658,0,,1
3301,'251229-MULTI-Saturday-01',813,,12285,0,,1,90,,12286,0,,1,50,,12284,0,,1,90,,12287,0,,1,89,,12288,0,,1,90,,12289,0,,1,91,,12290,0,,1,90,,12291,0,,1,50,,12292,0,,1,90,,12293,0,,1,90,,12294,0,,1,90,,12295,0,,1,90,,12296,0,,1,90,,12297,0,,1,50,,12298,0,,1
3301,'260105-MULTI-Saturday-01',813,,12300,0,,1,90,,12301,0,,1,50,,12299,0,,1,90,,12302,0,,1,89,,12303,0,,1,90,,12304,0,,1,91,,12305,0,,1,90,,12306,0,,1,50,,12307,0,,1,90,,12308,0,,1,90,,12309,0,,1,90,,12310,0,,1,90,,12311,0,,1,90,,12312,0,,1,50,,12313,0,,1
3301,'260105-MULTI-Weekday-01',624,,12321,0,,1,34,,12320,0,,1,74,,12317,0,,1,76,,12326,0,,1,34,,12323,0,,1,73,,12315,0,,1,44,,12325,0,,1,90,,12331,0,,1,90,,12332,0,,1,90,,12333,0,,1,92,,12334,0,,1,90,,12335,0,,1,24,,12324,0,,1,70,,12314,0,,1,36,,12316,0,,1,74,,12322,0,,1,34,,12330,0,,1,74,,12319,0,,1,34,,12328,0,,1,74,,12327,0,,1,74,,12329,0,,1,47,,12318,0,,1
20701,'260105-MULTI-Weekday-01',1444,,16102,0,,1,4,,16103,0,,1
