'251229-MULTI-Saturday-01',2301,62000,0,'',1,3000,0,'',1,6800,0,'',1,2800,0,'',1,6800,0,'',1,2800,0,'',1,6800,0,'',1,2800,0,'',1,6800,0,'',1,2800,0,'',1,6800,0,'',1,2800,0,'',1,2800,0,'',1,6800,0,'',1,2800,0,'',1,6800,0,'',1,2800,0,'',1,6800,0,'',1,2800,0,'',1,6800,0,'',1,2800,0,'',1,6800,0,'',1,2800,0,'',1,6800,0,'',1,3400,0,'',1,8000,0,'',1,3000,0,'',1,7000,0,'',1,3000,0,'',1,7000,0,'',1,3000,0,'',1,7000,0,'',1,3000,0,'',1,7000,0,'',1,3000,0,'',1,7000,0,'',1,3000,0,'',1,7000,0,'',1
'251229-MULTI-Saturday-01',2302,64000,4,'',1,7000,4,'',1,3000,4,'',1,7200,4,'',1,4200,4,'',1,7200,4,'',1,3000,4,'',1,6800,4,'',1,2900,4,'',1,6700,4,'',1,3100,4,'',1,6700,4,'',1,2600,4,'',1,7000,4,'',1,3100,4,'',1,6700,4,'',1,3000,4,'',1,6700,4,'',1,2500,4,'',1,7000,4,'',1,3000,4,'',1,6900,4,'',1,3000,4,'',1,7100,4,'',1,2800,4,'',1,2500,4,'',1,6500,4,'',1,2500,4,'',1,7100,4,'',1,2900,4,'',1,7000,4,'',1,2500,4,'',1,7000,4,'',1,2900,4,'',1,6900,4,'',1,3000,4,'',1,7000,4,'',1,3000,4,'',1,7000,4,'',1
'251229-MULTI-Sunday-01',2301,71000,0,'',1,3000,0,'',1,7000,0,'',1,2200,0,'',1,7000,0,'',1,3000,0,'',1,7200,0,'',1,2800,0,'',1,6800,0,'',1,2800,0,'',1,2800,0,'',1,6800,0,'',1,2800,0,'',1,6800,0,'',1,2800,0,'',1,6800,0,'',1,2800,0,'',1,6800,0,'',1,2800,0,'',1,6800,0,'',1,2800,0,'',1,6800,0,'',1,2800,0,'',1,6800,0,'',1,2800,0,'',1,2800,0,'',1,6800,0,'',1,2800,0,'',1,6800,0,'',1,2800,0,'',1,6800,0,'',1,2800,0,'',1
'251229-MULTI-Sunday-01',2302,84400,4,'',1,7000,4,'',1,2900,4,'',1,7300,4,'',1,3000,4,'',1,6800,4,'',1,2700,4,'',1,6900,4,'',1,2900,4,'',1,6900,4,'',1,3100,4,'',1,6800,4,'',1,2900,4,'',1,6500,4,'',1,3100,4,'',1,7200,4,'',1,2700,4,'',1,2800,4,'',1,6800,4,'',1,2800,4,'',1,6800,4,'',1,2700,4,'',1,6800,4,'',1,2700,4,'',1,6700,4,'',1,2600,4,'',1,6500,4,'',1,2700,4,'',1,2500,4,'',1,6700,4,'',1,2700,4,'',1,6700,4,'',1
'260105-MULTI-Holiday1-01',2301,71000,0,'',1,3000,0,'',1,7000,0,'',1,2200,0,'',1,7000,0,'',1,3000,0,'',1,7200,0,'',1,2800,0,'',1,6800,0,'',1,2800,0,'',1,2800,0,'',1,6800,0,'',1,2800,0,'',1,6800,0,'',1,2800,0,'',1,6800,0,'',1,2800,0,'',1,6800,0,'',1,2800,0,'',1,6800,0,'',1,2800,0,'',1,6800,0,'',1,2800,0,'',1,6800,0,'',1,2800,0,'',1,2800,0,'',1,6800,0,'',1,2800,0,'',1,6800,0,'',1,2800,0,'',1,6800,0,'',1,2800,0,'',1
'260105-MULTI-Holiday1-01',2302,84400,4,'',1,7000,4,'',1,2900,4,'',1,7300,4,'',1,3000,4,'',1,6800,4,'',1,2700,4,'',1,6900,4,'',1,2900,4,'',1,6900,4,'',1,3100,4,'',1,6800,4,'',1,2900,4,'',1,6500,4,'',1,3100,4,'',1,7200,4,'',1,2700,4,'',1,2800,4,'',1,6800,4,'',1,2800,4,'',1,6800,4,'',1,2700,4,'',1,6800,4,'',1,2700,4,'',1,6700,4,'',1,2600,4,'',1,6500,4,'',1,2700,4,'',1,2500,4,'',1,6700,4,'',1,2700,4,'',1,6700,4,'',1
'260105-MULTI-Saturday-01',2301,62000,0,'',1,3000,0,'',1,6800,0,'',1,2800,0,'',1,6800,0,'',1,2800,0,'',1,6800,0,'',1,2800,0,'',1,6800,0,'',1,2800,0,'',1,6800,0,'',1,2800,0,'',1,2800,0,'',1,6800,0,'',1,2800,0,'',1,6800,0,'',1,2800,0,'',1,6800,0,'',1,2800,0,'',1,6800,0,'',1,2800,0,'',1,6800,0,'',1,2800,0,'',1,6800,0,'',1,3400,0,'',1,8000,0,'',1,3000,0,'',1,7000,0,'',1,3000,0,'',1,7000,0,'',1,3000,0,'',1,7000,0,'',1,3000,0,'',1,7000,0,'',1,3000,0,'',1,7000,0,'',1,3000,0,'',1,7000,0,'',1
'260105-MULTI-Saturday-01',2302,64000,4,'',1,7000,4,'',1,3000,4,'',1,7200,4,'',1,4200,4,'',1,7200,4,'',1,3000,4,'',1,6800,4,'',1,2900,4,'',1,6700,4,'',1,3100,4,'',1,6700,4,'',1,2600,4,'',1,7000,4,'',1,3100,4,'',1,6700,4,'',1,3000,4,'',1,6700,4,'',1,2500,4,'',1,7000,4,'',1,3000,4,'',1,6900,4,'',1,3000,4,'',1,7100,4,'',1,2800,4,'',1,2500,4,'',1,6500,4,'',1,2500,4,'',1,7100,4,'',1,2900,4,'',1,7000,4,'',1,2500,4,'',1,7000,4,'',1,2900,4,'',1,6900,4,'',1,3000,4,'',1,7000,4,'',1,3000,4,'',1,7000,4,'',1
'260105-MULTI-Sunday-01',2301,71000,0,'',1,3000,0,'',1,7000,0,'',1,2200,0,'',1,7000,0,'',1,3000,0,'',1,7200,0,'',1,2800,0,'',1,6800,0,'',1,2800,0,'',1,2800,0,'',1,6800,0,'',1,2800,0,'',1,6800,0,'',1,2800,0,'',1,6800,0,'',1,2800,0,'',1,6800,0,'',1,2800,0,'',1,6800,0,'',1,2800,0,'',1,6800,0,'',1,2800,0,'',1,6800,0,'',1,2800,0,'',1,2800,0,'',1,6800,0,'',1,2800,0,'',1,6800,0,'',1,2800,0,'',1,6800,0,'',1,2800,0,'',1
'260105-MULTI-Sunday-01',2302,84400,4,'',1,7000,4,'',1,2900,4,'',1,7300,4,'',1,3000,4,'',1,6800,4,'',1,2700,4,'',1,6900,4,'',1,2900,4,'',1,6900,4,'',1,3100,4,'',1,6800,4,'',1,2900,4,'',1,6500,4,'',1,3100,4,'',1,7200,4,'',1,2700,4,'',1,2800,4,'',1,6800,4,'',1,2800,4,'',1,6800,4,'',1,2700,4,'',1,6800,4,'',1,2700,4,'',1,6700,4,'',1,2600,4,'',1,6500,4,'',1,2700,4,'',1,2500,4,'',1,6700,4,'',1,2700,4,'',1,6700,4,'',1
'260105-MULTI-Weekday-01',2301,41000,0,'',1,1500,0,'',1,1500,0,'',1,1500,0,'',1,5500,0,'',1,1500,0,'',1,1500,0,'',1,1400,0,'',1,5600,0,'',1,1500,0,'',1,1500,0,'',1,1500,0,'',1,5500,0,'',1,1500,0,'',1,1500,0,'',1,1500,0,'',1,5500,0,'',1,1500,0,'',1,1500,0,'',1,1500,0,'',1,7100,0,'',1,3000,0,'',1,7000,0,'',1,3000,0,'',1,7000,0,'',1,3000,0,'',1,6700,0,'',1,3000,0,'',1,6700,0,'',1,2000,0,'',1,6000,0,'',1,1500,0,'',1,1500,0,'',1,1500,0,'',1,5500,0,'',1,1500,0,'',1,1500,0,'',1,1500,0,'',1,5500,0,'',1,1500,0,'',1,1500,0,'',1,1500,0,'',1,5500,0,'',1,1500,0,'',1,1500,0,'',1,1500,0,'',1,5500,0,'',1,1500,0,'',1,1500,0,'',1,1500,0,'',1,6000,0,'',1,3400,0,'',1,7400,0,'',1,3400,0,'',1,7400,0,'',1,3400,0,'',1,7400,0,'',1,7400,0,'',1,3400,0,'',1,7400,0,'',1
'260105-MULTI-Weekday-01',2302,60800,4,'',1,1600,4,'',1,1500,4,'',1,1400,4,'',1,5600,4,'',1,1600,4,'',1,1500,4,'',1,1500,4,'',1,5500,4,'',1,1600,4,'',1,1500,4,'',1,1600,4,'',1,5500,4,'',1,1600,4,'',1,1800,4,'',1,5600,4,'',1,1900,4,'',1,2100,4,'',1,6900,4,'',1,3200,4,'',1,6900,4,'',1,3200,4,'',1,7000,4,'',1,2900,4,'',1,7000,4,'',1,3200,4,'',1,7100,4,'',1,3200,4,'',1,5500,4,'',1,1700,4,'',1,1500,4,'',1,1600,4,'',1,5500,4,'',1,1900,4,'',1,1600,4,'',1,1400,4,'',1,5300,4,'',1,1500,4,'',1,1500,4,'',1,1600,4,'',1,5500,4,'',1,1500,4,'',1,1300,4,'',1,1400,4,'',1,5500,4,'',1,1300,4,'',1,1500,4,'',1,7400,4,'',1,3300,4,'',1,7500,4,'',1,2900,4,'',1,7100,4,'',1,3300,4,'',1,7400,4,'',1,3400,4,'',1
