2603,'251229-MULTI-Saturday-01',657,,9797,0,,1,63,,9799,0,,1,30,,9800,0,,1,70,,9798,0,,1,30,,9801,0,,1,70,,9802,0,,1,30,,9803,0,,1,70,,9805,0,,1,30,,9806,0,,1,70,,9807,0,,1,30,,9804,0,,1,70,,9808,0,,1,30,,9810,0,,1,70,,9811,0,,1,30,,9812,0,,1,70,,9809,0,,1,30,,9813,0,,1,70,,9814,0,,1,30,,9815,0,,1,70,,9816,0,,1,30,,9817,0,,1,70,,9818,0,,1,30,,9819,0,,1,70,,9821,0,,1,30,,9822,0,,1,70,,9823,0,,1,30,,9820,0,,1,70,,9824,0,,1,30,,9825,0,,1,70,,9826,0,,1,30,,9827,0,,1
2603,'251229-MULTI-Sunday-01',656,,9828,0,,1,94,,9829,0,,1,100,,9830,0,,1,100,,9831,0,,1,100,,9832,0,,1,100,,9833,0,,1,100,,9834,0,,1,100,,9835,0,,1,100,,9836,0,,1,100,,9837,0,,1,100,,9838,0,,1,100,,9839,0,,1,100,,9840,0,,1,100,,9841,0,,1,100,,9842,0,,1
2603,'260105-MULTI-Holiday1-01',656,,9843,0,,1,94,,9844,0,,1,100,,9845,0,,1,100,,9846,0,,1,100,,9847,0,,1,100,,9848,0,,1,100,,9849,0,,1,100,,9851,0,,1,100,,9852,0,,1,100,,9853,0,,1,100,,9850,0,,1,100,,9854,0,,1,100,,9855,0,,1,100,,9856,0,,1,100,,9857,0,,1
2603,'260105-MULTI-Saturday-01',657,,9858,0,,1,63,,9860,0,,1,30,,9861,0,,1,70,,9859,0,,1,30,,9862,0,,1,70,,9863,0,,1,30,,9864,0,,1,70,,9866,0,,1,30,,9867,0,,1,70,,9868,0,,1,30,,9865,0,,1,70,,9870,0,,1,30,,9872,0,,1,70,,9869,0,,1,30,,9873,0,,1,70,,9871,0,,1,30,,9874,0,,1,70,,9875,0,,1,30,,9876,0,,1,70,,9877,0,,1,30,,9878,0,,1,70,,9879,0,,1,30,,9880,0,,1,70,,9882,0,,1,30,,9883,0,,1,70,,9884,0,,1,30,,9881,0,,1,70,,9885,0,,1,30,,9886,0,,1,70,,9887,0,,1,30,,9888,0,,1
2603,'260105-MULTI-Sunday-01',656,,9889,0,,1,94,,9890,0,,1,100,,9891,0,,1,100,,9892,0,,1,100,,9893,0,,1,100,,9894,0,,1,100,,9895,0,,1,100,,9897,0,,1,100,,9898,0,,1,100,,9899,0,,1,100,,9896,0,,1,100,,9900,0,,1,100,,9901,0,,1,100,,9902,0,,1,100,,9903,0,,1
2603,'260105-MULTI-Weekday-01',422,,9904,0,,1,22,,9905,0,,1,62,,9906,0,,1,22,,9907,0,,1,22,,9908,0,,1,62,,9909,0,,1,22,,9910,0,,1,22,,9911,0,,1,62,,9912,0,,1,22,,9913,0,,1,62,,9914,0,,1,22,,9915,0,,1,22,,9916,0,,1,62,,9917,0,,1,22,,9918,0,,1,22,,9919,0,,1,62,,9920,0,,1,22,,9921,0,,1,22,,9922,0,,1,62,,9923,0,,1,22,,9924,0,,1,62,,9926,0,,1,22,,9927,0,,1,22,,9928,0,,1,62,,9925,0,,1,22,,9929,0,,1,22,,9930,0,,1,62,,9931,0,,1,22,,9932,0,,1,62,,9933,0,,1,22,,9934,0,,1,22,,9935,0,,1,62,,9936,0,,1,22,,9937,0,,1,22,,9938,0,,1,62,,9939,0,,1,25,,9940,0,,1,19,,9941,0,,1,62,,9942,0,,1,22,,9943,0,,1,62,,9944,0,,1,22,,9945,0,,1,22,,9946,0,,1,62,,9947,0,,1,22,,9948,0,,1,22,,9949,0,,1,62,,9950,0,,1,22,,9951,0,,1,22,,9952,0,,1,62,,9953,0,,1,22,,9954,0,,1,62,,9955,0,,1,22,,9956,0,,1,21,,9957,0,,1,62,,9958,0,,1,22,,9959,0,,1
2604,'251229-MULTI-Saturday-01',737,10,9963,4,,1,70,50,9960,4,,1,30,10,9964,4,,1,70,50,9966,4,,1,30,10,9967,4,,1,70,50,9968,4,,1,30,10,9965,4,,1,70,50,9969,4,,1,30,10,9970,4,,1,70,50,9971,4,,1,30,10,9972,4,,1,70,50,9973,4,,1,31,10,9974,4,,1,70,50,9975,4,,1,30,10,9989,4,,1,70,50,9977,4,,1,30,10,9978,4,,1,70,50,9979,4,,1,30,10,9976,4,,1,70,50,9980,4,,1,30,10,9981,4,,1,70,50,9982,4,,1,29,10,9983,4,,1,70,50,9984,4,,1,29,10,9985,4,,1,70,50,9986,4,,1,30,10,9987,4,,1,70,50,9988,4,,1,30,10,9961,4,,1,70,50,9962,4,,1
2604,'251229-MULTI-Sunday-01',737,10,9990,4,,1,100,10,9993,4,,1,100,10,9994,4,,1,100,10,9991,4,,1,100,10,9992,4,,1,100,10,9995,4,,1,101,10,9997,4,,1,100,10,9998,4,,1,100,10,9999,4,,1,100,10,9996,4,,1,100,10,10000,4,,1,99,10,10001,4,,1,99,10,10002,4,,1,100,10,10003,4,,1
2604,'260105-MULTI-Holiday1-01',737,10,10004,4,,1,100,10,10007,4,,1,100,10,10008,4,,1,100,10,10005,4,,1,100,10,10006,4,,1,100,10,10009,4,,1,101,10,10011,4,,1,100,10,10012,4,,1,100,10,10013,4,,1,100,10,10010,4,,1,100,10,10014,4,,1,99,10,10015,4,,1,99,10,10016,4,,1,100,10,10017,4,,1
2604,'260105-MULTI-Saturday-01',737,10,10021,4,,1,70,50,10018,4,,1,30,10,10023,4,,1,70,50,10025,4,,1,30,10,10022,4,,1,70,50,10026,4,,1,30,10,10024,4,,1,70,50,10027,4,,1,30,10,10028,4,,1,70,50,10029,4,,1,30,10,10030,4,,1,70,50,10031,4,,1,31,10,10032,4,,1,70,50,10033,4,,1,30,10,10047,4,,1,70,50,10035,4,,1,30,10,10036,4,,1,70,50,10037,4,,1,30,10,10034,4,,1,70,50,10038,4,,1,30,10,10039,4,,1,70,50,10040,4,,1,29,10,10041,4,,1,70,50,10042,4,,1,29,10,10043,4,,1,70,50,10044,4,,1,30,10,10045,4,,1,70,50,10046,4,,1,30,10,10019,4,,1,70,50,10020,4,,1
2604,'260105-MULTI-Sunday-01',737,10,10048,4,,1,100,10,10051,4,,1,100,10,10052,4,,1,100,10,10049,4,,1,100,10,10050,4,,1,100,10,10053,4,,1,101,10,10055,4,,1,100,10,10056,4,,1,100,10,10057,4,,1,100,10,10054,4,,1,100,10,10058,4,,1,99,10,10059,4,,1,99,10,10060,4,,1,100,10,10061,4,,1
2604,'260105-MULTI-Weekday-01',524,10,10062,4,,1,22,10,10063,4,,1,62,50,10064,4,,1,22,10,10066,4,,1,22,10,10067,4,,1,62,10,10068,4,,1,22,10,10065,4,,1,22,10,10069,4,,1,62,10,10070,4,,1,22,10,10071,4,,1,62,50,10072,4,,1,22,10,10073,4,,1,22,10,10074,4,,1,62,10,10075,4,,1,20,10,10076,4,,1,22,10,10077,4,,1,62,10,10078,4,,1,22,10,10079,4,,1,22,10,10080,4,,1,62,10,10081,4,,1,22,10,10082,4,,1,62,50,10083,4,,1,22,10,10084,4,,1,22,10,10085,4,,1,62,10,10086,4,,1,22,10,10087,4,,1,22,10,10088,4,,1,62,10,10089,4,,1,24,10,10090,4,,1,62,50,10091,4,,1,22,10,10092,4,,1,22,10,10093,4,,1,62,50,10094,4,,1,22,10,10095,4,,1,22,10,10096,4,,1,62,10,10097,4,,1,24,10,10098,4,,1,20,10,10099,4,,1,62,10,10101,4,,1,22,10,10102,4,,1,62,50,10103,4,,1,22,10,10100,4,,1,22,10,10104,4,,1,62,10,10105,4,,1,22,10,10106,4,,1,22,10,10107,4,,1,62,10,10108,4,,1,22,10,10109,4,,1,62,50,10110,4,,1,22,10,10111,4,,1,17,10,10112,4,,1,62,50,10113,4,,1,22,10,10114,4,,1,22,10,10115,4,,1,62,50,10116,4,,1
