101,'Weekday',554,,171,1,0,5,1,62,,190,1,0,5,1,27,,191,1,0,5,1,65,,192,1,0,5,1,40,,193,1,0,5,1,67,,194,1,0,5,1,26,,195,1,0,5,1,63,,184,1,0,5,1,16,,207,1,0,5,1,25,,208,1,0,5,1,85,,209,1,0,5,1,73,,210,1,0,5,1,26,,211,1,0,5,1,74,,212,1,0,5,1,36,,213,1,0,5,1,72,,214,1,0,5,1,36,,216,1,0,5,1,56,,217,1,0,5 7,1,38,,218,1,0,5,1,86,,234,1,0,5,1,26,,235,1,0,5,1,59,,236,1,0,5,1,25,,237,1,0,5,1,69,,238,1,0,5,1,26,,239,1,0,5,1,80,,240,1,0,5,1,22,,241,1,0,5,1,22,,242,1,0,5,1,58,,251,1,0,5,1,19,,252,1,0,5,1,71,,253,1,,,1
102,'Weekday',801,,440,51,4,,1,23,,447,51,4,,1,20,,438,51,4,,1,68,,441,51,4,,1,22,,435,51,4,,1,69,,444,54,4,,1,22,,459,51,4,,1,33,,460,54,4,,1,58,,461,51,4,,1,40,,462,51,4,,1,78,,463,51,4,,1,72,,464,51,4,,1,36,,465,51,4,,1,78,,466,51,4,,1,32,,467,51,4,,1,74,,468,51,4,,1,83,,469,51,4,,1,24,,490,51,4,,1,16,,491,51,4,,1,70,,492,51,4,,1,85,,493,51,4,,1,26,,494,51,4,,1,21,,471,51,4,,1,55,,470,51,4,,1,23,,474,51,4,,1,73,,472,51,4,,1
5703,'Holiday1',923,,10263,43,4,,1,30,,10264,43,4,,1,70,,10266,43,4,,1,30,,10265,43,4,,1,70,,10268,43,4,,1,30,,10267,43,4,,1,70,,10270,43,4,,1,30,,10269,43,4,,1,74,,10272,43,4,,1,26,,10271,43,4,,1,72,,10273,43,4,,1,28,,10274,43,4,,1,73,,10275,43,4,,1,27,,10277,43,4,,1,73,,10278,43,4,,1,28,,10276,43,4,,1,73,,10281,43,4,,1,27,,10279,43,4,,1,73,,10282,43,4,,1,26,,10280,43,4,,1,73,,10283,43,4,,1
5703,'Saturday',552,,10291,43,4,,1,70,,10299,43,4,,1,30,,10290,43,4,,1,70,,10300,43,4,,1,30,,10284,43,4,,1,70,,10298,43,4,,1,30,,10296,43,4,,1,71,,10301,43,4,,1,29,,10297,43,4,,1,71,,10303,43,4,,1,29,,10292,43,4,,1,71,,10305,43,4,,1,29,,10293,43,4,,1,71,,10306,43,4,,1,29,,10294,43,4,,1,71,,10302,43,4,,1,29,,10289,43,4,,1,70,,10307,43,4,,1,30,,10285,43,4,,1,71,,10308,43,4,,1,29,,10288,43,4,,1,71,,10309,43,4,,1,29,,10287,43,4,,1,72,,10310,43,4,,1,28,,10286,43,4,,1,72,,10304,43,4,,1,28,,10295,43,4,,1,71,,10311,43,4,,1
5703,'Sunday',923,,10312,43,4,,1,30,,10313,43,4,,1,70,,10315,43,4,,1,30,,10314,43,4,,1,70,,10317,43,4,,1,30,,10316,43,4,,1,70,,10319,43,4,,1,30,,10318,43,4,,1,74,,10321,43,4,,1,26,,10320,43,4,,1,72,,10322,43,4,,1,28,,10323,43,4,,1,73,,10324,43,4,,1,27,,10326,43,4,,1,73,,10327,43,4,,1,28,,10325,43,4,,1,73,,10330,43,4,,1,27,,10328,43,4,,1,73,,10331,43,4,,1,26,,10329,43,4,,1,73,,10332,43,4,,1
5703,'Weekday',530,,10333,43,4,,1,70,,10335,43,4,,1,22,,10336,43,4,,1,25,,10337,43,4,,1,66,,10334,43,4,,1,26,,10338,43,4,,1,63,,10339,43,4,,1,28,,10341,43,4,,1,23,,10342,43,4,,1,73,,10343,43,4,,1,26,,10340,43,4,,1,64,,10344,43,4,,1,30,,10345,43,4,,1,65,,10346,43,4,,1,26,,10347,43,4,,1,74,,10348,43,4,,1,30,,10349,43,4,,1,70,,10350,43,4,,1,30,,10353,43,4,,1,72,,10351,43,4,,1,33,,10354,43,4,,1,66,,10355,43,4,,1,25,,10352,43,4,,1,18,,10356,43,4,,1,75,,10357,43,4,,1,19,,10358,43,4,,1,66,,10359,43,4,,1,25,,10361,43,4,,1,18,,10362,43,4,,1,67,,10363,43,4,,1,26,,10360,43,4,,1,70,,10365,43,4,,1,29,,10366,43,4,,1,66,,10367,43,4,,1,29,,10364,43,4,,1,70,,10368,43,4,,1,30,,10369,43,4,,1,70,,10371,43,4,,1,28,,10372,43,4,,1,71,,10373,43,4,,1,22,,10370,43,4,,1,74,,10374,43,4,,1,17,,10375,43,4,,1,22,,10376,43,4,,1
5704,'Holiday1',924,,10377,1,,,1,29,,10378,1,,,1,72,,10379,1,,,1,29,,10380,1,,,1,70,,10381,1,,,1,30,,10382,1,,,1,71,,10383,1,,,1,29,,10384,1,,,1,74,,10385,1,,,1,26,,10387,1,,,1,72,,10388,1,,,1,28,,10386,1,,,1,72,,10391,1,,,1,28,,10390,1,,,1,73,,10389,1,,,1,27,,10394,1,,,1,74,,10393,1,,,1,27,,10395,1,,,1,73,,10392,1,,,1,26,,10397,1,,,1,74,,10396,1,,,1
5704,'Saturday',554,,10404,1,,,1,70,,10416,1,,,1,28,,10402,1,,,1,72,,10417,1,,,1,28,,10408,1,,,1,72,,10418,1,,,1,28,,10410,1,,,1,72,,10419,1,,,1,28,,10411,1,,,1,72,,10420,1,,,1,28,,10406,1,,,1,72,,10421,1,,,1,28,,10407,1,,,1,72,,10422,1,,,1,28,,10403,1,,,1,72,,10423,1,,,1,28,,10401,1,,,1,72,,10424,1,,,1,28,,10398,1,,,1,72,,10414,1,,,1,28,,10400,1,,,1,72,,10415,1,,,1,28,,10399,1,,,1,72,,10413,1,,,1,28,,10405,1,,,1,72,,10412,1,,,1,28,,10409,1,,,1
5704,'Sunday',924,,10425,1,,,1,29,,10426,1,,,1,72,,10427,1,,,1,29,,10428,1,,,1,70,,10429,1,,,1,30,,10430,1,,,1,71,,10431,1,,,1,29,,10432,1,,,1,74,,10433,1,,,1,26,,10435,1,,,1,72,,10436,1,,,1,28,,10434,1,,,1,72,,10439,1,,,1,28,,10438,1,,,1,73,,10437,1,,,1,27,,10442,1,,,1,74,,10441,1,,,1,27,,10443,1,,,1,73,,10440,1,,,1,26,,10445,1,,,1,74,,10444,1,,,1
5704,'Weekday',444,,10447,1,,,1,65,,10448,1,,,1,23,,10449,1,,,1,71,,10446,1,,,1,20,,10450,1,,,1,26,,10451,1,,,1,66,,10452,1,,,1,25,,10453,1,,,1,64,,10454,1,,,1,29,,10455,1,,,1,23,,10456,1,,,1,71,,10457,1,,,1,28,,10458,1,,,1,62,,10459,1,,,1,32,,10460,1,,,1,63,,10461,1,,,1,28,,10462,1,,,1,73,,10463,1,,,1,32,,10464,1,,,1,72,,10466,1,,,1,28,,10467,1,,,1,72,,10468,1,,,1,33,,10465,1,,,1,65,,10470,1,,,1,23,,10471,1,,,1,65,,10487,1,,,1,31,,10488,1,,,1,19,,10489,1,,,1,65,,10472,1,,,1,25,,10469,1,,,1,59,,10473,1,,,1,26,,10474,1,,,1,27,,10476,1,,,1,69,,10486,1,,,1,29,,10477,1,,,1,67,,10478,1,,,1,28,,10475,1,,,1,69,,10479,1,,,1,30,,10480,1,,,1,69,,10481,1,,,1,29,,10482,1,,,1,71,,10483,1,,,1,22,,10484,1,,,1,74,,10485,1,,,1
20900,'Weekday',1438,,11237,15,,,1
20901,'Weekday',736,,11238,6,,,1
