901,'251229-MULTI-Saturday-01',729,,4873,0,,1,90,,4874,0,,1,90,,4875,0,,1,50,,4876,0,,1,90,,4877,0,,1,90,,4878,0,,1,90,,4879,0,,1,90,,4880,0,,1,90,,4881,0,,1,50,,4882,0,,1,91,,4883,0,,1,91,,4884,0,,1,90,,4885,0,,1,89,,4886,0,,1,89,,4887,0,,1
901,'251229-MULTI-Sunday-01',819,,4888,0,,1,104,,4895,0,,1,108,,4896,0,,1,105,,4897,0,,1,105,,4898,0,,1,105,,4894,0,,1,106,,4890,0,,1,105,,4891,0,,1,147,,4892,0,,1,107,,4889,0,,1,106,,4893,0,,1
901,'260105-MULTI-Holiday1-01',819,,4899,0,,1,104,,4906,0,,1,108,,4907,0,,1,105,,4908,0,,1,105,,4909,0,,1,105,,4905,0,,1,106,,4901,0,,1,105,,4902,0,,1,147,,4903,0,,1,107,,4900,0,,1,106,,4904,0,,1
901,'260105-MULTI-Saturday-01',729,,4910,0,,1,90,,4911,0,,1,90,,4912,0,,1,50,,4913,0,,1,90,,4914,0,,1,90,,4915,0,,1,90,,4916,0,,1,90,,4917,0,,1,90,,4918,0,,1,50,,4919,0,,1,91,,4920,0,,1,91,,4921,0,,1,90,,4922,0,,1,89,,4923,0,,1,89,,4924,0,,1
901,'260105-MULTI-Sunday-01',819,,4925,0,,1,104,,4932,0,,1,108,,4933,0,,1,105,,4934,0,,1,105,,4935,0,,1,105,,4931,0,,1,106,,4927,0,,1,105,,4928,0,,1,147,,4929,0,,1,107,,4926,0,,1,106,,4930,0,,1
901,'260105-MULTI-Weekday-01',531,,4936,0,,1,74,,4939,0,,1,34,,4940,0,,1,74,,4941,0,,1,23,,4938,0,,1,79,,4942,0,,1,36,,4953,0,,1,85,,4954,0,,1,87,,4955,0,,1,82,,4956,0,,1,47,,4957,0,,1,88,,4958,0,,1,84,,4943,0,,1,83,,4952,0,,1,32,,4949,0,,1,75,,4945,0,,1,38,,4950,0,,1,75,,4947,0,,1,75,,4944,0,,1,35,,4946,0,,1,76,,4951,0,,1,34,,4948,0,,1,74,,4959,0,,1,79,,4961,0,,1,41,,4960,0,,1,85,,4937,0,,1
1704,'251229-MULTI-Saturday-01',832,,8088,0,,1,85,,8090,0,,1,85,,8091,0,,1,45,,8092,0,,1,84,,8093,0,,1,86,,8095,0,,1,85,,8096,0,,1,45,,8097,0,,1,85,,8094,0,,1,86,,8101,0,,1,86,,8102,0,,1,45,,8098,0,,1,85,,8099,0,,1,85,,8100,0,,1,84,,8089,0,,1
1704,'251229-MULTI-Sunday-01',821,,8103,0,,1,85,,8104,0,,1,46,,8105,0,,1,85,,8107,0,,1,85,,8108,0,,1,85,,8109,0,,1,45,,8106,0,,1,85,,8110,0,,1,86,,8111,0,,1,85,,8115,0,,1,45,,8112,0,,1,85,,8116,0,,1,85,,8113,0,,1,85,,8114,0,,1,45,,8117,0,,1,85,,8118,0,,1
1704,'260105-MULTI-Holiday1-01',821,,8119,0,,1,85,,8120,0,,1,46,,8121,0,,1,85,,8123,0,,1,85,,8124,0,,1,85,,8125,0,,1,45,,8122,0,,1,85,,8126,0,,1,86,,8127,0,,1,85,,8131,0,,1,45,,8128,0,,1,85,,8132,0,,1,85,,8129,0,,1,85,,8130,0,,1,45,,8133,0,,1,85,,8134,0,,1
1704,'260105-MULTI-Saturday-01',832,,8135,0,,1,85,,8137,0,,1,85,,8138,0,,1,45,,8139,0,,1,84,,8140,0,,1,86,,8142,0,,1,85,,8143,0,,1,45,,8144,0,,1,85,,8141,0,,1,86,,8148,0,,1,86,,8149,0,,1,45,,8145,0,,1,85,,8146,0,,1,85,,8147,0,,1,84,,8136,0,,1
1704,'260105-MULTI-Sunday-01',821,,8150,0,,1,85,,8151,0,,1,46,,8152,0,,1,85,,8154,0,,1,85,,8155,0,,1,85,,8156,0,,1,45,,8153,0,,1,85,,8157,0,,1,86,,8158,0,,1,85,,8162,0,,1,45,,8159,0,,1,85,,8163,0,,1,85,,8160,0,,1,85,,8161,0,,1,45,,8164,0,,1,85,,8165,0,,1
1704,'260105-MULTI-Weekday-01',541,,8166,0,,1,83,,8167,0,,1,86,,8169,0,,1,46,,8170,0,,1,84,,8171,0,,1,86,,8174,0,,1,84,,8172,0,,1,44,,8175,0,,1,87,,8173,0,,1,85,,8168,0,,1,83,,8176,0,,1,43,,8177,0,,1,88,,8178,0,,1,11,,8185,0,,1,82,,8179,0,,1,80,,8180,0,,1,45,,8181,0,,1,87,,8182,0,,1,84,,8183,0,,1,81,,8184,0,,1
21500,'260105-MULTI-Weekday-01',748,,16116,0,,1
