501,'Holiday1',617,,1949,6,,,1,30,,1944,6,,,1,70,,1936,6,,,1,30,,1934,6,,,1,77,,1947,6,,,1,29,,1941,6,,,1,69,,1937,6,,,1,23,,1932,6,,,1,63,,1946,6,,,1,30,,1942,6,,,1,70,,1935,6,,,1,30,,1931,6,,,1,72,,1933,6,,,1,30,,1945,6,,,1,72,,1938,6,,,1,36,,1940,6,,,1,72,,1939,6,,,1,30,,1943,6,,,1,70,,1948,6,,,1,30,,1950,6,,,1,70,,1951,6,,,1,30,,1952,6,,,1,70,,1953,6,,,1,30,,1954,6,,,1,70,,1955,6,,,1,30,,1956,6,,,1,69,,1957,6,,,1,30,,1959,6,,,1,70,,1958,6,,,1,30,,1960,6,,,1,70,,1961,6,,,1,30,,1962,6,,,1,66,,1964,6,,,1,24,,1965,6,,,1,70,,1963,6,,,1
501,'Saturday',447,,1966,6,,,1,67,,1987,6,,,1,26,,2006,6,,,1,67,,1967,6,,,1,32,,1968,6,,,1,71,,1969,6,,,1,30,,1970,6,,,1,68,,1971,6,,,1,32,,1972,6,,,1,72,,1973,6,,,1,32,,1974,6,,,1,71,,1975,6,,,1,34,,1990,6,,,1,70,,1991,6,,,1,36,,1994,6,,,1,70,,1992,6,,,1,24,,1989,6,,,1,70,,1993,6,,,1,30,,1995,6,,,1,70,,1996,6,,,1,30,,1997,6,,,1,70,,1998,6,,,1,30,,2000,6,,,1,70,,2001,6,,,1,30,,2002,6,,,1,70,,1999,6,,,1,30,,2003,6,,,1,70,,2004,6,,,1,30,,2005,6,,,1,70,,1976,6,,,1,27,,1977,6,,,1,69,,1978,6,,,1,25,,1979,6,,,1,67,,1980,6,,,1,32,,1981,6,,,1,69,,1982,6,,,1,28,,1983,6,,,1,65,,1984,6,,,1,29,,1985,6,,,1,70,,1988,6,,,1,30,,1986,6,,,1
501,'Sunday',617,,2025,6,,,1,30,,2020,6,,,1,70,,2012,6,,,1,30,,2010,6,,,1,77,,2023,6,,,1,29,,2017,6,,,1,69,,2013,6,,,1,23,,2008,6,,,1,63,,2022,6,,,1,30,,2018,6,,,1,70,,2011,6,,,1,30,,2007,6,,,1,72,,2009,6,,,1,30,,2021,6,,,1,72,,2014,6,,,1,36,,2016,6,,,1,72,,2015,6,,,1,30,,2019,6,,,1,70,,2024,6,,,1,30,,2026,6,,,1,70,,2027,6,,,1,30,,2028,6,,,1,70,,2029,6,,,1,30,,2030,6,,,1,70,,2031,6,,,1,30,,2032,6,,,1,69,,2033,6,,,1,30,,2035,6,,,1,70,,2034,6,,,1,30,,2036,6,,,1,70,,2037,6,,,1,30,,2038,6,,,1,66,,2040,6,,,1,24,,2041,6,,,1,70,,2039,6,,,1
501,'Weekday',408,,2047,6,,,1,20,,2049,6,,,1,20,,2048,6,,,1,60,,2046,6,,,1,20,,2045,6,,,1,20,,2044,6,,,1,61,,2043,6,,,1,14,,2042,6,,,1,14,,2051,6,,,1,7,,2113,6,,,1,7,,2050,6,,,1,54,,2052,6,,,1,14,,2054,6,0,5,1,14,,2053,6,,,1,14,,2058,6,0,5,1,54,,2055,6,,,1,14,,2059,6,0,5,1,14,,2056,6,,,1,14,,2060,6,0,5,1,14,,2057,6,,,1,60,,2077,6,0,5,1,20,,2083,6,,,1,20,,2073,6,0,5,1,60,,2084,6,,,1,20,,2074,6,0,5,1,20,,2085,6,,,1,60,,2080,6,0,5,1,20,,2087,6,,,1,20,,2081,6,0,5,1,60,,2088,6,,,1,20,,2082,6,0,5,1,20,,2089,6,,,1,60,,2078,6,0,5,1,20,,2086,6,,,1,20,,2079,6,0,5,1,51,,2090,6,,,1,15,,2066,6,0,5,1,13,,2091,6,,,1,13,,2075,6,0,5,1,53,,2092,6,,,1,14,,2065,6,0,5,1,12,,2093,6,,,1,13,,2072,6,0,5,1,13,,2094,6,,,1,54,,2064,6,0,5,1,13,,2095,6,,,1,13,,2071,6,0,5,1,13,,2096,6,,,1,53,,2063,6,0,5,1,13,,2097,6,,,1,14,,2070,6,0,5,1,12,,2098,6,,,1,14,,2062,6,0,5,1,52,,2099,6,,,1,12,,2069,6,0,5,1,14,,2067,6,,,1,12,,2061,6,0,5,1,14,,2076,6,,,1,52,,2068,6,0,5,1,32,,2109,6,,,1,67,,2107,6,,,1,30,,2110,6,,,1,19,,2111,6,,,1,58,,2112,6,,,1,18,,2101,6,,,1,7,,2102,6,,,1,76,,2105,6,,,1,25,,2100,6,,,1,72,,2108,6,,,1,29,,2106,6,,,1,80,,2104,6,,,1,27,,2103,6,,,1
901,'Holiday1',756,,3329,6,,,1,145,,3336,6,,,1,106,,3337,6,,,1,105,,3338,6,,,1,105,,3339,6,,,1,105,,3335,6,,,1,106,,3331,6,,,1,105,,3332,6,,,1,107,,3333,6,,,1,107,,3330,6,,,1,106,,3334,6,,,1
901,'Saturday',707,,3340,6,,,1,50,,3341,6,,,1,90,,3342,6,,,1,90,,3343,6,,,1,90,,3344,6,,,1,90,,3345,6,,,1,90,,3346,6,,,1,50,,3347,6,,,1,90,,3348,6,,,1,90,,3349,6,,,1,91,,3350,6,,,1,90,,3351,6,,,1,90,,3352,6,,,1,50,,3353,6,,,1,89,,3354,6,,,1
901,'Sunday',756,,3355,6,,,1,145,,3362,6,,,1,106,,3363,6,,,1,105,,3364,6,,,1,105,,3365,6,,,1,105,,3361,6,,,1,106,,3357,6,,,1,105,,3358,6,,,1,107,,3359,6,,,1,107,,3356,6,,,1,106,,3360,6,,,1
901,'Weekday',508,,3366,6,,,1,34,,3369,6,,,1,74,,3370,6,,,1,34,,3371,6,,,1,63,,3368,6,,,1,39,,3372,6,,,1,76,,3383,6,,,1,85,,3384,6,,,1,88,,3385,6,,,1,42,,3386,6,,,1,87,,3387,6,,,1,86,,3388,6,,,1,42,,3373,6,,,1,83,,3382,6,,,1,72,,3379,6,,,1,35,,3375,6,,,1,78,,3380,6,,,1,75,,3377,6,,,1,35,,3374,6,,,1,75,,3376,6,,,1,37,,3381,6,,,1,75,,3378,6,,,1,35,,3389,6,,,1,79,,3391,6,,,1,81,,3390,6,,,1,85,,3367,6,,,1
21201,'Weekday',736,,11242,10,,,1
21500,'Weekday',727,,11247,6,,,1
