2302,'251229-MULTI-Saturday-01',626,,9322,0,,1,30,,9323,0,,1,70,,9344,0,,1,32,,9343,0,,1,82,,9347,0,,1,72,,9346,0,,1,30,,9349,0,,1,68,,9350,0,,1,29,,9351,0,,1,67,,9348,0,,1,31,,9352,0,,1,67,,9355,0,,1,26,,9356,0,,1,70,,9353,0,,1,31,,9354,0,,1,27,,9345,0,,1,70,,9335,0,,1,27,,9336,0,,1,65,,9337,0,,1,30,,9338,0,,1,70,,9339,0,,1,29,,9334,0,,1,70,,9341,0,,1,31,,9342,0,,1,68,,9340,0,,1,25,,9326,0,,1,65,,9327,0,,1,25,,9325,0,,1,71,,9333,0,,1,29,,9324,0,,1,70,,9329,0,,1,25,,9331,0,,1,30,,9328,0,,1,69,,9330,0,,1,29,,9332,0,,1,70,,9360,0,,1,30,,9359,0,,1,70,,9358,0,,1,30,,9357,0,,1
2302,'251229-MULTI-Sunday-01',830,,9387,0,,1,70,,9361,0,,1,29,,9364,0,,1,73,,9365,0,,1,30,,9366,0,,1,68,,9363,0,,1,27,,9367,0,,1,29,,9368,0,,1,69,,9362,0,,1,29,,9369,0,,1,71,,9371,0,,1,28,,9372,0,,1,69,,9373,0,,1,25,,9370,0,,1,71,,9374,0,,1,32,,9375,0,,1,67,,9376,0,,1,28,,9377,0,,1,68,,9378,0,,1,28,,9392,0,,1,68,,9380,0,,1,27,,9381,0,,1,68,,9382,0,,1,27,,9379,0,,1,27,,9384,0,,1,66,,9385,0,,1,25,,9386,0,,1,67,,9383,0,,1,25,,9390,0,,1,67,,9391,0,,1,27,,9388,0,,1,67,,9389,0,,1
2302,'260105-MULTI-Holiday1-01',830,,9419,0,,1,70,,9393,0,,1,29,,9396,0,,1,73,,9397,0,,1,30,,9398,0,,1,68,,9395,0,,1,27,,9399,0,,1,29,,9400,0,,1,69,,9394,0,,1,29,,9402,0,,1,71,,9404,0,,1,28,,9401,0,,1,69,,9405,0,,1,25,,9403,0,,1,71,,9406,0,,1,32,,9407,0,,1,67,,9408,0,,1,28,,9409,0,,1,68,,9410,0,,1,28,,9424,0,,1,68,,9412,0,,1,27,,9413,0,,1,68,,9414,0,,1,27,,9411,0,,1,27,,9416,0,,1,66,,9417,0,,1,25,,9418,0,,1,67,,9415,0,,1,25,,9422,0,,1,67,,9423,0,,1,27,,9420,0,,1,67,,9421,0,,1
2302,'260105-MULTI-Saturday-01',626,,9425,0,,1,30,,9426,0,,1,70,,9447,0,,1,32,,9446,0,,1,82,,9450,0,,1,72,,9449,0,,1,30,,9452,0,,1,68,,9453,0,,1,29,,9454,0,,1,67,,9451,0,,1,31,,9455,0,,1,67,,9458,0,,1,26,,9459,0,,1,70,,9456,0,,1,31,,9457,0,,1,27,,9448,0,,1,70,,9438,0,,1,27,,9439,0,,1,65,,9440,0,,1,30,,9441,0,,1,70,,9442,0,,1,29,,9437,0,,1,70,,9444,0,,1,31,,9445,0,,1,68,,9443,0,,1,25,,9429,0,,1,65,,9430,0,,1,25,,9428,0,,1,71,,9436,0,,1,29,,9427,0,,1,70,,9432,0,,1,25,,9434,0,,1,30,,9431,0,,1,69,,9433,0,,1,29,,9435,0,,1,70,,9463,0,,1,30,,9462,0,,1,70,,9461,0,,1,30,,9460,0,,1
2302,'260105-MULTI-Sunday-01',830,,9490,0,,1,70,,9464,0,,1,29,,9467,0,,1,73,,9468,0,,1,30,,9469,0,,1,68,,9466,0,,1,27,,9470,0,,1,29,,9471,0,,1,69,,9465,0,,1,29,,9473,0,,1,71,,9475,0,,1,28,,9472,0,,1,69,,9476,0,,1,25,,9474,0,,1,71,,9477,0,,1,32,,9478,0,,1,67,,9479,0,,1,28,,9480,0,,1,68,,9481,0,,1,28,,9495,0,,1,68,,9483,0,,1,27,,9484,0,,1,68,,9485,0,,1,27,,9482,0,,1,27,,9487,0,,1,66,,9488,0,,1,25,,9489,0,,1,67,,9486,0,,1,25,,9493,0,,1,67,,9494,0,,1,27,,9491,0,,1,67,,9492,0,,1
2302,'260105-MULTI-Weekday-01',554,,9496,0,,1,56,,9506,0,,1,15,,9507,0,,1,14,,9505,0,,1,16,,9509,0,,1,56,,9511,0,,1,15,,9512,0,,1,15,,9513,0,,1,15,,9510,0,,1,56,,9514,0,,1,15,,9508,0,,1,16,,9515,0,,1,15,,9516,0,,1,56,,9517,0,,1,18,,9518,0,,1,16,,9502,0,,1,59,,9499,0,,1,21,,9501,0,,1,29,,9519,0,,1,72,,9520,0,,1,29,,9521,0,,1,72,,9522,0,,1,70,,9523,0,,1,29,,9524,0,,1,30,,9525,0,,1,72,,9526,0,,1,71,,9504,0,,1,32,,9550,0,,1,15,,9547,0,,1,57,,9549,0,,1,15,,9546,0,,1,16,,9548,0,,1,15,,9545,0,,1,59,,9527,0,,1,16,,9528,0,,1,14,,9529,0,,1,13,,9530,0,,1,55,,9531,0,,1,15,,9532,0,,1,16,,9533,0,,1,15,,9534,0,,1,55,,9535,0,,1,13,,9536,0,,1,14,,9497,0,,1,15,,9503,0,,1,53,,9500,0,,1,15,,9498,0,,1,34,,9537,0,,1,73,,9538,0,,1,75,,9539,0,,1,29,,9540,0,,1,71,,9541,0,,1,33,,9542,0,,1,74,,9543,0,,1,34,,9544,0,,1
2604,'251229-MULTI-Saturday-01',724,,9963,0,,1,30,,9960,0,,1,70,,9964,0,,1,30,,9966,0,,1,70,,9967,0,,1,30,,9968,0,,1,70,,9965,0,,1,30,,9969,0,,1,70,,9970,0,,1,30,,9971,0,,1,70,,9972,0,,1,30,,9973,0,,1,70,,9974,0,,1,30,,9975,0,,1,70,,9989,0,,1,30,,9977,0,,1,70,,9978,0,,1,30,,9979,0,,1,70,,9976,0,,1,30,,9980,0,,1,70,,9981,0,,1,30,,9982,0,,1,70,,9983,0,,1,30,,9984,0,,1,69,,9985,0,,1,30,,9986,0,,1,70,,9987,0,,1,30,,9988,0,,1,70,,9961,0,,1,30,,9962,0,,1
2604,'251229-MULTI-Sunday-01',724,,9990,0,,1,100,,9993,0,,1,100,,9994,0,,1,100,,9991,0,,1,100,,9992,0,,1,100,,9995,0,,1,100,,9997,0,,1,100,,9998,0,,1,100,,9999,0,,1,100,,9996,0,,1,100,,10000,0,,1,100,,10001,0,,1,99,,10002,0,,1,100,,10003,0,,1
2604,'260105-MULTI-Holiday1-01',724,,10004,0,,1,100,,10007,0,,1,100,,10008,0,,1,100,,10005,0,,1,100,,10006,0,,1,100,,10009,0,,1,100,,10011,0,,1,100,,10012,0,,1,100,,10013,0,,1,100,,10010,0,,1,100,,10014,0,,1,100,,10015,0,,1,99,,10016,0,,1,100,,10017,0,,1
2604,'260105-MULTI-Saturday-01',724,,10021,0,,1,30,,10018,0,,1,70,,10023,0,,1,30,,10025,0,,1,70,,10022,0,,1,30,,10026,0,,1,70,,10024,0,,1,30,,10027,0,,1,70,,10028,0,,1,30,,10029,0,,1,70,,10030,0,,1,30,,10031,0,,1,70,,10032,0,,1,30,,10033,0,,1,70,,10047,0,,1,30,,10035,0,,1,70,,10036,0,,1,30,,10037,0,,1,70,,10034,0,,1,30,,10038,0,,1,70,,10039,0,,1,30,,10040,0,,1,70,,10041,0,,1,30,,10042,0,,1,69,,10043,0,,1,30,,10044,0,,1,70,,10045,0,,1,30,,10046,0,,1,70,,10019,0,,1,30,,10020,0,,1
2604,'260105-MULTI-Sunday-01',724,,10048,0,,1,100,,10051,0,,1,100,,10052,0,,1,100,,10049,0,,1,100,,10050,0,,1,100,,10053,0,,1,100,,10055,0,,1,100,,10056,0,,1,100,,10057,0,,1,100,,10054,0,,1,100,,10058,0,,1,100,,10059,0,,1,99,,10060,0,,1,100,,10061,0,,1
2604,'260105-MULTI-Weekday-01',506,,10062,0,,1,22,,10063,0,,1,22,,10064,0,,1,62,,10066,0,,1,22,,10067,0,,1,22,,10068,0,,1,62,,10065,0,,1,22,,10069,0,,1,62,,10070,0,,1,22,,10071,0,,1,22,,10072,0,,1,62,,10073,0,,1,22,,10074,0,,1,22,,10075,0,,1,60,,10076,0,,1,22,,10077,0,,1,22,,10078,0,,1,62,,10079,0,,1,22,,10080,0,,1,62,,10081,0,,1,22,,10082,0,,1,22,,10083,0,,1,62,,10084,0,,1,22,,10085,0,,1,22,,10086,0,,1,62,,10087,0,,1,22,,10088,0,,1,22,,10089,0,,1,64,,10090,0,,1,22,,10091,0,,1,62,,10092,0,,1,22,,10093,0,,1,22,,10094,0,,1,62,,10095,0,,1,22,,10096,0,,1,22,,10097,0,,1,64,,10098,0,,1,20,,10099,0,,1,62,,10101,0,,1,22,,10102,0,,1,22,,10103,0,,1,62,,10100,0,,1,22,,10104,0,,1,22,,10105,0,,1,62,,10106,0,,1,22,,10107,0,,1,22,,10108,0,,1,62,,10109,0,,1,22,,10110,0,,1,62,,10111,0,,1,17,,10112,0,,1,22,,10113,0,,1,62,,10114,0,,1,22,,10115,0,,1,22,,10116,0,,1
