101,'Holiday1',627,,4,0,,1,75,,2,0,,1,55,,1,0,,1,60,,13,0,,1,21,,14,0,,1,20,,15,0,,1,60,,16,0,,1,20,,17,0,,1,20,,18,0,,1,61,,19,0,,1,20,,20,0,,1,20,,22,0,,1,61,,23,0,,1,20,,21,0,,1,61,,25,0,,1,20,,26,0,,1,20,,24,0,,1,60,,27,0,,1,21,,28,0,,1,20,,29,0,,1,61,,30,0,,1,20,,31,0,,1,21,,32,0,,1,60,,33,0,,1,20,,34,0,,1,20,,35,0,,1,60,,36,0,,1,21,,39,0,,1,20,,40,0,,1,60,,37,0,,1,20,,38,0,,1,20,,41,0,,1,60,,42,0,,1,20,,43,0,,1,19,,44,0,,1,58,,45,0,,1,19,,46,0,,1,20,,47,0,,1,60,,49,0,,1,20,,50,0,,1,19,,51,0,,1,60,,48,0,,1,17,,52,0,,1,20,,53,0,,1,65,,54,0,,1,20,,55,0,,1,19,,56,0,,1,60,,11,0,,1,19,,8,0,,1,20,,9,0,,1,19,,7,0,,1,55,,10,0,,1,19,,12,0,,1,23,,6,0,,1
101,'Saturday',545,,69,0,,1,69,,68,0,,1,21,,66,0,,1,19,,70,0,,1,64,,59,0,,1,21,,60,0,,1,20,,62,0,,1,60,,63,0,,1,23,,58,0,,1,61,,64,0,,1,23,,61,0,,1,21,,65,0,,1,60,,67,0,,1,18,,71,0,,1,19,,72,0,,1,62,,73,0,,1,21,,83,0,,1,15,,84,0,,1,15,,85,0,,1,55,,86,0,,1,15,,88,0,,1,15,,89,0,,1,15,,90,0,,1,56,,87,0,,1,15,,91,0,,1,16,,92,0,,1,56,,93,0,,1,15,,97,0,,1,14,,94,0,,1,12,,95,0,,1,15,,96,0,,1,55,,98,0,,1,16,,100,0,,1,15,,101,0,,1,16,,99,0,,1,56,,103,0,,1,15,,104,0,,1,15,,102,0,,1,15,,105,0,,1,55,,106,0,,1,15,,107,0,,1,13,,109,0,,1,15,,110,0,,1,54,,111,0,,1,14,,108,0,,1,14,,112,0,,1,14,,113,0,,1,54,,114,0,,1,14,,115,0,,1,13,,116,0,,1,15,,117,0,,1,54,,118,0,,1,19,,119,0,,1,19,,120,0,,1,18,,122,0,,1,58,,123,0,,1,20,,124,0,,1,20,,121,0,,1,60,,125,0,,1,20,,126,0,,1,66,,77,0,,1,27,,78,0,,1,29,,79,0,,1,69,,76,0,,1,29,,80,0,,1,68,,75,0,,1,29,,82,0,,1
101,'Sunday',627,,130,0,,1,75,,128,0,,1,55,,127,0,,1,60,,139,0,,1,21,,140,0,,1,20,,141,0,,1,60,,142,0,,1,20,,143,0,,1,20,,144,0,,1,61,,145,0,,1,20,,146,0,,1,20,,148,0,,1,61,,149,0,,1,20,,147,0,,1,61,,151,0,,1,20,,152,0,,1,20,,150,0,,1,60,,153,0,,1,21,,154,0,,1,20,,155,0,,1,61,,156,0,,1,20,,157,0,,1,21,,158,0,,1,60,,159,0,,1,20,,160,0,,1,20,,161,0,,1,60,,162,0,,1,21,,165,0,,1,20,,166,0,,1,60,,163,0,,1,20,,164,0,,1,20,,167,0,,1,60,,168,0,,1,20,,169,0,,1,19,,170,0,,1,58,,171,0,,1,19,,172,0,,1,20,,173,0,,1,60,,175,0,,1,20,,176,0,,1,19,,177,0,,1,60,,174,0,,1,17,,178,0,,1,20,,179,0,,1,65,,180,0,,1,20,,181,0,,1,19,,182,0,,1,60,,137,0,,1,19,,134,0,,1,20,,135,0,,1,19,,133,0,,1,55,,136,0,,1,19,,138,0,,1,23,,132,0,,1
101,'Weekday',411,,191,0,,1,18,,192,0,,1,22,,189,0,,1,63,,187,0,,1,20,,186,0,,1,72,,185,0,,1,20,,188,0,,1,8,,190,0,,1,77,,201,0,,1,25,,202,0,,1,23,,203,0,,1,65,,196,0,,1,14,,199,0,,1,75,,194,0,,1,21,,200,0,,1,22,,195,0,,1,45,,197,0,,1,50,,211,0,,1,67,,212,0,,1,82,,213,0,,1,29,,214,0,,1,28,,215,0,,1,69,,216,0,,1,84,,217,0,7,1,27,,218,0,,1,79,,219,0,,1,21,,220,0,,1,67,,221,0,7,1,36,,230,0,,1,65,,234,0,,1,22,,235,0,,1,24,,236,0,,1,63,,237,0,,1,19,,238,0,,1,23,,239,0,,1,57,,240,0,,1,15,,241,0,,1,23,,242,0,,1,49,,243,0,,1,26,,244,0,,1,22,,245,0,,1,69,,246,0,,1,24,,247,0,,1,59,,248,0,,1,22,,249,0,,1,24,,261,0,,1,78,,262,0,,1,27,,264,0,,1,84,,265,0,,1,75,,266,0,,1,32,,263,0,,1,74,,267,0,,1
2302,'Holiday1',723,,6575,0,,1,30,,6549,0,,1,68,,6552,0,,1,32,,6553,0,,1,69,,6554,0,,1,28,,6551,0,,1,68,,6555,0,,1,28,,6556,0,,1,68,,6550,0,,1,28,,6558,0,,1,68,,6560,0,,1,28,,6557,0,,1,68,,6561,0,,1,28,,6559,0,,1,68,,6562,0,,1,28,,6563,0,,1,28,,6564,0,,1,68,,6565,0,,1,28,,6566,0,,1,68,,6580,0,,1,28,,6568,0,,1,68,,6569,0,,1,28,,6570,0,,1,68,,6567,0,,1,28,,6572,0,,1,68,,6573,0,,1,28,,6574,0,,1,68,,6571,0,,1,28,,6578,0,,1,68,,6579,0,,1,28,,6576,0,,1,28,,6577,0,,1
2302,'Saturday',521,,6581,0,,1,30,,6582,0,,1,70,,6603,0,,1,32,,6602,0,,1,80,,6606,0,,1,71,,6605,0,,1,28,,6608,0,,1,68,,6609,0,,1,28,,6610,0,,1,28,,6607,0,,1,68,,6611,0,,1,28,,6614,0,,1,68,,6615,0,,1,28,,6612,0,,1,68,,6613,0,,1,28,,6604,0,,1,68,,6594,0,,1,28,,6595,0,,1,68,,6596,0,,1,28,,6597,0,,1,68,,6598,0,,1,28,,6593,0,,1,68,,6600,0,,1,30,,6601,0,,1,70,,6599,0,,1,26,,6585,0,,1,26,,6586,0,,1,66,,6584,0,,1,33,,6592,0,,1,70,,6583,0,,1,32,,6588,0,,1,68,,6590,0,,1,30,,6587,0,,1,70,,6589,0,,1,30,,6591,0,,1,70,,6619,0,,1,30,,6618,0,,1,70,,6617,0,,1,30,,6616,0,,1
2302,'Sunday',723,,6646,0,,1,30,,6620,0,,1,68,,6623,0,,1,32,,6624,0,,1,69,,6625,0,,1,28,,6622,0,,1,68,,6626,0,,1,28,,6627,0,,1,68,,6621,0,,1,28,,6629,0,,1,68,,6631,0,,1,28,,6628,0,,1,68,,6632,0,,1,28,,6630,0,,1,68,,6633,0,,1,28,,6634,0,,1,28,,6635,0,,1,68,,6636,0,,1,28,,6637,0,,1,68,,6651,0,,1,28,,6639,0,,1,68,,6640,0,,1,28,,6641,0,,1,68,,6638,0,,1,28,,6643,0,,1,68,,6644,0,,1,28,,6645,0,,1,68,,6642,0,,1,28,,6649,0,,1,68,,6650,0,,1,28,,6647,0,,1,28,,6648,0,,1
2302,'Weekday',443,,6652,0,,1,16,,6662,0,,1,55,,6663,0,,1,15,,6661,0,,1,15,,6665,0,,1,15,,6667,0,,1,55,,6668,0,,1,15,,6669,0,,1,15,,6666,0,,1,15,,6670,0,,1,55,,6664,0,,1,15,,6671,0,,1,15,,6672,0,,1,15,,6673,0,,1,56,,6674,0,,1,17,,6658,0,,1,18,,6655,0,,1,66,,6657,0,,1,29,,6675,0,,1,71,,6676,0,,1,29,,6677,0,,1,70,,6678,0,,1,30,,6679,0,,1,70,,6680,0,,1,30,,6681,0,,1,70,,6682,0,,1,30,,6660,0,,1,69,,6706,0,,1,15,,6703,0,,1,15,,6705,0,,1,15,,6702,0,,1,55,,6704,0,,1,15,,6701,0,,1,20,,6683,0,,1,55,,6684,0,,1,15,,6685,0,,1,15,,6686,0,,1,15,,6687,0,,1,55,,6688,0,,1,15,,6689,0,,1,15,,6690,0,,1,15,,6691,0,,1,55,,6692,0,,1,15,,6653,0,,1,17,,6659,0,,1,13,,6656,0,,1,55,,6654,0,,1,34,,6693,0,,1,74,,6694,0,,1,34,,6695,0,,1,73,,6696,0,,1,34,,6697,0,,1,74,,6698,0,,1,74,,6699,0,,1,34,,6700,0,,1
3503,'Holiday1',801,,8670,0,,1,45,,8669,0,,1,85,,8677,0,,1,86,,8672,0,,1,85,,8674,0,,1,45,,8676,0,,1,85,,8671,0,,1,85,,8678,0,,1,85,,8668,0,,1,45,,8673,0,,1,85,,8675,0,,1,85,,8679,0,,1,85,,8680,0,,1,45,,8683,0,,1,85,,8681,0,,1,85,,8682,0,,1
3503,'Saturday',816,,8686,0,,1,86,,8684,0,,1,45,,8687,0,,1,85,,8685,0,,1,85,,8689,0,,1,85,,8688,0,,1,45,,8690,0,,1,85,,8692,0,,1,85,,8693,0,,1,85,,8691,0,,1,45,,8694,0,,1,85,,8696,0,,1,85,,8697,0,,1,85,,8695,0,,1,45,,8698,0,,1,85,,8699,0,,1,85,,8700,0,,1
3503,'Sunday',801,,8703,0,,1,45,,8702,0,,1,85,,8710,0,,1,86,,8705,0,,1,85,,8707,0,,1,45,,8709,0,,1,85,,8704,0,,1,85,,8711,0,,1,85,,8701,0,,1,45,,8706,0,,1,85,,8708,0,,1,85,,8712,0,,1,85,,8713,0,,1,45,,8716,0,,1,85,,8714,0,,1,85,,8715,0,,1
3503,'Weekday',531,,8717,0,,1,76,,8721,0,,1,35,,8718,0,,1,75,,8740,0,,1,35,,8725,0,,1,75,,8736,0,,1,75,,8743,0,,1,35,,8748,0,,1,75,,8742,0,,1,35,,8720,0,,1,80,,8741,0,,1,30,,8739,0,,1,75,,8744,0,,1,75,,8737,0,,1,35,,8746,0,,1,75,,8747,0,,1,35,,8738,0,,1,76,,8728,0,,1,75,,8727,0,,1,35,,8723,0,,1,75,,8733,0,,1,35,,8729,0,,1,75,,8732,0,,1,35,,8726,0,,1,75,,8722,0,,1,74,,8730,0,,1,35,,8731,0,,1,75,,8734,0,,1,35,,8735,0,,1,75,,8719,0,,1,75,,8724,0,,1,35,,8745,0,,1
