204,'Holiday1',718,,14142,26,,,1,33,,14144,26,,,1,73,,14146,26,,,1,33,,14147,26,,,1,74,,14148,26,,,1,73,,14145,26,,,1,33,,14149,26,,,1,73,,14150,26,,,1,33,,14151,26,,,1,74,,14152,26,,,1,33,,14154,26,,,1,73,,14155,26,,,1,33,,14156,26,,,1,73,,14153,26,,,1,73,,14158,26,,,1,33,,14159,26,,,1,73,,14160,26,,,1,33,,14157,26,,,1,73,,14172,26,,,1,33,,14168,26,,,1,72,,14171,26,,,1,33,,14167,26,,,1,72,,14170,26,,,1,33,,14169,26,,,1,72,,14165,26,,,1,72,,14164,26,,,1,33,,14166,26,,,1,73,,14161,26,,,1,32,,14163,26,,,1,73,,14162,26,,,1,33,,14143,26,,,1
204,'Saturday',625,,14173,26,,,1,27,,14211,26,,,1,75,,14208,26,,,1,29,,14207,26,,,1,72,,14210,26,,,1,30,,14209,26,,,1,71,,14206,26,,,1,30,,14205,26,,,1,70,,14201,26,,,1,30,,14204,26,,,1,71,,14203,26,,,1,70,,14212,26,,,1,31,,14202,26,,,1,70,,14200,26,,,1,31,,14196,26,,,1,70,,14195,26,,,1,30,,14199,26,,,1,70,,14198,26,,,1,30,,14197,26,,,1,70,,14194,26,,,1,30,,14193,26,,,1,71,,14189,26,,,1,29,,14192,26,,,1,70,,14187,26,,,1,28,,14191,26,,,1,70,,14190,26,,,1,28,,14188,26,,,1,30,,14186,26,,,1,68,,14183,26,,,1,30,,14182,26,,,1,70,,14185,26,,,1,30,,14184,26,,,1,69,,14178,26,,,1,30,,14179,26,,,1,70,,14181,26,,,1,30,,14180,26,,,1,70,,14176,26,,,1,30,,14177,26,,,1
204,'Sunday',718,,14213,26,,,1,33,,14215,26,,,1,73,,14217,26,,,1,33,,14218,26,,,1,74,,14219,26,,,1,73,,14216,26,,,1,33,,14220,26,,,1,73,,14221,26,,,1,33,,14222,26,,,1,74,,14223,26,,,1,33,,14225,26,,,1,73,,14226,26,,,1,33,,14227,26,,,1,73,,14224,26,,,1,73,,14229,26,,,1,33,,14230,26,,,1,73,,14231,26,,,1,33,,14228,26,,,1,73,,14243,26,,,1,33,,14239,26,,,1,72,,14242,26,,,1,33,,14238,26,,,1,72,,14241,26,,,1,33,,14240,26,,,1,72,,14236,26,,,1,72,,14235,26,,,1,33,,14237,26,,,1,73,,14232,26,,,1,32,,14234,26,,,1,73,,14233,26,,,1,33,,14214,26,,,1
204,'Weekday',456,,14298,26,,,1,62,,14297,26,,,1,22,,14296,26,,,1,16,,14294,26,,,1,70,,14293,26,,,1,22,,14292,26,,,1,59,,14288,26,,,1,22,,14299,26,,,1,19,,14291,26,,,1,66,,14286,26,,,1,28,,14290,26,,,1,60,,14295,26,,,1,21,,14289,26,,,1,22,,14284,26,,,1,62,,14287,26,,,1,25,,14285,26,,,1,21,,14283,26,,,1,60,,14282,26,,,1,18,,14281,26,,,1,27,,14280,26,,,1,64,,14276,26,,,1,22,,14279,26,,,1,56,,14278,26,,,1,16,,14277,26,,,1,29,,14275,26,,,1,67,,14274,26,,,1,20,,14273,26,,,1,15,,14272,26,,,1,59,,14271,26,,,1,28,,14270,26,,,1,24,,14269,26,,,1,64,,14265,26,,,1,17,,14268,26,,,1,64,,14267,26,,,1,27,,14266,26,,,1,25,,14264,26,,,1,63,,14260,26,,,1,21,,14263,26,,,1,64,,14262,26,,,1,25,,14261,26,,,1,26,,14259,26,,,1,60,,14258,26,,,1,20,,14257,26,,,1,22,,14256,26,,,1,58,,14255,26,,,1,19,,14251,26,,,1,23,,14254,26,,,1,60,,14253,26,,,1,22,,14252,26,,,1,74,,14250,26,,,1,31,,14249,26,,,1,70,,14248,26,,,1,28,,14247,26,,,1
2404,'Holiday1',832,,20065,41,,,1,85,,20064,41,,,1,85,,20066,41,,,1,45,,20067,41,,,1,85,,20068,41,,,1,85,,20070,41,,,1,85,,20071,41,,,1,45,,20069,41,,,1,85,,20074,41,,,1,85,,20075,41,,,1,85,,20072,41,,,1,45,,20073,41,,,1,85,,20077,41,,,1,85,,20078,41,,,1,85,,20076,41,,,1
2404,'Saturday',832,,20079,41,,,1,85,,20080,41,,,1,85,,20085,41,,,1,45,,20081,41,,,1,85,,20082,41,,,1,85,,20083,41,,,1,85,,20086,41,,,1,45,,20087,41,,,1,85,,20088,41,,,1,85,,20089,41,,,1,85,,20084,41,,,1,45,,20090,41,,,1,85,,20091,41,,,1,85,,20092,41,,,1,85,,20093,41,,,1
2404,'Sunday',832,,20095,41,,,1,85,,20094,41,,,1,85,,20096,41,,,1,45,,20097,41,,,1,85,,20098,41,,,1,85,,20100,41,,,1,85,,20101,41,,,1,45,,20099,41,,,1,85,,20104,41,,,1,85,,20105,41,,,1,85,,20102,41,,,1,45,,20103,41,,,1,85,,20107,41,,,1,85,,20108,41,,,1,85,,20106,41,,,1
2404,'Weekday',543,,20111,41,,,1,57,,20110,41,,,1,34,,20114,41,,,1,77,,20123,41,,,1,36,,20124,41,,,1,75,,20125,41,,,1,36,,20121,41,,,1,76,,20122,41,,,1,75,,20130,41,,,1,37,,20109,41,,,1,74,,20112,41,,,1,35,,20128,41,,,1,77,,20126,41,,,1,77,,20127,41,,,1,37,,20129,41,,,1,77,,20113,41,,,1,33,,20116,41,,,1,77,,20131,41,,,1,76,,20132,41,,,1,34,,20133,41,,,1,75,,20134,41,,,1,36,,20135,41,,,1,75,,20136,41,,,1,75,,20137,41,,,1,38,,20118,41,,,1,72,,20115,41,,,1,32,,20117,41,,,1,76,,20120,41,,,1,35,,20119,41,,,1
2504,'Weekday',626,,20157,37,,,1,30,,20159,37,,,1,77,,20165,37,,,1,77,,20164,37,,,1,38,,20163,37,,,1,73,,20162,37,,,1,35,,20166,37,,,1,76,,20167,37,,,1,483,,20158,37,,,1,36,,20168,37,,,1,76,,20169,37,,,1,77,,20170,37,,,1,36,,20171,37,,,1,77,,20172,37,,,1,36,,20173,37,,,1,74,,20174,37,,,1,76,,20161,37,,,1,34,,20160,37,,,1
21600,'Weekday',1548,,24483,29,4,,1
50204,'Holiday1',749,,25424,5,,,1,60,,25382,5,,,1,20,,25381,5,,,1,20,,25377,5,,,1,60,,25378,5,,,1,20,,25379,5,,,1,19,,25380,6,,,1,61,,25383,6,,,1,19,,25384,6,,,1,22,,25369,6,,,1,60,,25368,6,,,1,15,,25389,6,,,1,15,,25390,6,,,1,15,,25391,6,,,1,57,,25392,6,,,1,17,,25395,6,,,1,17,,25393,6,,,1,55,,25394,6,,,1,15,,25396,6,,,1,15,,25386,6,,,1,15,,25388,6,,,1,13,,25385,6,,,1,53,,25387,6,,,1,12,,25422,6,,,1,12,,25419,6,,,1,12,,25418,6,,,1,52,,25417,6,,,1,12,,25416,6,,,1,12,,25421,6,,,1,12,,25415,6,,,1,12,,25414,6,,,1,52,,25411,6,,,1,12,,25410,6,,,1,12,,25420,6,,,1,12,,25413,6,,,1,12,,25412,6,,,1,52,,25409,6,,,1,12,,25408,6,,,1,12,,25407,6,,,1,12,,25403,6,,,1,12,,25406,6,,,1,52,,25405,6,,,1,11,,25404,6,,,1,12,,25400,6,,,1,12,,25399,6,,,1,12,,25402,6,,,1,12,,25401,6,,,1,53,,25398,6,,,1,14,,25371,6,,,1,12,,25425,6,,,1,13,,25372,6,,,1,54,,25397,6,,,1,14,,25370,6,,,1,17,,25373,6,,,1,21,,25374,6,,,1,60,,25375,6,,,1,20,,25376,6,,,1,20,,25423,6,,,1
50204,'Saturday',653,,25472,5,,,1,52,,25451,5,,,1,12,,25449,5,,,1,12,,25437,5,,,1,12,,25438,5,,,1,12,,25431,5,,,1,52,,25428,5,,,1,12,,25426,5,,,1,12,,25505,5,,,1,12,,25502,5,,,1,14,,25501,6,,,1,52,,25503,6,,,1,13,,25499,6,,,1,12,,25495,6,,,1,12,,25488,6,,,1,12,,25487,6,,,1,53,,25500,6,,,1,12,,25486,6,,,1,12,,25489,6,,,1,12,,25494,6,,,1,12,,25492,6,,,1,52,,25491,6,,,1,12,,25498,6,,,1,12,,25497,6,,,1,12,,25490,6,,,1,12,,25493,6,,,1,53,,25504,6,,,1,13,,25496,6,,,1,12,,25435,6,,,1,14,,25427,6,,,1,51,,25506,6,,,1,10,,25464,6,,,1,13,,25453,6,,,1,10,,25484,6,,,1,9,,25452,6,,,1,11,,25441,6,,,1,50,,25485,6,,,1,10,,25444,6,,,1,11,,25433,6,,,1,10,,25434,6,,,1,8,,25436,6,,,1,10,,25429,6,,,1,50,,25463,6,,,1,13,,25432,6,,,1,10,,25450,6,,,1,10,,25430,6,,,1,10,,25456,6,,,1,10,,25440,6,,,1,50,,25439,6,,,1,10,,25442,6,,,1,10,,25483,6,,,1,10,,25443,6,,,1,10,,25448,6,,,1,10,,25447,6,,,1,49,,25446,6,,,1,11,,25470,6,,,1,12,,25445,6,,,1,12,,25454,6,,,1,10,,25460,6,,,1,52,,25461,6,,,1,11,,25459,6,,,1,13,,25457,6,,,1,15,,25458,6,,,1,15,,25455,6,,,1,55,,25462,6,,,1,15,,25471,6,,,1,15,,25465,6,,,1,15,,25469,6,,,1,55,,25467,6,,,1,16,,25468,6,,,1,14,,25466,6,,,1,15,,25474,6,,,1,55,,25475,6,,,1,15,,25476,6,,,1,15,,25477,6,,,1,15,,25479,6,,,1,55,,25478,6,,,1,15,,25473,6,,,1,15,,25482,6,,,1,15,,25480,6,,,1,54,,25481,6,,,1
50204,'Sunday',749,,25563,5,,,1,60,,25521,5,,,1,20,,25520,5,,,1,20,,25516,5,,,1,60,,25517,5,,,1,20,,25518,5,,,1,19,,25519,6,,,1,61,,25522,6,,,1,19,,25523,6,,,1,22,,25508,6,,,1,60,,25507,6,,,1,15,,25528,6,,,1,15,,25529,6,,,1,15,,25530,6,,,1,57,,25531,6,,,1,17,,25534,6,,,1,17,,25532,6,,,1,55,,25533,6,,,1,15,,25535,6,,,1,15,,25525,6,,,1,15,,25527,6,,,1,13,,25524,6,,,1,53,,25526,6,,,1,12,,25561,6,,,1,12,,25558,6,,,1,12,,25557,6,,,1,52,,25556,6,,,1,12,,25555,6,,,1,12,,25560,6,,,1,12,,25554,6,,,1,12,,25553,6,,,1,52,,25550,6,,,1,12,,25549,6,,,1,12,,25559,6,,,1,12,,25552,6,,,1,12,,25551,6,,,1,52,,25548,6,,,1,12,,25547,6,,,1,12,,25546,6,,,1,12,,25542,6,,,1,12,,25545,6,,,1,52,,25544,6,,,1,11,,25543,6,,,1,12,,25539,6,,,1,12,,25538,6,,,1,12,,25541,6,,,1,12,,25540,6,,,1,53,,25537,6,,,1,14,,25510,6,,,1,12,,25564,6,,,1,13,,25511,6,,,1,54,,25536,6,,,1,14,,25509,6,,,1,17,,25512,6,,,1,21,,25513,6,,,1,60,,25514,6,,,1,20,,25515,6,,,1,20,,25562,6,,,1
50204,'Weekday',502,,25653,5,,,1,12,,25636,5,,,1,10,,25632,5,,,1,10,,25630,5,,,1,10,,25625,5,,,1,10,,25627,5,,,1,51,,25629,5,,,1,9,,25628,5,,,1,11,,25626,5,,,1,10,,25631,6,,,1,10,,25645,6,,,1,10,,25655,6,,,1,50,,25654,6,,,1,11,,25642,6,,,1,10,,25634,6,,,1,10,,25633,6,,,1,10,,25620,6,,,1,10,,25617,6,,,1,52,,25613,6,,,1,10,,25607,6,,,1,10,,25609,6,,,1,10,,25603,6,,,1,10,,25604,6,,,1,10,,25646,6,,,1,50,,25600,6,,,1,13,,25658,6,,,1,13,,25641,6,,,1,16,,25621,6,,,1,54,,25598,6,,,1,14,,25614,6,,,1,15,,25608,6,,,1,17,,25599,6,,,1,53,,25597,6,,,1,18,,25648,6,,,1,15,,25657,6,,,1,14,,25640,6,,,1,56,,25622,6,,,1,16,,25593,6,,,1,14,,25616,6,,,1,15,,25606,6,,,1,55,,25601,6,,,1,12,,25594,6,,,1,18,,25649,6,,,1,15,,25659,6,,,1,53,,25639,6,,,1,11,,25591,6,,,1,9,,25592,6,,,1,9,,25589,6,,,1,11,,25623,6,,,1,11,,25588,6,,,1,49,,25587,6,,,1,10,,25618,6,,,1,10,,25610,6,,,1,10,,25602,6,,,1,10,,25595,6,,,1,10,,25583,6,,,1,52,,25650,6,,,1,9,,25660,6,,,1,9,,25579,6,,,1,10,,25643,6,,,1,12,,25580,6,,,1,10,,25575,6,,,1,50,,25581,6,,,1,10,,25576,6,,,1,10,,25624,6,,,1,9,,25590,6,,,1,9,,25572,6,,,1,10,,25619,6,,,1,52,,25611,6,,,1,10,,25596,6,,,1,8,,25573,6,,,1,11,,25651,6,,,1,10,,25661,6,,,1,11,,25570,6,,,1,51,,25637,6,,,1,13,,25569,6,,,1,13,,25578,6,,,1,12,,25586,6,,,1,59,,25615,6,,,1,15,,25605,6,,,1,15,,25571,6,,,1,15,,25647,6,,,1,55,,25567,6,,,1,14,,25638,6,,,1,15,,25566,6,,,1,15,,25577,6,,,1,55,,25585,6,,,1,15,,25612,6,,,1,15,,25574,6,,,1,15,,25652,6,,,1,55,,25568,6,,,1,14,,25644,6,,,1,15,,25565,6,,,1,13,,25582,6,,,1,55,,25584,6,,,1
