'241230-MULTI-Saturday-01',501,54000,4,'',1,8300,4,'',1,1700,4,'',1,6400,4,'',1,3200,4,'',1,7100,4,'',1,3100,4,'',1,7100,4,'',1,3000,4,'',1,7000,4,'',1,3000,4,'',1,7400,4,'',1,4000,4,'',1,7000,4,'',1,3000,4,'',1,7000,4,'',1,3000,4,'',1,7000,4,'',1,3000,4,'',1,7000,4,'',1,3100,4,'',1,7000,4,'',1,3000,4,'',1,7000,4,'',1,3000,4,'',1,6900,4,'',1,3000,4,'',1,6900,4,'',1,2600,4,'',1,6900,4,'',1,2500,4,'',1,6900,4,'',1,2400,4,'',1,6900,4,'',1,3000,4,'',1,6800,4,'',1,2900,4,'',1,2700,4,'',1,7000,4,'',1,3000,4,'',1,7000,4,'',1
'241230-MULTI-Saturday-01',502,54400,,'',1,8600,,'',1,1500,,'',1,7000,,'',1,3000,,'',1,7000,,'',1,3000,,'',1,7000,,'',1,3000,,'',1,7000,,'',1,3000,,'',1,7000,,'',1,3000,,'',1,7000,,'',1,3000,,'',1,7000,,'',1,3000,,'',1,7000,,'',1,3000,,'',1,7000,,'',1,3000,,'',1,7000,,'',1,3000,,'',1,7000,,'',1,3000,,'',1,7000,,'',1,3000,,'',1,7000,,'',1,3000,,'',1,7000,,'',1,3200,,'',1,6800,,'',1,3000,,'',1,7000,,'',1,3000,,'',1,7000,,'',1,3000,,'',1,7000,,'',1,3000,,'',1
'241230-MULTI-Sunday-01',501,70500,4,'',1,3000,4,'',1,7000,4,'',1,3000,4,'',1,7100,4,'',1,3200,4,'',1,7300,4,'',1,3100,4,'',1,6900,4,'',1,3100,4,'',1,7100,4,'',1,3000,4,'',1,7300,4,'',1,3000,4,'',1,7000,4,'',1,4000,4,'',1,7000,4,'',1,3000,4,'',1,7000,4,'',1,3000,4,'',1,7000,4,'',1,3000,4,'',1,7000,4,'',1,3000,4,'',1,6900,4,'',1,3000,4,'',1,6900,4,'',1,3000,4,'',1,7000,4,'',1,2900,4,'',1,6800,4,'',1,2700,4,'',1,6000,4,'',1,3000,4,'',1,6900,4,'',1
'241230-MULTI-Sunday-01',502,71500,,'',1,3000,,'',1,7000,,'',1,3000,,'',1,7000,,'',1,3000,,'',1,7000,,'',1,3000,,'',1,7000,,'',1,3000,,'',1,7000,,'',1,3000,,'',1,7000,,'',1,3000,,'',1,7000,,'',1,3000,,'',1,7000,,'',1,3000,,'',1,7000,,'',1,3000,,'',1,7000,,'',1,3000,,'',1,7000,,'',1,3000,,'',1,7000,,'',1,3000,,'',1,7000,,'',1,3000,,'',1,7000,,'',1,3000,,'',1,7000,,'',1,3000,,'',1,7000,,'',1,3000,,'',1,7000,,'',1
'250106-MULTI-Holiday1-01',501,70500,4,'',1,3000,4,'',1,7000,4,'',1,3000,4,'',1,7100,4,'',1,3200,4,'',1,7300,4,'',1,3100,4,'',1,6900,4,'',1,3100,4,'',1,7100,4,'',1,3000,4,'',1,7300,4,'',1,3000,4,'',1,7000,4,'',1,4000,4,'',1,7000,4,'',1,3000,4,'',1,7000,4,'',1,3000,4,'',1,7000,4,'',1,3000,4,'',1,7000,4,'',1,3000,4,'',1,6900,4,'',1,3000,4,'',1,6900,4,'',1,3000,4,'',1,7000,4,'',1,2900,4,'',1,6800,4,'',1,2700,4,'',1,6000,4,'',1,3000,4,'',1,6900,4,'',1
'250106-MULTI-Holiday1-01',502,71500,,'',1,3000,,'',1,7000,,'',1,3000,,'',1,7000,,'',1,3000,,'',1,7000,,'',1,3000,,'',1,7000,,'',1,3000,,'',1,7000,,'',1,3000,,'',1,7000,,'',1,3000,,'',1,7000,,'',1,3000,,'',1,7000,,'',1,3000,,'',1,7000,,'',1,3000,,'',1,7000,,'',1,3000,,'',1,7000,,'',1,3000,,'',1,7000,,'',1,3000,,'',1,7000,,'',1,3000,,'',1,7000,,'',1,3000,,'',1,7000,,'',1,3000,,'',1,7000,,'',1,3000,,'',1,7000,,'',1
'250106-MULTI-Saturday-01',501,54000,4,'',1,8300,4,'',1,1700,4,'',1,6400,4,'',1,3200,4,'',1,7100,4,'',1,3100,4,'',1,7100,4,'',1,3000,4,'',1,7000,4,'',1,3000,4,'',1,7400,4,'',1,4000,4,'',1,7000,4,'',1,3000,4,'',1,7000,4,'',1,3000,4,'',1,7000,4,'',1,3000,4,'',1,7000,4,'',1,3100,4,'',1,7000,4,'',1,3000,4,'',1,7000,4,'',1,3000,4,'',1,6900,4,'',1,3000,4,'',1,6900,4,'',1,2600,4,'',1,6900,4,'',1,2500,4,'',1,6900,4,'',1,2400,4,'',1,6900,4,'',1,3000,4,'',1,6800,4,'',1,2900,4,'',1,2700,4,'',1,7000,4,'',1,3000,4,'',1,7000,4,'',1
'250106-MULTI-Saturday-01',502,54400,,'',1,8600,,'',1,1500,,'',1,7000,,'',1,3000,,'',1,7000,,'',1,3000,,'',1,7000,,'',1,3000,,'',1,7000,,'',1,3000,,'',1,7000,,'',1,3000,,'',1,7000,,'',1,3000,,'',1,7000,,'',1,3000,,'',1,7000,,'',1,3000,,'',1,7000,,'',1,3000,,'',1,7000,,'',1,3000,,'',1,7000,,'',1,3000,,'',1,7000,,'',1,3000,,'',1,7000,,'',1,3000,,'',1,7000,,'',1,3200,,'',1,6800,,'',1,3000,,'',1,7000,,'',1,3000,,'',1,7000,,'',1,3000,,'',1,7000,,'',1,3000,,'',1
'250106-MULTI-Sunday-01',501,70500,4,'',1,3000,4,'',1,7000,4,'',1,3000,4,'',1,7100,4,'',1,3200,4,'',1,7300,4,'',1,3100,4,'',1,6900,4,'',1,3100,4,'',1,7100,4,'',1,3000,4,'',1,7300,4,'',1,3000,4,'',1,7000,4,'',1,4000,4,'',1,7000,4,'',1,3000,4,'',1,7000,4,'',1,3000,4,'',1,7000,4,'',1,3000,4,'',1,7000,4,'',1,3000,4,'',1,6900,4,'',1,3000,4,'',1,6900,4,'',1,3000,4,'',1,7000,4,'',1,2900,4,'',1,6800,4,'',1,2700,4,'',1,6000,4,'',1,3000,4,'',1,6900,4,'',1
'250106-MULTI-Sunday-01',502,71500,,'',1,3000,,'',1,7000,,'',1,3000,,'',1,7000,,'',1,3000,,'',1,7000,,'',1,3000,,'',1,7000,,'',1,3000,,'',1,7000,,'',1,3000,,'',1,7000,,'',1,3000,,'',1,7000,,'',1,3000,,'',1,7000,,'',1,3000,,'',1,7000,,'',1,3000,,'',1,7000,,'',1,3000,,'',1,7000,,'',1,3000,,'',1,7000,,'',1,3000,,'',1,7000,,'',1,3000,,'',1,7000,,'',1,3000,,'',1,7000,,'',1,3000,,'',1,7000,,'',1,3000,,'',1,7000,,'',1
'250106-MULTI-Weekday-01',501,51200,4,'',1,2100,4,'',1,2100,4,'',1,6200,4,'',1,2200,4,'',1,2000,4,'',1,6200,4,'',1,1500,4,'',1,1500,4,'',1,700,4,'',1,4700,4,'',1,1500,4,'',1,900,4,'',1,1800,4,'',1,1000,4,'',1,5900,4,'',1,800,4,'',1,1700,4,'',1,900,4,'',1,5800,4,'',1,1600,4,'',1,2400,4,'',1,5400,4,'',1,2400,4,'',1,1700,4,'',1,6400,4,'',1,1600,4,'',1,2400,4,'',1,5600,4,'',1,2400,4,'',1,1900,4,'',1,6200,4,'',1,1900,4,'',1,2200,4,'',1,5800,4,'',1,1500,4,'',1,1200,4,'',1,1700,4,'',1,900,4,'',1,5800,4,'',1,1100,4,'',1,1500,4,'',1,900,4,'',1,5700,4,'',1,900,4,'',1,1800,4,'',1,900,4,'',1,5700,4,'',1,700,4,'',1,1800,4,'',1,600,4,'',1,1900,4,'',1,700,4,'',1,5800,4,'',1,500,4,'',1,2000,4,'',1,600,4,'',1,5900,4,'',1,700,4,'',1,3600,4,'',1,6400,4,'',1,2900,4,'',1,5700,4,'',1,1100,4,'',1,2600,4,'',1,500,4,'',1,7700,4,'',1,2400,4,'',1,7100,4,'',1,2500,4,'',1,7900,4,'',1,2700,4,'',1
'250106-MULTI-Weekday-01',502,44400,,'',1,6400,,'',1,1900,,'',1,1700,,'',1,1400,,'',1,5400,,'',1,1400,,'',1,1400,,'',1,1400,,'',1,5400,0,'A',1,1400,,'',1,1400,0,'A',1,1400,,'',1,5400,0,'A',1,1400,,'',1,1400,0,'A',1,1400,,'',1,6600,0,'A',1,2000,,'',1,2000,0,'A',1,6000,,'',1,2000,0,'A',1,2000,,'',1,6000,0,'A',1,2000,,'',1,2000,0,'A',1,6000,,'',1,2000,0,'A',1,2000,,'',1,6000,0,'A',1,2000,,'',1,1900,0,'A',1,5600,,'',1,1300,0,'A',1,1300,,'',1,1300,0,'A',1,1300,,'',1,5300,0,'A',1,1300,,'',1,1300,0,'A',1,1300,,'',1,5300,0,'A',1,1300,,'',1,1300,0,'A',1,1300,,'',1,1300,0,'A',1,5300,,'',1,1100,0,'A',1,1500,,'',1,1100,0,'A',1,5500,,'',1,1000,0,'A',1,1600,,'',1,800,0,'A',1,1800,,'',1,5300,0,'A',1,1900,,'',1,1900,,'',1,6000,,'',1,2700,,'',1,7900,,'',1,4000,,'',1,6300,,'',1,600,,'',1,2000,,'',1,500,,'',1,8300,,'',1,2500,,'',1,7100,,'',1,2600,,'',1,7100,,'',1
