901,'Holiday1',803,,3329,13,,,1,104,,3336,13,,,1,107,,3337,13,,,1,105,,3338,13,,,1,105,,3339,13,,,1,105,,3335,13,,,1,106,,3331,13,,,1,105,,3332,13,,,1,107,,3333,13,,,1,107,,3330,13,,,1,146,,3334,13,,,1
901,'Saturday',714,,3340,13,,,1,90,,3341,13,,,1,50,,3342,13,,,1,90,,3343,13,,,1,90,,3344,13,,,1,90,,3345,13,,,1,90,,3346,13,,,1,90,,3347,13,,,1,50,,3348,13,,,1,90,,3349,13,,,1,91,,3350,13,,,1,91,,3351,13,,,1,90,,3352,13,,,1,89,,3353,13,,,1,49,,3354,13,,,1
901,'Sunday',803,,3355,13,,,1,104,,3362,13,,,1,107,,3363,13,,,1,105,,3364,13,,,1,105,,3365,13,,,1,105,,3361,13,,,1,106,,3357,13,,,1,105,,3358,13,,,1,107,,3359,13,,,1,107,,3356,13,,,1,146,,3360,13,,,1
901,'Weekday',515,,3366,13,,,1,34,,3369,13,,,1,74,,3370,13,,,1,34,,3371,13,,,1,63,,3368,13,,,1,39,,3372,13,,,1,76,,3383,13,,,1,85,,3384,13,,,1,88,,3385,13,,,1,42,,3386,13,,,1,87,,3387,13,,,1,86,,3388,13,,,1,83,,3373,13,,,1,43,,3382,13,,,1,72,,3379,13,,,1,35,,3375,13,,,1,78,,3380,13,,,1,75,,3377,13,,,1,35,,3374,13,,,1,75,,3376,13,,,1,37,,3381,13,,,1,74,,3378,13,,,1,75,,3389,13,,,1,39,,3391,13,,,1,81,,3390,13,,,1,85,,3367,13,,,1
2404,'Holiday1',823,,6661,28,,,1,85,,6660,28,,,1,45,,6662,28,,,1,85,,6663,28,,,1,85,,6664,28,,,1,85,,6666,28,,,1,45,,6667,28,,,1,85,,6665,28,,,1,85,,6670,28,,,1,85,,6671,28,,,1,45,,6668,28,,,1,85,,6669,28,,,1,85,,6673,28,,,1,85,,6674,28,,,1,45,,6672,28,,,1
2404,'Saturday',823,,6675,28,,,1,85,,6676,28,,,1,45,,6681,28,,,1,85,,6677,28,,,1,85,,6678,28,,,1,85,,6679,28,,,1,45,,6682,28,,,1,85,,6683,28,,,1,85,,6684,28,,,1,85,,6685,28,,,1,45,,6680,28,,,1,85,,6686,28,,,1,85,,6687,28,,,1,85,,6688,28,,,1,45,,6689,28,,,1
2404,'Sunday',823,,6691,28,,,1,85,,6690,28,,,1,45,,6692,28,,,1,85,,6693,28,,,1,85,,6694,28,,,1,85,,6696,28,,,1,45,,6697,28,,,1,85,,6695,28,,,1,85,,6700,28,,,1,85,,6701,28,,,1,45,,6698,28,,,1,85,,6699,28,,,1,85,,6703,28,,,1,85,,6704,28,,,1,45,,6702,28,,,1
2404,'Weekday',536,,6707,28,,,1,17,,6706,28,,,1,74,,6710,28,,,1,76,,6719,28,,,1,36,,6720,28,,,1,75,,6721,28,,,1,36,,6717,28,,,1,76,,6718,28,,,1,75,,6726,28,,,1,37,,6705,28,,,1,75,,6708,28,,,1,35,,6724,28,,,1,76,,6722,28,,,1,77,,6723,28,,,1,37,,6725,28,,,1,77,,6709,28,,,1,33,,6712,28,,,1,76,,6727,28,,,1,76,,6728,28,,,1,34,,6729,28,,,1,76,,6730,28,,,1,36,,6731,28,,,1,75,,6732,28,,,1,36,,6733,28,,,1,78,,6714,28,,,1,72,,6711,28,,,1,32,,6713,28,,,1,76,,6716,28,,,1,35,,6715,28,,,1
2504,'Weekday',619,,6753,26,,,1,30,,6755,26,,,1,77,,6761,26,,,1,76,,6760,26,,,1,38,,6759,26,,,1,74,,6758,26,,,1,35,,6762,26,,,1,76,,6763,26,,,1,483,,6754,26,,,1,36,,6764,26,,,1,76,,6765,26,,,1,37,,6766,26,,,1,76,,6767,26,,,1,77,,6768,26,,,1,36,,6769,26,,,1,75,,6770,26,,,1,36,,6757,26,,,1,74,,6756,26,,,1
21500,'Weekday',736,,11247,12,,,1
