3504,'Holiday1',906,,8628,18,,,1,45,,8623,18,,,1,85,,8629,18,,,1,85,,8622,18,,,1,85,,8621,18,,,1,45,,8627,18,,,1,85,,8624,18,,,1,85,,8625,18,,,1,85,,8630,18,,,1,45,,8626,18,,,1,85,,8632,18,,,1,85,,8631,18,,,1,85,,8633,18,,,1,45,,8635,18,,,1,85,,8634,18,,,1,85,,8636,18,,,1
3504,'Saturday',922,,8639,18,,,1,85,,8637,18,,,1,45,,8638,18,,,1,85,,8640,18,,,1,85,,8642,18,,,1,85,,8641,18,,,1,45,,8643,18,,,1,86,,8644,18,,,1,85,,8645,18,,,1,85,,8646,18,,,1,45,,8648,18,,,1,85,,8647,18,,,1,84,,8651,18,,,1,85,,8649,18,,,1,45,,8650,18,,,1,85,,8652,18,,,1
3504,'Sunday',906,,8660,18,,,1,45,,8655,18,,,1,85,,8661,18,,,1,85,,8654,18,,,1,85,,8653,18,,,1,45,,8659,18,,,1,85,,8656,18,,,1,85,,8657,18,,,1,85,,8662,18,,,1,45,,8658,18,,,1,85,,8664,18,,,1,85,,8663,18,,,1,85,,8665,18,,,1,45,,8667,18,,,1,85,,8666,18,,,1,85,,8668,18,,,1
3504,'Weekday',533,,8669,18,,,1,76,,8670,18,,,1,36,,8671,18,,,1,76,,8673,18,,,1,35,,8674,18,,,1,75,,8672,18,,,1,75,,8676,18,,,1,35,,8677,18,,,1,75,,8675,18,,,1,35,,8678,18,,,1,76,,8679,18,,,1,75,,8680,18,,,1,39,,8681,18,,,1,71,,8682,18,,,1,35,,8683,18,,,1,75,,8684,18,,,1,35,,8685,18,,,1,81,,8686,18,,,1,76,,8687,18,,,1,36,,8688,18,,,1,75,,8689,18,,,1,75,,8690,18,,,1,35,,8691,18,,,1,75,,8692,18,,,1,36,,8693,18,,,1,73,,8694,18,,,1,34,,8696,18,,,1,75,,8697,18,,,1,75,,8698,18,,,1,35,,8695,18,,,1,75,,8699,18,,,1,34,,8700,18,,,1
3604,'Weekday',651,,8711,9,,,1,150,,8712,9,,,1,112,,8713,9,,,1,108,,8714,9,,,1,109,,8715,9,,,1,110,,8716,9,,,1,110,,8717,9,,,1,152,,8718,9,,,1,112,,8719,9,,,1,111,,8720,9,,,1
5004,'Holiday1',659,,9034,4,,,1,70,,9033,4,,,1,29,,9027,4,,,1,70,,9025,4,,,1,31,,9032,4,,,1,70,,9008,4,,,1,30,,9009,4,,,1,70,,9005,4,,,1,30,,9029,4,,,1,76,,9010,4,,,1,19,,9006,4,,,1,74,,9007,4,,,1,77,,9028,4,,,1,23,,9011,4,,,1,31,,9012,4,,,1,74,,9013,4,,,1,26,,9030,4,,,1,70,,9014,4,,,1,75,,9015,4,,,1,25,,9016,4,,,1,30,,9031,4,,,1,70,,9017,4,,,1,30,,9018,4,,,1,69,,9019,4,,,1,87,,9020,4,,,1,38,,9021,4,,,1,81,,9023,4,,,1,81,,9024,4,,,1,38,,9022,4,,,1,80,,9026,4,,,1
5004,'Saturday',449,,9090,4,,,1,80,,9086,4,,,1,80,,9082,4,,,1,40,,9076,4,,,1,80,,9058,4,,,1,80,,9057,4,,,1,40,,9059,4,,,1,85,,9060,4,,,1,68,,9089,4,,,1,27,,9061,4,,,1,30,,9062,4,,,1,70,,9064,4,,,1,30,,9065,4,,,1,70,,9066,4,,,1,29,,9063,4,,,1,70,,9087,4,,,1,27,,9067,4,,,1,74,,9068,4,,,1,30,,9069,4,,,1,70,,9071,4,,,1,30,,9088,4,,,1,70,,9072,4,,,1,75,,9073,4,,,1,25,,9070,4,,,1,28,,9075,4,,,1,74,,9081,4,,,1,28,,9080,4,,,1,68,,9077,4,,,1,89,,9079,4,,,1,33,,9074,4,,,1,80,,9078,4,,,1,82,,9083,4,,,1,35,,9084,4,,,1,82,,9085,4,,,1
5004,'Sunday',659,,9143,4,,,1,70,,9142,4,,,1,29,,9136,4,,,1,70,,9134,4,,,1,31,,9141,4,,,1,70,,9117,4,,,1,30,,9118,4,,,1,70,,9116,4,,,1,30,,9138,4,,,1,76,,9119,4,,,1,19,,9114,4,,,1,74,,9115,4,,,1,77,,9137,4,,,1,23,,9120,4,,,1,31,,9121,4,,,1,74,,9122,4,,,1,26,,9139,4,,,1,70,,9123,4,,,1,75,,9124,4,,,1,25,,9125,4,,,1,30,,9140,4,,,1,70,,9126,4,,,1,30,,9127,4,,,1,69,,9128,4,,,1,87,,9129,4,,,1,38,,9130,4,,,1,81,,9132,4,,,1,81,,9133,4,,,1,38,,9131,4,,,1,80,,9135,4,,,1
5004,'Weekday',449,,9167,4,,,1,55,,9205,4,,,1,15,,9206,4,,,1,15,,9207,4,,,1,15,,9208,4,,,1,56,,9209,4,,,1,15,,9210,4,,,1,15,,9211,4,,,1,15,,9212,4,,,1,55,,9213,4,,,1,15,,9214,4,,,1,15,,9215,4,,,1,15,,9216,4,,,1,56,,9217,4,,,1,15,,9218,4,,,1,15,,9219,4,,,1,14,,9220,4,,,1,55,,9221,4,,,1,15,,9222,4,,,1,16,,9223,4,,,1,14,,9224,4,,,1,55,,9225,4,,,1,14,,9226,4,,,1,15,,9227,4,,,1,15,,9228,4,,,1,56,,9229,4,,,1,20,,9230,4,,,1,20,,9231,4,,,1,59,,9232,4,,,1,20,,9233,4,,,1,20,,9234,4,,,1,60,,9235,4,,,1,20,,9236,4,,,1,20,,9237,4,,,1,61,,9238,4,,,1,15,,9239,4,,,1,15,,9240,4,,,1,15,,9241,4,,,1,55,,9242,4,,,1,15,,9243,4,,,1,15,,9244,4,,,1,15,,9245,4,,,1,55,,9246,4,,,1,15,,9247,4,,,1,15,,9248,4,,,1,15,,9249,4,,,1,55,,9250,4,,,1,15,,9251,4,,,1,15,,9252,4,,,1,15,,9253,4,,,1,54,,9254,4,,,1,15,,9255,4,,,1,15,,9256,4,,,1,15,,9257,4,,,1,56,,9258,4,,,1,15,,9259,4,,,1,15,,9260,4,,,1,15,,9261,4,,,1,54,,9262,4,,,1,30,,9263,4,,,1,70,,9264,4,,,1,30,,9265,4,,,1,70,,9266,4,,,1,30,,9267,4,,,1,70,,9268,4,,,1,30,,9269,4,,,1,70,,9270,4,,,1,30,,9188,4,,,1
21401,'Weekday',1505,,11246,7,,,1
