901,'Holiday1',804,,3329,15,,,1,104,,3336,15,,,1,107,,3337,15,,,1,105,,3338,15,,,1,105,,3339,15,,,1,105,,3335,15,,,1,106,,3331,15,,,1,105,,3332,15,,,1,107,,3333,15,,,1,107,,3330,15,,,1,146,,3334,15,,,1
901,'Saturday',715,,3340,15,,,1,90,,3341,15,,,1,50,,3342,15,,,1,90,,3343,15,,,1,90,,3344,15,,,1,90,,3345,15,,,1,90,,3346,15,,,1,90,,3347,15,,,1,50,,3348,15,,,1,90,,3349,15,,,1,91,,3350,15,,,1,91,,3351,15,,,1,90,,3352,15,,,1,89,,3353,15,,,1,49,,3354,15,,,1
901,'Sunday',804,,3355,15,,,1,104,,3362,15,,,1,107,,3363,15,,,1,105,,3364,15,,,1,105,,3365,15,,,1,105,,3361,15,,,1,106,,3357,15,,,1,105,,3358,15,,,1,107,,3359,15,,,1,107,,3356,15,,,1,146,,3360,15,,,1
901,'Weekday',516,,3366,15,,,1,34,,3369,15,,,1,74,,3370,15,,,1,34,,3371,15,,,1,63,,3368,15,,,1,79,,3372,15,,,1,36,,3383,15,,,1,85,,3384,15,,,1,88,,3385,15,,,1,42,,3386,15,,,1,87,,3387,15,,,1,86,,3388,15,,,1,83,,3373,15,,,1,43,,3382,15,,,1,72,,3379,15,,,1,35,,3375,15,,,1,78,,3380,15,,,1,75,,3377,15,,,1,35,,3374,15,,,1,75,,3376,15,,,1,37,,3381,15,,,1,74,,3378,15,,,1,75,,3389,15,,,1,39,,3391,15,,,1,81,,3390,15,,,1,85,,3367,15,,,1
2404,'Holiday1',825,,6661,30,,,1,85,,6660,30,,,1,45,,6662,30,,,1,85,,6663,30,,,1,85,,6664,30,,,1,85,,6666,30,,,1,45,,6667,30,,,1,85,,6665,30,,,1,85,,6670,30,,,1,85,,6671,30,,,1,45,,6668,30,,,1,85,,6669,30,,,1,85,,6673,30,,,1,85,,6674,30,,,1,45,,6672,30,,,1
2404,'Saturday',825,,6675,30,,,1,85,,6676,30,,,1,45,,6681,30,,,1,85,,6677,30,,,1,85,,6678,30,,,1,85,,6679,30,,,1,45,,6682,30,,,1,85,,6683,30,,,1,85,,6684,30,,,1,85,,6685,30,,,1,45,,6680,30,,,1,85,,6686,30,,,1,85,,6687,30,,,1,85,,6688,30,,,1,45,,6689,30,,,1
2404,'Sunday',825,,6691,30,,,1,85,,6690,30,,,1,45,,6692,30,,,1,85,,6693,30,,,1,85,,6694,30,,,1,85,,6696,30,,,1,45,,6697,30,,,1,85,,6695,30,,,1,85,,6700,30,,,1,85,,6701,30,,,1,45,,6698,30,,,1,85,,6699,30,,,1,85,,6703,30,,,1,85,,6704,30,,,1,45,,6702,30,,,1
2404,'Weekday',537,,6707,30,,,1,17,,6706,30,,,1,74,,6710,30,,,1,77,,6719,30,,,1,36,,6720,30,,,1,75,,6721,30,,,1,36,,6717,30,,,1,76,,6718,30,,,1,75,,6726,30,,,1,37,,6705,30,,,1,74,,6708,30,,,1,35,,6724,30,,,1,77,,6722,30,,,1,77,,6723,30,,,1,37,,6725,30,,,1,77,,6709,30,,,1,33,,6712,30,,,1,76,,6727,30,,,1,76,,6728,30,,,1,34,,6729,30,,,1,76,,6730,30,,,1,36,,6731,30,,,1,75,,6732,30,,,1,35,,6733,30,,,1,78,,6714,30,,,1,72,,6711,30,,,1,32,,6713,30,,,1,76,,6716,30,,,1,35,,6715,30,,,1
2504,'Weekday',620,,6753,28,,,1,30,,6755,28,,,1,77,,6761,28,,,1,77,,6760,28,,,1,38,,6759,28,,,1,73,,6758,28,,,1,35,,6762,28,,,1,76,,6763,28,,,1,483,,6754,28,,,1,36,,6764,28,,,1,76,,6765,28,,,1,37,,6766,28,,,1,76,,6767,28,,,1,77,,6768,28,,,1,36,,6769,28,,,1,75,,6770,28,,,1,36,,6757,28,,,1,74,,6756,28,,,1
21500,'Weekday',738,,11247,14,,,1
