102,'Holiday1',545,,276,0,,1,94,,274,0,,1,16,,300,0,,1,60,,301,0,,1,20,,302,0,,1,20,,303,0,,1,60,,304,0,,1,20,,305,0,,1,20,,306,0,,1,60,,307,0,,1,20,,309,0,,1,20,,310,0,,1,60,,295,0,,1,20,,296,0,,1,20,,283,0,,1,60,,289,0,,1,20,,278,0,,1,20,,288,0,,1,60,,281,0,,1,20,,287,0,,1,20,,294,0,,1,60,,290,0,,1,20,,277,0,,1,20,,293,0,,1,60,,286,0,,1,26,,279,0,,1,60,,282,0,,1,20,,298,0,,1,20,,280,0,,1,60,,297,0,,1,20,,291,0,,1,20,,299,0,,1,60,,292,0,,1,20,,284,0,,1,20,,285,0,,1,60,,308,0,,1,20,,312,0,,1,20,,313,0,,1,60,,311,0,,1,20,,314,0,,1,20,,315,0,,1,60,,316,0,,1,20,,317,0,,1,20,,318,0,,1,60,,319,0,,1,20,,320,0,,1,20,,321,0,,1,14,,322,0,,1,60,,323,0,,1,27,,326,0,,1,65,,327,0,,1,26,,324,0,,1,20,,325,0,,1,59,,328,0,,1,15,,273,0,,1,20,,329,0,,1,61,,275,0,,1
102,'Saturday',558,,330,0,,1,57,,334,0,,1,20,,331,0,,1,21,,332,0,,1,62,,335,0,,1,19,,333,0,,1,21,,337,0,,1,60,,338,0,,1,21,,339,0,,1,64,,336,0,,1,18,,342,0,,1,18,,343,0,,1,18,,344,0,,1,55,,366,0,,1,15,,367,0,,1,15,,368,0,,1,15,,369,0,,1,55,,371,0,,1,15,,372,0,,1,15,,373,0,,1,15,,370,0,,1,55,,374,0,,1,15,,375,0,,1,15,,376,0,,1,15,,380,0,,1,55,,377,0,,1,15,,378,0,,1,15,,379,0,,1,15,,381,0,,1,55,,383,0,,1,15,,384,0,,1,15,,382,0,,1,15,,386,0,,1,55,,387,0,,1,15,,385,0,,1,15,,388,0,,1,15,,363,0,,1,55,,360,0,,1,15,,354,0,,1,15,,362,0,,1,15,,356,0,,1,55,,364,0,,1,15,,365,0,,1,15,,355,0,,1,15,,361,0,,1,55,,353,0,,1,15,,359,0,,1,15,,358,0,,1,15,,357,0,,1,60,,389,0,,1,20,,390,0,,1,20,,391,0,,1,60,,392,0,,1,20,,393,0,,1,20,,394,0,,1,59,,395,0,,1,20,,396,0,,1,20,,397,0,,1,61,,345,0,,1,30,,346,0,,1,70,,351,0,,1,30,,352,0,,1,70,,347,0,,1,30,,349,0,,1,60,,398,0,,1,28,,350,0,,1,70,,348,0,,1
102,'Sunday',545,,402,0,,1,94,,400,0,,1,16,,426,0,,1,60,,427,0,,1,20,,428,0,,1,20,,429,0,,1,60,,430,0,,1,20,,431,0,,1,20,,432,0,,1,60,,433,0,,1,20,,435,0,,1,20,,436,0,,1,60,,421,0,,1,20,,422,0,,1,20,,409,0,,1,60,,415,0,,1,20,,404,0,,1,20,,414,0,,1,60,,407,0,,1,20,,413,0,,1,20,,420,0,,1,60,,416,0,,1,20,,403,0,,1,20,,419,0,,1,60,,412,0,,1,26,,405,0,,1,60,,408,0,,1,20,,424,0,,1,20,,406,0,,1,60,,423,0,,1,20,,417,0,,1,20,,425,0,,1,60,,418,0,,1,20,,410,0,,1,20,,411,0,,1,60,,434,0,,1,20,,438,0,,1,20,,439,0,,1,60,,437,0,,1,20,,440,0,,1,20,,441,0,,1,60,,442,0,,1,20,,443,0,,1,20,,444,0,,1,60,,445,0,,1,20,,446,0,,1,20,,447,0,,1,14,,448,0,,1,60,,449,0,,1,27,,452,0,,1,65,,453,0,,1,26,,450,0,,1,20,,451,0,,1,59,,454,0,,1,15,,399,0,,1,20,,455,0,,1,61,,401,0,,1
102,'Weekday',421,,459,0,,1,20,,460,0,,1,60,,457,0,,1,20,,463,0,,1,13,,464,0,,1,67,,462,0,,1,19,,461,0,,1,20,,473,0,,1,14,,467,0,,1,70,,469,0,,1,22,,472,0,7,1,69,,475,0,,1,21,,476,0,,1,19,,466,0,,1,74,,478,0,,1,24,,479,0,,1,65,,480,0,,1,88,,481,0,,1,25,,482,0,,1,87,,484,0,,1,28,,485,0,,1,70,,486,0,7,1,27,,483,0,,1,82,,487,0,,1,27,,488,0,,1,62,,506,0,,1,23,,507,0,,1,19,,504,0,,1,67,,508,0,,1,24,,509,0,,1,9,,510,0,,1,72,,511,0,,1,15,,512,0,,1,72,,513,0,,1,22,,514,0,,1,16,,515,0,,1,64,,516,0,,1,26,,517,0,,1,61,,518,0,,1,22,,519,0,,1,15,,520,0,,1,67,,529,0,,1,24,,528,0,,1,22,,527,0,,1,78,,530,0,,1,70,,531,0,,1,37,,532,0,,1,69,,533,0,,1,40,,534,0,,1,72,,535,0,,1,35,,536,0,,1
2302,'Holiday1',722,,6575,0,,1,30,,6549,0,,1,68,,6552,0,,1,32,,6553,0,,1,68,,6554,0,,1,28,,6551,0,,1,68,,6555,0,,1,28,,6556,0,,1,68,,6550,0,,1,28,,6558,0,,1,69,,6560,0,,1,28,,6557,0,,1,67,,6561,0,,1,28,,6559,0,,1,69,,6562,0,,1,28,,6563,0,,1,28,,6564,0,,1,68,,6565,0,,1,28,,6566,0,,1,68,,6580,0,,1,28,,6568,0,,1,68,,6569,0,,1,28,,6570,0,,1,68,,6567,0,,1,28,,6572,0,,1,68,,6573,0,,1,28,,6574,0,,1,68,,6571,0,,1,28,,6578,0,,1,68,,6579,0,,1,28,,6576,0,,1,28,,6577,0,,1
2302,'Saturday',519,,6581,0,,1,30,,6582,0,,1,70,,6603,0,,1,32,,6602,0,,1,80,,6606,0,,1,72,,6605,0,,1,28,,6608,0,,1,27,,6609,0,,1,68,,6610,0,,1,28,,6607,0,,1,68,,6611,0,,1,28,,6614,0,,1,69,,6615,0,,1,28,,6612,0,,1,68,,6613,0,,1,28,,6604,0,,1,68,,6594,0,,1,28,,6595,0,,1,67,,6596,0,,1,28,,6597,0,,1,69,,6598,0,,1,28,,6593,0,,1,28,,6600,0,,1,70,,6601,0,,1,30,,6599,0,,1,66,,6585,0,,1,26,,6586,0,,1,66,,6584,0,,1,33,,6592,0,,1,70,,6583,0,,1,32,,6588,0,,1,68,,6590,0,,1,30,,6587,0,,1,70,,6589,0,,1,30,,6591,0,,1,70,,6619,0,,1,30,,6618,0,,1,70,,6617,0,,1,30,,6616,0,,1
2302,'Sunday',722,,6646,0,,1,30,,6620,0,,1,68,,6623,0,,1,32,,6624,0,,1,68,,6625,0,,1,28,,6622,0,,1,68,,6626,0,,1,28,,6627,0,,1,68,,6621,0,,1,28,,6629,0,,1,69,,6631,0,,1,28,,6628,0,,1,67,,6632,0,,1,28,,6630,0,,1,69,,6633,0,,1,28,,6634,0,,1,28,,6635,0,,1,68,,6636,0,,1,28,,6637,0,,1,68,,6651,0,,1,28,,6639,0,,1,68,,6640,0,,1,28,,6641,0,,1,68,,6638,0,,1,28,,6643,0,,1,68,,6644,0,,1,28,,6645,0,,1,68,,6642,0,,1,28,,6649,0,,1,68,,6650,0,,1,28,,6647,0,,1,28,,6648,0,,1
2302,'Weekday',442,,6652,0,,1,15,,6662,0,,1,56,,6663,0,,1,15,,6661,0,,1,15,,6665,0,,1,15,,6667,0,,1,55,,6668,0,,1,15,,6669,0,,1,15,,6666,0,,1,15,,6670,0,,1,55,,6664,0,,1,15,,6671,0,,1,15,,6672,0,,1,15,,6673,0,,1,55,,6674,0,,1,17,,6658,0,,1,18,,6655,0,,1,66,,6657,0,,1,29,,6675,0,,1,71,,6676,0,,1,29,,6677,0,,1,71,,6678,0,,1,30,,6679,0,,1,69,,6680,0,,1,30,,6681,0,,1,71,,6682,0,,1,30,,6660,0,,1,69,,6706,0,,1,15,,6703,0,,1,15,,6705,0,,1,15,,6702,0,,1,55,,6704,0,,1,15,,6701,0,,1,20,,6683,0,,1,54,,6684,0,,1,15,,6685,0,,1,15,,6686,0,,1,15,,6687,0,,1,55,,6688,0,,1,15,,6689,0,,1,15,,6690,0,,1,15,,6691,0,,1,55,,6692,0,,1,15,,6653,0,,1,17,,6659,0,,1,13,,6656,0,,1,55,,6654,0,,1,34,,6693,0,,1,74,,6694,0,,1,34,,6695,0,,1,74,,6696,0,,1,34,,6697,0,,1,74,,6698,0,,1,74,,6699,0,,1,34,,6700,0,,1
3503,'Holiday1',800,,8670,0,,1,45,,8669,0,,1,85,,8677,0,,1,86,,8672,0,,1,85,,8674,0,,1,45,,8676,0,,1,85,,8671,0,,1,85,,8678,0,,1,85,,8668,0,,1,45,,8673,0,,1,85,,8675,0,,1,85,,8679,0,,1,85,,8680,0,,1,45,,8683,0,,1,85,,8681,0,,1,85,,8682,0,,1
3503,'Saturday',815,,8686,0,,1,86,,8684,0,,1,45,,8687,0,,1,85,,8685,0,,1,85,,8689,0,,1,85,,8688,0,,1,45,,8690,0,,1,85,,8692,0,,1,85,,8693,0,,1,85,,8691,0,,1,45,,8694,0,,1,85,,8696,0,,1,85,,8697,0,,1,85,,8695,0,,1,45,,8698,0,,1,85,,8699,0,,1,85,,8700,0,,1
3503,'Sunday',800,,8703,0,,1,45,,8702,0,,1,85,,8710,0,,1,86,,8705,0,,1,85,,8707,0,,1,45,,8709,0,,1,85,,8704,0,,1,85,,8711,0,,1,85,,8701,0,,1,45,,8706,0,,1,85,,8708,0,,1,85,,8712,0,,1,85,,8713,0,,1,45,,8716,0,,1,85,,8714,0,,1,85,,8715,0,,1
3503,'Weekday',530,,8717,0,,1,76,,8721,0,,1,35,,8718,0,,1,75,,8740,0,,1,35,,8725,0,,1,75,,8736,0,,1,75,,8743,0,,1,35,,8748,0,,1,75,,8742,0,,1,35,,8720,0,,1,80,,8741,0,,1,30,,8739,0,,1,75,,8744,0,,1,75,,8737,0,,1,35,,8746,0,,1,75,,8747,0,,1,35,,8738,0,,1,75,,8728,0,,1,75,,8727,0,,1,35,,8723,0,,1,75,,8733,0,,1,35,,8729,0,,1,75,,8732,0,,1,35,,8726,0,,1,75,,8722,0,,1,75,,8730,0,,1,35,,8731,0,,1,75,,8734,0,,1,35,,8735,0,,1,75,,8719,0,,1,75,,8724,0,,1,35,,8745,0,,1
4103,'Weekday',521,,8849,0,,1,95,,8856,0,,1,95,,8854,0,,1,95,,8857,0,,1,95,,8853,0,,1,55,,8858,0,,1,480,,8851,0,,1,95,,8859,0,,1,95,,8852,0,,1,95,,8860,0,,1,100,,8850,0,,1,95,,8855,0,,1
5003,'Holiday1',733,,8900,0,,1,68,,8891,0,,1,25,,8890,0,,1,14,,8901,0,5,1,16,,8898,0,,1,59,,8909,0,5,1,11,,8870,0,,1,30,,8897,0,,1,54,,8912,0,5,1,17,,8873,0,,1,17,,8913,0,5,1,59,,8874,0,,1,24,,8875,0,,1,14,,8914,0,5,1,59,,8872,0,,1,20,,8911,0,5,1,17,,8895,0,,1,21,,8876,0,,1,53,,8915,0,5,1,18,,8877,0,,1,23,,8916,0,5,1,57,,8871,0,,1,19,,8893,0,,1,13,,8917,0,5,1,17,,8879,0,,1,64,,8908,0,5,1,11,,8881,0,,1,26,,8878,0,,1,52,,8907,0,5,1,18,,8896,0,,1,20,,8906,0,5,1,58,,8882,0,,1,21,,8880,0,,1,13,,8905,0,5,1,17,,8894,0,,1,64,,8904,0,5,1,11,,8885,0,,1,24,,8886,0,,1,54,,8903,0,5,1,17,,8883,0,,1,28,,8902,0,5,1,60,,8887,0,,1,25,,8910,0,5,1,17,,8884,0,,1,67,,8920,0,5,1,12,,8888,0,,1,70,,8889,0,,1,10,,8918,0,5,1,29,,8892,0,,1,54,,8921,0,5,1,29,,8899,0,,1,10,,8919,0,5,1
5003,'Saturday',546,,8955,0,,1,80,,8951,0,,1,80,,8922,0,,1,40,,8923,0,,1,59,,8956,0,5,1,20,,8924,0,,1,24,,8964,0,5,1,56,,8925,0,,1,29,,8968,0,5,1,9,,8927,0,,1,78,,8969,0,5,1,13,,8928,0,,1,25,,8929,0,,1,47,,8965,0,5,1,21,,8926,0,,1,24,,8967,0,5,1,6,,8953,0,,1,71,,8931,0,,1,9,,8966,0,5,1,21,,8933,0,,1,65,,8970,0,5,1,6,,8930,0,,1,30,,8934,0,,1,49,,8971,0,5,1,20,,8932,0,,1,24,,8972,0,5,1,6,,8936,0,,1,70,,8937,0,,1,9,,8973,0,5,1,22,,8954,0,,1,65,,8959,0,5,1,13,,8938,0,,1,63,,8935,0,,1,8,,8961,0,5,1,20,,8939,0,,1,24,,8960,0,5,1,52,,8940,0,,1,24,,8942,0,,1,9,,8963,0,5,1,21,,8952,0,,1,64,,8962,0,5,1,14,,8945,0,,1,22,,8943,0,,1,51,,8958,0,5,1,18,,8941,0,,1,24,,8957,0,5,1,60,,8944,0,,1,20,,8977,0,5,1,22,,8947,0,,1,66,,8976,0,5,1,12,,8946,0,,1,71,,8948,0,,1,9,,8975,0,5,1,31,,8974,0,5,1,9,,8949,0,,1,69,,8950,0,,1
5003,'Sunday',733,,9008,0,,1,68,,8999,0,,1,25,,8998,0,,1,14,,9009,0,5,1,16,,9006,0,,1,59,,9017,0,5,1,11,,8978,0,,1,30,,9005,0,,1,54,,9020,0,5,1,17,,8981,0,,1,17,,9021,0,5,1,59,,8982,0,,1,24,,8983,0,,1,14,,9022,0,5,1,59,,8980,0,,1,20,,9019,0,5,1,17,,9003,0,,1,21,,8984,0,,1,53,,9023,0,5,1,18,,8985,0,,1,23,,9024,0,5,1,57,,8979,0,,1,19,,9001,0,,1,13,,9025,0,5,1,17,,8987,0,,1,64,,9016,0,5,1,11,,8989,0,,1,26,,8986,0,,1,52,,9015,0,5,1,18,,9004,0,,1,20,,9014,0,5,1,58,,8990,0,,1,21,,8988,0,,1,13,,9013,0,5,1,17,,9002,0,,1,64,,9012,0,5,1,11,,8993,0,,1,24,,8994,0,,1,54,,9011,0,5,1,17,,8991,0,,1,28,,9010,0,5,1,60,,8995,0,,1,25,,9018,0,5,1,17,,8992,0,,1,67,,9028,0,5,1,12,,8996,0,,1,70,,8997,0,,1,10,,9026,0,5,1,29,,9000,0,,1,54,,9029,0,5,1,29,,9007,0,,1,10,,9027,0,5,1
5003,'Weekday',557,,9032,0,,1,43,,9030,0,5,1,13,,9069,0,,1,15,,9070,0,,1,2,,9054,0,5,1,15,,9071,0,,1,14,,9049,0,5,1,42,,9072,0,,1,15,,9073,0,,1,14,,9042,0,5,1,1,,9074,0,,1,14,,9075,0,,1,14,,9076,0,,1,41,,9061,0,5,1,14,,9077,0,,1,14,,9078,0,,1,2,,9052,0,5,1,14,,9079,0,,1,14,,9080,0,,1,42,,9051,0,5,1,13,,9081,0,,1,14,,9082,0,,1,2,,9050,0,5,1,13,,9083,0,,1,15,,9084,0,,1,45,,9057,0,5,1,10,,9085,0,,1,15,,9086,0,,1,11,,9060,0,5,1,4,,9087,0,,1,15,,9088,0,,1,56,,9089,0,,1,7,,9065,0,5,1,14,,9090,0,,1,20,,9091,0,,1,46,,9066,0,5,1,15,,9092,0,,1,20,,9093,0,,1,5,,9058,0,5,1,15,,9094,0,,1,55,,9064,0,5,1,5,,9095,0,,1,20,,9096,0,,1,6,,9059,0,5,1,14,,9097,0,,1,57,,9040,0,5,1,7,,9098,0,,1,17,,9099,0,,1,8,,9063,0,5,1,7,,9100,0,,1,55,,9101,0,,1,6,,9067,0,5,1,8,,9102,0,,1,15,,9103,0,,1,6,,9068,0,5,1,9,,9104,0,,1,55,,9105,0,,1,7,,9047,0,5,1,9,,9106,0,,1,16,,9107,0,,1,7,,9039,0,5,1,8,,9108,0,,1,55,,9109,0,,1,7,,9038,0,5,1,8,,9110,0,,1,15,,9111,0,,1,7,,9055,0,5,1,8,,9112,0,,1,55,,9113,0,,1,5,,9037,0,5,1,8,,9114,0,,1,14,,9115,0,,1,7,,9043,0,5,1,8,,9116,0,,1,54,,9117,0,,1,8,,9056,0,5,1,6,,9118,0,,1,15,,9119,0,,1,10,,9045,0,5,1,5,,9120,0,,1,54,,9121,0,,1,10,,9044,0,5,1,4,,9122,0,,1,25,,9062,0,5,1,4,,9123,0,,1,66,,9053,0,5,1,3,,9124,0,,1,27,,9041,0,5,1,3,,9125,0,,1,66,,9036,0,5,1,4,,9126,0,,1,25,,9048,0,5,1,5,,9127,0,,1,65,,9046,0,5,1,6,,9128,0,,1,19,,9033,0,5,1,11,,9129,0,,1,58,,9034,0,5,1,12,,9130,0,,1,34,,9035,0,,1
