'251229-MULTI-Saturday-01',901,74700,0,'',1,9000,0,'',1,9100,0,'',1,9000,0,'',1,9000,0,'',1,5000,0,'',1,9000,0,'',1,9000,0,'',1,9000,0,'',1,9200,0,'',1,8900,0,'',1,5000,0,'',1,9000,0,'',1,8900,0,'',1,8900,0,'',1
'251229-MULTI-Sunday-01',901,83400,0,'',1,10500,0,'',1,10900,0,'',1,10500,0,'',1,10500,0,'',1,14600,0,'',1,10700,0,'',1,10500,0,'',1,10700,0,'',1,10700,0,'',1,10600,0,'',1
'260105-MULTI-Holiday1-01',901,83400,0,'',1,10500,0,'',1,10900,0,'',1,10500,0,'',1,10500,0,'',1,14600,0,'',1,10700,0,'',1,10500,0,'',1,10700,0,'',1,10700,0,'',1,10600,0,'',1
'260105-MULTI-Saturday-01',901,74700,0,'',1,9000,0,'',1,9100,0,'',1,9000,0,'',1,9000,0,'',1,5000,0,'',1,9000,0,'',1,9000,0,'',1,9000,0,'',1,9200,0,'',1,8900,0,'',1,5000,0,'',1,9000,0,'',1,8900,0,'',1,8900,0,'',1
'260105-MULTI-Sunday-01',901,83400,0,'',1,10500,0,'',1,10900,0,'',1,10500,0,'',1,10500,0,'',1,14600,0,'',1,10700,0,'',1,10500,0,'',1,10700,0,'',1,10700,0,'',1,10600,0,'',1
'260105-MULTI-Weekday-01',901,54700,0,'',1,7600,0,'',1,3400,0,'',1,7400,0,'',1,2300,0,'',1,7900,0,'',1,7500,0,'',1,4500,0,'',1,8700,0,'',1,8200,0,'',1,8700,0,'',1,4800,0,'',1,8500,0,'',1,8300,0,'',1,3200,0,'',1,7500,0,'',1,7800,0,'',1,3500,0,'',1,7500,0,'',1,3500,0,'',1,7600,0,'',1,7300,0,'',1,3400,0,'',1,7900,0,'',1,4100,0,'',1,8500,0,'',1
'260105-MULTI-Weekday-01',20500,75000,4,'',1
'260105-MULTI-Weekday-01',20501,145000,0,'',1
'260105-MULTI-Weekday-01',21500,75500,4,'',1
'260105-MULTI-Weekday-01',21501,143000,0,'',1
'260105-MULTI-Weekday-01',21701,144500,0,'',1
