1101,'Holiday1',529,,17150,,,1,80,,17148,,,1,40,,17146,,,1,80,,17144,,,1,80,,17151,,,1,40,,17153,,,1,80,,17156,,,1,80,,17157,,,1,40,,17160,,,1,80,,17159,,,1,80,,17163,,,1,40,,17166,,,1,80,,17167,,,1,80,,17168,,,1,40,,17170,,,1,82,,17173,,,1,82,,17177,,,1,42,,17178,,,1,82,,17182,,,1,80,,17180,,,1,41,,17179,,,1,86,,17184,,,1,86,,17185,,,1,84,,17193,,,1,45,,17190,,,1,88,,17189,,,1,86,,17196,,,1,80,,17197,,,1
1101,'Saturday',445,,17198,,,1,82,,17201,,,1,80,,17202,,,1,41,,17200,,,1,81,,17199,,,1,80,,17203,,,1,42,,17210,,,1,88,,17212,,,1,81,,17213,,,1,82,,17214,,,1,42,,17216,,,1,82,,17217,,,1,81,,17218,,,1,42,,17215,,,1,82,,17219,,,1,86,,17233,,,1,84,,17234,,,1,46,,17235,,,1,82,,17236,,,1,84,,17237,,,1,45,,17238,,,1,86,,17242,,,1,84,,17243,,,1,88,,17244,,,1,94,,17246,,,1,94,,17249,,,1,105,,17250,,,1
1101,'Sunday',529,,17257,,,1,80,,17255,,,1,40,,17253,,,1,80,,17251,,,1,80,,17258,,,1,40,,17260,,,1,80,,17263,,,1,80,,17264,,,1,40,,17267,,,1,80,,17266,,,1,80,,17270,,,1,40,,17272,,,1,80,,17274,,,1,80,,17275,,,1,40,,17277,,,1,82,,17280,,,1,82,,17284,,,1,42,,17285,,,1,82,,17289,,,1,80,,17287,,,1,41,,17286,,,1,86,,17291,,,1,86,,17292,,,1,84,,17300,,,1,45,,17297,,,1,88,,17296,,,1,86,,17303,,,1,80,,17304,,,1
1101,'Weekday',435,,17377,,,1,73,,17378,,,1,34,,17376,,,1,73,,17374,,,1,28,,17383,,,1,68,,17380,,,1,28,,17379,,,1,68,,17359,,,1,28,,17357,,,1,71,,17358,,,1,26,,17371,,,1,74,,17362,,,1,33,,17363,,,1,72,,17348,,,1,39,,17349,,,1,78,,17336,,,1,30,,17337,,,1,50,,17334,0,9 10,1,22,,17365,,,1,75,,17368,,,1,28,,17329,,,1,70,,17330,,,1,99,,17345,,,1,28,,17335,0,9 11,1,27,,17346,,,1,67,,17320,,,1,29,,17366,,,1,70,,17318,,,1,25,,17340,,,1,64,,17351,,,1,28,,17350,,,1,71,,17311,,,1,34,,17309,,,1,74,,17314,,,1,23,,17325,0,9 11,1,61,,17323,,,1,37,,17312,,,1,87,,17316,,,1,75,,17306,0,9 10,1,19,,17322,,,1,18,,17305,0,9 10,1,15,,17308,,,1,75,,17332,,,1
5101,'Holiday1',901,,22916,,,1,101,,22918,,,1,100,,22917,,,1,99,,22915,,,1,103,,22914,,,1,100,,22913,,,1,100,,22912,,,1,100,,22911,,,1,101,,22910,,,1,100,,22908,,,1,99,,22909,,,1,100,,22907,,,1,100,,22906,,,1,100,,22905,,,1
5101,'Saturday',701,,22920,,,1,101,,22921,,,1,100,,22922,,,1,100,,22926,,,1,101,,22924,,,1,99,,22923,,,1,101,,22925,,,1,100,,22928,,,1,100,,22927,,,1,100,,22930,,,1,101,,22929,,,1,100,,22931,,,1,100,,22919,,,1,100,,22934,,,1,100,,22932,,,1,100,,22933,,,1
5101,'Sunday',901,,22946,,,1,101,,22948,,,1,100,,22947,,,1,99,,22945,,,1,103,,22944,,,1,100,,22943,,,1,100,,22942,,,1,100,,22941,,,1,101,,22940,,,1,100,,22938,,,1,99,,22939,,,1,100,,22937,,,1,100,,22936,,,1,100,,22935,,,1
5101,'Weekday',509,,22949,,,1,33,,22962,,,1,70,,22950,,,1,37,,22960,,,1,64,,22951,,,1,32,,22959,,,1,70,,22953,,,1,34,,22961,,,1,66,,22957,,,1,31,,22972,,,1,69,,22974,,,1,30,,22975,,,1,70,,22976,,,1,30,,22973,,,1,70,,22977,,,1,26,,22978,,,1,72,,22979,,,1,27,,22980,,,1,73,,22981,,,1,32,,22982,,,1,69,,22954,,,1,30,,22964,,,1,74,,22955,,,1,27,,22965,,,1,71,,22952,,,1,29,,22966,,,1,74,,22958,,,1,28,,22963,,,1,100,,22956,,,1,99,,22968,,,1,99,,22969,,,1,100,,22970,,,1,107,,22971,,,1,92,,22967,,,1
51101,'Holiday1',455,,26462,,,1,70,,26464,,,1,83,,26470,,,1,20,,26473,,,1,72,41,26471,,,1,23,,26439,,,1,10,,26474,,,1,10,,26472,,,1,60,,26442,,,1,17,,26419,0,8,1,18,,26440,,,1,62,,26421,0,8,1,23,,26443,,,1,17,,26420,0,8,1,63,,26444,,,1,17,,26423,0,8,1,23,,26441,,,1,57,,26424,0,8,1,23,,26446,,,1,17,,26418,0,8,1,63,,26447,,,1,17,,26425,0,8,1,23,,26448,,,1,57,,26422,0,8,1,23,,26445,,,1,20,,26426,0,8,1,63,,26449,,,1,1,,26465,,,1,21,,26427,0,8,1,20,,26450,,,1,60,,26428,0,8,1,20,,26451,,,1,20,,26429,0,8,1,60,,26452,,,1,20,,26430,0,8,1,20,,26453,,,1,62,,26432,0,8,1,18,,26454,,,1,16,,26433,0,8,1,13,,26466,,,1,50,,26463,,,1,4,,26455,,,1,9,,26434,0,8,1,7,,26467,,,1,21,,26457,,,1,60,,26431,0,8,1,20,,26458,,,1,4,,26468,,,1,15,,26435,0,8,1,57,,26459,,,1,19,,26436,0,8,1,20,,26456,,,1,57,,26437,0,8,1,23,,26460,,,1,11,,26438,0,8,1,69,,26461,,,1,153,,26469,,,1
51101,'Saturday',458,,26476,,,1,63,,26475,,,1,4,,26478,0,13,1,11,,26480,0,8,1,19,,26483,,,1,51,,26479,,,1,19,,26477,,,1,11,,26494,0,8,1,19,,26487,,,1,51,,26488,0,8,1,15,,26481,0,13,1,2,,26489,0,8,1,10,,26500,0,13,1,3,,26485,,,1,15,,26490,0,8,1,55,,26498,0,8,1,16,,26486,,,1,13,,26491,0,8,1,16,,26484,0,8,1,56,,26482,,,1,14,,26497,0,8,1,15,,26493,0,8,1,16,,26492,,,1,50,,26496,0,8,1,14,,26510,0,8,1,10,,26499,0,8,1,12,,26495,,,1,13,,26503,0,8,1,55,,26505,0,8,1,10,,26513,0,8,1,12,,26502,,,1,13,,26520,0,8,1,15,,26511,0,8,1,50,,26504,0,8,1,12,,26501,,,1,13,,26506,0,8,1,15,,26517,0,8,1,10,,26515,0,8,1,52,,26508,,,1,13,,26524,0,8,1,15,,26512,0,8,1,10,,26509,0,8,1,12,,26507,,,1,47,,26526,0,13,1,6,,26518,0,8,1,15,,26519,0,8,1,10,,26516,0,8,1,12,,26514,,,1,53,,26525,0,8,1,15,,26522,0,8,1,10,,26523,0,8,1,12,,26521,,,1,13,,26528,0,8,1,55,,26530,0,8,1,10,,26531,0,8,1,12,,26527,,,1,13,,26529,0,8,1,15,,26535,0,8,1,50,,26532,0,8,1,12,,26533,,,1,13,,26536,0,8,1,15,,26538,0,8,1,9,,26542,0,13,1,1,,26534,0,13,1,2,,26541,0,8,1,46,,26539,0,13,1,1,,26547,0,13,1,1,,26537,,,1,15,,26544,0,8,1,4,,26552,0,13,1,1,,26540,0,13,1,11,,26555,0,13,1,1,,26546,0,8,1,8,,26545,0,8,1,12,,26543,,,1,53,,26550,0,8,1,14,,26548,0,8,1,5,,26557,0,13,1,1,,26556,0,13,1,5,,26551,0,8,1,12,,26549,,,1,52,,26554,0,8,1,20,,26560,0,8,1,19,,26559,0,8,1,15,,26561,0,8,1,58,,26558,0,8,1,18,,26553,0,8,1,18,,26563,0,8,1,58,,26564,0,8,1,18,,26562,0,8,1,18,,26565,0,8,1,113,,26566,0,13,1
51101,'Sunday',455,,26611,,,1,70,,26613,,,1,83,,26621,,,1,20,,26622,,,1,72,41,26619,,,1,23,,26588,,,1,10,,26623,,,1,10,,26620,,,1,60,,26591,,,1,17,,26568,0,8,1,18,,26589,,,1,62,,26570,0,8,1,23,,26592,,,1,17,,26569,0,8,1,63,,26593,,,1,17,,26572,0,8,1,23,,26590,,,1,57,,26573,0,8,1,23,,26595,,,1,17,,26567,0,8,1,63,,26596,,,1,17,,26574,0,8,1,23,,26597,,,1,57,,26571,0,8,1,23,,26594,,,1,20,,26575,0,8,1,63,,26598,,,1,1,,26614,,,1,21,,26576,0,8,1,20,,26599,,,1,60,,26577,0,8,1,20,,26600,,,1,20,,26578,0,8,1,60,,26601,,,1,20,,26579,0,8,1,20,,26602,,,1,62,,26581,0,8,1,18,,26603,,,1,16,,26582,0,8,1,13,,26615,,,1,50,,26612,,,1,4,,26604,,,1,9,,26583,0,8,1,7,,26616,,,1,21,,26605,,,1,60,,26580,0,8,1,20,,26606,,,1,4,,26617,,,1,15,,26584,0,8,1,57,,26607,,,1,19,,26585,0,8,1,20,,26608,,,1,57,,26586,0,8,1,23,,26609,,,1,11,,26587,0,8,1,69,,26610,,,1,153,,26618,,,1
51101,'Weekday',455,,26625,,,1,48,,26626,0,8,1,15,,26627,0,8,1,7,,26629,,,1,8,,26628,0,8,1,15,,26646,0,8,1,7,,26633,,,1,47,,26658,0,8,1,7,,26636,,,1,8,,26654,0,8,1,7,,26639,,,1,8,,26645,0,8,1,7,,26655,,,1,8,,26664,0,8,1,7,,26651,,,1,47,,26665,0,8,1,7,,26630,,,1,10,,26631,0,8,1,5,,26634,,,1,8,,26656,0,8,1,7,,26632,,,1,8,,26640,0,8,1,7,,26637,,,1,49,,26641,0,8,1,7,,26635,,,1,8,,26644,0,8,1,7,,26638,,,1,8,,26653,0,8,1,7,,26647,,,1,8,,26649,0,8,1,7,,26659,,,1,48,,26642,0,8,1,7,,26662,,,1,8,,26650,0,8,1,10,,26643,,,1,13,,26648,0,8,1,15,,26729,,,1,51,,26740,0,8,1,13,,26730,,,1,11,,26741,0,8,1,13,,26731,,,1,11,,26742,0,8,1,53,,26732,,,1,11,,26743,0,8,1,13,,26733,,,1,11,,26652,0,8,1,13,,26734,,,1,50,,26660,0,8,1,13,,26735,,,1,11,,26624,0,8,1,13,,26736,,,1,11,,26671,0,8,1,53,,26737,,,1,11,,26666,0,8,1,11,,26738,,,1,13,,26669,0,8,1,13,,26739,,,1,51,,26668,0,8,1,14,,26667,,,1,11,,26675,0,8,1,9,,26676,,,1,8,,26670,0,8,1,7,,26674,,,1,48,,26673,0,8,1,7,,26672,,,1,8,,26683,0,8,1,7,,26678,,,1,8,,26681,0,8,1,7,,26709,,,1,8,,26684,0,8,1,7,,26680,,,1,48,,26682,0,8,1,7,,26700,,,1,8,,26677,0,8,1,7,,26679,,,1,8,,26685,0,8,1,7,,26696,,,1,8,,26698,0,8,1,7,,26687,,,1,48,,26702,0,8,1,7,,26686,,,1,8,,26694,0,8,1,7,,26697,,,1,8,,26695,0,8,1,7,,26693,,,1,8,,26691,0,8,1,7,,26688,,,1,48,,26689,0,8,1,5,,26699,,,1,2,,26692,,,1,8,,26690,0,8,1,7,,26701,,,1,8,,26703,0,8,1,4,,26715,,,1,3,,26711,,,1,8,,26710,0,8,1,7,,26708,,,1,48,,26706,0,8,1,7,,26704,,,1,8,,26707,0,8,1,7,,26712,,,1,14,,26718,,,1,1,,26705,,,1,15,,26714,,,1,55,,26713,,,1,22,,26716,,,1,21,,26717,,,1,60,,26719,,,1,20,,26720,,,1,22,,26723,,,1,60,,26726,,,1,22,,26721,,,1,18,,26725,,,1,62,,26724,,,1,16,,26722,,,1,17,,26661,,,1,53,,26657,,,1,14,,26727,,,1,20,,26728,,,1,20,,26663,,,1
51102,'Holiday1',801,,26744,4,,1,44,,26745,4,,1,80,,26746,4,,1,80,,26748,4,,1,40,,26749,4,,1,83,,26750,4,,1,82,,26747,4,,1,41,,26751,4,,1,80,,26752,4,,1,79,,26753,4,,1,41,,26754,4,,1,80,,26755,4,,1,80,,26757,4,,1,40,,26758,4,,1,81,,26759,4,,1,80,,26756,4,,1,40,,26760,4,,1,79,,26761,4,,1,78,,26762,4,,1,38,,26763,4,,1,74,,26764,4,,1,83,,26765,4,,1
51102,'Saturday',702,,26794,4,,1,17,,26803,4,,1,30,,26798,4,,1,53,,26810,4,,1,30,,26805,4,,1,15,,26801,4,,1,70,,26806,4,,1,18,,26808,4,,1,65,,26807,4,,1,14,,26825,4,,1,10,,26815,4,,1,25,,26816,4,,1,53,,26813,4,,1,10,,26832,4,,1,19,,26842,4,,1,10,,26818,4,,1,11,,26826,4,,1,52,,26821,4,,1,25,,26820,4,,1,13,,26819,4,,1,12,,26834,4,,1,65,,26838,4,,1,13,,26830,4,,1,12,,26827,4,,1,65,,26828,4,,1,13,,26829,4,,1,12,,26833,4,,1,25,,26839,4,,1,53,,26836,4,,1,12,,26835,4,,1,25,,26841,4,,1,53,,26843,4,,1,12,,26840,4,,1,25,,26852,4,,1,13,,26847,4,,1,52,,26846,4,,1,25,,26845,4,,1,13,,26853,4,,1,12,,26848,4,,1,65,,26849,4,,1,13,,26854,4,,1,12,,26856,4,,1,65,,26861,4,,1,13,,26860,4,,1,12,,26859,4,,1,25,,26864,4,,1,57,,26865,4,,1,22,,26866,4,,1,12,,26869,4,,1,58,,26870,4,,1,18,,26871,4,,1,18,,26868,4,,1,58,,26872,4,,1,18,,26873,4,,1,18,,26877,4,,1,18,,26878,4,,1,58,,26874,4,,1,18,,26875,4,,1,18,,26876,4,,1
51102,'Sunday',801,,26879,4,,1,44,,26880,4,,1,80,,26881,4,,1,80,,26882,4,,1,40,,26883,4,,1,83,,26884,4,,1,82,,26885,4,,1,41,,26886,4,,1,80,,26887,4,,1,79,,26888,4,,1,41,,26889,4,,1,80,,26890,4,,1,80,,26892,4,,1,40,,26893,4,,1,81,,26894,4,,1,80,,26891,4,,1,40,,26895,4,,1,79,,26896,4,,1,78,,26897,4,,1,38,,26898,4,,1,74,,26899,4,,1,83,,26900,4,,1
51102,'Weekday',716,,26934,4,,1,13,,26952,4,,1,15,,26931,4,,1,15,,26936,4,,1,55,,26937,4,,1,15,,26953,4,,1,15,,26942,4,,1,15,,26939,4,,1,55,,26943,4,,1,15,,26947,4,,1,13,,26948,4,,1,16,,26944,4,,1,64,,27036,4,,1,24,,27037,4,,1,65,,27038,4,,1,24,,27039,4,,1,24,,27040,4,,1,64,,27041,4,,1,24,,27042,4,,1,64,,27035,4,,1,25,,26959,4,,1,15,,26960,4,,1,55,,26974,4,,1,15,,26961,4,,1,15,,26964,4,,1,15,,26967,4,,1,56,,26965,4,,1,15,,26972,4,,1,15,,26971,4,,1,15,,26969,4,,1,55,,26975,4,,1,15,,26983,4,,1,15,,26979,4,,1,15,,26977,4,,1,55,,26986,4,,1,15,,26978,4,,1,15,,26989,4,,1,15,,26997,4,,1,54,,26992,4,,1,15,,26991,4,,1,15,,26995,4,,1,15,,27001,4,,1,55,,26990,4,,1,15,,27007,4,,1,15,,27010,4,,1,15,,27006,4,,1,55,,27008,4,,1,19,,27013,4,,1
