101,'Weekday',1302,,13836,0,7,1,111,,13851,0,5 7,1,89,,13840,0,7,1
102,'Weekday',849,,14076,0,7,1,100,,14078,0,5 7,1,95,,14094,0,5 7,1,378,,14090,0,7,1
304,'Holiday1',733,,14680,0,5 7,1,70,,14656,,,1,26,,14657,0,5 7,1,30,,14681,,,1,66,,14668,0,5 7,1,25,,14683,,,1,65,,14661,0,5 7,1,25,,14684,,,1,65,,14666,0,5 7,1,25,,14685,,,1,25,,14671,0,5 7,1,65,,14682,,,1,25,,14663,0,5 7,1,65,,14686,,,1,20,,14664,0,5 7,1,70,,14687,,,1,20,,14673,0,5 7,1,26,,14688,,,1,64,,14669,0,5 7,1,26,,14689,,,1,65,,14662,0,5 7,1,25,,14659,,,1,25,,14658,0,5 7,1,64,,14670,,,1,25,,14674,0,5 7,1,63,,14660,,,1,27,,14675,0,5 7,1,23,,14672,,,1,67,,14678,0,5 7,1,25,,14665,,,1,65,,14667,0,5 7,1,24,,14691,,,1,25,,14692,,,1,64,,14693,,,1,25,,14690,,,1,64,,14694,,,1,24,,14695,,,1,65,,14696,,,1,24,,14679,,,1,25,,14676,,,1,65,,14677,,,1
304,'Saturday',625,,14698,,,1,25,,14700,,,1,65,,14701,,,1,25,,14702,,,1,65,,14703,,,1,21,,14697,0,5 7,1,25,,14704,,,1,65,,14723,0,5 7,1,25,,14705,,,1,65,,14724,0,5 7,1,24,,14706,,,1,25,,14725,0,5 7,1,65,,14707,,,1,25,,14726,0,5 7,1,65,,14708,,,1,27,,14728,0,5 7,1,65,,14709,,,1,25,,14729,0,5 7,1,25,,14711,,,1,66,,14727,0,5 7,1,25,,14713,,,1,65,,14730,0,5 7,1,25,,14714,,,1,25,,14731,0,5 7,1,65,,14710,,,1,25,,14732,0,5 7,1,64,,14715,,,1,24,,14733,0,5 7,1,65,,14712,,,1,24,,14734,0,5 7,1,25,,14717,,,1,65,,14735,0,5 7,1,25,,14718,,,1,65,,14736,,,1,24,,14719,,,1,23,,14737,,,1,60,,14716,,,1,19,,14738,,,1,24,,14720,,,1,61,,14739,,,1,25,,14721,,,1,65,,14740,,,1,25,,14722,,,1,25,,14699,,,1
304,'Sunday',733,,14765,0,5 7,1,70,,14741,,,1,26,,14742,0,5 7,1,30,,14766,,,1,66,,14752,0,5 7,1,25,,14768,,,1,65,,14746,0,5 7,1,25,,14769,,,1,65,,14753,0,5 7,1,25,,14770,,,1,25,,14756,0,5 7,1,65,,14767,,,1,25,,14748,0,5 7,1,65,,14771,,,1,20,,14749,0,5 7,1,70,,14772,,,1,20,,14758,0,5 7,1,26,,14773,,,1,64,,14754,0,5 7,1,26,,14774,,,1,65,,14747,0,5 7,1,25,,14744,,,1,25,,14743,0,5 7,1,64,,14755,,,1,25,,14759,0,5 7,1,63,,14745,,,1,27,,14760,0,5 7,1,23,,14757,,,1,67,,14763,0,5 7,1,25,,14750,,,1,65,,14751,0,5 7,1,24,,14776,,,1,25,,14777,,,1,64,,14778,,,1,25,,14775,,,1,64,,14779,,,1,24,,14780,,,1,65,,14781,,,1,24,,14764,,,1,25,,14761,,,1,65,,14762,,,1
304,'Weekday',433,,14851,,,1,15,,14853,,,1,55,,14831,,,1,15,,14783,,,1,15,,14784,,,1,15,,14782,,,1,55,,14852,,,1,15,,14785,,,1,15,,14786,,,1,15,,14788,,,1,54,,14789,,,1,15,,14787,,,1,19,,14790,,,1,15,,14791,0,5 7,1,54,,14794,0,5 7,1,15,,14797,,,1,12,,14795,0,5 7,1,16,,14792,,,1,56,,14799,0,5 7,1,12,,14798,,,1,23,,14796,0,5 7,1,16,,14793,,,1,55,,14800,0,5 7,1,15,,14848,,,1,15,,14844,0,5 7,1,19,,14842,,,1,53,,14849,0,5 7,1,18,,14839,,,1,16,,14843,0,5 7,1,55,,14840,,,1,15,,14845,0,5 7,1,16,,14838,,,1,14,,14841,0,5 7,1,13,,14850,,,1,54,,14847,0,5 7,1,18,,14846,,,1,11,,14803,0,5 7,1,15,,14835,,,1,54,,14834,0,5 7,1,14,,14801,,,1,15,,14833,0,5 7,1,15,,14836,,,1,56,,14832,0,5 7,1,15,,14802,,,1,14,,14837,0,5 7,1,16,,14813,,,1,56,,14806,0,5 7,1,14,,14814,,,1,14,,14807,0,5 7,1,15,,14815,,,1,55,,14804,0,5 7,1,15,,14817,,,1,15,,14805,0,5 7,1,15,,14818,,,1,55,,14819,,,1,15,,14808,0,5 7,1,15,,14816,,,1,15,,14809,0,5 7,1,55,,14820,,,1,15,,14810,0,5 7,1,15,,14821,,,1,15,,14811,0,5 7,1,53,,14822,,,1,17,,14812,0,5 7,1,30,,14823,,,1,69,,14825,0,5 7,1,29,,14824,,,1,68,,14828,,,1,30,,14829,,,1,70,,14827,,,1,30,,14826,,,1,70,,14830,,,1
5703,'Holiday1',911,,23897,,,1,30,,23898,,,1,70,,23900,,,1,30,,23899,,,1,70,,23902,,,1,30,,23901,,,1,70,,23904,,,1,30,,23903,,,1,74,,23906,,,1,26,,23905,,,1,72,,23907,,,1,28,,23908,,,1,73,,23909,,,1,27,,23911,,,1,73,,23912,,,1,28,,23910,,,1,73,,23915,,,1,27,,23913,,,1,73,,23916,,,1,26,,23914,,,1,73,,23917,,,1
5703,'Saturday',540,,23925,,,1,70,,23933,,,1,30,,23924,,,1,70,,23934,,,1,30,,23918,,,1,70,,23932,,,1,30,,23930,,,1,71,,23935,,,1,29,,23931,,,1,71,,23937,,,1,29,,23926,,,1,71,,23939,,,1,29,,23927,,,1,71,,23940,,,1,29,,23928,,,1,71,,23936,,,1,29,,23923,,,1,70,,23941,,,1,30,,23919,,,1,71,,23942,,,1,29,,23922,,,1,71,,23943,,,1,29,,23921,,,1,72,,23944,,,1,28,,23920,,,1,72,,23938,,,1,28,,23929,,,1,71,,23945,,,1
5703,'Sunday',911,,23946,,,1,30,,23947,,,1,70,,23949,,,1,30,,23948,,,1,70,,23951,,,1,30,,23950,,,1,70,,23953,,,1,30,,23952,,,1,74,,23955,,,1,26,,23954,,,1,72,,23956,,,1,28,,23957,,,1,73,,23958,,,1,27,,23960,,,1,73,,23961,,,1,28,,23959,,,1,73,,23964,,,1,27,,23962,,,1,73,,23965,,,1,26,,23963,,,1,73,,23966,,,1
5703,'Weekday',518,,23967,,,1,30,,23969,,,1,62,,23970,,,1,25,,23971,,,1,66,,23968,,,1,26,,23972,,,1,23,,23973,,,1,68,,23975,,,1,23,,23976,,,1,74,,23977,,,1,26,,23974,,,1,64,,23978,,,1,30,,23979,,,1,65,,23980,,,1,26,,23981,,,1,74,,23982,,,1,30,,23983,,,1,70,,23984,,,1,30,,23987,,,1,71,,23985,,,1,33,,23988,,,1,66,,23989,,,1,25,,23986,,,1,18,,23990,,,1,75,,23991,,,1,19,,23992,,,1,66,,23993,,,1,25,,23995,,,1,18,,23996,,,1,67,,23997,,,1,26,,23994,,,1,71,,23999,,,1,29,,24000,,,1,66,,24001,,,1,29,,23998,,,1,70,,24002,,,1,30,,24003,,,1,70,,24005,,,1,28,,24006,,,1,71,,24007,,,1,22,,24004,,,1,34,,24008,,,1,57,,24009,,,1,22,,24010,,,1
