5003,'251229-MULTI-Saturday-01',827,,12637,4,,1,84,,12645,4,,1,44,,12649,4,,1,87,,12650,4,,1,86,,12646,4,,1,85,,12648,4,,1,45,,12647,4,,1,86,,12651,4,,1,85,,12652,4,,1,84,,12653,4,,1,46,,12654,4,,1,86,,12640,4,,1,85,,12642,4,,1,84,,12641,4,,1,45,,12644,4,,1,84,,12643,4,,1,87,,12639,4,,1,82,,12638,4,,1,41,,12658,4,,1,87,,12657,4,,1,92,,12656,4,,1,71,,12655,4,,1
5003,'251229-MULTI-Sunday-01',902,,12690,4,,1,34,,12698,4,,1,95,,12701,4,,1,74,,12702,4,,1,98,,12703,4,,1,38,,12700,4,,1,91,,12704,4,,1,81,,12705,4,,1,89,,12706,4,,1,42,,12697,4,,1,88,,12696,4,,1,78,,12695,4,,1,93,,12694,4,,1,41,,12693,4,,1,89,,12692,4,,1,84,,12691,4,,1,85,,12699,4,,1,45,,12709,4,,1,91,,12707,4,,1,82,,12710,4,,1,39,,12708,4,,1
5003,'260105-MULTI-Holiday1-01',902,,12742,4,,1,34,,12750,4,,1,95,,12753,4,,1,74,,12754,4,,1,98,,12755,4,,1,38,,12752,4,,1,91,,12756,4,,1,81,,12757,4,,1,89,,12758,4,,1,42,,12749,4,,1,88,,12748,4,,1,78,,12747,4,,1,93,,12746,4,,1,41,,12745,4,,1,89,,12744,4,,1,84,,12743,4,,1,85,,12751,4,,1,45,,12761,4,,1,91,,12759,4,,1,82,,12762,4,,1,39,,12760,4,,1
5003,'260105-MULTI-Saturday-01',827,,12797,4,,1,84,,12805,4,,1,44,,12809,4,,1,87,,12810,4,,1,86,,12806,4,,1,85,,12808,4,,1,45,,12807,4,,1,86,,12811,4,,1,85,,12812,4,,1,84,,12813,4,,1,46,,12814,4,,1,86,,12800,4,,1,85,,12802,4,,1,84,,12801,4,,1,45,,12804,4,,1,84,,12803,4,,1,87,,12799,4,,1,82,,12798,4,,1,41,,12818,4,,1,87,,12817,4,,1,92,,12816,4,,1,71,,12815,4,,1
5003,'260105-MULTI-Sunday-01',902,,12850,4,,1,34,,12858,4,,1,95,,12861,4,,1,74,,12862,4,,1,98,,12863,4,,1,38,,12860,4,,1,91,,12864,4,,1,81,,12865,4,,1,89,,12866,4,,1,42,,12857,4,,1,88,,12856,4,,1,78,,12855,4,,1,93,,12854,4,,1,41,,12853,4,,1,89,,12852,4,,1,84,,12851,4,,1,85,,12859,4,,1,45,,12869,4,,1,91,,12867,4,,1,82,,12870,4,,1,39,,12868,4,,1
5003,'260105-MULTI-Weekday-01',457,,12872,4,,1,170,,12871,4,,1,30,,12895,4,,1,69,,12890,4,,1,31,,12883,4,,1,69,,12902,4,,1,30,,12893,4,,1,71,,12892,4,,1,29,,12891,4,,1,74,,12898,4,,1,76,,12901,4,,1,41,,12906,4,,1,80,,12907,4,,1,80,,12899,4,,1,30,,12905,4,,1,72,,12900,4,,1,33,,12881,4,,1,73,,12904,4,,1,27,,12908,4,,1,69,,12909,4,,1,31,,12888,4,,1,72,,12880,4,,1,31,,12879,4,,1,69,,12896,4,,1,27,,12878,4,,1,68,,12884,4,,1,30,,12897,4,,1,72,,12886,4,,1,28,,12885,4,,1,68,,12903,4,,1,30,,12894,4,,1,70,,12882,4,,1,29,,12877,4,,1,69,,12889,4,,1,30,,12887,4,,1,65,,12874,4,,1,29,,12875,4,,1
5004,'251229-MULTI-Saturday-01',704,,13006,0,5,1,45,,13007,0,5,1,78,,13009,0,5,1,84,,13010,0,5,1,44,,13008,0,5,1,87,,13012,0,5,1,86,,13013,0,5,1,85,,13014,0,5,1,45,,13011,0,5,1,86,,13015,0,5,1,85,,13017,0,5,1,84,,13018,0,5,1,46,,13019,0,5,1,86,,13016,0,5,1,85,,13020,0,5,1,84,,13022,0,5,1,45,,13023,0,5,1,84,,13024,0,5,1,87,,13021,0,5,1,82,,13025,0,5,1,41,,13026,0,5,1,87,,13027,0,5,1,92,,13028,0,5,1
5004,'251229-MULTI-Sunday-01',740,,13059,0,5,1,80,,13062,0,5,1,82,,13060,0,5,1,34,,13061,0,5,1,95,,13063,0,5,1,74,,13064,0,5,1,98,,13065,0,5,1,38,,13066,0,5,1,91,,13067,0,5,1,81,,13069,0,5,1,89,,13070,0,5,1,42,,13071,0,5,1,88,,13068,0,5,1,78,,13072,0,5,1,93,,13073,0,5,1,41,,13074,0,5,1,89,,13075,0,5,1,84,,13078,0,5,1,85,,13077,0,5,1,45,,13076,0,5,1,91,,13080,0,5,1,82,,13079,0,5,1
5004,'260105-MULTI-Holiday1-01',740,,13111,0,5,1,80,,13114,0,5,1,82,,13112,0,5,1,34,,13113,0,5,1,95,,13115,0,5,1,74,,13116,0,5,1,98,,13117,0,5,1,38,,13118,0,5,1,91,,13119,0,5,1,81,,13121,0,5,1,89,,13123,0,5,1,42,,13124,0,5,1,88,,13120,0,5,1,78,,13125,0,5,1,93,,13122,0,5,1,41,,13126,0,5,1,89,,13127,0,5,1,84,,13130,0,5,1,85,,13129,0,5,1,45,,13128,0,5,1,91,,13132,0,5,1,82,,13131,0,5,1
5004,'260105-MULTI-Saturday-01',704,,13167,0,5,1,45,,13168,0,5,1,78,,13171,0,5,1,84,,13169,0,5,1,44,,13170,0,5,1,87,,13173,0,5,1,86,,13174,0,5,1,85,,13175,0,5,1,45,,13172,0,5,1,86,,13176,0,5,1,85,,13178,0,5,1,84,,13179,0,5,1,46,,13180,0,5,1,86,,13177,0,5,1,85,,13181,0,5,1,84,,13183,0,5,1,45,,13184,0,5,1,84,,13185,0,5,1,87,,13182,0,5,1,82,,13186,0,5,1,41,,13187,0,5,1,87,,13188,0,5,1,92,,13189,0,5,1
5004,'260105-MULTI-Sunday-01',740,,13220,0,5,1,80,,13223,0,5,1,82,,13221,0,5,1,34,,13222,0,5,1,95,,13224,0,5,1,74,,13225,0,5,1,98,,13226,0,5,1,38,,13227,0,5,1,91,,13228,0,5,1,81,,13230,0,5,1,89,,13232,0,5,1,42,,13233,0,5,1,88,,13229,0,5,1,78,,13234,0,5,1,93,,13231,0,5,1,41,,13235,0,5,1,89,,13236,0,5,1,84,,13239,0,5,1,85,,13238,0,5,1,45,,13237,0,5,1,91,,13241,0,5,1,82,,13240,0,5,1
5004,'260105-MULTI-Weekday-01',457,,13242,0,5,1,70,,13272,0,5,1,30,,13278,0,5,1,70,,13247,0,5,1,30,,13256,0,5,1,70,,13268,0,5,1,30,,13276,0,5,1,70,,13260,0,5,1,30,,13255,0,5,1,70,,13262,0,5,1,30,,13257,0,5,1,73,,13274,0,5,1,77,,13279,0,5,1,40,,13263,0,5,1,80,,13248,0,5,1,80,,13277,0,5,1,30,,13269,0,5,1,72,,13253,0,5,1,33,,13275,0,5,1,73,,13267,0,5,1,27,,13259,0,5,1,69,,13249,0,5,1,31,,13250,0,5,1,72,,13265,0,5,1,31,,13252,0,5,1,69,,13254,0,5,1,27,,13261,0,5,1,68,,13266,0,5,1,30,,13251,0,5,1,72,,13280,0,5,1,28,,13271,0,5,1,68,,13246,0,5,1,30,,13258,0,5,1,70,,13273,0,5,1,29,,13270,0,5,1,69,,13245,0,5,1,95,,13244,0,5,1
