900,'Holiday1',802,,3329,12,,,1,104,,3336,12,,,1,107,,3337,12,,,1,105,,3338,12,,,1,105,,3339,12,,,1,105,,3335,12,,,1,106,,3331,12,,,1,105,,3332,12,,,1,107,,3333,12,,,1,107,,3330,12,,,1,106,,3334,12,,,1
900,'Saturday',713,,3340,12,,,1,90,,3341,12,,,1,50,,3342,12,,,1,90,,3343,12,,,1,90,,3344,12,,,1,90,,3345,12,,,1,90,,3346,12,,,1,90,,3347,12,,,1,50,,3348,12,,,1,90,,3349,12,,,1,91,,3350,12,,,1,91,,3351,12,,,1,90,,3352,12,,,1,89,,3353,12,,,1,49,,3354,12,,,1
900,'Sunday',802,,3355,12,,,1,104,,3362,12,,,1,107,,3363,12,,,1,105,,3364,12,,,1,105,,3365,12,,,1,105,,3361,12,,,1,106,,3357,12,,,1,105,,3358,12,,,1,107,,3359,12,,,1,107,,3356,12,,,1,106,,3360,12,,,1
900,'Weekday',514,,3366,12,,,1,34,,3369,12,,,1,74,,3370,12,,,1,34,,3371,12,,,1,63,,3368,12,,,1,39,,3372,12,,,1,76,,3383,12,,,1,85,,3384,12,,,1,88,,3385,12,,,1,42,,3386,12,,,1,87,,3387,12,,,1,86,,3388,12,,,1,83,,3373,12,,,1,43,,3382,12,,,1,72,,3379,12,,,1,35,,3375,12,,,1,78,,3380,12,,,1,75,,3377,12,,,1,35,,3374,12,,,1,75,,3376,12,,,1,37,,3381,12,,,1,74,,3378,12,,,1,75,,3389,12,,,1,39,,3391,12,,,1,81,,3390,12,,,1,85,,3367,12,,,1
2501,'Weekday',619,,6753,25,,,1,30,,6755,25,,,1,77,,6761,25,,,1,76,,6760,25,,,1,38,,6759,25,,,1,74,,6758,25,,,1,35,,6762,25,,,1,76,,6763,25,,,1,483,,6754,25,,,1,36,,6764,25,,,1,76,,6765,25,,,1,37,,6766,25,,,1,76,,6767,25,,,1,77,,6768,25,,,1,36,,6769,25,,,1,75,,6770,25,,,1,36,,6757,25,,,1,74,,6756,25,,,1
2900,'Holiday1',601,,7393,13,,,1,35,,7392,13,,,1,75,,7379,13,,,1,35,,7384,13,,,1,76,,7385,13,,,1,35,,7381,13,,,1,76,,7382,13,,,1,75,,7386,13,,,1,35,,7383,13,,,1,75,,7387,13,,,1,35,,7380,13,,,1,75,,7372,13,,,1,75,,7378,13,,,1,35,,7374,13,,,1,75,,7377,13,,,1,35,,7376,13,,,1,75,,7375,13,,,1,35,,7373,13,,,1,75,,7371,13,,,1,75,,7370,13,,,1,35,,7368,13,,,1,74,,7369,13,,,1,35,,7388,13,,,1,75,,7389,13,,,1,75,,7391,13,,,1,35,,7390,13,,,1,90,,7395,13,,,1,90,,7394,13,,,1,90,,7396,13,,,1,50,,7397,13,,,1
2900,'Saturday',537,,7407,13,,,1,65,,7398,13,,,1,25,,7408,13,,,1,25,,7409,13,,,1,65,,7410,13,,,1,25,,7411,13,,,1,66,,7412,13,,,1,25,,7413,13,,,1,25,,7414,13,,,1,65,,7415,13,,,1,25,,7416,13,,,1,65,,7417,13,,,1,25,,7418,13,,,1,65,,7419,13,,,1,25,,7421,13,,,1,25,,7422,13,,,1,65,,7423,13,,,1,25,,7420,13,,,1,65,,7424,13,,,1,25,,7426,13,,,1,25,,7428,13,,,1,65,,7429,13,,,1,25,,7430,13,,,1,65,,7427,13,,,1,25,,7431,13,,,1,65,,7425,13,,,1,25,,7432,13,,,1,25,,7433,13,,,1,65,,7434,13,,,1,25,,7435,13,,,1,64,,7436,13,,,1,25,,7437,13,,,1,72,,7400,13,,,1,33,,7399,13,,,1,75,,7401,13,,,1,29,,7403,13,,,1,80,,7402,13,,,1,93,,7404,13,,,1,87,,7405,13,,,1,50,,7406,13,,,1
2900,'Sunday',601,,7463,13,,,1,35,,7462,13,,,1,75,,7449,13,,,1,35,,7454,13,,,1,76,,7455,13,,,1,35,,7451,13,,,1,76,,7452,13,,,1,75,,7456,13,,,1,35,,7453,13,,,1,75,,7457,13,,,1,35,,7450,13,,,1,75,,7442,13,,,1,75,,7448,13,,,1,35,,7444,13,,,1,75,,7447,13,,,1,35,,7446,13,,,1,75,,7445,13,,,1,35,,7443,13,,,1,75,,7441,13,,,1,75,,7440,13,,,1,35,,7438,13,,,1,74,,7439,13,,,1,35,,7458,13,,,1,75,,7459,13,,,1,75,,7461,13,,,1,35,,7460,13,,,1,90,,7465,13,,,1,90,,7464,13,,,1,90,,7466,13,,,1,50,,7467,13,,,1
2900,'Weekday',513,,7469,13,0,5,1,16,,7468,13,0,5,1,16,,7471,13,0,5,1,11,,7498,13,0,5,1,45,,7500,13,0,5,1,17,,7502,13,0,5,1,16,,7503,13,0,5,1,16,,7513,13,0,5,1,56,,7512,13,0,5,1,16,,7508,13,0,5,1,16,,7507,13,0,5,1,6,,7499,13,0,5,1,10,,7506,13,0,5,1,56,,7505,13,0,5,1,16,,7509,13,0,5,1,16,,7511,13,0,5,1,16,,7510,13,0,5,1,58,,7504,13,0,5,1,25,,7470,13,,,1,66,,7472,13,,,1,24,,7473,13,,,1,25,,7474,13,,,1,65,,7475,13,,,1,25,,7476,13,,,1,65,,7477,13,,,1,25,,7478,13,,,1,65,,7479,13,,,1,25,,7480,13,,,1,25,,7481,13,,,1,64,,7482,13,0,5,1,15,,7483,13,0,5,1,18,,7514,13,0,5,1,58,,7515,13,0,5,1,17,,7516,13,0,5,1,18,,7517,13,0,5,1,18,,7518,13,0,5,1,58,,7519,13,0,5,1,18,,7520,13,0,5,1,18,,7521,13,0,5,1,58,,7522,13,0,5,1,18,,7523,13,0,5,1,18,,7524,13,0,5,1,58,,7525,13,0,5,1,18,,7526,13,0,5,1,18,,7527,13,0,5,1,18,,7528,13,0,5,1,57,,7529,13,0,5,1,18,,7501,13,0,5,1,13,,7484,13,0,5,1,55,,7485,13,0,5,1,14,,7486,13,0,5,1,23,,7487,13,,,1,70,,7488,13,,,1,35,,7489,13,,,1,70,,7490,13,,,1,32,,7491,13,,,1,69,,7492,13,,,1,30,,7493,13,,,1,70,,7494,13,,,1,30,,7495,13,,,1,70,,7496,13,,,1
21500,'Weekday',735,,11247,11,,,1
