603,'Holiday1',917,,2299,43,,,1,85,,2298,43,,,1,46,,2301,43,,,1,85,,2302,43,,,1,85,,2303,43,,,1,85,,2304,43,,,1,48,,2305,43,,,1,86,,2300,43,,,1,85,,2306,43,,,1,85,,2307,43,,,1,45,,2308,43,,,1,85,,2309,43,,,1,84,,2310,43,,,1,85,,2311,43,,,1,44,,2312,43,,,1
603,'Saturday',804,,2328,43,,,1,45,,2313,43,,,1,85,,2314,43,,,1,84,,2316,43,,,1,85,,2317,43,,,1,45,,2315,43,,,1,87,,2319,43,,,1,85,,2318,43,,,1,86,,2321,43,,,1,46,,2322,43,,,1,86,,2320,43,,,1,85,,2323,43,,,1,85,,2324,43,,,1,45,,2325,43,,,1,85,,2326,43,,,1,85,,2327,43,,,1
603,'Sunday',917,,2330,43,,,1,85,,2329,43,,,1,46,,2332,43,,,1,85,,2333,43,,,1,85,,2334,43,,,1,85,,2335,43,,,1,48,,2336,43,,,1,86,,2331,43,,,1,85,,2337,43,,,1,85,,2338,43,,,1,45,,2339,43,,,1,85,,2340,43,,,1,84,,2341,43,,,1,85,,2342,43,,,1,44,,2343,43,,,1
603,'Weekday',640,,2344,43,,,1,19,,2346,43,,,1,61,,2350,43,,,1,20,,2351,43,,,1,19,,2347,43,,,1,61,,2352,43,,,1,22,,2349,43,,,1,17,,2354,43,,,1,60,,2348,43,,,1,20,,2353,43,,,1,63,,2345,43,,,1,30,,2368,43,,,1,22,,2366,43,,,1,59,,2359,43,,,1,21,,2362,43,,,1,66,,2364,43,,,1,22,,2360,43,,,1,20,,2356,43,,,1,64,,2363,43,,,1,24,,2355,43,,,1,22,,2361,43,,,1,61,,2357,43,,,1,25,,2367,43,,,1,65,,2358,43,,,1,27,,2365,43,,,1,25,,2370,43,,,1,60,,2371,43,,,1,21,,2369,43,,,1,20,,2372,43,,,1,60,,2373,43,,,1,20,,2374,43,,,1,20,,2375,43,,,1,60,,2376,43,,,1,20,,2377,43,,,1,19,,2378,43,,,1,60,,2379,43,,,1,14,,2380,43,,,1,20,,2381,43,,,1,60,,2385,43,,,1,21,,2382,43,,,1,22,,2383,43,,,1,65,,2384,43,,,1,25,,2386,43,,,1,62,,2387,43,,,1,27,,2388,43,,,1,27,,2389,43,,,1,72,,2390,43,,,1,70,,2391,43,,,1
2302,'Holiday1',833,,6453,95,,,1,70,,6427,95,,,1,29,,6430,95,,,1,73,,6431,95,,,1,30,,6432,95,,,1,68,,6429,95,,,1,27,,6433,95,,,1,29,,6434,95,,,1,69,,6428,95,,,1,29,,6436,95,,,1,71,,6438,95,,,1,28,,6435,95,,,1,69,,6439,95,,,1,25,,6437,95,,,1,71,,6440,95,,,1,32,,6441,95,,,1,67,,6442,95,,,1,28,,6443,95,,,1,68,,6444,95,,,1,28,,6458,95,,,1,68,,6448,95,,,1,27,,6449,95,,,1,68,,6450,95,,,1,27,,6445,95,,,1,67,,6447,95,,,1,26,,6451,95,,,1,25,,6452,95,,,1,67,,6446,95,,,1,25,,6456,95,,,1,67,,6457,95,,,1,27,,6454,95,,,1,67,,6455,95,,,1
2302,'Saturday',629,,6459,95,,,1,30,,6461,95,,,1,70,,6481,95,,,1,72,,6480,95,,,1,42,,6484,95,,,1,72,,6483,95,,,1,30,,6486,95,,,1,68,,6487,95,,,1,29,,6488,95,,,1,67,,6485,95,,,1,31,,6489,95,,,1,67,,6492,95,,,1,26,,6493,95,,,1,70,,6490,95,,,1,31,,6491,95,,,1,67,,6482,95,,,1,30,,6471,95,,,1,27,,6473,95,,,1,65,,6474,95,,,1,30,,6475,95,,,1,70,,6476,95,,,1,29,,6472,95,,,1,70,,6478,95,,,1,31,,6479,95,,,1,68,,6477,95,,,1,25,,6463,95,,,1,65,,6464,95,,,1,25,,6460,95,,,1,71,,6470,95,,,1,29,,6462,95,,,1,70,,6466,95,,,1,25,,6468,95,,,1,70,,6465,95,,,1,29,,6467,95,,,1,29,,6469,95,,,1,70,,6497,95,,,1,30,,6496,95,,,1,70,,6495,95,,,1,30,,6494,95,,,1
2302,'Sunday',833,,6524,95,,,1,70,,6498,95,,,1,29,,6501,95,,,1,73,,6502,95,,,1,30,,6503,95,,,1,68,,6500,95,,,1,27,,6504,95,,,1,29,,6505,95,,,1,69,,6499,95,,,1,29,,6507,95,,,1,71,,6509,95,,,1,28,,6506,95,,,1,69,,6510,95,,,1,25,,6508,95,,,1,71,,6511,95,,,1,32,,6512,95,,,1,67,,6513,95,,,1,28,,6514,95,,,1,68,,6515,95,,,1,28,,6529,95,,,1,68,,6518,95,,,1,27,,6519,95,,,1,68,,6520,95,,,1,27,,6516,95,,,1,67,,6521,95,,,1,26,,6522,95,,,1,25,,6523,95,,,1,67,,6517,95,,,1,25,,6527,95,,,1,67,,6528,95,,,1,27,,6525,95,,,1,67,,6526,95,,,1
2302,'Weekday',557,,6530,95,,,1,56,,6540,95,,,1,15,,6541,95,,,1,14,,6539,95,,,1,16,,6543,95,,,1,56,,6545,95,,,1,15,,6546,95,,,1,15,,6547,95,,,1,15,,6544,95,,,1,56,,6548,95,,,1,15,,6542,95,,,1,16,,6549,95,,,1,55,,6550,95,,,1,16,,6551,95,,,1,18,,6552,95,,,1,16,,6536,95,,,1,59,,6533,95,,,1,21,,6535,95,,,1,69,,6553,95,,,1,32,,6554,95,,,1,69,,6555,95,,,1,32,,6556,95,,,1,70,,6557,95,,,1,29,,6558,95,,,1,70,,6559,95,,,1,32,,6560,95,,,1,71,,6538,95,,,1,32,,6584,95,,,1,15,,6581,95,,,1,57,,6583,95,,,1,15,,6580,95,,,1,16,,6582,95,,,1,15,,6579,95,,,1,59,,6561,95,,,1,16,,6562,95,,,1,14,,6563,95,,,1,13,,6564,95,,,1,55,,6565,95,,,1,15,,6566,95,,,1,16,,6567,95,,,1,15,,6568,95,,,1,55,,6569,95,,,1,13,,6570,95,,,1,14,,6531,95,,,1,15,,6537,95,,,1,53,,6534,95,,,1,15,,6532,95,,,1,34,,6571,95,,,1,73,,6572,95,,,1,75,,6573,95,,,1,29,,6574,95,,,1,71,,6575,95,,,1,33,,6576,95,,,1,74,,6577,95,,,1,34,,6578,95,,,1
2604,'Holiday1',726,,6888,21,,,1,100,,6891,21,,,1,100,,6893,21,,,1,100,,6889,21,,,1,100,,6890,21,,,1,100,,6894,21,,,1,101,,6892,21,,,1,100,,6896,21,,,1,100,,6897,21,,,1,100,,6895,21,,,1,100,,6898,21,,,1,99,,6899,21,,,1,99,,6900,21,,,1,100,,6901,21,,,1
2604,'Saturday',726,,6905,21,,,1,30,,6902,21,,,1,70,,6907,21,,,1,30,,6909,21,,,1,70,,6906,21,,,1,30,,6910,21,,,1,70,,6908,21,,,1,30,,6911,21,,,1,70,,6912,21,,,1,30,,6913,21,,,1,70,,6914,21,,,1,30,,6915,21,,,1,71,,6916,21,,,1,30,,6917,21,,,1,70,,6931,21,,,1,30,,6919,21,,,1,70,,6920,21,,,1,30,,6921,21,,,1,70,,6918,21,,,1,30,,6922,21,,,1,70,,6923,21,,,1,30,,6924,21,,,1,69,,6925,21,,,1,30,,6926,21,,,1,69,,6927,21,,,1,30,,6928,21,,,1,70,,6929,21,,,1,30,,6930,21,,,1,70,,6903,21,,,1,30,,6904,21,,,1
2604,'Sunday',726,,6932,21,,,1,100,,6935,21,,,1,100,,6936,21,,,1,100,,6933,21,,,1,100,,6934,21,,,1,100,,6937,21,,,1,101,,6939,21,,,1,100,,6940,21,,,1,100,,6941,21,,,1,100,,6938,21,,,1,100,,6942,21,,,1,99,,6943,21,,,1,99,,6944,21,,,1,100,,6945,21,,,1
2604,'Weekday',507,,6946,21,,,1,22,,6947,21,,,1,22,,6948,21,,,1,58,,6950,21,,,1,19,,6951,21,,,1,29,,6952,21,,,1,62,,6949,21,,,1,20,,6953,21,,,1,17,,6954,21,,,1,72,,6955,21,,,1,21,,6956,21,,,1,63,,6957,21,,,1,22,,6958,21,,,1,22,,6959,21,,,1,60,,6960,21,,,1,21,,6961,21,,,1,22,,6962,21,,,1,62,,6963,21,,,1,22,,6964,21,,,1,62,,6965,21,,,1,22,,6966,21,,,1,22,,6967,21,,,1,62,,6968,21,,,1,22,,6969,21,,,1,22,,6970,21,,,1,62,,6971,21,,,1,22,,6972,21,,,1,62,,6973,21,,,1,25,,6974,21,,,1,22,,6975,21,,,1,62,,6976,21,,,1,22,,6977,21,,,1,22,,6978,21,,,1,65,,6979,21,,,1,19,,6980,21,,,1,62,,6981,21,,,1,25,,6982,21,,,1,18,,6983,21,,,1,61,,6985,21,,,1,22,,6986,21,,,1,28,,6987,21,,,1,58,,6984,21,,,1,20,,6988,21,,,1,22,,6989,21,,,1,62,,6990,21,,,1,22,,6991,21,,,1,62,,6992,21,,,1,22,,6993,21,,,1,22,,6994,21,,,1,62,,6995,21,,,1,21,,6996,21,,,1,22,,6997,21,,,1,62,,6998,21,,,1,22,,6999,21,,,1,22,,7000,21,,,1
2704,'Saturday',821,,7045,15,,,1,35,,7047,15,,,1,75,,7048,15,,,1,75,,7049,15,,,1,35,,7051,15,,,1,75,,7046,15,,,1,35,,7050,15,,,1,75,,7052,15,,,1,75,,7054,15,,,1,35,,7055,15,,,1,75,,7056,15,,,1,35,,7057,15,,,1,75,,7058,15,,,1,35,,7059,15,,,1,75,,7053,15,,,1,75,,7060,15,,,1,35,,7061,15,,,1,75,,7062,15,,,1
2704,'Weekday',610,,7065,15,,,1,34,,7063,15,,,1,75,,7066,15,,,1,35,,7064,15,,,1,74,,7067,15,,,1,73,,7068,15,,,1,36,,7069,15,,,1,74,,7071,15,,,1,34,,7072,15,,,1,75,,7073,15,,,1,35,,7070,15,,,1,74,,7074,15,,,1,74,,7075,15,,,1,33,,7077,15,,,1,72,,7078,15,,,1,35,,7079,15,,,1,74,,7076,15,,,1,34,,7080,15,,,1,74,,7082,15,,,1,33,,7084,15,,,1,77,,7085,15,,,1,70,,7083,15,,,1,33,,7088,15,,,1,70,,7086,15,,,1,31,,7087,15,,,1,70,,7081,15,,,1
2802,'Holiday1',557,,7242,37,0,5,1,65,,7233,33,,,1,25,,7229,37,0,5,1,65,,7238,33,,,1,25,,7234,37,0,5,1,65,,7228,33,,,1,25,,7241,37,0,5,1,25,,7232,33,,,1,65,,7230,37,0,5,1,25,,7236,33,,,1,65,,7235,37,0,5,1,25,,7231,33,,,1,25,,7240,37,0,5,1,65,,7237,33,,,1,25,,7244,37,0,5,1,65,,7239,33,,,1,25,,7245,37,0,5,1,65,,7243,33,,,1,25,,7246,37,0,5,1,25,,7247,33,,,1,65,,7248,37,0,5,1,25,,7249,33,,,1,65,,7251,37,0,5,1,25,,7250,33,,,1,25,,7252,37,0,5,1,65,,7253,33,,,1,25,,7254,37,0,5,1,65,,7255,33,,,1,25,,7256,37,0,5,1,65,,7257,33,,,1,25,,7258,37,0,5,1,25,,7259,33,,,1,65,,7260,37,0,5,1
2802,'Saturday',557,,7263,37,0,5,1,65,,7278,33,,,1,25,,7264,37,0,5,1,65,,7279,33,,,1,25,,7261,37,0,5,1,65,,7282,33,,,1,25,,7262,37,0,5,1,25,,7283,33,,,1,65,,7265,37,0,5,1,25,,7284,33,,,1,65,,7267,37,0,5,1,25,,7280,33,,,1,25,,7268,37,0,5,1,65,,7281,33,,,1,25,,7269,37,0,5,1,65,,7285,33,,,1,25,,7266,37,0,5,1,65,,7287,33,,,1,25,,7270,37,0,5,1,25,,7288,33,,,1,65,,7271,37,0,5,1,25,,7289,33,,,1,65,,7272,37,0,5,1,25,,7286,33,,,1,25,,7273,37,0,5,1,65,,7290,33,,,1,25,,7274,37,0,5,1,65,,7291,33,,,1,25,,7275,37,0,5,1,65,,7292,33,,,1,25,,7276,37,0,5,1,25,,7293,33,,,1,65,,7277,37,0,5,1
2802,'Sunday',557,,7308,37,0,5,1,65,,7298,33,,,1,25,,7295,37,0,5,1,65,,7304,33,,,1,25,,7300,37,0,5,1,65,,7294,33,,,1,25,,7307,37,0,5,1,25,,7297,33,,,1,65,,7296,37,0,5,1,25,,7302,33,,,1,65,,7301,37,0,5,1,25,,7299,33,,,1,25,,7306,37,0,5,1,65,,7303,33,,,1,25,,7310,37,0,5,1,65,,7305,33,,,1,25,,7311,37,0,5,1,65,,7309,33,,,1,25,,7312,37,0,5,1,25,,7313,33,,,1,65,,7314,37,0,5,1,25,,7315,33,,,1,65,,7316,37,0,5,1,25,,7318,33,,,1,25,,7317,37,0,5,1,65,,7319,33,,,1,25,,7320,37,0,5,1,65,,7321,33,,,1,25,,7322,37,0,5,1,65,,7323,33,,,1,25,,7324,37,0,5,1,25,,7325,33,,,1,65,,7326,37,0,5,1
2802,'Weekday',537,,7367,33,,,1,64,,7327,37,0,5,1,18,,7347,33,,,1,20,,7329,37,0,5,1,20,,7348,33,,,1,60,,7330,37,0,5,1,20,,7349,33,,,1,20,,7328,37,0,5,1,60,,7350,33,,,1,20,,7331,37,0,5,1,20,,7351,33,,,1,60,,7332,37,0,5,1,20,,7352,33,,,1,20,,7333,37,0,5,1,63,,7353,33,,,1,17,,7334,37,0,5,1,20,,7354,33,,,1,59,,7335,37,0,5,1,21,,7355,33,,,1,20,,7336,37,0,5,1,59,,7356,33,,,1,21,,7337,37,0,5,1,20,,7357,33,,,1,59,,7338,37,0,5,1,21,,7358,33,,,1,20,,7339,37,0,5,1,60,,7359,33,,,1,20,,7340,37,0,5,1,20,,7360,33,,,1,60,,7341,37,0,5,1,20,,7361,33,,,1,20,,7342,37,0,5,1,60,,7362,33,,,1,20,,7343,37,0,5,1,19,,7363,33,,,1,61,,7344,37,0,5,1,20,,7364,33,,,1,67,,7345,37,0,5,1,13,,7365,33,,,1,20,,7346,37,0,5,1,20,,7366,33,,,1
