600,'Holiday1',912,,2299,35,,,1,45,,2298,35,,,1,86,,2301,35,,,1,85,,2302,35,,,1,85,,2303,35,,,1,45,,2304,35,,,1,88,,2305,35,,,1,85,,2300,35,,,1,85,,2306,35,,,1,85,,2307,35,,,1,45,,2308,35,,,1,85,,2309,35,,,1,85,,2310,35,,,1,85,,2311,35,,,1,44,,2312,35,,,1
600,'Saturday',759,,2328,35,,,1,85,,2313,35,,,1,85,,2314,35,,,1,84,,2316,35,,,1,45,,2317,35,,,1,85,,2315,35,,,1,86,,2319,35,,,1,85,,2318,35,,,1,86,,2321,35,,,1,46,,2322,35,,,1,86,,2320,35,,,1,85,,2323,35,,,1,85,,2324,35,,,1,45,,2325,35,,,1,85,,2326,35,,,1,85,,2327,35,,,1
600,'Sunday',912,,2330,35,,,1,45,,2329,35,,,1,86,,2332,35,,,1,85,,2333,35,,,1,85,,2334,35,,,1,45,,2335,35,,,1,88,,2336,35,,,1,85,,2331,35,,,1,85,,2337,35,,,1,85,,2338,35,,,1,45,,2339,35,,,1,85,,2340,35,,,1,85,,2341,35,,,1,85,,2342,35,,,1,44,,2343,35,,,1
600,'Weekday',634,,2344,35,,,1,19,,2346,35,,,1,61,,2350,35,,,1,20,,2351,35,,,1,19,,2347,35,,,1,61,,2352,35,,,1,22,,2349,35,,,1,17,,2354,35,,,1,61,,2348,35,,,1,20,,2353,35,,,1,23,,2345,35,,,1,70,,2368,35,,,1,22,,2366,35,,,1,59,,2359,35,,,1,21,,2362,35,,,1,26,,2364,35,,,1,62,,2360,35,,,1,20,,2356,35,,,1,63,,2363,35,,,1,24,,2355,35,,,1,22,,2361,35,,,1,61,,2357,35,,,1,25,,2367,35,,,1,25,,2358,35,,,1,67,,2365,35,,,1,25,,2370,35,,,1,60,,2371,35,,,1,21,,2369,35,,,1,20,,2372,35,,,1,60,,2373,35,,,1,20,,2374,35,,,1,20,,2375,35,,,1,60,,2376,35,,,1,20,,2377,35,,,1,19,,2378,35,,,1,60,,2379,35,,,1,14,,2380,35,,,1,20,,2381,35,,,1,60,,2385,35,,,1,21,,2382,35,,,1,22,,2383,35,,,1,65,,2384,35,,,1,25,,2386,35,,,1,22,,2387,35,,,1,67,,2388,35,,,1,27,,2389,35,,,1,72,,2390,35,,,1,30,,2391,35,,,1
2901,'Holiday1',721,,7530,48,,,1,35,,7531,48,,,1,78,,7534,48,,,1,76,,7535,48,,,1,35,,7536,48,,,1,75,,7532,48,,,1,36,,7533,48,,,1,75,,7538,48,,,1,75,,7540,48,,,1,35,,7537,48,,,1,75,,7541,48,,,1,35,,7539,48,,,1,76,,7542,48,,,1,75,,7544,48,,,1,35,,7545,48,,,1,76,,7546,48,,,1,35,,7543,48,,,1,75,,7547,48,,,1,35,,7548,48,,,1,75,,7549,48,,,1,75,,7550,48,,,1,33,,7551,48,,,1,75,,7553,48,,,1,32,,7552,48,,,1,75,,7554,48,,,1,34,,7558,48,,,1,90,,7556,48,,,1,90,,7557,48,,,1,90,,7555,48,,,1
2901,'Saturday',652,,7565,48,,,1,65,,7573,48,,,1,26,,7575,48,,,1,66,,7576,48,,,1,25,,7574,48,,,1,66,,7577,48,,,1,26,,7578,48,,,1,25,,7579,48,,,1,66,,7580,48,,,1,31,,7581,48,,,1,64,,7584,48,,,1,26,,7582,48,,,1,65,,7583,48,,,1,25,,7585,48,,,1,25,,7586,48,,,1,65,,7587,48,,,1,25,,7588,48,,,1,66,,7589,48,,,1,25,,7590,48,,,1,25,,7591,48,,,1,65,,7592,48,,,1,25,,7594,48,,,1,67,,7595,48,,,1,25,,7596,48,,,1,65,,7593,48,,,1,25,,7572,48,,,1,25,,7569,48,,,1,64,,7571,48,,,1,23,,7570,48,,,1,67,,7568,48,,,1,28,,7567,48,,,1,82,,7560,48,,,1,35,,7561,48,,,1,72,,7559,48,,,1,29,,7563,48,,,1,79,,7564,48,,,1,90,,7562,48,,,1,90,,7566,48,,,1
2901,'Sunday',721,,7597,48,,,1,35,,7598,48,,,1,78,,7601,48,,,1,76,,7602,48,,,1,35,,7603,48,,,1,75,,7599,48,,,1,36,,7600,48,,,1,75,,7604,48,,,1,75,,7606,48,,,1,35,,7607,48,,,1,75,,7608,48,,,1,35,,7605,48,,,1,76,,7609,48,,,1,75,,7611,48,,,1,35,,7612,48,,,1,76,,7613,48,,,1,35,,7610,48,,,1,75,,7614,48,,,1,35,,7615,48,,,1,75,,7616,48,,,1,75,,7617,48,,,1,33,,7618,48,,,1,75,,7620,48,,,1,32,,7619,48,,,1,75,,7621,48,,,1,34,,7625,48,,,1,90,,7623,48,,,1,90,,7624,48,,,1,90,,7622,48,,,1
2901,'Weekday',623,,7627,48,,,1,32,,7626,57,0,5,1,56,,7662,57,0,5,1,16,,7659,57,0,5,1,17,,7658,57,0,5,1,56,,7655,57,0,5,1,16,,7654,57,0,5,1,16,,7657,57,0,5,1,16,,7656,57,0,5,1,55,,7661,57,0,5,1,15,,7660,57,0,5,1,14,,7664,57,0,5,1,14,,7663,57,0,5,1,58,,7666,57,0,5,1,16,,7665,57,0,5,1,24,,7628,48,,,1,65,,7629,48,,,1,25,,7630,48,,,1,66,,7631,48,,,1,27,,7632,48,,,1,22,,7633,48,,,1,65,,7634,48,,,1,25,,7635,48,,,1,65,,7636,48,,,1,29,,7637,48,,,1,79,,7638,48,,,1,19,,7640,57,0,5,1,4,,7652,35,,,1,10,,7641,57,0,5,1,59,,7667,57,0,5,1,18,,7668,57,0,5,1,18,,7669,57,0,5,1,14,,7653,57,0,5,1,4,,7670,57,0,5,1,58,,7671,57,0,5,1,18,,7672,57,0,5,1,18,,7673,57,0,5,1,57,,7674,57,0,5,1,16,,7675,57,0,5,1,18,,7676,57,0,5,1,16,,7677,57,0,5,1,58,,7678,57,0,5,1,16,,7679,57,0,5,1,17,,7680,57,0,5,1,57,,7681,57,0,5,1,15,,7682,57,0,5,1,17,,7683,57,0,5,1,15,,7639,57,0,5,1,65,,7644,48,,,1,33,,7645,48,,,1,72,,7646,48,,,1,32,,7647,48,,,1,68,,7648,48,,,1,29,,7649,48,,,1,70,,7650,48,,,1,30,,7651,48,,,1,70,,7642,48,,,1,30,,7643,48,,,1
6000,'Holiday1',843,,10516,26,,,1,104,,10514,26,,,1,105,,10517,26,,,1,105,,10513,26,,,1,145,,10519,26,,,1,105,,10520,26,,,1,106,,10521,26,,,1,105,,10518,26,,,1,105,,10522,26,,,1,104,,10523,26,,,1,106,,10524,26,,,1,104,,10515,26,,,1
6000,'Saturday',758,,10547,26,,,1,70,,10525,26,,,1,76,,10539,26,,,1,33,,10540,26,,,1,75,,10541,26,,,1,35,,10542,26,,,1,75,,10543,26,,,1,35,,10544,26,,,1,75,,10545,26,,,1,75,,10546,26,,,1,35,,10530,26,,,1,75,,10527,26,,,1,35,,10531,26,,,1,75,,10528,26,,,1,75,,10526,26,,,1,35,,10529,26,,,1,75,,10532,26,,,1,35,,10533,26,,,1,75,,10536,26,,,1,35,,10538,26,,,1,75,,10535,26,,,1,75,,10534,26,,,1,35,,10537,26,,,1
6000,'Sunday',843,,10551,26,,,1,104,,10549,26,,,1,105,,10552,26,,,1,105,,10548,26,,,1,145,,10554,26,,,1,105,,10555,26,,,1,106,,10556,26,,,1,105,,10553,26,,,1,105,,10557,26,,,1,104,,10558,26,,,1,106,,10559,26,,,1,104,,10550,26,,,1
6000,'Weekday',519,,10560,20,,,1,26,,10561,26,,,1,61,,10562,26,,,1,27,,10563,26,,,1,25,,10564,26,,,1,67,,10565,26,,,1,31,,10566,26,,,1,67,,10567,26,,,1,26,,10568,26,,,1,66,,10569,26,,,1,26,,10570,26,,,1,66,,10571,26,,,1,26,,10572,26,,,1,26,,10574,26,,,1,69,,10575,26,,,1,29,,10576,26,,,1,66,,10573,26,,,1,26,,10577,26,,,1,66,,10578,26,,,1,26,,10579,26,,,1,68,,10580,26,,,1,27,,10581,26,,,1,69,,10582,26,,,1,31,,10583,26,,,1,64,,10584,26,,,1,23,,10586,26,,,1,27,,10588,26,,,1,64,,10589,26,,,1,26,,10585,26,,,1,67,,10590,26,,,1,27,,10587,26,,,1,68,,10591,26,,,1,28,,10592,26,,,1,85,,10593,26,,,1,40,,10594,26,,,1,80,,10595,26,,,1,80,,10596,26,,,1,40,,10597,26,,,1,80,,10598,26,,,1,80,,10599,26,,,1,40,,10600,26,,,1
