102,'Holiday1',541,,276,,,1,94,,274,,,1,16,,300,,,1,60,,301,,,1,20,,302,,,1,20,,303,,,1,60,,304,,,1,20,,305,,,1,20,,306,,,1,60,,307,,,1,20,,309,,,1,20,,310,,,1,60,,295,,,1,20,,296,,,1,20,,283,,,1,60,,289,,,1,20,,278,,,1,20,,288,,,1,60,,281,,,1,20,,287,,,1,20,,294,,,1,60,,290,,,1,20,,277,,,1,20,,293,,,1,60,,286,,,1,26,,279,,,1,20,,282,,,1,60,,298,,,1,20,,280,,,1,20,,297,,,1,60,,291,,,1,20,,299,,,1,20,,292,,,1,60,,284,,,1,20,,285,,,1,20,,308,,,1,60,,312,,,1,20,,313,,,1,20,,311,,,1,60,,314,,,1,20,,315,,,1,20,,316,,,1,60,,317,,,1,20,,318,,,1,20,,319,,,1,60,,320,,,1,20,,321,,,1,14,,322,,,1,60,,323,,,1,27,,326,,,1,65,,327,,,1,26,,324,,,1,20,,325,,,1,60,,328,,,1,15,,273,,,1,20,,329,,,1,61,,275,,,1
102,'Saturday',554,,330,,,1,57,,334,,,1,20,,331,,,1,21,,332,,,1,62,,335,,,1,19,,333,,,1,21,,337,,,1,60,,338,,,1,21,,339,,,1,24,,336,,,1,58,,342,,,1,18,,343,,,1,18,,344,,,1,55,,366,,,1,15,,367,,,1,15,,368,,,1,15,,369,,,1,55,,371,,,1,15,,372,,,1,15,,373,,,1,15,,370,,,1,55,,374,,,1,15,,375,,,1,15,,376,,,1,15,,380,,,1,55,,377,,,1,15,,378,,,1,15,,379,,,1,15,,381,,,1,55,,383,,,1,15,,384,,,1,15,,382,,,1,15,,386,,,1,55,,387,,,1,15,,385,,,1,15,,388,,,1,15,,363,,,1,55,,360,,,1,15,,354,,,1,15,,362,,,1,15,,356,,,1,55,,364,,,1,15,,365,,,1,15,,355,,,1,15,,361,,,1,55,,353,,,1,15,,359,,,1,15,,358,,,1,15,,357,,,1,60,,389,,,1,20,,390,,,1,20,,391,,,1,60,,392,,,1,20,,393,,,1,20,,394,,,1,60,,395,,,1,20,,396,,,1,20,,397,,,1,61,,345,,,1,30,,346,,,1,70,,351,,,1,30,,352,,,1,70,,347,,,1,30,,349,,,1,60,,398,,,1,28,,350,,,1,70,,348,,,1
102,'Sunday',541,,402,,,1,94,,400,,,1,16,,426,,,1,60,,427,,,1,20,,428,,,1,20,,429,,,1,60,,430,,,1,20,,431,,,1,20,,432,,,1,60,,433,,,1,20,,435,,,1,20,,436,,,1,60,,421,,,1,20,,422,,,1,20,,409,,,1,60,,415,,,1,20,,404,,,1,20,,414,,,1,60,,407,,,1,20,,413,,,1,20,,420,,,1,60,,416,,,1,20,,403,,,1,20,,419,,,1,60,,412,,,1,26,,405,,,1,20,,408,,,1,60,,424,,,1,20,,406,,,1,20,,423,,,1,60,,417,,,1,20,,425,,,1,20,,418,,,1,60,,410,,,1,20,,411,,,1,20,,434,,,1,60,,438,,,1,20,,439,,,1,20,,437,,,1,60,,440,,,1,20,,441,,,1,20,,442,,,1,60,,443,,,1,20,,444,,,1,20,,445,,,1,60,,446,,,1,20,,447,,,1,14,,448,,,1,60,,449,,,1,27,,452,,,1,65,,453,,,1,26,,450,,,1,20,,451,,,1,60,,454,,,1,15,,399,,,1,20,,455,,,1,61,,401,,,1
102,'Weekday',416,,459,,,1,20,,460,,,1,20,,457,,,1,60,,463,,,1,13,,464,,,1,27,,462,,,1,59,,461,,,1,20,,473,,,1,14,,467,,,1,71,,469,,,1,22,,472,0,7,1,68,,475,,,1,21,,476,,,1,19,,466,,,1,74,,478,,,1,24,,479,,,1,65,,480,,,1,88,,481,,,1,25,,482,,,1,87,,484,,,1,28,,485,,,1,70,,486,0,7,1,27,,483,,,1,82,,487,,,1,27,,488,,,1,62,,506,,,1,23,,507,,,1,19,,504,,,1,67,,508,,,1,24,,509,,,1,9,,510,,,1,72,,511,,,1,15,,512,,,1,72,,513,,,1,22,,514,,,1,16,,515,,,1,64,,516,,,1,26,,517,,,1,21,,518,,,1,62,,519,,,1,15,,520,,,1,67,,529,,,1,24,,528,,,1,22,,527,,,1,79,,530,,,1,30,,531,,,1,77,,532,,,1,69,,533,,,1,40,,534,,,1,72,,535,,,1,35,,536,,,1
2301,'Holiday1',820,,6415,,,1,32,,6388,,,1,72,,6390,,,1,23,,6387,,,1,68,,6391,,,1,31,,6389,,,1,74,,6392,,,1,28,,6393,,,1,67,,6394,,,1,29,,6395,,,1,70,,6396,,,1,29,,6398,,,1,68,,6399,,,1,30,,6400,,,1,67,,6397,,,1,26,,6402,,,1,71,,6403,,,1,28,,6404,,,1,68,,6401,,,1,28,,6406,,,1,28,,6407,,,1,68,,6409,,,1,26,,6405,,,1,67,,6410,,,1,28,,6408,,,1,65,,6412,,,1,25,,6413,,,1,67,,6411,,,1,28,,6416,,,1,27,,6414,,,1,67,,6418,,,1,28,,6417,,,1
2301,'Saturday',731,,6420,,,1,70,,6419,,,1,28,,6429,,,1,29,,6433,,,1,71,,6434,,,1,29,,6431,,,1,67,,6430,,,1,27,,6432,,,1,68,,6435,,,1,28,,6436,,,1,71,,6437,,,1,29,,6438,,,1,68,,6440,,,1,29,,6441,,,1,70,,6442,,,1,29,,6439,,,1,68,,6443,,,1,30,,6445,,,1,69,,6446,,,1,26,,6447,,,1,69,,6444,,,1,25,,6448,,,1,28,,6449,,,1,66,,6450,,,1,32,,6451,,,1,78,,6423,,,1,69,,6421,,,1,30,,6424,,,1,69,,6422,,,1,29,,6426,,,1,68,,6428,,,1,30,,6425,,,1,29,,6427,,,1,69,,6452,,,1,30,,6454,,,1,70,,6453,,,1,30,,6455,,,1,70,,6456,,,1
2301,'Sunday',820,,6485,,,1,32,,6458,,,1,72,,6460,,,1,23,,6457,,,1,68,,6461,,,1,31,,6459,,,1,74,,6462,,,1,28,,6463,,,1,67,,6464,,,1,29,,6465,,,1,70,,6466,,,1,29,,6468,,,1,68,,6469,,,1,30,,6470,,,1,67,,6467,,,1,26,,6472,,,1,71,,6473,,,1,28,,6474,,,1,68,,6471,,,1,28,,6476,,,1,28,,6477,,,1,68,,6479,,,1,26,,6475,,,1,67,,6480,,,1,28,,6478,,,1,65,,6482,,,1,25,,6483,,,1,67,,6481,,,1,28,,6486,,,1,27,,6484,,,1,67,,6488,,,1,28,,6487,,,1
2301,'Weekday',525,,6489,,,1,15,,6490,,,1,15,,6491,,,1,58,,6492,,,1,17,,6493,,,1,15,,6494,,,1,14,,6495,,,1,54,,6496,,,1,16,,6497,,,1,15,,6498,,,1,56,,6499,,,1,16,,6501,,,1,15,,6502,,,1,18,,6503,,,1,56,,6500,,,1,15,,6505,,,1,13,,6506,,,1,15,,6507,,,1,55,,6504,,,1,13,,6508,,,1,30,,6509,,,1,68,,6510,,,1,31,,6511,,,1,77,,6512,,,1,30,,6513,,,1,65,,6514,,,1,29,,6515,,,1,72,,6516,,,1,29,,6517,,,1,61,,6548,,,1,20,,6518,,,1,16,,6547,,,1,15,,6544,,,1,53,,6546,,,1,13,,6545,,,1,14,,6520,,,1,15,,6519,,,1,55,,6521,,,1,15,,6523,,,1,14,,6525,,,1,15,,6526,,,1,55,,6527,,,1,15,,6524,,,1,14,,6528,,,1,15,,6522,,,1,55,,6529,,,1,15,,6530,,,1,15,,6531,,,1,14,,6532,,,1,54,,6533,,,1,20,,6534,,,1,33,,6535,,,1,73,,6536,,,1,72,,6538,,,1,34,,6539,,,1,73,,6540,,,1,31,,6537,,,1,72,,6541,,,1,34,,6542,,,1,74,,6543,,,1
3503,'Holiday1',756,,8670,,,1,85,,8669,,,1,85,,8677,,,1,85,,8672,,,1,45,,8674,,,1,85,,8676,,,1,85,,8671,,,1,85,,8678,,,1,45,,8668,,,1,85,,8673,,,1,85,,8675,,,1,85,,8679,,,1,45,,8680,,,1,85,,8683,,,1,85,,8681,,,1,85,,8682,,,1
3503,'Saturday',811,,8686,,,1,45,,8684,,,1,85,,8687,,,1,85,,8685,,,1,85,,8689,,,1,45,,8688,,,1,85,,8690,,,1,85,,8692,,,1,85,,8693,,,1,45,,8691,,,1,85,,8694,,,1,85,,8696,,,1,85,,8697,,,1,45,,8695,,,1,85,,8698,,,1,85,,8699,,,1,85,,8700,,,1
3503,'Sunday',756,,8703,,,1,85,,8702,,,1,85,,8710,,,1,85,,8705,,,1,45,,8707,,,1,85,,8709,,,1,85,,8704,,,1,85,,8711,,,1,45,,8701,,,1,85,,8706,,,1,85,,8708,,,1,85,,8712,,,1,45,,8713,,,1,85,,8716,,,1,85,,8714,,,1,85,,8715,,,1
3503,'Weekday',526,,8717,,,1,75,,8721,,,1,35,,8718,,,1,75,,8740,,,1,35,,8725,,,1,75,,8736,,,1,35,,8743,,,1,75,,8748,,,1,75,,8742,,,1,35,,8720,,,1,80,,8741,,,1,30,,8739,,,1,75,,8744,,,1,75,,8737,,,1,35,,8746,,,1,75,,8747,,,1,35,,8738,,,1,75,,8728,,,1,35,,8727,,,1,75,,8723,,,1,75,,8733,,,1,35,,8729,,,1,75,,8732,,,1,35,,8726,,,1,75,,8722,,,1,75,,8730,,,1,35,,8731,,,1,75,,8734,,,1,35,,8735,,,1,75,,8719,,,1,35,,8724,,,1,75,,8745,,,1
4104,'Weekday',659,,8861,,,1,95,,8867,,,1,95,,8865,,,1,95,,8868,,,1,99,,8864,,,1,566,,8862,,,1,95,,8869,,,1,100,,8863,,,1,55,,8866,,,1
