502,'Holiday1',651,,15577,13,,,1,155,,15581,48,,,1,30,,15579,48,,,1,70,,15580,48,,,1,30,,15578,48,,,1,81,,15576,48,,,1,33,,15575,48,,,1,70,,15574,48,,,1,25,,15573,48,,,1,69,,15572,48,,,1,27,,15571,48,,,1,70,,15570,48,,,1,33,,15568,48,,,1,73,,15569,48,,,1,32,,15567,48,,,1,74,,15566,48,,,1,35,,15561,48,,,1,70,,15564,48,,,1,30,,15565,48,,,1,70,,15563,48,,,1,30,,15559,48,,,1,70,,15560,48,,,1,29,,15562,48,,,1,70,,15558,48,,,1,30,,15557,48,,,1,87,,15586,48,,,1,87,,15587,48,,,1,88,,15584,48,,,1,89,,15583,48,,,1,50,,15582,48,,,1,88,,15585,48,,,1
502,'Saturday',552,,15591,13,,,1,93,,15588,48,,,1,68,,15596,48,,,1,31,,15609,48,,,1,70,,15589,48,,,1,31,,15592,48,,,1,76,,15590,48,,,1,31,,15597,48,,,1,70,,15601,48,,,1,30,,15593,48,,,1,74,,15594,48,,,1,31,,15595,48,,,1,72,,15600,48,,,1,95,,15599,48,,,1,35,,15598,48,,,1,70,,15605,48,,,1,71,,15602,48,,,1,30,,15604,48,,,1,70,,15607,48,,,1,30,,15606,48,,,1,71,,15603,48,,,1,32,,15608,48,,,1,70,,15612,48,,,1,29,,15610,48,,,1,70,,15611,48,,,1,35,,15617,48,,,1,89,,15616,48,,,1,92,,15615,48,,,1,85,,15613,48,,,1,48,,15614,48,,,1,87,,15621,48,,,1,89,,15620,48,,,1,90,,15618,48,,,1,90,,15619,48,,,1
502,'Sunday',651,,15642,13,,,1,155,,15646,48,,,1,30,,15644,48,,,1,70,,15645,48,,,1,30,,15643,48,,,1,81,,15641,48,,,1,33,,15640,48,,,1,70,,15639,48,,,1,25,,15638,48,,,1,69,,15637,48,,,1,27,,15636,48,,,1,70,,15635,48,,,1,33,,15633,48,,,1,73,,15634,48,,,1,32,,15632,48,,,1,74,,15631,48,,,1,35,,15626,48,,,1,70,,15629,48,,,1,30,,15630,48,,,1,70,,15628,48,,,1,30,,15624,48,,,1,70,,15625,48,,,1,29,,15627,48,,,1,70,,15623,48,,,1,30,,15622,48,,,1,87,,15651,48,,,1,87,,15652,48,,,1,88,,15649,48,,,1,89,,15648,48,,,1,50,,15647,48,,,1,88,,15650,48,,,1
502,'Weekday',538,,15653,48,,,1,20,,15663,48,,,1,63,,15664,48,,,1,24,,15665,48,,,1,61,,15666,48,,,1,23,,15667,48,,,1,20,,15668,48,,,1,58,,15669,49,0,5,1,19,,15672,48,,,1,21,,15670,49,0,5,1,58,,15673,48,,,1,20,,15671,49,0,5,1,16,,15674,48,,,1,66,,15697,49,0,5,1,28,,15696,48,,,1,24,,15692,49,0,5,1,71,,15695,48,,,1,25,,15691,49,0,5,1,67,,15700,48,,,1,29,,15694,49,0,5,1,66,,15699,48,,,1,31,,15693,49,0,5,1,68,,15698,48,,,1,36,,15675,48,,,1,63,,15676,49,0,5,1,18,,15684,48,,,1,22,,15677,49,0,5,1,60,,15685,48,,,1,22,,15678,49,0,5,1,18,,15686,48,,,1,62,,15679,49,0,5,1,18,,15687,48,,,1,21,,15680,49,0,5,1,62,,15688,48,,,1,20,,15681,49,0,5,1,15,,15689,48,,,1,61,,15682,49,0,5,1,15,,15690,48,,,1,24,,15683,49,0,5,1,86,,15661,48,,,1,81,,15660,48,,,1,39,,15657,48,,,1,77,,15662,48,,,1,79,,15659,48,,,1,40,,15656,48,,,1,80,,15658,48,,,1,80,,15655,48,,,1,34,,15654,48,,,1
902,'Holiday1',841,,16795,58,,,1,105,,16797,58,,,1,108,,16798,58,,,1,105,,16799,58,,,1,145,,16800,58,,,1,105,,16801,58,,,1,108,,16802,58,,,1,105,,16803,58,,,1,107,,16804,58,,,1,106,,16805,58,,,1,107,,16796,58,,,1
902,'Saturday',809,,16806,58,,,1,50,,16813,58,,,1,94,,16816,58,,,1,90,,16814,58,,,1,90,,16818,58,,,1,90,,16819,58,,,1,90,,16820,58,,,1,90,,16817,58,,,1,50,,16812,58,,,1,92,,16807,58,,,1,92,,16809,58,,,1,90,,16811,58,,,1,88,,16815,58,,,1,87,,16808,58,,,1,50,,16810,58,,,1
902,'Sunday',841,,16821,58,,,1,105,,16823,58,,,1,108,,16824,58,,,1,105,,16825,58,,,1,145,,16826,58,,,1,105,,16827,58,,,1,108,,16828,58,,,1,105,,16829,58,,,1,107,,16830,58,,,1,106,,16831,58,,,1,107,,16822,58,,,1
902,'Weekday',654,,16832,58,,,1,79,,16841,58,,,1,75,,16842,58,,,1,45,,16840,58,,,1,90,,16838,58,,,1,78,,16844,58,,,1,85,,16849,58,,,1,45,,16846,58,,,1,85,,16839,58,,,1,88,,16835,58,,,1,29,,16850,58,,,1,75,,16851,58,,,1,75,,16852,58,,,1,6,,16847,58,,,1,33,,16853,58,,,1,75,,16854,58,,,1,35,,16845,58,,,1,75,,16843,58,,,1,75,,16848,58,,,1,36,,16836,58,,,1,78,,16837,58,,,1,42,,16855,58,,,1,87,,16856,58,,,1,86,,16834,58,,,1,117,,16833,58,,,1
21200,'Weekday',1433,,24475,11,,,1
21501,'Weekday',1509,,24482,44,,,1
50502,'Holiday1',1026,,25826,19,,,1,16,,25830,19,,,1,16,,25831,19,,,1,56,,25829,19,,,1,17,,25834,19,,,1,16,,25832,19,,,1,56,,25836,19,,,1,17,,25833,19,,,1,16,,25837,19,,,1,16,,25838,19,,,1,57,,25835,19,,,1,16,,25840,19,,,1,16,,25841,19,,,1,60,,25843,19,,,1,20,,25839,19,,,1,13,,25844,19,,,1,17,,25842,19,,,1,57,,25846,19,,,1,16,,25847,19,,,1,17,,25845,19,,,1,16,,25848,19,,,1,56,,25849,19,,,1,15,,25850,19,,,1,14,,25851,19,,,1,16,,25852,19,,,1,56,,25853,19,,,1,15,,25854,19,,,1,16,,25855,19,,,1,55,,25856,19,,,1,16,,25857,19,,,1,16,,25827,19,,,1,16,,25828,19,,,1
50502,'Saturday',921,,25858,19,,,1,16,,25859,19,,,1,16,,25864,19,,,1,56,,25865,19,,,1,17,,25866,19,,,1,17,,25868,19,,,1,58,,25869,19,,,1,18,,25870,19,,,1,17,,25872,19,,,1,16,,25867,19,,,1,56,,25873,19,,,1,17,,25874,19,,,1,16,,25871,19,,,1,16,,25876,19,,,1,56,,25877,19,,,1,16,,25879,19,,,1,17,,25880,19,,,1,56,,25875,19,,,1,15,,25881,19,,,1,19,,25882,19,,,1,15,,25862,19,,,1,55,,25884,19,,,1,16,,25885,19,,,1,17,,25887,19,,,1,16,,25888,19,,,1,57,,25889,19,,,1,18,,25886,19,,,1,14,,25890,19,,,1,56,,25891,19,,,1,15,,25892,19,,,1,16,,25894,19,,,1,16,,25895,19,,,1,55,,25896,19,,,1,14,,25897,19,,,1,16,,25893,19,,,1,15,,25883,19,,,1,56,,25863,19,,,1,16,,25860,19,,,1,16,,25878,19,,,1,16,,25861,19,,,1
50502,'Sunday',1026,,25898,19,,,1,16,,25902,19,,,1,16,,25903,19,,,1,56,,25901,19,,,1,17,,25906,19,,,1,16,,25904,19,,,1,56,,25908,19,,,1,17,,25905,19,,,1,16,,25909,19,,,1,16,,25910,19,,,1,57,,25907,19,,,1,16,,25912,19,,,1,16,,25913,19,,,1,60,,25915,19,,,1,20,,25911,19,,,1,13,,25916,19,,,1,17,,25914,19,,,1,57,,25918,19,,,1,16,,25919,19,,,1,17,,25917,19,,,1,16,,25920,19,,,1,56,,25921,19,,,1,15,,25922,19,,,1,14,,25923,19,,,1,16,,25924,19,,,1,56,,25925,19,,,1,15,,25926,19,,,1,16,,25927,19,,,1,55,,25928,19,,,1,16,,25929,19,,,1,16,,25899,19,,,1,16,,25900,19,,,1
50502,'Weekday',724,,25930,19,,,1,20,,25935,19,,,1,57,,25936,19,,,1,17,,25937,19,,,1,18,,25938,19,,,1,18,,25939,19,,,1,60,,25940,19,,,1,14,,25941,19,,,1,21,,25942,19,,,1,55,,25943,19,,,1,22,,25944,19,,,1,24,,25945,19,,,1,61,,25946,19,,,1,27,,25947,19,,,1,66,,25948,19,,,1,20,,25949,19,,,1,17,,25950,19,,,1,68,,25951,19,,,1,27,,25952,19,,,1,21,,25953,19,,,1,67,,25955,19,,,1,27,,25956,19,,,1,66,,25957,19,,,1,22,,25954,19,,,1,14,,25958,19,,,1,63,,25959,19,,,1,18,,25960,19,,,1,22,,25961,19,,,1,59,,25962,19,,,1,17,,25964,19,,,1,18,,25965,19,,,1,61,,25966,19,,,1,14,,25963,19,,,1,18,,25967,19,,,1,58,,25968,19,,,1,17,,25969,19,,,1,33,,25970,19,,,1,57,,25971,19,,,1,18,,25972,19,,,1,29,,25973,19,,,1,67,,25974,19,,,1
