604,'251229-MULTI-Saturday-01',647,,3523,0,,1,85,,3508,0,,1,85,,3506,0,,1,85,,3509,0,,1,45,,3507,0,,1,85,,3510,0,,1,85,,3513,0,,1,85,,3514,0,,1,45,,3511,0,,1,85,,3512,0,,1,85,,3515,0,,1,84,,3518,0,,1,45,,3519,0,,1,85,,3520,0,,1,85,,3516,0,,1,86,,3517,0,,1,45,,3521,0,,1,85,,3522,0,,1
604,'251229-MULTI-Sunday-01',802,,3524,0,,1,45,,3526,0,,1,85,,3527,0,,1,85,,3525,0,,1,85,,3529,0,,1,45,,3531,0,,1,85,,3528,0,,1,85,,3532,0,,1,85,,3530,0,,1,45,,3533,0,,1,85,,3534,0,,1,85,,3535,0,,1,85,,3536,0,,1,45,,3537,0,,1,85,,3538,0,,1
604,'260105-MULTI-Holiday1-01',802,,3539,0,,1,45,,3541,0,,1,85,,3542,0,,1,85,,3540,0,,1,85,,3544,0,,1,45,,3546,0,,1,85,,3543,0,,1,85,,3547,0,,1,85,,3545,0,,1,45,,3548,0,,1,85,,3549,0,,1,85,,3550,0,,1,85,,3551,0,,1,45,,3552,0,,1,85,,3553,0,,1
604,'260105-MULTI-Saturday-01',647,,3571,0,,1,85,,3556,0,,1,85,,3554,0,,1,85,,3557,0,,1,45,,3555,0,,1,85,,3558,0,,1,85,,3561,0,,1,85,,3563,0,,1,45,,3559,0,,1,85,,3560,0,,1,85,,3564,0,,1,84,,3566,0,,1,45,,3567,0,,1,85,,3568,0,,1,85,,3565,0,,1,86,,3562,0,,1,45,,3569,0,,1,85,,3570,0,,1
604,'260105-MULTI-Sunday-01',802,,3572,0,,1,45,,3574,0,,1,85,,3575,0,,1,85,,3573,0,,1,85,,3577,0,,1,45,,3579,0,,1,85,,3576,0,,1,85,,3580,0,,1,85,,3578,0,,1,45,,3581,0,,1,85,,3582,0,,1,85,,3583,0,,1,85,,3584,0,,1,45,,3585,0,,1,85,,3586,0,,1
604,'260105-MULTI-Weekday-01',520,,3587,0,,1,20,,3591,0,,1,60,,3599,0,,1,20,,3594,0,,1,20,,3600,0,,1,17,,3593,0,,1,62,,3598,0,,1,21,,3592,0,,1,60,,3596,0,,1,20,,3597,0,,1,18,,3590,0,,1,62,,3617,0,,1,17,,3588,0,,1,22,,3612,0,,1,19,,3604,0,,1,61,,3610,0,,1,26,,3609,0,,1,62,,3603,0,,1,20,,3611,0,,1,21,,3605,0,,1,65,,3606,0,,1,22,,3608,0,,1,20,,3607,0,,1,63,,3613,0,,1,23,,3615,0,,1,62,,3602,0,,1,23,,3601,0,,1,22,,3595,0,,1,58,,3589,0,,1,20,,3619,0,,1,20,,3620,0,,1,61,,3621,0,,1,19,,3622,0,,1,20,,3623,0,,1,60,,3624,0,,1,20,,3625,0,,1,22,,3626,0,,1,58,,3628,0,,1,20,,3630,0,,1,20,,3631,0,,1,65,,3627,0,,1,25,,3632,0,,1,65,,3629,0,,1,25,,3633,0,,1,23,,3634,0,,1,67,,3635,0,,1,27,,3636,0,,1,73,,3614,0,,1,27,,3618,0,,1,68,,3616,0,,1,30,,3637,0,,1
2603,'251229-MULTI-Saturday-01',659,,9797,0,,1,63,,9799,0,,1,30,,9800,0,,1,70,,9798,0,,1,30,,9801,0,,1,70,,9802,0,,1,30,,9803,0,,1,70,,9805,0,,1,30,,9806,0,,1,70,,9807,0,,1,30,,9804,0,,1,70,,9808,0,,1,30,,9810,0,,1,70,,9811,0,,1,30,,9812,0,,1,70,,9809,0,,1,30,,9813,0,,1,70,,9814,0,,1,30,,9815,0,,1,70,,9816,0,,1,30,,9817,0,,1,70,,9818,0,,1,30,,9819,0,,1,70,,9821,0,,1,30,,9822,0,,1,70,,9823,0,,1,30,,9820,0,,1,70,,9824,0,,1,30,,9825,0,,1,70,,9826,0,,1,30,,9827,0,,1
2603,'251229-MULTI-Sunday-01',658,,9828,0,,1,94,,9829,0,,1,100,,9830,0,,1,100,,9831,0,,1,100,,9832,0,,1,100,,9833,0,,1,100,,9834,0,,1,100,,9835,0,,1,100,,9836,0,,1,100,,9837,0,,1,100,,9838,0,,1,100,,9839,0,,1,100,,9840,0,,1,100,,9841,0,,1,100,,9842,0,,1
2603,'260105-MULTI-Holiday1-01',658,,9843,0,,1,94,,9844,0,,1,100,,9845,0,,1,100,,9846,0,,1,100,,9847,0,,1,100,,9848,0,,1,100,,9849,0,,1,100,,9851,0,,1,100,,9852,0,,1,100,,9853,0,,1,100,,9850,0,,1,100,,9854,0,,1,100,,9855,0,,1,100,,9856,0,,1,100,,9857,0,,1
2603,'260105-MULTI-Saturday-01',659,,9858,0,,1,63,,9860,0,,1,30,,9861,0,,1,70,,9859,0,,1,30,,9862,0,,1,70,,9863,0,,1,30,,9864,0,,1,70,,9866,0,,1,30,,9867,0,,1,70,,9868,0,,1,30,,9865,0,,1,70,,9870,0,,1,30,,9872,0,,1,70,,9869,0,,1,30,,9873,0,,1,70,,9871,0,,1,30,,9874,0,,1,70,,9875,0,,1,30,,9876,0,,1,70,,9877,0,,1,30,,9878,0,,1,70,,9879,0,,1,30,,9880,0,,1,70,,9882,0,,1,30,,9883,0,,1,70,,9884,0,,1,30,,9881,0,,1,70,,9885,0,,1,30,,9886,0,,1,70,,9887,0,,1,30,,9888,0,,1
2603,'260105-MULTI-Sunday-01',658,,9889,0,,1,94,,9890,0,,1,100,,9891,0,,1,100,,9892,0,,1,100,,9893,0,,1,100,,9894,0,,1,100,,9895,0,,1,100,,9897,0,,1,100,,9898,0,,1,100,,9899,0,,1,100,,9896,0,,1,100,,9900,0,,1,100,,9901,0,,1,100,,9902,0,,1,100,,9903,0,,1
2603,'260105-MULTI-Weekday-01',424,,9904,0,,1,22,,9905,0,,1,62,,9906,0,,1,22,,9907,0,,1,22,,9908,0,,1,62,,9909,0,,1,22,,9910,0,,1,22,,9911,0,,1,62,,9912,0,,1,22,,9913,0,,1,62,,9914,0,,1,22,,9915,0,,1,22,,9916,0,,1,62,,9917,0,,1,22,,9918,0,,1,22,,9919,0,,1,62,,9920,0,,1,22,,9921,0,,1,62,,9922,0,,1,22,,9923,0,,1,22,,9924,0,,1,62,,9926,0,,1,22,,9927,0,,1,22,,9928,0,,1,62,,9925,0,,1,22,,9929,0,,1,22,,9930,0,,1,62,,9931,0,,1,22,,9932,0,,1,62,,9933,0,,1,22,,9934,0,,1,22,,9935,0,,1,62,,9936,0,,1,22,,9937,0,,1,22,,9938,0,,1,62,,9939,0,,1,25,,9940,0,,1,19,,9941,0,,1,62,,9942,0,,1,22,,9943,0,,1,62,,9944,0,,1,22,,9945,0,,1,22,,9946,0,,1,62,,9947,0,,1,22,,9948,0,,1,22,,9949,0,,1,62,,9950,0,,1,22,,9951,0,,1,63,,9952,0,,1,22,,9953,0,,1,22,,9954,0,,1,62,,9955,0,,1,22,,9956,0,,1,21,,9957,0,,1,62,,9958,0,,1,22,,9959,0,,1
