801,'251229-MULTI-Saturday-01',550,,4582,0,,1,90,,4584,0,,1,90,,4581,0,,1,90,,4586,0,,1,90,,4583,0,,1,90,,4587,0,,1,49,,4593,0,,1,75,,4594,0,,1,35,,4596,0,,1,75,,4608,0,,1,79,,4595,0,,1,37,,4597,0,,1,75,,4598,0,,1,75,,4599,0,,1,35,,4600,0,,1,75,,4602,0,,1,35,,4603,0,,1,75,,4605,0,,1,35,,4601,0,,1,75,,4606,0,,1,75,,4607,0,,1,30,,4604,0,,1,72,,4588,0,,1,43,,4589,0,,1,90,,4591,0,,1,90,,4590,0,,1,90,,4592,0,,1,90,,4585,0,,1
801,'251229-MULTI-Sunday-01',750,,4610,0,,1,85,,4611,0,,1,85,,4612,0,,1,85,,4613,0,,1,45,,4614,0,,1,85,,4609,0,,1,89,,4616,0,,1,85,,4615,0,,1,45,,4618,0,,1,85,,4620,0,,1,85,,4617,0,,1,85,,4621,0,,1,45,,4622,0,,1,85,,4619,0,,1,85,,4623,0,,1,85,,4624,0,,1,43,,4625,0,,1,84,,4627,0,,1,84,,4628,0,,1,85,,4626,0,,1
801,'260105-MULTI-Holiday1-01',750,,4630,0,,1,85,,4631,0,,1,85,,4632,0,,1,85,,4633,0,,1,45,,4634,0,,1,85,,4629,0,,1,89,,4636,0,,1,85,,4635,0,,1,45,,4638,0,,1,85,,4640,0,,1,85,,4637,0,,1,85,,4641,0,,1,45,,4642,0,,1,85,,4639,0,,1,85,,4643,0,,1,85,,4644,0,,1,43,,4645,0,,1,84,,4647,0,,1,84,,4648,0,,1,85,,4646,0,,1
801,'260105-MULTI-Saturday-01',550,,4650,0,,1,90,,4652,0,,1,90,,4649,0,,1,90,,4654,0,,1,90,,4651,0,,1,90,,4655,0,,1,49,,4661,0,,1,75,,4663,0,,1,35,,4664,0,,1,75,,4676,0,,1,79,,4662,0,,1,37,,4665,0,,1,75,,4666,0,,1,75,,4667,0,,1,35,,4668,0,,1,75,,4670,0,,1,35,,4671,0,,1,75,,4673,0,,1,35,,4669,0,,1,75,,4674,0,,1,75,,4675,0,,1,30,,4672,0,,1,72,,4656,0,,1,43,,4657,0,,1,90,,4659,0,,1,90,,4658,0,,1,90,,4660,0,,1,90,,4653,0,,1
801,'260105-MULTI-Sunday-01',750,,4678,0,,1,85,,4679,0,,1,85,,4680,0,,1,85,,4681,0,,1,45,,4682,0,,1,85,,4677,0,,1,89,,4684,0,,1,85,,4683,0,,1,45,,4686,0,,1,85,,4688,0,,1,85,,4685,0,,1,85,,4689,0,,1,45,,4690,0,,1,85,,4687,0,,1,85,,4691,0,,1,85,,4692,0,,1,43,,4693,0,,1,84,,4695,0,,1,84,,4696,0,,1,85,,4694,0,,1
801,'260105-MULTI-Weekday-01',530,,4697,0,,1,75,,4709,0,,1,35,,4710,0,,1,75,,4711,0,,1,35,,4712,0,,1,79,,4713,0,,1,73,,4700,0,,1,33,,4707,0,,1,78,,4698,0,,1,32,,4708,0,,1,75,,4702,0,,1,33,,4703,0,,1,75,,4704,0,,1,78,,4705,0,,1,36,,4706,0,,1,74,,4714,0,,1,87,,4716,0,,1,35,,4715,0,,1,73,,4718,0,,1,94,,4720,0,,1,29,,4719,0,,1,69,,4717,0,,1,97,,4722,0,,1,23,,4721,0,,1,29,,4723,0,,1,100,,4724,0,,1,88,,4725,0,,1,96,,4699,0,,1,80,,4701,0,,1
802,'251229-MULTI-Saturday-01',631,,4728,4,,1,90,,4726,4,,1,90,,4732,4,,1,93,,4729,4,,1,50,,4731,4,,1,90,,4730,4,,1,75,,4742,4,,1,35,,4753,4,,1,76,,4743,4,,1,29,,4744,4,,1,82,,4745,4,,1,75,,4746,4,,1,35,,4747,4,,1,75,,4748,4,,1,75,,4749,4,,1,35,,4750,4,,1,75,,4751,4,,1,35,,4752,4,,1,75,,4738,4,,1,35,,4741,4,,1,72,,4740,4,,1,74,,4739,4,,1,40,,4737,4,,1,91,,4733,4,,1,88,,4734,4,,1,88,,4735,4,,1,50,,4736,4,,1,90,,4727,4,,1
802,'251229-MULTI-Sunday-01',830,,4755,4,,1,85,,4754,4,,1,85,,4756,4,,1,45,,4757,4,,1,86,,4758,4,,1,88,,4760,4,,1,85,,4761,4,,1,45,,4762,4,,1,85,,4759,4,,1,85,,4763,4,,1,85,,4764,4,,1,45,,4765,4,,1,85,,4766,4,,1,85,,4767,4,,1,85,,4768,4,,1,45,,4769,4,,1,84,,4770,4,,1,84,,4771,4,,1,85,,4772,4,,1,45,,4773,4,,1
802,'260105-MULTI-Holiday1-01',830,,4775,4,,1,85,,4774,4,,1,85,,4776,4,,1,45,,4777,4,,1,86,,4778,4,,1,88,,4781,4,,1,85,,4782,4,,1,45,,4779,4,,1,85,,4780,4,,1,85,,4783,4,,1,85,,4784,4,,1,45,,4785,4,,1,85,,4786,4,,1,85,,4787,4,,1,85,,4788,4,,1,45,,4789,4,,1,84,,4790,4,,1,84,,4791,4,,1,85,,4792,4,,1,45,,4793,4,,1
802,'260105-MULTI-Saturday-01',631,,4796,4,,1,90,,4794,4,,1,90,,4800,4,,1,93,,4797,4,,1,50,,4799,4,,1,90,,4798,4,,1,75,,4810,4,,1,35,,4821,4,,1,76,,4811,4,,1,29,,4812,4,,1,82,,4813,4,,1,75,,4814,4,,1,35,,4815,4,,1,75,,4816,4,,1,75,,4817,4,,1,35,,4818,4,,1,75,,4819,4,,1,35,,4820,4,,1,75,,4806,4,,1,35,,4809,4,,1,72,,4808,4,,1,74,,4807,4,,1,40,,4805,4,,1,91,,4801,4,,1,88,,4802,4,,1,88,,4803,4,,1,50,,4804,4,,1,90,,4795,4,,1
802,'260105-MULTI-Sunday-01',830,,4823,4,,1,85,,4822,4,,1,85,,4824,4,,1,45,,4825,4,,1,86,,4826,4,,1,88,,4829,4,,1,85,,4830,4,,1,45,,4827,4,,1,85,,4828,4,,1,85,,4831,4,,1,85,,4832,4,,1,45,,4833,4,,1,85,,4834,4,,1,85,,4835,4,,1,85,,4836,4,,1,45,,4837,4,,1,84,,4838,4,,1,84,,4839,4,,1,85,,4840,4,,1,45,,4841,4,,1
802,'260105-MULTI-Weekday-01',519,,4843,4,,1,35,,4847,4,,1,78,,4853,4,,1,74,,4858,4,,1,38,,4850,4,,1,77,,4856,4,,1,36,,4848,4,,1,71,,4855,4,,1,77,,4845,4,,1,33,,4851,4,,1,74,,4844,4,,1,32,,4854,4,,1,78,,4846,4,,1,79,,4852,4,,1,34,,4857,4,,1,76,,4849,4,,1,43,,4862,4,,1,76,,4861,4,,1,76,,4863,4,,1,53,,4865,4,,1,68,,4864,4,,1,31,,4866,4,,1,94,,4868,4,,1,64,,4867,4,,1,26,,4869,4,,1,100,,4871,4,,1,60,,4870,4,,1,29,,4872,4,,1,96,,4860,4,,1,82,,4859,4,,1,94,,4842,4,,1
