'251229-MULTI-Saturday-01',303,51500,0,'',1,8500,0,'',1,2500,0,'',1,2500,0,'',1,6500,0,'A FCCC',1,2500,0,'',1,6500,0,'A FCCC',1,2500,0,'',1,2500,0,'A FCCC',1,6500,0,'',1,2500,0,'A FCCC',1,6500,0,'',1,2000,0,'A FCCC',1,2500,0,'',1,6500,0,'A FCCC',1,2500,0,'',1,6500,0,'A FCCC',1,2500,0,'',1,6500,0,'A FCCC',1,2500,0,'',1,2500,0,'A FCCC',1,6500,0,'',1,2500,0,'A FCCC',1,6500,0,'',1,2500,0,'A FCCC',1,2500,0,'',1,6500,0,'A FCCC',1,2500,0,'',1,6500,0,'A FCCC',1,2500,0,'',1,6500,0,'A FCCC',1,2500,0,'',1,2500,0,'A FCCC',1,6500,0,'',1,2500,0,'',1,6500,0,'',1,2500,0,'',1,2500,0,'',1,6500,0,'',1,2500,0,'',1,6500,0,'',1,2500,0,'',1,6500,0,'',1,2500,0,'',1,2500,0,'',1
'251229-MULTI-Saturday-01',304,63500,4,'',1,6500,4,'',1,2500,4,'',1,2500,4,'',1,6600,4,'',1,2400,4,'',1,6200,4,'',1,2800,4,'',1,2200,4,'',1,6900,4,'',1,2100,4,'',1,6700,4,'',1,2200,4,'',1,2800,4,'',1,6300,4,'',1,3000,4,'',1,6200,4,'',1,2800,4,'',1,6200,4,'',1,2900,4,'',1,2200,4,'',1,6800,4,'',1,2200,4,'',1,6700,4,'',1,2200,4,'',1,6800,4,'',1,2100,4,'',1,2700,4,'',1,6200,4,'',1,2700,4,'',1,6200,4,'',1,2800,4,'',1,2200,4,'',1,6500,4,'',1,2400,4,'',1,6300,4,'',1,2000,4,'',1,1900,4,'',1,6400,4,'',1,2100,4,'',1,2500,4,'',1,6500,4,'',1,2500,4,'',1,6500,4,'',1
'251229-MULTI-Sunday-01',303,63500,0,'',1,6500,0,'A FCCC',1,2500,0,'',1,2500,0,'A FCCC',1,6500,0,'',1,2000,0,'A FCCC',1,6500,0,'',1,2500,0,'A FCCC',1,3000,0,'',1,6000,0,'A FCCC',1,3000,0,'',1,6000,0,'A FCCC',1,3000,0,'',1,2000,0,'A FCCC',1,7000,0,'',1,2000,0,'A FCCC',1,6500,0,'',1,2500,0,'A FCCC',1,6500,0,'',1,2500,0,'A FCCC',1,2500,0,'',1,6000,0,'A FCCC',1,3000,0,'',1,6000,0,'A FCCC',1,3000,0,'',1,2000,0,'A FCCC',1,7000,0,'',1,2000,0,'A FCCC',1,7000,0,'',1,2000,0,'A FCCC',1,7000,0,'',1,2000,0,'A FCCC',1,3000,0,'',1,6500,0,'',1,3000,0,'',1,6500,0,'',1,2500,0,'',1,6500,0,'',1,2500,0,'',1,2500,0,'',1,6500,0,'',1,2500,0,'',1
'251229-MULTI-Sunday-01',304,74600,4,'',1,6500,4,'',1,3100,4,'',1,6500,4,'',1,3100,4,'',1,2000,4,'',1,7000,4,'',1,2000,4,'',1,7000,4,'',1,2000,4,'',1,7000,4,'',1,2000,4,'',1,2900,4,'',1,6200,4,'',1,2400,4,'',1,6600,4,'',1,2400,4,'',1,2200,4,'',1,6800,4,'',1,2200,4,'',1,6900,4,'',1,2100,4,'',1,6900,4,'',1,2000,4,'',1,2900,4,'',1,5900,4,'',1,3100,4,'',1,5900,4,'',1,3000,4,'',1,2100,4,'',1,6900,4,'',1,2000,4,'',1,6500,4,'',1,2400,4,'',1,2500,4,'',1,6400,4,'',1,2400,4,'',1,6500,4,'',1,2400,4,'',1,2500,4,'',1,6500,4,'',1
'260105-MULTI-Holiday1-01',303,63500,0,'',1,6500,0,'A FCCC',1,2500,0,'',1,2500,0,'A FCCC',1,6500,0,'',1,2000,0,'A FCCC',1,6500,0,'',1,2500,0,'A FCCC',1,3000,0,'',1,6000,0,'A FCCC',1,3000,0,'',1,6000,0,'A FCCC',1,3000,0,'',1,2000,0,'A FCCC',1,7000,0,'',1,2000,0,'A FCCC',1,6500,0,'',1,2500,0,'A FCCC',1,6500,0,'',1,2500,0,'A FCCC',1,2500,0,'',1,6000,0,'A FCCC',1,3000,0,'',1,6000,0,'A FCCC',1,3000,0,'',1,2000,0,'A FCCC',1,7000,0,'',1,2000,0,'A FCCC',1,7000,0,'',1,2000,0,'A FCCC',1,7000,0,'',1,2000,0,'A FCCC',1,3000,0,'',1,6500,0,'',1,3000,0,'',1,6500,0,'',1,2500,0,'',1,6500,0,'',1,2500,0,'',1,2500,0,'',1,6500,0,'',1,2500,0,'',1
'260105-MULTI-Holiday1-01',304,74600,4,'',1,6500,4,'',1,3100,4,'',1,6500,4,'',1,3100,4,'',1,2000,4,'',1,7000,4,'',1,2000,4,'',1,7000,4,'',1,2000,4,'',1,7000,4,'',1,2000,4,'',1,2900,4,'',1,6200,4,'',1,2400,4,'',1,6600,4,'',1,2400,4,'',1,2200,4,'',1,6800,4,'',1,2200,4,'',1,6900,4,'',1,2100,4,'',1,6900,4,'',1,2000,4,'',1,2900,4,'',1,5900,4,'',1,3100,4,'',1,5900,4,'',1,3000,4,'',1,2100,4,'',1,6900,4,'',1,2000,4,'',1,6500,4,'',1,2400,4,'',1,2500,4,'',1,6400,4,'',1,2400,4,'',1,6500,4,'',1,2400,4,'',1,2500,4,'',1,6500,4,'',1
'260105-MULTI-Saturday-01',303,51500,0,'',1,8500,0,'',1,2500,0,'',1,2500,0,'',1,6500,0,'A FCCC',1,2500,0,'',1,6500,0,'A FCCC',1,2500,0,'',1,2500,0,'A FCCC',1,6500,0,'',1,2500,0,'A FCCC',1,6500,0,'',1,2000,0,'A FCCC',1,2500,0,'',1,6500,0,'A FCCC',1,2500,0,'',1,6500,0,'A FCCC',1,2500,0,'',1,6500,0,'A FCCC',1,2500,0,'',1,2500,0,'A FCCC',1,6500,0,'',1,2500,0,'A FCCC',1,6500,0,'',1,2500,0,'A FCCC',1,2500,0,'',1,6500,0,'A FCCC',1,2500,0,'',1,6500,0,'A FCCC',1,2500,0,'',1,6500,0,'A FCCC',1,2500,0,'',1,2500,0,'A FCCC',1,6500,0,'',1,2500,0,'',1,6500,0,'',1,2500,0,'',1,2500,0,'',1,6500,0,'',1,2500,0,'',1,6500,0,'',1,2500,0,'',1,6500,0,'',1,2500,0,'',1,2500,0,'',1
'260105-MULTI-Saturday-01',304,63500,4,'',1,6500,4,'',1,2500,4,'',1,2500,4,'',1,6600,4,'',1,2400,4,'',1,6200,4,'',1,2800,4,'',1,2200,4,'',1,6900,4,'',1,2100,4,'',1,6700,4,'',1,2200,4,'',1,2800,4,'',1,6300,4,'',1,3000,4,'',1,6200,4,'',1,2800,4,'',1,6200,4,'',1,2900,4,'',1,2200,4,'',1,6800,4,'',1,2200,4,'',1,6700,4,'',1,2200,4,'',1,6800,4,'',1,2100,4,'',1,2700,4,'',1,6200,4,'',1,2700,4,'',1,6200,4,'',1,2800,4,'',1,2200,4,'',1,6500,4,'',1,2400,4,'',1,6300,4,'',1,2000,4,'',1,1900,4,'',1,6400,4,'',1,2100,4,'',1,2500,4,'',1,6500,4,'',1,2500,4,'',1,6500,4,'',1
'260105-MULTI-Sunday-01',303,63500,0,'',1,6500,0,'A FCCC',1,2500,0,'',1,2500,0,'A FCCC',1,6500,0,'',1,2000,0,'A FCCC',1,6500,0,'',1,2500,0,'A FCCC',1,3000,0,'',1,6000,0,'A FCCC',1,3000,0,'',1,6000,0,'A FCCC',1,3000,0,'',1,2000,0,'A FCCC',1,7000,0,'',1,2000,0,'A FCCC',1,6500,0,'',1,2500,0,'A FCCC',1,6500,0,'',1,2500,0,'A FCCC',1,2500,0,'',1,6000,0,'A FCCC',1,3000,0,'',1,6000,0,'A FCCC',1,3000,0,'',1,2000,0,'A FCCC',1,7000,0,'',1,2000,0,'A FCCC',1,7000,0,'',1,2000,0,'A FCCC',1,7000,0,'',1,2000,0,'A FCCC',1,3000,0,'',1,6500,0,'',1,3000,0,'',1,6500,0,'',1,2500,0,'',1,6500,0,'',1,2500,0,'',1,2500,0,'',1,6500,0,'',1,2500,0,'',1
'260105-MULTI-Sunday-01',304,74600,4,'',1,6500,4,'',1,3100,4,'',1,6500,4,'',1,3100,4,'',1,2000,4,'',1,7000,4,'',1,2000,4,'',1,7000,4,'',1,2000,4,'',1,7000,4,'',1,2000,4,'',1,2900,4,'',1,6200,4,'',1,2400,4,'',1,6600,4,'',1,2400,4,'',1,2200,4,'',1,6800,4,'',1,2200,4,'',1,6900,4,'',1,2100,4,'',1,6900,4,'',1,2000,4,'',1,2900,4,'',1,5900,4,'',1,3100,4,'',1,5900,4,'',1,3000,4,'',1,2100,4,'',1,6900,4,'',1,2000,4,'',1,6500,4,'',1,2400,4,'',1,2500,4,'',1,6400,4,'',1,2400,4,'',1,6500,4,'',1,2400,4,'',1,2500,4,'',1,6500,4,'',1
'260105-MULTI-Weekday-01',303,51700,0,'',1,1500,0,'',1,1600,0,'',1,5500,0,'',1,1100,0,'',1,2100,0,'',1,500,0,'',1,1700,0,'',1,5100,0,'A FCCC',1,1700,0,'',1,1100,0,'A FCCC',1,1300,0,'',1,5100,0,'A FCCC',1,1300,0,'',1,1100,0,'A FCCC',1,2100,0,'',1,500,0,'A FCCC',1,5700,0,'',1,600,0,'A FCCC',1,2000,0,'',1,600,0,'A FCCC',1,6100,0,'',1,1000,0,'A FCCC',1,1900,0,'',1,900,0,'A FCCC',1,2100,0,'',1,4800,0,'A FCCC',1,2200,0,'',1,1300,0,'A FCCC',1,1500,0,'',1,5100,0,'A FCCC',1,2000,0,'',1,1000,0,'A FCCC',1,6400,0,'',1,1800,0,'A FCCC',1,2300,0,'',1,400,0,'A FCCC',1,5900,0,'',1,1000,0,'A FCCC',1,1800,0,'',1,1000,0,'A FCCC',1,6300,0,'',1,500,0,'A FCCC',1,1800,0,'',1,1500,0,'A FCCC',1,5600,0,'',1,700,0,'A FCCC',1,2400,0,'',1,400,0,'A FCCC',1,2100,0,'',1,4700,0,'A FCCC',1,2300,0,'',1,500,0,'A FCCC',1,2100,0,'',1,4700,0,'A FCCC',1,2100,0,'',1,700,0,'A FCCC',1,2100,0,'',1,700,0,'A FCCC',1,6000,0,'',1,800,0,'A FCCC',1,2300,0,'',1,700,0,'A FCCC',1,6400,0,'',1,2800,0,'A FCCC',1,6100,0,'',1,3800,0,'',1,7000,0,'',1,2200,0,'',1,7300,0,'',1,2600,0,'',1,7100,0,'',1,3000,0,'',1
'260105-MULTI-Weekday-01',304,43700,4,'',1,2000,4,'',1,5500,4,'',1,1500,4,'',1,1500,4,'',1,1500,4,'',1,5000,4,'',1,1900,4,'',1,100,4,'',1,1700,4,'',1,5600,4,'',1,1500,4,'',1,1500,4,'',1,2200,4,'',1,5000,4,'',1,1400,4,'',1,1900,4,'',1,900,4,'',1,5900,4,'',1,300,4,'',1,2200,4,'',1,400,4,'',1,2300,4,'',1,4700,4,'',1,1800,4,'',1,1200,4,'',1,1800,4,'',1,900,4,'',1,6100,4,'',1,1400,4,'',1,1700,4,'',1,5000,4,'',1,2000,4,'',1,800,4,'',1,2200,4,'',1,5500,4,'',1,2800,4,'',1,100,4,'',1,1800,4,'',1,5500,4,'',1,1900,4,'',1,600,4,'',1,2200,4,'',1,4800,4,'',1,1900,4,'',1,900,4,'',1,2000,4,'',1,5000,4,'',1,1900,4,'',1,1000,4,'',1,1900,4,'',1,700,4,'',1,6200,4,'',1,700,4,'',1,2000,4,'',1,1000,4,'',1,5800,4,'',1,700,4,'',1,2000,4,'',1,1000,4,'',1,5800,4,'',1,900,4,'',1,1600,4,'',1,1000,4,'',1,5800,4,'',1,1000,4,'',1,2800,4,'',1,6400,4,'',1,3400,4,'',1,7000,4,'',1,2000,4,'',1,3200,4,'',1,6900,4,'',1,2600,4,'',1,7200,4,'',1,2200,4,'',1
