1504,'251229-MULTI-Saturday-01',536,,7373,0,,1,64,41,7374,0,,1,42,,7372,0,,1,62,,7370,0,,1,22,,7377,0,,1,22,,7378,0,,1,62,,7376,0,,1,22,,7382,0,,1,22,,7383,0,,1,62,,7379,0,,1,22,,7381,0,,1,62,41,7380,0,,1,22,,7384,0,,1,22,,7385,0,,1,62,,7386,0,,1,22,,7387,0,,1,22,,7389,0,,1,62,,7390,0,,1,22,,7391,0,,1,22,,7388,0,,1,62,,7392,0,,1,22,,7393,0,,1,62,,7395,0,,1,22,,7396,0,,1,22,,7397,0,,1,62,,7394,0,,1,22,,7398,0,,1,22,,7399,0,,1,62,,7400,0,,1,22,,7402,0,,1,22,,7403,0,,1,62,,7404,0,,1,22,,7401,0,,1,62,,7406,0,,1,22,,7407,0,,1,22,,7408,0,,1,62,,7405,0,,1,22,,7409,0,,1,22,,7411,0,,1,62,,7412,0,,1,22,,7413,0,,1,62,41,7410,0,,1,22,,7414,0,,1,22,,7415,0,,1,62,,7416,0,,1,22,,7418,0,,1,22,,7419,0,,1,62,,7420,0,,1,22,,7417,0,,1,22,,7421,0,,1,62,,7422,0,,1,22,,7423,0,,1,66,,7371,0,,1
1504,'251229-MULTI-Sunday-01',736,,7457,0,,1,70,,7425,0,,1,31,,7427,0,,1,69,,7428,0,,1,30,,7429,0,,1,70,,7430,0,,1,30,,7431,0,,1,70,,7433,0,,1,30,,7435,0,,1,70,,7432,0,,1,30,,7437,0,,1,70,,7434,0,,1,30,,7438,0,,1,70,,7439,0,,1,30,,7442,0,,1,70,,7436,0,,1,30,,7440,0,,1,70,,7443,0,,1,30,,7441,0,,1,70,,7444,0,,1,30,,7445,0,,1,70,,7446,0,,1,30,,7447,0,,1,70,,7448,0,,1,35,,7449,0,,1,65,,7450,0,,1,30,,7452,0,,1,70,,7453,0,,1,30,,7454,0,,1,70,,7451,0,,1,30,,7455,0,,1,70,,7456,0,,1,30,,7424,0,,1,70,,7426,0,,1
1504,'260105-MULTI-Holiday1-01',736,,7493,0,,1,70,,7460,0,,1,31,,7463,0,,1,69,,7464,0,,1,30,,7465,0,,1,70,,7466,0,,1,30,,7467,0,,1,70,,7469,0,,1,30,,7471,0,,1,70,,7468,0,,1,30,,7473,0,,1,70,,7470,0,,1,30,,7474,0,,1,70,,7475,0,,1,30,,7478,0,,1,70,,7472,0,,1,30,,7476,0,,1,70,,7479,0,,1,30,,7477,0,,1,70,,7480,0,,1,30,,7481,0,,1,70,,7482,0,,1,30,,7483,0,,1,70,,7484,0,,1,35,,7485,0,,1,65,,7486,0,,1,30,,7488,0,,1,70,,7489,0,,1,30,,7490,0,,1,70,,7487,0,,1,30,,7491,0,,1,70,,7492,0,,1,30,,7461,0,,1,70,,7462,0,,1
1504,'260105-MULTI-Saturday-01',536,,7499,0,,1,64,41,7500,0,,1,42,,7498,0,,1,62,,7496,0,,1,22,,7503,0,,1,22,,7504,0,,1,62,,7502,0,,1,22,,7508,0,,1,22,,7509,0,,1,62,,7505,0,,1,22,,7507,0,,1,62,41,7506,0,,1,22,,7510,0,,1,22,,7511,0,,1,62,,7512,0,,1,22,,7513,0,,1,22,,7515,0,,1,62,,7516,0,,1,22,,7517,0,,1,22,,7514,0,,1,62,,7518,0,,1,22,,7519,0,,1,62,,7521,0,,1,22,,7522,0,,1,22,,7523,0,,1,62,,7520,0,,1,22,,7525,0,,1,22,,7526,0,,1,62,,7527,0,,1,22,,7528,0,,1,22,,7529,0,,1,62,,7530,0,,1,22,,7524,0,,1,62,,7532,0,,1,22,,7533,0,,1,22,,7534,0,,1,62,,7531,0,,1,22,,7535,0,,1,22,,7537,0,,1,62,,7538,0,,1,22,,7539,0,,1,62,41,7536,0,,1,22,,7540,0,,1,22,,7541,0,,1,62,,7542,0,,1,22,,7544,0,,1,22,,7545,0,,1,62,,7546,0,,1,22,,7543,0,,1,22,,7547,0,,1,62,,7548,0,,1,22,,7549,0,,1,66,,7497,0,,1
1504,'260105-MULTI-Sunday-01',736,,7583,0,,1,70,,7550,0,,1,31,,7553,0,,1,69,,7554,0,,1,30,,7555,0,,1,70,,7556,0,,1,30,,7557,0,,1,70,,7559,0,,1,30,,7561,0,,1,70,,7558,0,,1,30,,7563,0,,1,70,,7560,0,,1,30,,7564,0,,1,70,,7565,0,,1,30,,7568,0,,1,70,,7562,0,,1,30,,7566,0,,1,70,,7569,0,,1,30,,7567,0,,1,70,,7570,0,,1,30,,7571,0,,1,70,,7572,0,,1,30,,7573,0,,1,70,,7574,0,,1,35,,7575,0,,1,65,,7576,0,,1,30,,7578,0,,1,70,,7579,0,,1,30,,7580,0,,1,70,,7577,0,,1,30,,7581,0,,1,70,,7582,0,,1,30,,7551,0,,1,70,,7552,0,,1
1504,'260105-MULTI-Weekday-01',533,2,7642,0,,1,69,2,7641,0,,1,18,2,7655,0,,1,16,2,7637,0,,1,64,42,7654,0,,1,16,2,7615,0,,1,13,2,7631,0,,1,71,42,7629,0,,1,13,2,7645,0,,1,24,2,7646,0,,1,21,2,7621,0,,1,69,2,7619,0,,1,22,2,7617,0,,1,58,2,7665,0,,1,28,2,7603,0,,1,15,2,7659,0,,1,69,2,7669,0,,1,33,2,7661,0,,1,76,2,7663,0,,1,21,2,7657,0,,1,70,2,7660,0,,1,30,2,7664,0,,1,75,2,7666,0,,1,23,2,7624,0,,1,70,2,7623,0,,1,26,2,7607,0,,1,9,2,7610,0,,1,75,8,7640,0,,1,15,2,7620,0,,1,8,2,7636,0,,1,67,2,7632,0,,1,24,2,7634,0,,1,12,2,7643,0,,1,68,2,7638,0,,1,20,2,7622,0,,1,9,2,7633,0,,1,64,2,7644,0,,1,36,2,7625,0,,1,58,2,7626,0,,1,24,2,7627,0,,1,76,2,7635,0,,1,32,2,7628,0,,1,68,2,7630,0,,1,22,2,7639,0,,1,70,42,7647,0,,1,28,2,7648,0,,1,30,2,7650,0,,1,69,2,7614,0,,1,30,2,7649,0,,1,69,2,7674,0,,1,29,2,7651,0,,1
11504,'251229-MULTI-Saturday-01',534,,15890,0,,1,75,,15904,0,,1,35,,15889,0,,1,74,,15901,0,,1,36,,15885,0,,1,75,,15896,0,,1,75,,15888,0,,1,35,,15891,0,,1,75,,15894,0,,1,35,,15911,0,,1,75,,15897,0,,1,35,,15887,0,,1,75,,15907,0,,1,75,,15895,0,,1,33,,15910,0,,1,78,,15902,0,,1,35,,15912,0,,1,78,,15903,0,,1,75,,15908,0,,1,38,,15898,0,,1,75,,15913,0,,1,38,,15893,0,,1,75,,15892,0,,1,78,,15884,0,,1,34,,15906,0,,1,76,,15900,0,,1,30,,15886,0,,1,76,,15899,0,,1,30,,15914,0,,1,75,,15883,0,,1,69,,15909,0,,1,35,,15905,0,,1
11504,'251229-MULTI-Sunday-01',634,,15924,0,,1,75,,15916,0,,1,35,,15922,0,,1,75,,15915,0,,1,35,,15921,0,,1,75,,15918,0,,1,75,,15923,0,,1,35,,15917,0,,1,75,,15925,0,,1,35,,15919,0,,1,75,,15926,0,,1,35,,15920,0,,1,75,,15927,0,,1,75,,15929,0,,1,35,,15928,0,,1,75,,15930,0,,1,35,,15934,0,,1,75,,15932,0,,1,75,,15931,0,,1,35,,15933,0,,1,75,,15935,0,,1,35,,15936,0,,1,75,,15937,0,,1,35,,15940,0,,1,75,,15938,0,,1,75,,15939,0,,1,35,,15941,0,,1,75,,15942,0,,1,35,,15943,0,,1,75,,15944,0,,1
11504,'260105-MULTI-Holiday1-01',634,,15954,0,,1,75,,15946,0,,1,35,,15952,0,,1,75,,15945,0,,1,35,,15951,0,,1,75,,15948,0,,1,75,,15953,0,,1,35,,15947,0,,1,75,,15955,0,,1,35,,15949,0,,1,75,,15957,0,,1,35,,15950,0,,1,75,,15958,0,,1,75,,15959,0,,1,35,,15956,0,,1,75,,15960,0,,1,35,,15964,0,,1,75,,15962,0,,1,75,,15961,0,,1,35,,15963,0,,1,75,,15965,0,,1,35,,15966,0,,1,75,,15967,0,,1,35,,15970,0,,1,75,,15968,0,,1,75,,15969,0,,1,35,,15971,0,,1,75,,15972,0,,1,35,,15973,0,,1,75,,15974,0,,1
11504,'260105-MULTI-Saturday-01',534,,15982,0,,1,75,,15996,0,,1,35,,15981,0,,1,74,,15994,0,,1,36,,15977,0,,1,75,,15988,0,,1,75,,15980,0,,1,35,,15983,0,,1,75,,15986,0,,1,35,,16003,0,,1,75,,15989,0,,1,35,,15979,0,,1,75,,15999,0,,1,75,,15987,0,,1,33,,16002,0,,1,78,,15992,0,,1,35,,16004,0,,1,78,,15995,0,,1,75,,16000,0,,1,38,,15990,0,,1,75,,16005,0,,1,38,,15985,0,,1,75,,15984,0,,1,78,,15976,0,,1,34,,15998,0,,1,76,,15993,0,,1,30,,15978,0,,1,76,,15991,0,,1,30,,16006,0,,1,75,,15975,0,,1,69,,16001,0,,1,35,,15997,0,,1
11504,'260105-MULTI-Sunday-01',634,,16016,0,,1,75,,16008,0,,1,35,,16014,0,,1,75,,16007,0,,1,35,,16013,0,,1,75,,16010,0,,1,75,,16015,0,,1,35,,16009,0,,1,75,,16017,0,,1,35,,16011,0,,1,75,,16019,0,,1,35,,16012,0,,1,75,,16020,0,,1,75,,16021,0,,1,35,,16018,0,,1,75,,16022,0,,1,35,,16026,0,,1,75,,16024,0,,1,75,,16023,0,,1,35,,16025,0,,1,75,,16027,0,,1,35,,16028,0,,1,75,,16029,0,,1,35,,16032,0,,1,75,,16030,0,,1,75,,16031,0,,1,35,,16033,0,,1,75,,16034,0,,1,35,,16035,0,,1,75,,16036,0,,1
11504,'260105-MULTI-Weekday-01',504,,16041,0,,1,21,,16038,0,,1,28,,16037,0,,1,65,,16042,0,,1,22,,16040,0,,1,72,,16039,0,,1,27,,16043,0,,1,61,,16044,0,,1,32,,16045,0,,1,27,,16046,0,,1,59,,16047,0,,1,35,,16076,0,,1,85,,16075,0,,1,74,,16074,0,,1,44,,16073,0,,1,55,,16048,0,,1,22,,16049,0,,1,84,,16050,0,,1,19,,16052,0,,1,23,,16051,0,,1,83,,16053,0,,1,65,,16054,0,,1,24,,16056,0,,1,84,,16055,0,,1,28,,16057,0,,1,63,,16058,0,,1,44,,16059,0,,1,68,,16060,0,,1,17,,16062,0,,1,81,,16072,0,,1,24,,16061,0,,1,12,,16063,0,,1,81,,16064,0,,1,76,,16065,0,,1,40,,16066,0,,1,78,,16067,0,,1,76,,16068,0,,1,36,,16069,0,,1,76,,16070,0,,1,35,,16071,0,,1
