201,'Holiday1',717,,665,25,,,1,33,,667,25,,,1,73,,669,25,,,1,33,,671,25,,,1,74,,672,25,,,1,73,,668,25,,,1,33,,673,25,,,1,73,,670,25,,,1,33,,674,25,,,1,74,,675,25,,,1,33,,677,25,,,1,73,,678,25,,,1,33,,679,25,,,1,73,,676,25,,,1,73,,681,25,,,1,33,,682,25,,,1,73,,683,25,,,1,33,,680,25,,,1,73,,695,25,,,1,33,,691,25,,,1,72,,694,25,,,1,33,,690,25,,,1,72,,693,25,,,1,33,,692,25,,,1,72,,688,25,,,1,73,,687,25,,,1,33,,689,25,,,1,73,,684,25,,,1,32,,686,25,,,1,73,,685,25,,,1,33,,666,25,,,1
201,'Saturday',625,,696,25,,,1,27,,734,25,,,1,74,,731,25,,,1,29,,730,25,,,1,72,,733,25,,,1,30,,732,25,,,1,71,,729,25,,,1,30,,728,25,,,1,70,,724,25,,,1,30,,727,25,,,1,71,,726,25,,,1,30,,735,25,,,1,71,,725,25,,,1,70,,723,25,,,1,31,,719,25,,,1,70,,718,25,,,1,30,,722,25,,,1,70,,721,25,,,1,30,,720,25,,,1,70,,717,25,,,1,30,,716,25,,,1,71,,712,25,,,1,29,,715,25,,,1,70,,710,25,,,1,28,,714,25,,,1,30,,713,25,,,1,68,,711,25,,,1,30,,709,25,,,1,68,,706,25,,,1,30,,705,25,,,1,70,,708,25,,,1,30,,707,25,,,1,70,,701,25,,,1,30,,702,25,,,1,70,,704,25,,,1,30,,703,25,,,1,70,,699,25,,,1,30,,700,25,,,1
201,'Sunday',717,,736,25,,,1,33,,738,25,,,1,73,,740,25,,,1,33,,741,25,,,1,74,,742,25,,,1,73,,739,25,,,1,33,,743,25,,,1,73,,744,25,,,1,33,,745,25,,,1,74,,746,25,,,1,33,,748,25,,,1,73,,749,25,,,1,33,,750,25,,,1,73,,747,25,,,1,73,,752,25,,,1,33,,753,25,,,1,73,,754,25,,,1,33,,751,25,,,1,73,,766,25,,,1,33,,762,25,,,1,72,,765,25,,,1,33,,761,25,,,1,72,,764,25,,,1,33,,763,25,,,1,72,,759,25,,,1,73,,758,25,,,1,33,,760,25,,,1,73,,755,25,,,1,32,,757,25,,,1,73,,756,25,,,1,33,,737,25,,,1
201,'Weekday',456,,821,25,,,1,62,,820,25,,,1,22,,819,25,,,1,16,,817,25,,,1,70,,816,25,,,1,22,,815,25,,,1,58,,811,25,,,1,22,,822,25,,,1,19,,814,25,,,1,66,,809,25,,,1,28,,813,25,,,1,60,,818,25,,,1,21,,812,25,,,1,22,,807,25,,,1,62,,810,25,,,1,25,,808,25,,,1,21,,806,25,,,1,60,,805,25,,,1,18,,804,25,,,1,27,,803,25,,,1,64,,799,25,,,1,22,,802,25,,,1,16,,801,25,,,1,56,,800,25,,,1,29,,798,25,,,1,67,,797,25,,,1,20,,796,25,,,1,15,,795,25,,,1,59,,794,25,,,1,28,,793,25,,,1,24,,792,25,,,1,64,,788,25,,,1,17,,791,25,,,1,64,,790,25,,,1,27,,789,25,,,1,25,,787,25,,,1,63,,783,25,,,1,21,,786,25,,,1,64,,785,25,,,1,25,,784,25,,,1,26,,782,25,,,1,60,,781,25,,,1,21,,780,25,,,1,22,,779,25,,,1,58,,778,25,,,1,19,,774,25,,,1,23,,777,25,,,1,60,,776,25,,,1,22,,775,25,,,1,74,,773,25,,,1,31,,772,25,,,1,70,,771,25,,,1,28,,770,25,,,1
2401,'Holiday1',831,,6661,40,,,1,85,,6660,40,,,1,85,,6662,40,,,1,45,,6663,40,,,1,85,,6664,40,,,1,85,,6666,40,,,1,85,,6667,40,,,1,45,,6665,40,,,1,85,,6670,40,,,1,85,,6671,40,,,1,85,,6668,40,,,1,45,,6669,40,,,1,85,,6673,40,,,1,85,,6674,40,,,1,85,,6672,40,,,1
2401,'Saturday',831,,6675,40,,,1,85,,6676,40,,,1,85,,6681,40,,,1,45,,6677,40,,,1,85,,6678,40,,,1,85,,6679,40,,,1,85,,6682,40,,,1,45,,6683,40,,,1,85,,6684,40,,,1,85,,6685,40,,,1,85,,6680,40,,,1,45,,6686,40,,,1,85,,6687,40,,,1,85,,6688,40,,,1,85,,6689,40,,,1
2401,'Sunday',831,,6691,40,,,1,85,,6690,40,,,1,85,,6692,40,,,1,45,,6693,40,,,1,85,,6694,40,,,1,85,,6696,40,,,1,85,,6697,40,,,1,45,,6695,40,,,1,85,,6700,40,,,1,85,,6701,40,,,1,85,,6698,40,,,1,45,,6699,40,,,1,85,,6703,40,,,1,85,,6704,40,,,1,85,,6702,40,,,1
2401,'Weekday',543,,6707,40,,,1,57,,6706,40,,,1,34,,6710,40,,,1,77,,6719,40,,,1,36,,6720,40,,,1,75,,6721,40,,,1,36,,6717,40,,,1,76,,6718,40,,,1,75,,6726,40,,,1,37,,6705,40,,,1,74,,6708,40,,,1,35,,6724,40,,,1,77,,6722,40,,,1,77,,6723,40,,,1,37,,6725,40,,,1,77,,6709,40,,,1,33,,6712,40,,,1,76,,6727,40,,,1,76,,6728,40,,,1,34,,6729,40,,,1,76,,6730,40,,,1,36,,6731,40,,,1,75,,6732,40,,,1,75,,6733,40,,,1,38,,6714,40,,,1,72,,6711,40,,,1,32,,6713,40,,,1,76,,6716,40,,,1,35,,6715,40,,,1
2501,'Weekday',626,,6753,36,,,1,30,,6755,36,,,1,77,,6761,36,,,1,76,,6760,36,,,1,38,,6759,36,,,1,74,,6758,36,,,1,35,,6762,36,,,1,76,,6763,36,,,1,483,,6754,36,,,1,36,,6764,36,,,1,76,,6765,36,,,1,77,,6766,36,,,1,36,,6767,36,,,1,77,,6768,36,,,1,36,,6769,36,,,1,74,,6770,36,,,1,76,,6757,36,,,1,34,,6756,36,,,1
21600,'Weekday',1548,,11249,28,,,1
