1101,'251229-MULTI-Saturday-01',433,,5106,0,,1,81,,5108,0,,1,40,,5109,0,,1,81,,5110,0,,1,80,,5107,0,,1,40,,5111,0,,1,82,,5118,0,,1,88,,5120,0,,1,79,,5121,0,,1,42,,5122,0,,1,82,,5124,0,,1,82,,5125,0,,1,41,,5126,0,,1,82,,5123,0,,1,81,,5127,0,,1,86,,5141,0,,1,44,,5142,0,,1,87,,5143,0,,1,83,,5144,0,,1,44,,5145,0,,1,85,,5146,0,,1,87,,5150,0,,1,84,,5151,0,,1,87,,5152,0,,1,54,,5154,0,,1,94,,5157,0,,1,105,,5158,0,,1
1101,'251229-MULTI-Sunday-01',515,,5165,0,,1,40,,5163,0,,1,80,,5161,0,,1,80,,5159,0,,1,40,,5166,0,,1,80,,5168,0,,1,80,,5170,0,,1,40,,5172,0,,1,80,,5175,0,,1,80,,5174,0,,1,40,,5178,0,,1,80,,5180,0,,1,80,,5182,0,,1,40,,5183,0,,1,80,,5185,0,,1,82,,5188,0,,1,42,,5192,0,,1,82,,5193,0,,1,82,,5197,0,,1,80,,5195,0,,1,41,,5194,0,,1,86,,5199,0,,1,86,,5200,0,,1,84,,5208,0,,1,45,,5204,0,,1,89,,5205,0,,1,86,,5210,0,,1,80,,5212,0,,1
1101,'260105-MULTI-Holiday1-01',515,,5219,0,,1,40,,5217,0,,1,80,,5215,0,,1,80,,5213,0,,1,40,,5220,0,,1,80,,5222,0,,1,80,,5225,0,,1,40,,5226,0,,1,80,,5229,0,,1,80,,5228,0,,1,40,,5232,0,,1,80,,5234,0,,1,80,,5236,0,,1,40,,5237,0,,1,80,,5239,0,,1,82,,5242,0,,1,42,,5246,0,,1,82,,5247,0,,1,82,,5251,0,,1,80,,5249,0,,1,41,,5248,0,,1,86,,5253,0,,1,86,,5254,0,,1,84,,5262,0,,1,45,,5258,0,,1,89,,5259,0,,1,86,,5265,0,,1,80,,5266,0,,1
1101,'260105-MULTI-Saturday-01',433,,5267,0,,1,81,,5270,0,,1,40,,5271,0,,1,81,,5269,0,,1,80,,5268,0,,1,40,,5272,0,,1,82,,5279,0,,1,88,,5281,0,,1,79,,5282,0,,1,42,,5283,0,,1,82,,5285,0,,1,82,,5286,0,,1,41,,5287,0,,1,82,,5284,0,,1,81,,5288,0,,1,86,,5302,0,,1,44,,5303,0,,1,87,,5304,0,,1,83,,5305,0,,1,44,,5306,0,,1,85,,5307,0,,1,87,,5311,0,,1,84,,5312,0,,1,87,,5313,0,,1,54,,5315,0,,1,94,,5318,0,,1,105,,5319,0,,1
1101,'260105-MULTI-Sunday-01',515,,5326,0,,1,40,,5324,0,,1,80,,5322,0,,1,80,,5320,0,,1,40,,5327,0,,1,80,,5329,0,,1,80,,5332,0,,1,40,,5333,0,,1,80,,5336,0,,1,80,,5335,0,,1,40,,5339,0,,1,80,,5341,0,,1,80,,5343,0,,1,40,,5344,0,,1,80,,5346,0,,1,82,,5349,0,,1,42,,5353,0,,1,82,,5354,0,,1,82,,5358,0,,1,80,,5356,0,,1,41,,5355,0,,1,86,,5360,0,,1,86,,5361,0,,1,84,,5369,0,,1,45,,5365,0,,1,89,,5366,0,,1,86,,5372,0,,1,80,,5373,0,,1
1101,'260105-MULTI-Weekday-01',417,,5469,0,,1,20,,5472,0,,1,19,,5466,0,,1,58,,5475,0,,1,21,,5464,0,,1,14,,5467,0,,1,62,,5479,0,,1,18,,5468,0,,1,21,,5474,0,,1,53,,5473,0,,1,28,,5470,0,,1,14,,5445,0,,1,59,,5442,0,,1,22,,5443,0,,1,25,,5444,0,,1,71,,5461,0,,1,18,,5449,0,,1,67,,5450,0,,1,30,,5429,0,,1,14,,5430,0,,1,100,,5431,0,,1,69,,5415,0,,1,33,,5412,0,9 10,1,4,,5416,0,,1,68,,5453,0,,1,22,,5457,0,,1,59,,5406,0,,1,28,,5407,0,,1,21,,5424,0,,1,58,,5403,0,9 11,1,40,,5414,0,9 11,1,60,,5425,0,,1,27,,5390,0,,1,66,,5454,0,,1,22,,5387,0,,1,75,,5419,0,,1,33,,5451,0,,1,22,,5433,0,,1,62,,5432,0,,1,26,,5380,0,,1,65,,5378,0,,1,19,,5383,0,,1,71,,5409,0,,1,25,,5398,0,9 11,1,19,,5396,0,,1,86,,5381,0,,1,91,,5385,0,,1,26,,5375,0,9 10,1,59,,5394,0,,1,18,,5374,0,9 10,1,15,,5377,0,,1,75,,5410,0,,1
51101,'251229-MULTI-Saturday-01',508,,18332,0,,1,34,,18340,0,,1,11,,18336,0,,1,59,,18334,0,,1,30,,18344,0,,1,66,,18338,0,13,1,12,,18357,0,13,1,3,,18342,0,,1,85,,18343,0,,1,45,,18339,0,,1,85,,18349,0,,1,86,,18352,0,,1,90,,18359,0,,1,90,,18358,0,,1,50,,18365,0,,1,90,,18364,0,,1,90,,18371,0,,1,90,,18378,0,,1,90,,18384,0,,1,90,,18390,0,,1,38,,18392,0,13,1,8,,18396,0,13,1,2,,18394,0,,1,60,,18397,0,13,1,11,,18412,0,13,1,21,,18400,0,,1,73,,18413,0,13,1,17,,18406,0,,1
51101,'251229-MULTI-Sunday-01',553,,18478,0,,1,60,,18479,0,,1,32,,18476,0,,1,63,,18445,0,,1,10,,18480,0,,1,10,,18477,0,,1,20,,18448,0,,1,75,,18446,0,,1,85,,18449,0,,1,40,,18450,0,,1,80,,18447,0,,1,80,,18452,0,,1,40,,18453,0,,1,80,,18454,0,,1,80,,18451,0,,1,43,,18455,0,,1,82,,18456,0,,1,80,,18457,0,,1,40,,18458,0,,1,80,,18459,0,,1,80,,18460,0,,1,43,,18461,0,,1,77,,18462,0,,1,80,,18463,0,,1,37,,18464,0,,1,78,,18465,0,,1,80,,18466,0,,1,40,,18467,0,,1
51101,'260105-MULTI-Holiday1-01',553,,18535,0,,1,60,,18536,0,,1,32,,18533,0,,1,63,,18502,0,,1,10,,18537,0,,1,10,,18534,0,,1,20,,18505,0,,1,75,,18503,0,,1,85,,18506,0,,1,40,,18507,0,,1,80,,18504,0,,1,80,,18509,0,,1,40,,18510,0,,1,80,,18511,0,,1,80,,18508,0,,1,43,,18512,0,,1,82,,18513,0,,1,80,,18514,0,,1,40,,18515,0,,1,80,,18516,0,,1,80,,18517,0,,1,43,,18518,0,,1,77,,18519,0,,1,80,,18520,0,,1,37,,18521,0,,1,78,,18522,0,,1,80,,18523,0,,1,40,,18524,0,,1
51101,'260105-MULTI-Saturday-01',508,,18538,0,,1,34,,18546,0,,1,11,,18542,0,,1,59,,18540,0,,1,30,,18550,0,,1,66,,18544,0,13,1,12,,18563,0,13,1,3,,18548,0,,1,85,,18549,0,,1,45,,18545,0,,1,85,,18555,0,,1,86,,18558,0,,1,90,,18565,0,,1,90,,18564,0,,1,50,,18571,0,,1,90,,18570,0,,1,90,,18577,0,,1,90,,18584,0,,1,90,,18590,0,,1,90,,18596,0,,1,38,,18597,0,13,1,8,,18602,0,13,1,2,,18600,0,,1,60,,18603,0,13,1,11,,18618,0,13,1,21,,18606,0,,1,73,,18619,0,13,1,17,,18612,0,,1
51101,'260105-MULTI-Sunday-01',553,,18684,0,,1,60,,18685,0,,1,32,,18682,0,,1,63,,18651,0,,1,10,,18686,0,,1,10,,18683,0,,1,20,,18654,0,,1,75,,18652,0,,1,85,,18655,0,,1,40,,18656,0,,1,80,,18653,0,,1,80,,18658,0,,1,40,,18659,0,,1,80,,18660,0,,1,80,,18657,0,,1,43,,18661,0,,1,82,,18662,0,,1,80,,18663,0,,1,40,,18664,0,,1,80,,18665,0,,1,80,,18666,0,,1,43,,18667,0,,1,77,,18668,0,,1,80,,18669,0,,1,37,,18670,0,,1,78,,18671,0,,1,80,,18672,0,,1,40,,18673,0,,1
51101,'260105-MULTI-Weekday-01',541,,18696,0,,1,13,,18699,0,,1,54,,18702,0,,1,8,,18708,0,8,1,7,,18718,0,,1,15,,18714,0,,1,14,,18693,0,,1,55,,18697,0,,1,15,,18695,0,,1,15,,18700,0,,1,16,,18698,0,,1,55,,18701,0,,1,15,,18710,0,,1,15,,18722,0,,1,15,,18725,0,,1,59,,18706,0,,1,28,,18792,0,,1,65,,18793,0,,1,24,,18794,0,,1,24,,18795,0,,1,65,,18796,0,,1,24,,18797,0,,1,63,,18798,0,,1,24,,18799,0,,1,24,,18800,0,,1,62,,18801,0,,1,26,,18802,0,,1,64,,18730,0,,1,20,,18739,0,,1,15,,18737,0,,1,15,,18735,0,,1,54,,18741,0,,1,15,,18772,0,,1,15,,18743,0,,1,15,,18763,0,,1,55,,18742,0,,1,15,,18759,0,,1,15,,18750,0,,1,15,,18749,0,,1,55,,18760,0,,1,15,,18756,0,,1,15,,18751,0,,1,16,,18755,0,,1,55,,18764,0,,1,15,,18774,0,,1,15,,18771,0,,1,15,,18767,0,,1,55,,18775,0,,1,15,,18768,0,,1,15,,18777,0,,1,15,,18776,0,,1,62,,18779,0,,1,21,,18780,0,,1,20,,18782,0,,1,60,,18783,0,,1,22,,18786,0,,1,60,,18789,0,,1,22,,18784,0,,1,18,,18788,0,,1,63,,18787,0,,1,16,,18785,0,,1,17,,18724,0,,1,67,,18790,0,,1,20,,18791,0,,1,20,,18726,0,,1
