901,'251229-MULTI-Saturday-01',741,,4873,0,,1,90,,4874,0,,1,90,,4875,0,,1,90,,4876,0,,1,90,,4877,0,,1,50,,4878,0,,1,90,,4879,0,,1,90,,4880,0,,1,90,,4881,0,,1,92,,4882,0,,1,90,,4883,0,,1,50,,4884,0,,1,90,,4885,0,,1,89,,4886,0,,1,89,,4887,0,,1
901,'251229-MULTI-Sunday-01',828,,4888,0,,1,105,,4895,0,,1,109,,4896,0,,1,105,,4897,0,,1,105,,4898,0,,1,105,,4894,0,,1,147,,4890,0,,1,105,,4891,0,,1,107,,4892,0,,1,107,,4889,0,,1,106,,4893,0,,1
901,'260105-MULTI-Holiday1-01',828,,4899,0,,1,105,,4906,0,,1,109,,4907,0,,1,105,,4908,0,,1,105,,4909,0,,1,105,,4905,0,,1,147,,4901,0,,1,105,,4902,0,,1,107,,4903,0,,1,107,,4900,0,,1,106,,4904,0,,1
901,'260105-MULTI-Saturday-01',741,,4910,0,,1,90,,4911,0,,1,90,,4912,0,,1,90,,4913,0,,1,90,,4914,0,,1,50,,4915,0,,1,90,,4916,0,,1,90,,4917,0,,1,90,,4918,0,,1,92,,4919,0,,1,90,,4920,0,,1,50,,4921,0,,1,90,,4922,0,,1,89,,4923,0,,1,89,,4924,0,,1
901,'260105-MULTI-Sunday-01',828,,4925,0,,1,105,,4932,0,,1,109,,4933,0,,1,105,,4934,0,,1,105,,4935,0,,1,105,,4931,0,,1,147,,4927,0,,1,105,,4928,0,,1,107,,4929,0,,1,107,,4926,0,,1,106,,4930,0,,1
901,'260105-MULTI-Weekday-01',540,,4936,0,,1,76,,4939,0,,1,34,,4940,0,,1,74,,4941,0,,1,23,,4938,0,,1,79,,4942,0,,1,75,,4953,0,,1,45,,4954,0,,1,87,,4955,0,,1,82,,4956,0,,1,87,,4957,0,,1,48,,4958,0,,1,85,,4943,0,,1,83,,4952,0,,1,32,,4949,0,,1,75,,4945,0,,1,78,,4950,0,,1,35,,4947,0,,1,75,,4944,0,,1,35,,4946,0,,1,76,,4951,0,,1,34,,4948,0,,1,74,,4959,0,,1,79,,4961,0,,1,41,,4960,0,,1,85,,4937,0,,1
1903,'251229-MULTI-Saturday-01',833,,8870,0,,1,99,,8872,0,,1,100,,8874,0,,1,100,,8875,0,,1,100,,8871,0,,1,101,,8873,0,,1,100,,8877,0,,1,100,,8878,0,,1,100,,8876,0,,1,100,,8879,0,,1,100,,8880,0,,1
1903,'251229-MULTI-Sunday-01',802,,8881,0,,1,100,,8882,0,,1,100,,8883,0,,1,100,,8884,0,,1,101,,8885,0,,1,100,,8886,0,,1,100,,8887,0,,1,100,,8889,0,,1,100,,8891,0,,1,100,,8888,0,,1,100,,8892,0,,1,99,,8890,0,,1
1903,'260105-MULTI-Holiday1-01',802,,8893,0,,1,100,,8894,0,,1,100,,8895,0,,1,100,,8896,0,,1,101,,8897,0,,1,100,,8898,0,,1,100,,8899,0,,1,100,,8901,0,,1,100,,8903,0,,1,100,,8900,0,,1,100,,8904,0,,1,99,,8902,0,,1
1903,'260105-MULTI-Saturday-01',833,,8906,0,,1,99,,8908,0,,1,100,,8909,0,,1,100,,8910,0,,1,100,,8907,0,,1,101,,8905,0,,1,100,,8912,0,,1,100,,8913,0,,1,100,,8911,0,,1,100,,8914,0,,1,100,,8915,0,,1
1903,'260105-MULTI-Sunday-01',802,,8916,0,,1,100,,8917,0,,1,100,,8918,0,,1,100,,8919,0,,1,101,,8920,0,,1,100,,8921,0,,1,100,,8922,0,,1,100,,8924,0,,1,100,,8926,0,,1,100,,8923,0,,1,100,,8927,0,,1,99,,8925,0,,1
1903,'260105-MULTI-Weekday-01',512,,8935,0,,1,40,,8930,0,,1,80,,8933,0,,1,81,,8929,0,,1,40,,8931,0,,1,80,,8928,0,,1,99,,8932,0,,1,100,,8934,0,,1,100,,8936,0,,1,100,,8937,0,,1,101,,8938,0,,1,97,,8939,0,,1,80,,8940,0,,1,40,,8941,0,,1,73,,8943,0,,1,80,,8942,0,,1,40,,8944,0,,1,80,,8945,0,,1,80,,8947,0,,1,40,,8946,0,,1
21500,'260105-MULTI-Weekday-01',749,,16116,0,,1
