2301,'Holiday1',712,,19927,,,1,30,,19900,,,1,71,,19902,,,1,22,,19899,,,1,69,,19903,,,1,30,,19901,,,1,73,,19904,,,1,28,,19905,,,1,68,,19906,,,1,28,,19907,,,1,28,,19908,,,1,68,,19912,,,1,28,,19913,,,1,68,,19914,,,1,28,,19909,,,1,68,,19911,,,1,28,,19915,,,1,68,,19916,,,1,28,,19910,,,1,68,,19918,,,1,28,,19919,,,1,68,,19921,,,1,28,,19917,,,1,67,,19922,,,1,28,,19920,,,1,28,,19924,,,1,68,,19925,,,1,28,,19923,,,1,68,,19928,,,1,28,,19926,,,1,68,,19930,,,1,28,,19929,,,1
2301,'Saturday',622,,19932,,,1,30,,19931,,,1,68,,19941,,,1,28,,19945,,,1,69,,19946,,,1,28,,19943,,,1,68,,19942,,,1,28,,19944,,,1,68,,19947,,,1,28,,19948,,,1,68,,19949,,,1,28,,19950,,,1,68,,19952,,,1,28,,19953,,,1,28,,19954,,,1,68,,19951,,,1,28,,19955,,,1,68,,19957,,,1,28,,19958,,,1,68,,19959,,,1,28,,19956,,,1,67,,19960,,,1,28,,19961,,,1,68,,19962,,,1,34,,19963,,,1,80,,19935,,,1,30,,19933,,,1,70,,19936,,,1,30,,19934,,,1,70,,19938,,,1,30,,19940,,,1,70,,19937,,,1,30,,19939,,,1,70,,19964,,,1,30,,19966,,,1,70,,19965,,,1,30,,19967,,,1,70,,19968,,,1
2301,'Sunday',712,,19997,,,1,30,,19970,,,1,71,,19972,,,1,22,,19969,,,1,69,,19973,,,1,30,,19971,,,1,73,,19974,,,1,28,,19975,,,1,68,,19976,,,1,28,,19977,,,1,28,,19978,,,1,68,,19981,,,1,28,,19982,,,1,68,,19983,,,1,28,,19979,,,1,68,,19984,,,1,28,,19985,,,1,68,,19986,,,1,28,,19980,,,1,68,,19988,,,1,28,,19989,,,1,68,,19991,,,1,28,,19987,,,1,67,,19992,,,1,28,,19990,,,1,28,,19994,,,1,68,,19995,,,1,28,,19993,,,1,68,,19998,,,1,28,,19996,,,1,68,,20000,,,1,28,,19999,,,1
2301,'Weekday',412,,20001,,,1,15,,20002,,,1,15,,20003,,,1,15,,20004,,,1,56,,20005,,,1,15,,20006,,,1,15,,20007,,,1,14,,20008,,,1,56,,20009,,,1,15,,20010,,,1,15,,20011,,,1,15,,20013,,,1,55,,20014,,,1,15,,20015,,,1,15,,20012,,,1,15,,20017,,,1,55,,20018,,,1,15,,20019,,,1,15,,20016,,,1,15,,20020,,,1,71,,20021,,,1,30,,20022,,,1,70,,20023,,,1,30,,20024,,,1,70,,20025,,,1,30,,20026,,,1,67,,20027,,,1,30,,20028,,,1,67,,20029,,,1,20,,20060,,,1,60,,20030,,,1,15,,20059,,,1,15,,20056,,,1,15,,20058,,,1,55,,20057,,,1,15,,20032,,,1,15,,20031,,,1,15,,20033,,,1,55,,20035,,,1,15,,20037,,,1,15,,20038,,,1,15,,20039,,,1,55,,20036,,,1,15,,20040,,,1,15,,20034,,,1,15,,20041,,,1,55,,20042,,,1,15,,20043,,,1,15,,20044,,,1,15,,20045,,,1,60,,20046,,,1,34,,20047,,,1,73,,20048,,,1,34,,20050,,,1,74,,20051,,,1,34,,20052,,,1,74,,20049,,,1,74,,20053,,,1,34,,20054,,,1,74,,20055,,,1
2704,'Saturday',820,,20679,,,1,35,,20681,,,1,75,,20682,,,1,75,,20683,,,1,35,,20685,,,1,75,,20680,,,1,35,,20684,,,1,75,,20686,,,1,75,,20688,,,1,35,,20689,,,1,75,,20690,,,1,35,,20691,,,1,75,,20692,,,1,35,,20693,,,1,75,,20687,,,1,75,,20694,,,1,35,,20695,,,1,75,,20696,,,1
2704,'Weekday',609,,20699,,,1,34,,20697,,,1,75,,20700,,,1,35,,20698,,,1,74,,20701,,,1,73,,20702,,,1,36,,20703,,,1,74,,20705,,,1,34,,20706,,,1,75,,20707,,,1,35,,20704,,,1,74,,20708,,,1,74,,20709,,,1,33,,20711,,,1,72,,20712,,,1,35,,20713,,,1,74,,20710,,,1,34,,20714,,,1,74,,20716,,,1,33,,20718,,,1,77,,20719,,,1,70,,20717,,,1,33,,20722,,,1,70,,20720,,,1,31,,20721,,,1,70,,20715,,,1
2802,'Holiday1',556,,20876,0,5,1,65,,20867,,,1,25,,20863,0,5,1,65,,20872,,,1,25,,20868,0,5,1,65,,20862,,,1,25,,20875,0,5,1,25,,20866,,,1,65,,20864,0,5,1,25,,20870,,,1,65,,20869,0,5,1,25,,20865,,,1,25,,20874,0,5,1,65,,20871,,,1,25,,20878,0,5,1,65,,20873,,,1,25,,20879,0,5,1,65,,20877,,,1,25,,20880,0,5,1,25,,20881,,,1,65,,20882,0,5,1,25,,20883,,,1,65,,20885,0,5,1,25,,20884,,,1,25,,20886,0,5,1,65,,20887,,,1,25,,20888,0,5,1,65,,20889,,,1,25,,20890,0,5,1,65,,20891,,,1,25,,20892,0,5,1,25,,20893,,,1,65,,20894,0,5,1
2802,'Saturday',556,,20897,0,5,1,65,,20912,,,1,25,,20898,0,5,1,65,,20913,,,1,25,,20895,0,5,1,65,,20916,,,1,25,,20896,0,5,1,25,,20917,,,1,65,,20899,0,5,1,25,,20918,,,1,65,,20901,0,5,1,25,,20914,,,1,25,,20902,0,5,1,65,,20915,,,1,25,,20903,0,5,1,65,,20919,,,1,25,,20900,0,5,1,65,,20921,,,1,25,,20904,0,5,1,25,,20922,,,1,65,,20905,0,5,1,25,,20923,,,1,65,,20906,0,5,1,25,,20920,,,1,25,,20907,0,5,1,65,,20924,,,1,25,,20908,0,5,1,65,,20925,,,1,25,,20909,0,5,1,65,,20926,,,1,25,,20910,0,5,1,25,,20927,,,1,65,,20911,0,5,1
2802,'Sunday',556,,20942,0,5,1,65,,20932,,,1,25,,20929,0,5,1,65,,20938,,,1,25,,20934,0,5,1,65,,20928,,,1,25,,20941,0,5,1,25,,20931,,,1,65,,20930,0,5,1,25,,20936,,,1,65,,20935,0,5,1,25,,20933,,,1,25,,20940,0,5,1,65,,20937,,,1,25,,20944,0,5,1,65,,20939,,,1,25,,20945,0,5,1,65,,20943,,,1,25,,20946,0,5,1,25,,20947,,,1,65,,20948,0,5,1,25,,20949,,,1,65,,20950,0,5,1,25,,20952,,,1,25,,20951,0,5,1,65,,20953,,,1,25,,20954,0,5,1,65,,20955,,,1,25,,20956,0,5,1,65,,20957,,,1,25,,20958,0,5,1,25,,20959,,,1,65,,20960,0,5,1
2802,'Weekday',536,,21001,,,1,64,,20961,0,5,1,18,,20981,,,1,20,,20963,0,5,1,20,,20982,,,1,60,,20964,0,5,1,20,,20983,,,1,20,,20962,0,5,1,60,,20984,,,1,20,,20965,0,5,1,20,,20985,,,1,60,,20966,0,5,1,20,,20986,,,1,20,,20967,0,5,1,63,,20987,,,1,17,,20968,0,5,1,20,,20988,,,1,59,,20969,0,5,1,21,,20989,,,1,20,,20970,0,5,1,59,,20990,,,1,21,,20971,0,5,1,20,,20991,,,1,59,,20972,0,5,1,21,,20992,,,1,20,,20973,0,5,1,60,,20993,,,1,20,,20974,0,5,1,20,,20994,,,1,60,,20975,0,5,1,20,,20995,,,1,20,,20976,0,5,1,60,,20996,,,1,20,,20977,0,5,1,19,,20997,,,1,61,,20978,0,5,1,20,,20998,,,1,66,,20979,0,5,1,14,,20999,,,1,20,,20980,0,5,1,20,,21000,,,1
