'251229-MULTI-Saturday-01',5703,51500,0,'',1,3000,0,'',1,7000,0,'',1,3000,0,'',1,7000,0,'',1,3000,0,'',1,7000,0,'',1,3000,0,'',1,6900,0,'',1,3100,0,'',1,6900,0,'',1,3100,0,'',1,6900,0,'',1,3100,0,'',1,6900,0,'',1,3100,0,'',1,6900,0,'',1,3100,0,'',1,6900,0,'',1,3100,0,'',1,6900,0,'',1,3100,0,'',1,6800,0,'',1,3200,0,'',1,6800,0,'',1,3200,0,'',1,6900,0,'',1,3100,0,'',1
'251229-MULTI-Saturday-01',5704,62300,4,'',1,3000,4,'',1,6800,4,'',1,3200,4,'',1,6800,4,'',1,3200,4,'',1,6800,4,'',1,3200,4,'',1,6800,4,'',1,3200,4,'',1,6800,4,'',1,3200,4,'',1,6900,4,'',1,3200,4,'',1,6800,4,'',1,3200,4,'',1,6800,4,'',1,3200,4,'',1,6800,4,'',1,3200,4,'',1,6800,4,'',1,3200,4,'',1,6800,4,'',1,3200,4,'',1,6700,4,'',1,3200,4,'',1,6800,4,'',1
'251229-MULTI-Sunday-01',5703,84500,0,'',1,7000,0,'',1,3000,0,'',1,7000,0,'',1,3000,0,'',1,7000,0,'',1,3000,0,'',1,7000,0,'',1,3500,0,'',1,6500,0,'',1,3300,0,'',1,6700,0,'',1,3300,0,'',1,6700,0,'',1,3300,0,'',1,6700,0,'',1,3300,0,'',1,6700,0,'',1,3300,0,'',1,6700,0,'',1,3300,0,'',1
'251229-MULTI-Sunday-01',5704,95200,4,'',1,7000,4,'',1,3000,4,'',1,7000,4,'',1,3000,4,'',1,7100,4,'',1,3000,4,'',1,7000,4,'',1,3500,4,'',1,6500,4,'',1,3300,4,'',1,6700,4,'',1,3300,4,'',1,6700,4,'',1,3300,4,'',1,6800,4,'',1,3400,4,'',1,6500,4,'',1,3400,4,'',1,6600,4,'',1,3400,4,'',1
'260105-MULTI-Holiday1-01',5703,84500,0,'',1,7000,0,'',1,3000,0,'',1,7000,0,'',1,3000,0,'',1,7000,0,'',1,3000,0,'',1,7000,0,'',1,3400,0,'',1,6600,0,'',1,3300,0,'',1,6700,0,'',1,3300,0,'',1,6700,0,'',1,3300,0,'',1,6700,0,'',1,3300,0,'',1,6700,0,'',1,3300,0,'',1,6700,0,'',1,3300,0,'',1
'260105-MULTI-Holiday1-01',5704,95300,4,'',1,6900,4,'',1,3200,4,'',1,6900,4,'',1,3000,4,'',1,7100,4,'',1,3100,4,'',1,6900,4,'',1,3400,4,'',1,6600,4,'',1,3200,4,'',1,6800,4,'',1,3200,4,'',1,6800,4,'',1,3300,4,'',1,6700,4,'',1,3400,4,'',1,6600,4,'',1,3300,4,'',1,6600,4,'',1,3400,4,'',1
'260105-MULTI-Saturday-01',5703,51500,0,'',1,3000,0,'',1,7000,0,'',1,3000,0,'',1,7000,0,'',1,3000,0,'',1,7000,0,'',1,3000,0,'',1,6900,0,'',1,3100,0,'',1,6900,0,'',1,3100,0,'',1,6900,0,'',1,3100,0,'',1,6900,0,'',1,3100,0,'',1,6900,0,'',1,3100,0,'',1,6900,0,'',1,3100,0,'',1,6900,0,'',1,3100,0,'',1,6800,0,'',1,3200,0,'',1,6800,0,'',1,3200,0,'',1,6900,0,'',1,3100,0,'',1
'260105-MULTI-Saturday-01',5704,62300,4,'',1,3000,4,'',1,6800,4,'',1,3200,4,'',1,6800,4,'',1,3200,4,'',1,6800,4,'',1,3200,4,'',1,6800,4,'',1,3200,4,'',1,6800,4,'',1,3200,4,'',1,6900,4,'',1,3200,4,'',1,6800,4,'',1,3200,4,'',1,6800,4,'',1,3200,4,'',1,6800,4,'',1,3200,4,'',1,6800,4,'',1,3200,4,'',1,6800,4,'',1,3200,4,'',1,6700,4,'',1,3200,4,'',1,6800,4,'',1
'260105-MULTI-Sunday-01',5703,84500,0,'',1,7000,0,'',1,3000,0,'',1,7000,0,'',1,3000,0,'',1,7000,0,'',1,3000,0,'',1,7000,0,'',1,3400,0,'',1,6600,0,'',1,3300,0,'',1,6700,0,'',1,3300,0,'',1,6700,0,'',1,3300,0,'',1,6700,0,'',1,3300,0,'',1,6700,0,'',1,3300,0,'',1,6700,0,'',1,3300,0,'',1
'260105-MULTI-Sunday-01',5704,95300,4,'',1,6900,4,'',1,3200,4,'',1,6900,4,'',1,3000,4,'',1,7100,4,'',1,3100,4,'',1,6900,4,'',1,3400,4,'',1,6600,4,'',1,3200,4,'',1,6800,4,'',1,3200,4,'',1,6800,4,'',1,3300,4,'',1,6700,4,'',1,3400,4,'',1,6600,4,'',1,3300,4,'',1,6600,4,'',1,3400,4,'',1
'260105-MULTI-Weekday-01',5703,45500,0,'',1,7000,0,'',1,2200,0,'',1,6300,0,'',1,2600,0,'',1,6600,0,'',1,2300,0,'',1,2800,0,'',1,6300,0,'',1,3400,0,'',1,6600,0,'',1,2400,0,'',1,7000,0,'',1,2500,0,'',1,6600,0,'',1,3400,0,'',1,7000,0,'',1,3000,0,'',1,6800,0,'',1,3100,0,'',1,7300,0,'',1,2600,0,'',1,2500,0,'',1,5800,0,'',1,3500,0,'',1,5900,0,'',1,2600,0,'',1,6500,0,'',1,1800,0,'',1,2700,0,'',1,6600,0,'',1,3100,0,'',1,6900,0,'',1,2600,0,'',1,7000,0,'',1,3000,0,'',1,7000,0,'',1,3000,0,'',1,6900,0,'',1,3100,0,'',1,6300,0,'',1,3400,0,'',1,1700,0,'',1,6200,0,'',1
'260105-MULTI-Weekday-01',5704,51800,4,'',1,2500,4,'',1,6300,4,'',1,3200,4,'',1,2000,4,'',1,6700,4,'',1,2600,4,'',1,6500,4,'',1,2400,4,'',1,6900,4,'',1,2200,4,'',1,7100,4,'',1,2600,4,'',1,2200,4,'',1,7200,4,'',1,2300,4,'',1,6800,4,'',1,3300,4,'',1,7200,4,'',1,3300,4,'',1,6800,4,'',1,2400,4,'',1,800,4,'',1,7400,4,'',1,2500,4,'',1,6300,4,'',1,2500,4,'',1,7100,4,'',1,1900,4,'',1,2500,4,'',1,6500,4,'',1,1800,4,'',1,6600,4,'',1,2600,4,'',1,2900,4,'',1,6900,4,'',1,2700,4,'',1,6800,4,'',1,2900,4,'',1,7000,4,'',1,2900,4,'',1,6900,4,'',1,3100,4,'',1,6200,4,'',1,3400,4,'',1
