901,'Holiday1',804,,16732,14,,,1,104,,16739,14,,,1,107,,16740,14,,,1,105,,16741,14,,,1,105,,16742,14,,,1,105,,16738,14,,,1,106,,16734,14,,,1,105,,16735,14,,,1,107,,16736,14,,,1,107,,16733,14,,,1,146,,16737,14,,,1
901,'Saturday',715,,16743,14,,,1,90,,16744,14,,,1,50,,16745,14,,,1,90,,16746,14,,,1,90,,16747,14,,,1,90,,16748,14,,,1,90,,16749,14,,,1,90,,16750,14,,,1,50,,16751,14,,,1,90,,16752,14,,,1,91,,16753,14,,,1,91,,16754,14,,,1,90,,16755,14,,,1,89,,16756,14,,,1,49,,16757,14,,,1
901,'Sunday',804,,16758,14,,,1,104,,16765,14,,,1,107,,16766,14,,,1,105,,16767,14,,,1,105,,16768,14,,,1,105,,16764,14,,,1,106,,16760,14,,,1,105,,16761,14,,,1,107,,16762,14,,,1,107,,16759,14,,,1,146,,16763,14,,,1
901,'Weekday',516,,16769,14,,,1,34,,16772,14,,,1,74,,16773,14,,,1,34,,16774,14,,,1,63,,16771,14,,,1,79,,16775,14,,,1,36,,16786,14,,,1,85,,16787,14,,,1,88,,16788,14,,,1,42,,16789,14,,,1,87,,16790,14,,,1,86,,16791,14,,,1,83,,16776,14,,,1,43,,16785,14,,,1,72,,16782,14,,,1,35,,16778,14,,,1,78,,16783,14,,,1,75,,16780,14,,,1,35,,16777,14,,,1,75,,16779,14,,,1,37,,16784,14,,,1,74,,16781,14,,,1,75,,16792,14,,,1,39,,16794,14,,,1,81,,16793,14,,,1,85,,16770,14,,,1
2404,'Holiday1',824,,20065,29,,,1,85,,20064,29,,,1,45,,20066,29,,,1,85,,20067,29,,,1,85,,20068,29,,,1,85,,20070,29,,,1,45,,20071,29,,,1,85,,20069,29,,,1,85,,20074,29,,,1,85,,20075,29,,,1,45,,20072,29,,,1,85,,20073,29,,,1,85,,20077,29,,,1,85,,20078,29,,,1,45,,20076,29,,,1
2404,'Saturday',824,,20079,29,,,1,85,,20080,29,,,1,45,,20085,29,,,1,85,,20081,29,,,1,85,,20082,29,,,1,85,,20083,29,,,1,45,,20086,29,,,1,85,,20087,29,,,1,85,,20088,29,,,1,85,,20089,29,,,1,45,,20084,29,,,1,85,,20090,29,,,1,85,,20091,29,,,1,85,,20092,29,,,1,45,,20093,29,,,1
2404,'Sunday',824,,20095,29,,,1,85,,20094,29,,,1,45,,20096,29,,,1,85,,20097,29,,,1,85,,20098,29,,,1,85,,20100,29,,,1,45,,20101,29,,,1,85,,20099,29,,,1,85,,20104,29,,,1,85,,20105,29,,,1,45,,20102,29,,,1,85,,20103,29,,,1,85,,20107,29,,,1,85,,20108,29,,,1,45,,20106,29,,,1
2404,'Weekday',537,,20111,29,,,1,17,,20110,29,,,1,74,,20114,29,,,1,76,,20123,29,,,1,36,,20124,29,,,1,75,,20125,29,,,1,36,,20121,29,,,1,76,,20122,29,,,1,75,,20130,29,,,1,37,,20109,29,,,1,75,,20112,29,,,1,35,,20128,29,,,1,76,,20126,29,,,1,77,,20127,29,,,1,37,,20129,29,,,1,77,,20113,29,,,1,33,,20116,29,,,1,76,,20131,29,,,1,76,,20132,29,,,1,34,,20133,29,,,1,76,,20134,29,,,1,36,,20135,29,,,1,75,,20136,29,,,1,36,,20137,29,,,1,78,,20118,29,,,1,72,,20115,29,,,1,32,,20117,29,,,1,76,,20120,29,,,1,35,,20119,29,,,1
2504,'Weekday',620,,20157,27,,,1,30,,20159,27,,,1,77,,20165,27,,,1,76,,20164,27,,,1,38,,20163,27,,,1,74,,20162,27,,,1,35,,20166,27,,,1,76,,20167,27,,,1,483,,20158,27,,,1,36,,20168,27,,,1,76,,20169,27,,,1,37,,20170,27,,,1,76,,20171,27,,,1,77,,20172,27,,,1,36,,20173,27,,,1,75,,20174,27,,,1,36,,20161,27,,,1,74,,20160,27,,,1
21500,'Weekday',737,,24481,13,,,1
