604,'Holiday1',801,,15795,2,,,1,45,,15797,2,,,1,85,,15798,2,,,1,85,,15796,2,,,1,85,,15800,2,,,1,45,,15802,2,,,1,85,,15799,2,,,1,85,,15803,2,,,1,85,,15801,2,,,1,45,,15804,2,,,1,85,,15805,2,,,1,85,,15806,2,,,1,85,,15807,2,,,1,45,,15808,2,,,1,85,,15809,2,,,1
604,'Saturday',646,,15827,2,,,1,85,,15812,2,,,1,85,,15810,2,,,1,85,,15813,2,,,1,45,,15811,2,,,1,85,,15814,2,,,1,85,,15817,2,,,1,85,,15819,2,,,1,45,,15815,2,,,1,85,,15816,2,,,1,85,,15820,2,,,1,84,,15823,2,,,1,45,,15824,2,,,1,85,,15825,2,,,1,85,,15821,2,,,1,86,,15818,2,,,1,45,,15822,2,,,1,85,,15826,2,,,1
604,'Sunday',801,,15828,2,,,1,45,,15830,2,,,1,85,,15831,2,,,1,85,,15829,2,,,1,85,,15833,2,,,1,45,,15835,2,,,1,85,,15832,2,,,1,85,,15836,2,,,1,85,,15834,2,,,1,45,,15837,2,,,1,85,,15838,2,,,1,85,,15839,2,,,1,85,,15840,2,,,1,45,,15841,2,,,1,85,,15842,2,,,1
604,'Weekday',514,,15843,2,,,1,20,,15847,2,,,1,20,,15855,2,,,1,60,,15850,2,,,1,20,,15856,2,,,1,17,,15849,2,,,1,62,,15854,2,,,1,18,,15848,2,,,1,23,,15852,2,,,1,60,,15853,2,,,1,18,,15846,2,,,1,22,,15873,2,,,1,57,,15844,2,,,1,22,,15868,2,,,1,19,,15860,2,,,1,61,,15866,2,,,1,26,,15865,2,,,1,62,,15859,2,,,1,20,,15867,2,,,1,21,,15861,2,,,1,65,,15862,2,,,1,22,,15864,2,,,1,20,,15863,2,,,1,63,,15869,2,,,1,23,,15871,2,,,1,22,,15858,2,,,1,63,,15857,2,,,1,22,,15851,2,,,1,58,,15845,2,,,1,20,,15875,2,,,1,20,,15876,2,,,1,61,,15877,2,,,1,19,,15878,2,,,1,20,,15879,2,,,1,60,,15880,2,,,1,20,,15881,2,,,1,22,,15882,2,,,1,58,,15884,2,,,1,20,,15886,2,,,1,22,,15887,2,,,1,67,,15883,2,,,1,21,,15888,2,,,1,25,,15885,2,,,1,65,,15889,2,,,1,23,,15890,2,,,1,67,,15891,2,,,1,27,,15892,2,,,1,73,,15870,2,,,1,27,,15874,2,,,1,68,,15872,2,,,1,30,,15893,2,,,1
2301,'Holiday1',711,,19697,2,,,1,30,,19670,2,,,1,70,,19672,2,,,1,22,,19669,2,,,1,70,,19673,2,,,1,30,,19671,2,,,1,72,,19674,2,,,1,28,,19675,2,,,1,68,,19676,2,,,1,28,,19677,2,,,1,28,,19678,2,,,1,68,,19681,2,,,1,28,,19682,2,,,1,68,,19683,2,,,1,28,,19679,2,,,1,68,,19684,2,,,1,28,,19685,2,,,1,68,,19686,2,,,1,28,,19680,2,,,1,68,,19688,2,,,1,28,,19689,2,,,1,68,,19691,2,,,1,28,,19687,2,,,1,68,,19693,2,,,1,28,,19690,2,,,1,28,,19695,2,,,1,68,,19692,2,,,1,28,,19694,2,,,1,68,,19698,2,,,1,28,,19696,2,,,1,68,,19700,2,,,1,28,,19699,2,,,1
2301,'Saturday',621,,19702,2,,,1,30,,19701,2,,,1,68,,19711,2,,,1,28,,19715,2,,,1,68,,19716,2,,,1,28,,19713,2,,,1,68,,19712,2,,,1,28,,19714,2,,,1,68,,19717,2,,,1,28,,19718,2,,,1,68,,19719,2,,,1,28,,19720,2,,,1,28,,19722,2,,,1,68,,19723,2,,,1,28,,19724,2,,,1,68,,19721,2,,,1,28,,19725,2,,,1,68,,19727,2,,,1,28,,19728,2,,,1,68,,19729,2,,,1,28,,19726,2,,,1,68,,19730,2,,,1,28,,19731,2,,,1,68,,19732,2,,,1,34,,19733,2,,,1,80,,19705,2,,,1,30,,19703,2,,,1,70,,19706,2,,,1,30,,19704,2,,,1,70,,19708,2,,,1,30,,19710,2,,,1,70,,19707,2,,,1,30,,19709,2,,,1,70,,19734,2,,,1,30,,19736,2,,,1,70,,19735,2,,,1,30,,19737,2,,,1,70,,19738,2,,,1
2301,'Sunday',711,,19767,2,,,1,30,,19740,2,,,1,70,,19742,2,,,1,22,,19739,2,,,1,70,,19743,2,,,1,30,,19741,2,,,1,72,,19744,2,,,1,28,,19745,2,,,1,68,,19746,2,,,1,28,,19747,2,,,1,28,,19748,2,,,1,68,,19751,2,,,1,28,,19752,2,,,1,68,,19753,2,,,1,28,,19749,2,,,1,68,,19754,2,,,1,28,,19755,2,,,1,68,,19756,2,,,1,28,,19750,2,,,1,68,,19758,2,,,1,28,,19759,2,,,1,68,,19761,2,,,1,28,,19757,2,,,1,68,,19763,2,,,1,28,,19760,2,,,1,28,,19765,2,,,1,68,,19762,2,,,1,28,,19764,2,,,1,68,,19768,2,,,1,28,,19766,2,,,1,68,,19770,2,,,1,28,,19769,2,,,1
2301,'Weekday',411,,19771,2,,,1,15,,19772,2,,,1,15,,19773,2,,,1,15,,19774,2,,,1,55,,19775,2,,,1,15,,19776,2,,,1,15,,19777,2,,,1,14,,19778,2,,,1,56,,19779,2,,,1,15,,19780,2,,,1,15,,19781,2,,,1,15,,19783,2,,,1,55,,19784,2,,,1,15,,19785,2,,,1,15,,19782,2,,,1,15,,19787,2,,,1,55,,19788,2,,,1,15,,19789,2,,,1,15,,19786,2,,,1,15,,19790,2,,,1,71,,19791,2,,,1,30,,19792,2,,,1,70,,19793,2,,,1,30,,19794,2,,,1,70,,19795,2,,,1,30,,19796,2,,,1,67,,19797,2,,,1,30,,19798,2,,,1,67,,19799,2,,,1,20,,19830,2,,,1,60,,19800,2,,,1,15,,19829,2,,,1,15,,19826,2,,,1,15,,19828,2,,,1,55,,19827,2,,,1,15,,19802,2,,,1,15,,19801,2,,,1,15,,19803,2,,,1,55,,19805,2,,,1,15,,19807,2,,,1,15,,19808,2,,,1,15,,19809,2,,,1,55,,19806,2,,,1,15,,19810,2,,,1,15,,19804,2,,,1,15,,19811,2,,,1,55,,19812,2,,,1,15,,19813,2,,,1,15,,19814,2,,,1,15,,19815,2,,,1,60,,19816,2,,,1,34,,19817,2,,,1,74,,19818,2,,,1,34,,19820,2,,,1,74,,19821,2,,,1,34,,19822,2,,,1,74,,19819,2,,,1,74,,19823,2,,,1,34,,19824,2,,,1,74,,19825,2,,,1
2603,'Holiday1',657,,20175,2,,,1,94,,20177,2,,,1,100,,20176,2,,,1,100,,20178,2,,,1,100,,20179,2,,,1,100,,20180,2,,,1,100,,20182,2,,,1,100,,20184,2,,,1,100,,20181,2,,,1,100,,20185,2,,,1,100,,20183,2,,,1,100,,20186,2,,,1,100,,20187,2,,,1,100,,20188,2,,,1,100,,20189,2,,,1
2603,'Saturday',658,,20190,2,,,1,63,,20192,2,,,1,30,,20193,2,,,1,70,,20191,2,,,1,30,,20194,2,,,1,70,,20195,2,,,1,30,,20196,2,,,1,70,,20198,2,,,1,30,,20199,2,,,1,70,,20200,2,,,1,30,,20197,2,,,1,70,,20202,2,,,1,30,,20205,2,,,1,70,,20201,2,,,1,30,,20206,2,,,1,70,,20204,2,,,1,30,,20203,2,,,1,70,,20207,2,,,1,30,,20208,2,,,1,70,,20209,2,,,1,30,,20210,2,,,1,70,,20211,2,,,1,30,,20212,2,,,1,70,,20214,2,,,1,30,,20215,2,,,1,70,,20216,2,,,1,30,,20213,2,,,1,70,,20217,2,,,1,30,,20218,2,,,1,70,,20219,2,,,1,30,,20220,2,,,1
2603,'Sunday',657,,20221,2,,,1,94,,20223,2,,,1,100,,20222,2,,,1,100,,20224,2,,,1,100,,20225,2,,,1,100,,20226,2,,,1,100,,20228,2,,,1,100,,20230,2,,,1,100,,20227,2,,,1,100,,20231,2,,,1,100,,20229,2,,,1,100,,20232,2,,,1,100,,20233,2,,,1,100,,20234,2,,,1,100,,20235,2,,,1
2603,'Weekday',423,,20236,2,,,1,22,,20237,2,,,1,62,,20238,2,,,1,18,,20239,2,,,1,19,,20240,2,,,1,69,,20241,2,,,1,22,,20242,2,,,1,20,,20243,2,,,1,57,,20244,2,,,1,29,,20245,2,,,1,61,,20246,2,,,1,23,,20247,2,,,1,22,,20248,2,,,1,62,,20249,2,,,1,22,,20250,2,,,1,22,,20251,2,,,1,62,,20252,2,,,1,22,,20253,2,,,1,22,,20254,2,,,1,62,,20255,2,,,1,22,,20256,2,,,1,62,,20258,2,,,1,22,,20259,2,,,1,22,,20260,2,,,1,62,,20257,2,,,1,22,,20261,2,,,1,22,,20262,2,,,1,62,,20263,2,,,1,22,,20264,2,,,1,62,,20265,2,,,1,22,,20266,2,,,1,22,,20267,2,,,1,62,,20268,2,,,1,25,,20269,2,,,1,19,,20270,2,,,1,62,,20271,2,,,1,27,,20272,2,,,1,18,,20273,2,,,1,61,,20274,2,,,1,22,,20275,2,,,1,68,,20276,2,,,1,18,,20277,2,,,1,20,,20278,2,,,1,62,,20279,2,,,1,22,,20280,2,,,1,22,,20281,2,,,1,62,,20282,2,,,1,22,,20283,2,,,1,22,,20284,2,,,1,62,,20285,2,,,1,22,,20286,2,,,1,62,,20287,2,,,1,22,,20288,2,,,1,21,,20289,2,,,1,62,,20290,2,,,1,22,,20291,2,,,1
2703,'Saturday',751,,20405,2,,,1,75,,20407,2,,,1,75,,20408,2,,,1,35,,20406,2,,,1,75,,20409,2,,,1,35,,20410,2,,,1,75,,20411,2,,,1,35,,20412,2,,,1,75,,20414,2,,,1,75,,20415,2,,,1,35,,20417,2,,,1,75,,20413,2,,,1,35,,20418,2,,,1,75,,20416,2,,,1,75,,20421,2,,,1,35,,20422,2,,,1,75,,20419,2,,,1,35,,20420,2,,,1
2703,'Weekday',544,,20423,2,,,1,74,,20424,2,,,1,35,,20427,2,,,1,75,,20428,2,,,1,74,,20425,2,,,1,33,,20426,2,,,1,76,,20429,2,,,1,34,,20430,2,,,1,74,,20431,2,,,1,35,,20432,2,,,1,75,,20433,2,,,1,74,,20434,2,,,1,34,,20435,2,,,1,73,,20436,2,,,1,32,,20438,2,,,1,75,,20437,2,,,1,34,,20439,2,,,1,74,,20440,2,,,1,34,,20441,2,,,1,73,,20442,2,,,1,77,,20443,2,,,1,30,,20444,2,,,1,73,,20445,2,,,1,30,,20446,2,,,1,71,,20447,2,,,1,30,,20448,2,,,1
2801,'Holiday1',606,,20505,2,0,5,1,25,,20498,2,,,1,25,,20494,2,0,5,1,65,,20501,2,,,1,25,,20499,2,0,5,1,65,,20493,2,,,1,25,,20502,2,0,5,1,65,,20497,2,,,1,25,,20495,2,0,5,1,25,,20503,2,,,1,65,,20496,2,0,5,1,25,,20500,2,,,1,65,,20506,2,0,5,1,25,,20504,2,,,1,25,,20507,2,0,5,1,65,,20508,2,,,1,25,,20509,2,0,5,1,65,,20510,2,,,1,25,,20511,2,0,5,1,65,,20512,2,,,1,25,,20513,2,0,5,1,25,,20514,2,,,1,65,,20515,2,0,5,1,25,,20516,2,,,1,65,,20517,2,0,5,1,25,,20519,2,,,1,25,,20518,2,0,5,1,65,,20520,2,,,1,25,,20522,2,0,5,1,65,,20521,2,,,1,25,,20523,2,0,5,1,65,,20524,2,,,1
2801,'Saturday',606,,20526,2,0,5,1,25,,20542,2,,,1,25,,20527,2,0,5,1,65,,20544,2,,,1,25,,20525,2,0,5,1,65,,20545,2,,,1,25,,20528,2,0,5,1,65,,20546,2,,,1,25,,20529,2,0,5,1,25,,20543,2,,,1,65,,20530,2,0,5,1,25,,20547,2,,,1,65,,20531,2,0,5,1,25,,20548,2,,,1,25,,20532,2,0,5,1,65,,20549,2,,,1,25,,20533,2,0,5,1,65,,20550,2,,,1,25,,20534,2,0,5,1,65,,20551,2,,,1,25,,20535,2,0,5,1,25,,20552,2,,,1,65,,20536,2,0,5,1,25,,20553,2,,,1,65,,20537,2,0,5,1,25,,20554,2,,,1,25,,20538,2,0,5,1,65,,20555,2,,,1,25,,20539,2,0,5,1,65,,20556,2,,,1,25,,20540,2,0,5,1,65,,20541,2,,,1
2801,'Sunday',606,,20569,2,0,5,1,25,,20562,2,,,1,25,,20558,2,0,5,1,65,,20565,2,,,1,25,,20563,2,0,5,1,65,,20557,2,,,1,25,,20566,2,0,5,1,65,,20561,2,,,1,25,,20559,2,0,5,1,25,,20567,2,,,1,65,,20560,2,0,5,1,25,,20564,2,,,1,65,,20570,2,0,5,1,25,,20568,2,,,1,25,,20571,2,0,5,1,65,,20572,2,,,1,25,,20573,2,0,5,1,65,,20574,2,,,1,25,,20575,2,0,5,1,65,,20576,2,,,1,25,,20577,2,0,5,1,25,,20578,2,,,1,65,,20579,2,0,5,1,25,,20580,2,,,1,65,,20581,2,0,5,1,25,,20583,2,,,1,25,,20582,2,0,5,1,65,,20584,2,,,1,25,,20586,2,0,5,1,65,,20585,2,,,1,25,,20587,2,0,5,1,65,,20588,2,,,1
2801,'Weekday',431,,20631,2,,,1,80,,20629,2,,,1,40,,20630,2,,,1,58,,20589,2,0,5,1,20,,20611,2,,,1,22,,20592,2,0,5,1,59,,20612,2,,,1,20,,20593,2,0,5,1,18,,20613,2,,,1,59,,20594,2,0,5,1,20,,20614,2,,,1,19,,20595,2,0,5,1,61,,20615,2,,,1,21,,20596,2,0,5,1,21,,20617,2,,,1,58,,20597,2,0,5,1,24,,20618,2,,,1,20,,20598,2,0,5,1,60,,20619,2,,,1,20,,20599,2,0,5,1,20,,20616,2,,,1,60,,20600,2,0,5,1,20,,20620,2,,,1,20,,20602,2,0,5,1,60,,20621,2,,,1,20,,20603,2,0,5,1,20,,20622,2,,,1,60,,20604,2,0,5,1,21,,20623,2,,,1,19,,20601,2,0,5,1,60,,20624,2,,,1,21,,20605,2,0,5,1,21,,20625,2,,,1,58,,20606,2,0,5,1,21,,20626,2,,,1,19,,20607,2,0,5,1,60,,20627,2,,,1,21,,20608,2,0,5,1,19,,20591,2,,,1,63,,20609,2,0,5,1,19,,20590,2,,,1,20,,20610,2,0,5,1,60,,20628,2,,,1
