902,'Holiday1',835,,3392,52,,,1,105,,3394,52,,,1,108,,3395,52,,,1,105,,3396,52,,,1,105,,3397,52,,,1,145,,3399,52,,,1,107,,3400,52,,,1,105,,3401,52,,,1,107,,3398,52,,,1,106,,3402,52,,,1,107,,3393,52,,,1
902,'Saturday',804,,3403,52,,,1,50,,3410,52,,,1,93,,3413,52,,,1,90,,3411,52,,,1,90,,3415,52,,,1,90,,3416,52,,,1,90,,3417,52,,,1,50,,3414,52,,,1,90,,3409,52,,,1,92,,3404,52,,,1,92,,3406,52,,,1,90,,3408,52,,,1,88,,3412,52,,,1,47,,3405,52,,,1,90,,3407,52,,,1
902,'Sunday',835,,3418,52,,,1,105,,3420,52,,,1,108,,3421,52,,,1,105,,3422,52,,,1,105,,3423,52,,,1,145,,3424,52,,,1,107,,3425,52,,,1,105,,3426,52,,,1,107,,3427,52,,,1,106,,3428,52,,,1,107,,3419,52,,,1
902,'Weekday',649,,3429,52,,,1,79,,3438,52,,,1,74,,3439,52,,,1,45,,3437,52,,,1,90,,3435,52,,,1,78,,3441,52,,,1,85,,3446,52,,,1,45,,3443,52,,,1,85,,3436,52,,,1,88,,3432,52,,,1,29,,3447,52,,,1,75,,3448,52,,,1,35,,3449,52,,,1,46,,3444,52,,,1,33,,3450,52,,,1,75,,3451,52,,,1,35,,3442,52,,,1,75,,3440,52,,,1,35,,3445,52,,,1,76,,3433,52,,,1,78,,3434,52,,,1,42,,3452,52,,,1,88,,3453,52,,,1,86,,3431,52,,,1,117,,3430,52,,,1
2503,'Weekday',527,,6735,15,,,1,30,,6734,15,,,1,70,,6738,15,,,1,76,,6744,15,,,1,37,,6743,15,,,1,77,,6741,15,,,1,36,,6740,15,,,1,76,,6742,15,,,1,76,,6745,15,,,1,409,,6736,15,,,1,38,,6737,15,,,1,79,,6746,15,,,1,77,,6747,15,,,1,34,,6748,15,,,1,78,,6749,15,,,1,36,,6750,15,,,1,75,,6751,15,,,1,75,,6752,15,,,1,35,,6739,15,,,1
2902,'Holiday1',715,,7530,39,,,1,35,,7531,39,,,1,78,,7534,39,,,1,76,,7535,39,,,1,35,,7536,39,,,1,75,,7532,39,,,1,36,,7533,39,,,1,75,,7538,39,,,1,75,,7540,39,,,1,35,,7537,39,,,1,75,,7541,39,,,1,35,,7539,39,,,1,76,,7542,39,,,1,35,,7544,39,,,1,75,,7545,39,,,1,76,,7546,39,,,1,35,,7543,39,,,1,75,,7547,39,,,1,35,,7548,39,,,1,75,,7549,39,,,1,75,,7550,39,,,1,33,,7551,39,,,1,75,,7553,39,,,1,32,,7552,39,,,1,75,,7554,39,,,1,34,,7558,39,,,1,90,,7556,39,,,1,90,,7557,39,,,1,90,,7555,39,,,1
2902,'Saturday',646,,7565,39,,,1,65,,7573,39,,,1,26,,7575,39,,,1,66,,7576,39,,,1,25,,7574,39,,,1,26,,7577,39,,,1,66,,7578,39,,,1,25,,7579,39,,,1,66,,7580,39,,,1,31,,7581,39,,,1,65,,7584,39,,,1,26,,7582,39,,,1,25,,7583,39,,,1,65,,7585,39,,,1,25,,7586,39,,,1,65,,7587,39,,,1,25,,7588,39,,,1,65,,7589,39,,,1,25,,7590,39,,,1,25,,7591,39,,,1,65,,7592,39,,,1,25,,7594,39,,,1,66,,7595,39,,,1,25,,7596,39,,,1,25,,7593,39,,,1,65,,7572,39,,,1,25,,7569,39,,,1,64,,7571,39,,,1,23,,7570,39,,,1,67,,7568,39,,,1,28,,7567,39,,,1,83,,7560,39,,,1,35,,7561,39,,,1,72,,7559,39,,,1,29,,7563,39,,,1,79,,7564,39,,,1,90,,7562,39,,,1,90,,7566,39,,,1
2902,'Sunday',715,,7597,39,,,1,35,,7598,39,,,1,78,,7601,39,,,1,76,,7602,39,,,1,35,,7603,39,,,1,75,,7599,39,,,1,36,,7600,39,,,1,75,,7604,39,,,1,75,,7606,39,,,1,35,,7607,39,,,1,75,,7608,39,,,1,35,,7605,39,,,1,76,,7609,39,,,1,35,,7611,39,,,1,75,,7612,39,,,1,76,,7613,39,,,1,35,,7610,39,,,1,75,,7614,39,,,1,35,,7615,39,,,1,75,,7616,39,,,1,75,,7617,39,,,1,33,,7618,39,,,1,75,,7620,39,,,1,32,,7619,39,,,1,75,,7621,39,,,1,34,,7625,39,,,1,90,,7623,39,,,1,90,,7624,39,,,1,90,,7622,39,,,1
2902,'Weekday',615,,7627,39,,,1,32,,7626,48,0,5,1,56,,7662,48,0,5,1,16,,7659,48,0,5,1,17,,7658,48,0,5,1,16,,7655,48,0,5,1,56,,7654,48,0,5,1,16,,7657,48,0,5,1,16,,7656,48,0,5,1,16,,7661,48,0,5,1,55,,7660,48,0,5,1,14,,7664,48,0,5,1,14,,7663,48,0,5,1,18,,7666,48,0,5,1,56,,7665,48,0,5,1,24,,7628,39,,,1,65,,7629,39,,,1,25,,7630,39,,,1,25,,7631,39,,,1,67,,7632,39,,,1,22,,7633,39,,,1,65,,7634,39,,,1,25,,7635,39,,,1,25,,7636,39,,,1,69,,7637,39,,,1,81,,7638,39,,,1,16,,7640,48,0,5,1,7,,7652,26,,,1,7,,7641,48,0,5,1,19,,7667,48,0,5,1,58,,7668,48,0,5,1,18,,7669,48,0,5,1,14,,7653,48,0,5,1,4,,7670,48,0,5,1,58,,7671,48,0,5,1,18,,7672,48,0,5,1,18,,7673,48,0,5,1,58,,7674,48,0,5,1,16,,7675,48,0,5,1,18,,7676,48,0,5,1,16,,7677,48,0,5,1,58,,7678,48,0,5,1,16,,7679,48,0,5,1,17,,7680,48,0,5,1,58,,7681,48,0,5,1,15,,7682,48,0,5,1,17,,7683,48,0,5,1,15,,7639,48,0,5,1,65,,7644,39,,,1,33,,7645,39,,,1,72,,7646,39,,,1,32,,7647,39,,,1,69,,7648,39,,,1,29,,7649,39,,,1,70,,7650,39,,,1,30,,7651,39,,,1,70,,7642,39,,,1,30,,7643,39,,,1
21501,'Weekday',1504,,11248,38,,,1
