'251229-MULTI-Saturday-01',203,55100,0,'',1,7100,0,'',1,3000,0,'',1,7300,0,'',1,2500,0,'',1,7800,0,'',1,2900,0,'',1,9100,0,'',1,7100,0,'',1,3000,0,'',1,7400,0,'',1,3000,0,'',1,6900,0,'',1,3000,0,'',1,7000,0,'',1,3000,0,'',1,7000,0,'',1,3000,0,'',1,7000,0,'',1,3000,0,'',1,7000,0,'',1,3000,0,'',1,7000,0,'',1,3000,0,'',1,7000,0,'',1,3000,0,'',1,6800,0,'',1,2800,0,'',1,6800,0,'',1,2900,0,'',1,7000,0,'',1,2900,0,'',1,6900,0,'',1,3000,0,'',1,7000,0,'',1,3000,0,'',1,7000,0,'',1,3000,0,'',1,7000,0,'',1,3000,0,'',1
'251229-MULTI-Sunday-01',203,74300,0,'',1,7400,0,'',1,3300,0,'',1,7300,0,'',1,3300,0,'',1,7400,0,'',1,7300,0,'',1,3400,0,'',1,7300,0,'',1,3300,0,'',1,7300,0,'',1,3300,0,'',1,7300,0,'',1,3300,0,'',1,7300,0,'',1,7300,0,'',1,3300,0,'',1,7300,0,'',1,3300,0,'',1,7300,0,'',1,3300,0,'',1,7200,0,'',1,3300,0,'',1,7300,0,'',1,3300,0,'',1,7000,0,'',1,7300,0,'',1,3300,0,'',1,7300,0,'',1,3200,0,'',1,7300,0,'',1,3300,0,'',1
'260105-MULTI-Holiday1-01',203,74300,0,'',1,7400,0,'',1,3300,0,'',1,7300,0,'',1,3300,0,'',1,7400,0,'',1,7300,0,'',1,3400,0,'',1,7300,0,'',1,3300,0,'',1,7300,0,'',1,3300,0,'',1,7300,0,'',1,3300,0,'',1,7300,0,'',1,7300,0,'',1,3300,0,'',1,7300,0,'',1,3300,0,'',1,7300,0,'',1,3300,0,'',1,7200,0,'',1,3300,0,'',1,7300,0,'',1,3300,0,'',1,7000,0,'',1,7300,0,'',1,3300,0,'',1,7300,0,'',1,3200,0,'',1,7300,0,'',1,3300,0,'',1
'260105-MULTI-Saturday-01',203,55100,0,'',1,7100,0,'',1,3000,0,'',1,7300,0,'',1,2500,0,'',1,7800,0,'',1,2900,0,'',1,9100,0,'',1,7100,0,'',1,3000,0,'',1,7400,0,'',1,3000,0,'',1,6900,0,'',1,3000,0,'',1,7000,0,'',1,3000,0,'',1,7000,0,'',1,3000,0,'',1,7000,0,'',1,3000,0,'',1,7000,0,'',1,3000,0,'',1,7000,0,'',1,3000,0,'',1,7000,0,'',1,3000,0,'',1,6800,0,'',1,2800,0,'',1,6800,0,'',1,2900,0,'',1,7000,0,'',1,2900,0,'',1,6900,0,'',1,3000,0,'',1,7000,0,'',1,3000,0,'',1,7000,0,'',1,3000,0,'',1,7000,0,'',1,3000,0,'',1
'260105-MULTI-Sunday-01',203,74300,0,'',1,7400,0,'',1,3300,0,'',1,7300,0,'',1,3300,0,'',1,7400,0,'',1,7300,0,'',1,3400,0,'',1,7300,0,'',1,3300,0,'',1,7300,0,'',1,3300,0,'',1,7300,0,'',1,3300,0,'',1,7300,0,'',1,7300,0,'',1,3300,0,'',1,7300,0,'',1,3300,0,'',1,7300,0,'',1,3300,0,'',1,7200,0,'',1,3300,0,'',1,7300,0,'',1,3300,0,'',1,7000,0,'',1,7300,0,'',1,3300,0,'',1,7300,0,'',1,3200,0,'',1,7300,0,'',1,3300,0,'',1
'260105-MULTI-Weekday-01',203,43700,0,'',1,2200,0,'',1,6200,0,'',1,2200,0,'',1,1100,0,'',1,7400,0,'',1,2200,0,'',1,600,0,'',1,7900,0,'',1,6700,0,'',1,2200,0,'',1,2200,0,'',1,100,0,'',1,8200,0,'',1,2400,0,'',1,6200,0,'',1,1900,0,'',1,400,0,'',1,7900,0,'',1,2500,0,'',1,6200,0,'',1,1800,0,'',1,1000,0,'',1,7400,0,'',1,2600,0,'',1,2200,0,'',1,5400,0,'',1,1500,0,'',1,3200,0,'',1,6700,0,'',1,1900,0,'',1,1600,0,'',1,5700,0,'',1,3300,0,'',1,6700,0,'',1,2200,0,'',1,2000,0,'',1,6400,0,'',1,2600,0,'',1,6500,0,'',1,2100,0,'',1,1900,0,'',1,6700,0,'',1,2000,0,'',1,1900,0,'',1,6300,0,'',1,1700,0,'',1,6500,0,'',1,1900,0,'',1,1600,0,'',1,7300,0,'',1,2800,0,'',1,7100,0,'',1,3200,0,'',1,6800,0,'',1,2800,0,'',1
'260105-MULTI-Weekday-01',21601,75700,0,'',1
'251229-MULTI-Saturday-01',50203,82600,0,'',1,1200,0,'',1,1200,0,'',1,5200,0,'',1,1200,0,'',1,1200,0,'',1,1200,0,'',1,1200,0,'',1,5200,0,'',1,1200,0,'',1,1200,0,'',1,1200,0,'',1,1300,0,'',1,5300,0,'',1,1200,0,'',1,1200,0,'',1,1200,0,'',1,1200,0,'',1,5200,0,'',1,1300,0,'',1,1200,0,'',1,1200,0,'',1,1200,0,'',1,5200,0,'',1,1200,0,'',1,1200,0,'',1,1200,0,'',1,1300,0,'',1,5600,0,'',1,1100,0,'',1,1100,0,'',1,1000,0,'',1,1000,0,'',1,5000,0,'',1,1000,0,'',1,1100,0,'',1,900,0,'',1,1100,0,'',1,1000,0,'',1,5100,0,'',1,800,0,'',1,1000,0,'',1,1000,0,'',1,900,0,'',1,1200,0,'',1,5200,0,'',1,1200,0,'',1,1000,0,'',1,1000,0,'',1,1000,0,'',1,1000,0,'',1,5000,0,'',1,900,0,'',1,1000,0,'',1,1100,0,'',1,1400,0,'',1,5300,0,'',1,1000,0,'',1,1500,0,'',1,1200,0,'',1,1300,0,'',1,6000,0,'',1,1400,0,'',1,1400,0,'',1,1700,0,'',1,5400,0,'',1,1700,0,'',1,1500,0,'',1,900,0,'',1,5400,0,'',1,1400,0,'',1,1400,0,'',1,1500,0,'',1,5600,0,'',1,1400,0,'',1,1400,0,'',1,1400,0,'',1,5500,0,'',1
'251229-MULTI-Sunday-01',50203,93300,0,'',1,2000,0,'',1,5900,0,'',1,2200,0,'',1,2000,0,'',1,6000,0,'',1,2000,0,'',1,2100,0,'',1,5600,0,'',1,1500,0,'',1,1500,0,'',1,1500,0,'',1,5500,0,'',1,1500,0,'',1,1500,0,'',1,1500,0,'',1,5500,0,'',1,1500,0,'',1,1600,0,'',1,1400,0,'',1,5200,0,'',1,1200,0,'',1,1200,0,'',1,1200,0,'',1,1200,0,'',1,5200,0,'',1,1200,0,'',1,1200,0,'',1,1200,0,'',1,1200,0,'',1,5200,0,'',1,1200,0,'',1,1200,0,'',1,1200,0,'',1,1200,0,'',1,5100,0,'',1,1200,0,'',1,1200,0,'',1,1200,0,'',1,1200,0,'',1,5200,0,'',1,1100,0,'',1,1200,0,'',1,1100,0,'',1,1200,0,'',1,5200,0,'',1,1200,0,'',1,1200,0,'',1,1200,0,'',1,1200,0,'',1,6000,0,'',1,2000,0,'',1,2200,0,'',1,5700,0,'',1,2000,0,'',1,2000,0,'',1,6000,0,'',1,2000,0,'',1
'260105-MULTI-Holiday1-01',50203,93300,0,'',1,2000,0,'',1,5900,0,'',1,2200,0,'',1,2000,0,'',1,6000,0,'',1,2000,0,'',1,2100,0,'',1,5600,0,'',1,1500,0,'',1,1500,0,'',1,1500,0,'',1,5500,0,'',1,1500,0,'',1,1500,0,'',1,1500,0,'',1,5500,0,'',1,1500,0,'',1,1600,0,'',1,1400,0,'',1,5200,0,'',1,1200,0,'',1,1200,0,'',1,1200,0,'',1,1200,0,'',1,5200,0,'',1,1200,0,'',1,1200,0,'',1,1200,0,'',1,1200,0,'',1,5200,0,'',1,1200,0,'',1,1200,0,'',1,1200,0,'',1,1200,0,'',1,5100,0,'',1,1200,0,'',1,1200,0,'',1,1200,0,'',1,1200,0,'',1,5200,0,'',1,1100,0,'',1,1200,0,'',1,1100,0,'',1,1200,0,'',1,5200,0,'',1,1200,0,'',1,1200,0,'',1,1200,0,'',1,1200,0,'',1,6000,0,'',1,2000,0,'',1,2200,0,'',1,5700,0,'',1,2000,0,'',1,2000,0,'',1,6000,0,'',1,2000,0,'',1
'260105-MULTI-Saturday-01',50203,82600,0,'',1,1200,0,'',1,1200,0,'',1,5200,0,'',1,1200,0,'',1,1200,0,'',1,1200,0,'',1,1200,0,'',1,5200,0,'',1,1200,0,'',1,1200,0,'',1,1200,0,'',1,1300,0,'',1,5300,0,'',1,1200,0,'',1,1200,0,'',1,1200,0,'',1,1200,0,'',1,5200,0,'',1,1300,0,'',1,1200,0,'',1,1200,0,'',1,1200,0,'',1,5200,0,'',1,1200,0,'',1,1200,0,'',1,1200,0,'',1,1300,0,'',1,5600,0,'',1,1100,0,'',1,1100,0,'',1,1000,0,'',1,1000,0,'',1,5000,0,'',1,1000,0,'',1,1100,0,'',1,900,0,'',1,1100,0,'',1,1000,0,'',1,5100,0,'',1,800,0,'',1,1000,0,'',1,1000,0,'',1,900,0,'',1,1200,0,'',1,5200,0,'',1,1200,0,'',1,1000,0,'',1,1000,0,'',1,1000,0,'',1,1000,0,'',1,5000,0,'',1,900,0,'',1,1000,0,'',1,1100,0,'',1,1400,0,'',1,5300,0,'',1,1000,0,'',1,1500,0,'',1,1200,0,'',1,1300,0,'',1,6000,0,'',1,1400,0,'',1,1400,0,'',1,1700,0,'',1,5400,0,'',1,1700,0,'',1,1500,0,'',1,900,0,'',1,5400,0,'',1,1400,0,'',1,1400,0,'',1,1500,0,'',1,5600,0,'',1,1400,0,'',1,1400,0,'',1,1400,0,'',1,5500,0,'',1
'260105-MULTI-Sunday-01',50203,93300,0,'',1,2000,0,'',1,5900,0,'',1,2200,0,'',1,2000,0,'',1,6000,0,'',1,2000,0,'',1,2100,0,'',1,5600,0,'',1,1500,0,'',1,1500,0,'',1,1500,0,'',1,5500,0,'',1,1500,0,'',1,1500,0,'',1,1500,0,'',1,5500,0,'',1,1500,0,'',1,1600,0,'',1,1400,0,'',1,5200,0,'',1,1200,0,'',1,1200,0,'',1,1200,0,'',1,1200,0,'',1,5200,0,'',1,1200,0,'',1,1200,0,'',1,1200,0,'',1,1200,0,'',1,5200,0,'',1,1200,0,'',1,1200,0,'',1,1200,0,'',1,1200,0,'',1,5100,0,'',1,1200,0,'',1,1200,0,'',1,1200,0,'',1,1200,0,'',1,5200,0,'',1,1100,0,'',1,1200,0,'',1,1100,0,'',1,1200,0,'',1,5200,0,'',1,1200,0,'',1,1200,0,'',1,1200,0,'',1,1200,0,'',1,6000,0,'',1,2000,0,'',1,2200,0,'',1,5700,0,'',1,2000,0,'',1,2000,0,'',1,6000,0,'',1,2000,0,'',1
'260105-MULTI-Weekday-01',50203,62300,0,'',1,800,0,'',1,500,0,'',1,1700,0,'',1,5300,0,'',1,1400,0,'',1,600,0,'',1,600,0,'',1,900,0,'',1,700,0,'',1,700,0,'',1,4700,0,'',1,800,0,'',1,700,0,'',1,800,0,'',1,800,0,'',1,600,0,'',1,800,0,'',1,300,0,'',1,400,0,'',1,5300,0,'',1,600,0,'',1,700,0,'',1,700,0,'',1,700,0,'',1,700,0,'',1,600,0,'',1,700,0,'',1,4700,0,'',1,700,0,'',1,700,0,'',1,700,0,'',1,800,0,'',1,600,0,'',1,900,0,'',1,1000,0,'',1,5100,0,'',1,1200,0,'',1,1100,0,'',1,1300,0,'',1,1200,0,'',1,5200,0,'',1,1200,0,'',1,1200,0,'',1,1200,0,'',1,1200,0,'',1,5200,0,'',1,1000,0,'',1,1200,0,'',1,1000,0,'',1,700,0,'',1,900,0,'',1,5300,0,'',1,1400,0,'',1,1000,0,'',1,1000,0,'',1,700,0,'',1,800,0,'',1,4900,0,'',1,900,0,'',1,700,0,'',1,800,0,'',1,500,0,'',1,700,0,'',1,600,0,'',1,600,0,'',1,4800,0,'',1,900,0,'',1,800,0,'',1,800,0,'',1,800,0,'',1,800,0,'',1,800,0,'',1,900,0,'',1,4800,0,'',1,1000,0,'',1,800,0,'',1,900,0,'',1,700,0,'',1,600,0,'',1,700,0,'',1,4600,0,'',1,600,0,'',1,800,0,'',1,900,0,'',1,800,0,'',1,700,0,'',1,700,0,'',1,700,0,'',1,700,0,'',1,4600,0,'',1,700,0,'',1,800,0,'',1,800,0,'',1,800,0,'',1,700,0,'',1,800,0,'',1,700,0,'',1,5000,0,'',1,1200,0,'',1,1100,0,'',1,1100,0,'',1,1100,0,'',1,5100,0,'',1,1200,0,'',1,1000,0,'',1,1100,0,'',1,1100,0,'',1,5200,0,'',1,1200,0,'',1,1200,0,'',1,1200,0,'',1,1200,0,'',1,5200,0,'',1,1200,0,'',1,1000,0,'',1,1300,0,'',1,1200,0,'',1,5400,0,'',1,1500,0,'',1,1500,0,'',1,1500,0,'',1,5500,0,'',1,1500,0,'',1,1500,0,'',1
