2302,'Holiday1',803,,19857,55,,,1,30,,19831,55,,,1,68,,19834,55,,,1,33,,19835,55,,,1,69,,19836,55,,,1,28,,19833,55,,,1,28,,19837,55,,,1,69,,19838,55,,,1,28,,19832,55,,,1,68,,19840,55,,,1,29,,19842,55,,,1,68,,19839,55,,,1,27,,19843,55,,,1,67,,19841,55,,,1,31,,19844,55,,,1,69,,19845,55,,,1,27,,19846,55,,,1,68,,19847,55,,,1,28,,19848,55,,,1,68,,19862,55,,,1,28,,19851,55,,,1,68,,19852,55,,,1,28,,19853,55,,,1,27,,19849,55,,,1,67,,19854,55,,,1,28,,19855,55,,,1,66,,19856,55,,,1,28,,19850,55,,,1,67,,19860,55,,,1,28,,19861,55,,,1,68,,19858,55,,,1,27,,19859,55,,,1
2302,'Saturday',601,,19863,55,,,1,30,,19865,55,,,1,70,,19885,55,,,1,32,,19884,55,,,1,79,,19888,55,,,1,32,,19887,55,,,1,71,,19890,55,,,1,28,,19891,55,,,1,68,,19892,55,,,1,27,,19889,55,,,1,68,,19893,55,,,1,27,,19896,55,,,1,69,,19897,55,,,1,30,,19894,55,,,1,69,,19895,55,,,1,27,,19886,55,,,1,28,,19875,55,,,1,67,,19877,55,,,1,25,,19878,55,,,1,70,,19879,55,,,1,30,,19880,55,,,1,68,,19876,55,,,1,30,,19882,55,,,1,71,,19883,55,,,1,27,,19881,55,,,1,65,,19867,55,,,1,26,,19868,55,,,1,66,,19864,55,,,1,31,,19874,55,,,1,70,,19866,55,,,1,30,,19870,55,,,1,68,41,19872,55,,,1,30,,19869,55,,,1,70,41,19871,55,,,1,29,,19873,55,,,1,30,,19901,55,,,1,70,,19900,55,,,1,30,,19899,55,,,1,70,,19898,55,,,1
2302,'Sunday',803,,19928,55,,,1,30,,19902,55,,,1,68,,19905,55,,,1,33,,19906,55,,,1,69,,19907,55,,,1,28,,19904,55,,,1,28,,19908,55,,,1,69,,19909,55,,,1,28,,19903,55,,,1,68,,19911,55,,,1,29,,19913,55,,,1,68,,19910,55,,,1,27,,19914,55,,,1,67,,19912,55,,,1,31,,19915,55,,,1,69,,19916,55,,,1,27,,19917,55,,,1,68,,19918,55,,,1,28,,19919,55,,,1,68,,19933,55,,,1,28,,19922,55,,,1,68,,19923,55,,,1,28,,19924,55,,,1,27,,19920,55,,,1,67,,19925,55,,,1,28,,19926,55,,,1,66,,19927,55,,,1,28,,19921,55,,,1,67,,19931,55,,,1,28,,19932,55,,,1,68,,19929,55,,,1,27,,19930,55,,,1
2302,'Weekday',522,2,19934,55,,,1,16,2,19944,55,,,1,16,2,19945,55,,,1,55,2,19943,55,,,1,16,2,19947,55,,,1,16,2,19949,55,,,1,15,2,19950,55,,,1,55,2,19951,55,,,1,15,2,19948,55,,,1,15,2,19952,55,,,1,15,2,19946,55,,,1,56,2,19953,55,,,1,15,2,19954,55,,,1,16,2,19955,55,,,1,16,2,19956,55,,,1,56,2,19940,55,,,1,19,2,19937,55,,,1,24,2,19939,55,,,1,69,2,19957,55,,,1,31,2,19958,55,,,1,69,2,19959,55,,,1,31,2,19960,55,,,1,70,2,19961,55,,,1,29,2,19962,55,,,1,70,2,19963,55,,,1,31,2,19964,55,,,1,71,2,19942,55,,,1,25,2,19988,55,,,1,57,2,19985,55,,,1,20,2,19987,55,,,1,16,2,19984,55,,,1,55,2,19986,55,,,1,15,2,19983,55,,,1,19,2,19965,55,,,1,15,2,19966,55,,,1,55,2,19967,55,,,1,13,2,19968,55,,,1,15,2,19969,55,,,1,15,2,19970,55,,,1,55,2,19971,55,,,1,15,2,19972,55,,,1,15,2,19973,55,,,1,15,2,19974,55,,,1,55,2,19935,55,,,1,15,2,19941,55,,,1,13,2,19938,55,,,1,15,2,19936,55,,,1,74,2,19975,55,,,1,34,2,19976,55,,,1,75,2,19977,55,,,1,72,2,19978,55,,,1,31,2,19979,55,,,1,74,2,19980,55,,,1,34,2,19981,55,,,1,74,2,19982,55,,,1
3200,'Holiday1',800,,21837,1,,,1,50,,21838,1,,,1,90,,21839,1,,,1,90,,21841,1,,,1,90,,21842,1,,,1,90,,21843,1,,,1,90,,21840,1,,,1,50,,21844,1,,,1,90,,21846,1,,,1,90,,21847,1,,,1,90,,21848,1,,,1,90,,21845,1,,,1,90,,21849,1,,,1,50,,21850,1,,,1,90,,21851,1,,,1,90,,21852,1,,,1
3200,'Saturday',800,,21855,1,,,1,44,,21853,1,,,1,96,,21857,1,,,1,90,,21854,1,,,1,90,,21856,1,,,1,90,,21858,1,,,1,90,,21859,1,,,1,50,,21860,1,,,1,90,,21861,1,,,1,90,,21862,1,,,1,90,,21863,1,,,1,90,,21864,1,,,1,90,,21865,1,,,1,50,,21866,1,,,1,90,,21867,1,,,1
3200,'Sunday',800,,21868,1,,,1,50,,21869,1,,,1,90,,21870,1,,,1,90,,21872,1,,,1,90,,21873,1,,,1,90,,21874,1,,,1,90,,21871,1,,,1,50,,21875,1,,,1,90,,21877,1,,,1,90,,21878,1,,,1,90,,21879,1,,,1,90,,21876,1,,,1,90,,21880,1,,,1,50,,21881,1,,,1,90,,21882,1,,,1,90,,21883,1,,,1
3200,'Weekday',600,,21892,1,,,1,34,,21885,1,,,1,74,,21893,1,,,1,34,,21890,1,,,1,72,,21886,1,,,1,36,,21891,1,,,1,100,,21888,1,,,1,88,,21906,1,,,1,90,,21905,1,,,1,90,,21903,1,,,1,90,,21904,1,,,1,92,,21884,1,,,1,14,,21907,1,,,1,6,,21908,1,,,1,15,,21889,1,,,1,23,,21902,1,,,1,55,,21896,1,,,1,34,,21887,1,,,1,74,,21895,1,,,1,32,,21894,1,,,1,76,,21897,1,,,1,74,,21898,1,,,1,34,,21899,1,,,1,74,,21900,1,,,1,44,,21901,1,,,1
30003,'Weekday',550,,24489,1,,,1,80,,24490,1,,,1,795,,24491,1,,,1,330,,24488,1,,,1
30004,'Weekday',705,,24492,3,4,,1,825,,24493,3,4,,1,370,,24494,3,4,,1,430,,24495,3,4,,1
