603,'251229-MULTI-Saturday-01',748,,3396,0,,1,85,,3381,0,,1,85,,3382,0,,1,85,,3384,0,,1,45,,3385,0,,1,85,,3383,0,,1,85,,3387,0,,1,85,,3386,0,,1,46,,3389,0,,1,86,,3390,0,,1,86,,3388,0,,1,85,,3391,0,,1,45,,3392,0,,1,85,,3393,0,,1,85,,3394,0,,1,85,,3395,0,,1
603,'251229-MULTI-Sunday-01',902,,3398,0,,1,45,,3397,0,,1,86,,3399,0,,1,85,,3400,0,,1,85,,3401,0,,1,45,,3403,0,,1,87,,3404,0,,1,85,,3402,0,,1,85,,3405,0,,1,45,,3406,0,,1,85,,3407,0,,1,85,,3408,0,,1,85,,3409,0,,1,45,,3410,0,,1,84,,3411,0,,1
603,'260105-MULTI-Holiday1-01',902,,3413,0,,1,45,,3412,0,,1,86,,3415,0,,1,85,,3416,0,,1,85,,3417,0,,1,45,,3418,0,,1,87,,3419,0,,1,85,,3414,0,,1,85,,3420,0,,1,45,,3421,0,,1,85,,3422,0,,1,85,,3423,0,,1,85,,3424,0,,1,45,,3425,0,,1,84,,3426,0,,1
603,'260105-MULTI-Saturday-01',748,,3442,0,,1,85,,3427,0,,1,85,,3428,0,,1,85,,3430,0,,1,45,,3431,0,,1,85,,3429,0,,1,85,,3433,0,,1,85,,3432,0,,1,46,,3435,0,,1,86,,3436,0,,1,86,,3434,0,,1,85,,3437,0,,1,45,,3438,0,,1,85,,3439,0,,1,85,,3440,0,,1,85,,3441,0,,1
603,'260105-MULTI-Sunday-01',902,,3444,0,,1,45,,3443,0,,1,86,,3446,0,,1,85,,3447,0,,1,85,,3448,0,,1,45,,3449,0,,1,87,,3450,0,,1,85,,3445,0,,1,85,,3451,0,,1,45,,3452,0,,1,85,,3453,0,,1,85,,3454,0,,1,85,,3455,0,,1,45,,3456,0,,1,84,,3457,0,,1
603,'260105-MULTI-Weekday-01',628,,3458,0,,1,20,,3460,0,,1,60,,3464,0,,1,20,,3465,0,,1,20,,3461,0,,1,59,,3466,0,,1,22,,3463,0,,1,20,,3468,0,,1,59,,3462,0,,1,20,,3467,0,,1,23,,3459,0,,1,70,,3482,0,,1,22,,3480,0,,1,59,,3473,0,,1,21,,3476,0,,1,26,,3478,0,,1,62,,3474,0,,1,20,,3470,0,,1,23,,3477,0,,1,64,,3469,0,,1,22,,3475,0,,1,60,,3471,0,,1,25,,3481,0,,1,25,,3472,0,,1,65,,3479,0,,1,25,,3484,0,,1,60,,3485,0,,1,21,,3483,0,,1,20,,3486,0,,1,60,,3487,0,,1,20,,3488,0,,1,20,,3489,0,,1,60,,3490,0,,1,19,,3491,0,,1,20,,3492,0,,1,61,,3493,0,,1,14,,3494,0,,1,20,,3495,0,,1,20,,3499,0,,1,60,,3496,0,,1,24,,3497,0,,1,66,,3498,0,,1,25,,3500,0,,1,22,,3501,0,,1,67,,3502,0,,1,27,,3503,0,,1,72,,3504,0,,1,30,,3505,0,,1
5703,'251229-MULTI-Saturday-01',530,,14776,0,,1,70,,14784,0,,1,30,,14775,0,,1,70,,14785,0,,1,30,,14769,0,,1,70,,14783,0,,1,30,,14781,0,,1,70,,14786,0,,1,29,,14782,0,,1,71,,14787,0,,1,29,,14777,0,,1,71,,14788,0,,1,29,,14778,0,,1,71,,14789,0,,1,29,,14779,0,,1,71,,14790,0,,1,29,,14774,0,,1,71,,14791,0,,1,30,,14770,0,,1,71,,14793,0,,1,29,,14773,0,,1,71,,14794,0,,1,29,,14772,0,,1,72,,14795,0,,1,28,,14771,0,,1,72,,14792,0,,1,28,,14780,0,,1,71,,14796,0,,1
5703,'251229-MULTI-Sunday-01',900,,14797,0,,1,30,,14798,0,,1,70,,14800,0,,1,30,,14799,0,,1,70,,14802,0,,1,30,,14801,0,,1,70,,14804,0,,1,30,,14803,0,,1,75,,14806,0,,1,25,,14805,0,,1,73,,14807,0,,1,28,,14808,0,,1,73,,14809,0,,1,27,,14811,0,,1,73,,14812,0,,1,28,,14810,0,,1,73,,14815,0,,1,27,,14813,0,,1,73,,14816,0,,1,26,,14814,0,,1,73,,14817,0,,1
5703,'260105-MULTI-Holiday1-01',900,,14818,0,,1,30,,14819,0,,1,70,,14821,0,,1,30,,14820,0,,1,70,,14823,0,,1,30,,14822,0,,1,70,,14825,0,,1,30,,14824,0,,1,74,,14827,0,,1,26,,14826,0,,1,73,,14828,0,,1,28,,14829,0,,1,73,,14830,0,,1,27,,14832,0,,1,73,,14833,0,,1,28,,14831,0,,1,73,,14836,0,,1,27,,14834,0,,1,73,,14837,0,,1,26,,14835,0,,1,73,,14838,0,,1
5703,'260105-MULTI-Saturday-01',530,,14846,0,,1,70,,14854,0,,1,30,,14845,0,,1,70,,14855,0,,1,30,,14839,0,,1,70,,14853,0,,1,30,,14851,0,,1,70,,14856,0,,1,29,,14852,0,,1,71,,14858,0,,1,29,,14847,0,,1,71,,14859,0,,1,29,,14848,0,,1,71,,14860,0,,1,29,,14849,0,,1,71,,14857,0,,1,29,,14844,0,,1,71,,14861,0,,1,30,,14840,0,,1,71,,14863,0,,1,29,,14843,0,,1,71,,14864,0,,1,29,,14842,0,,1,72,,14865,0,,1,28,,14841,0,,1,72,,14862,0,,1,28,,14850,0,,1,71,,14866,0,,1
5703,'260105-MULTI-Sunday-01',900,,14867,0,,1,30,,14868,0,,1,70,,14870,0,,1,30,,14869,0,,1,70,,14872,0,,1,30,,14871,0,,1,70,,14874,0,,1,30,,14873,0,,1,74,,14876,0,,1,26,,14875,0,,1,73,,14877,0,,1,28,,14878,0,,1,73,,14879,0,,1,27,,14881,0,,1,73,,14882,0,,1,28,,14880,0,,1,73,,14885,0,,1,27,,14883,0,,1,73,,14886,0,,1,26,,14884,0,,1,73,,14887,0,,1
5703,'260105-MULTI-Weekday-01',508,,14888,0,,1,30,,14890,0,,1,62,,14891,0,,1,25,,14892,0,,1,26,,14889,0,,1,66,,14893,0,,1,23,,14894,0,,1,68,,14896,0,,1,23,,14897,0,,1,74,,14898,0,,1,26,,14895,0,,1,24,,14899,0,,1,70,,14900,0,,1,25,,14901,0,,1,66,,14902,0,,1,34,,14903,0,,1,70,,14904,0,,1,30,,14905,0,,1,70,,14908,0,,1,31,,14906,0,,1,73,,14909,0,,1,26,,14910,0,,1,65,,14907,0,,1,18,,14911,0,,1,75,,14912,0,,1,19,,14913,0,,1,26,,14914,0,,1,65,,14916,0,,1,18,,14917,0,,1,67,,14918,0,,1,26,,14915,0,,1,71,,14920,0,,1,29,,14921,0,,1,26,,14922,0,,1,69,,14919,0,,1,30,,14923,0,,1,70,,14924,0,,1,30,,14926,0,,1,68,,14927,0,,1,31,,14928,0,,1,63,,14925,0,,1,34,,14929,0,,1,57,,14930,0,,1,22,,14931,0,,1
