'251229-MULTI-Saturday-01',1203,53600,0,'',1,7900,0,'',1,4000,0,'',1,8100,0,'',1,8000,0,'',1,4000,0,'',1,8000,0,'',1,8100,0,'',1,4000,0,'',1,8000,0,'',1,8000,0,'',1,4000,0,'',1,8000,0,'',1,8000,0,'',1,4000,0,'',1,8100,0,'',1,8000,0,'',1,4000,0,'',1,8000,0,'',1,8000,0,'',1,4000,0,'',1,8000,0,'',1,8000,0,'',1,4000,0,'',1,8000,0,'',1,8000,0,'',1,4000,0,'',1,7800,0,'',1,8000,0,'',1
'251229-MULTI-Sunday-01',1203,75500,0,'',1,8000,0,'',1,8100,0,'',1,4000,0,'',1,8000,0,'',1,8000,0,'',1,4000,0,'',1,8000,0,'',1,8000,0,'',1,4000,0,'',1,8100,0,'',1,8000,0,'',1,4000,0,'',1,8000,0,'',1,8000,0,'',1,4000,0,'',1,8000,0,'',1,8000,0,'',1,4000,0,'',1,8000,0,'',1,8000,0,'',1,4000,0,'',1,7800,0,'',1
'260105-MULTI-Holiday1-01',1203,75500,0,'',1,8000,0,'',1,8100,0,'',1,4000,0,'',1,8000,0,'',1,8000,0,'',1,4000,0,'',1,8000,0,'',1,8000,0,'',1,4000,0,'',1,8100,0,'',1,8000,0,'',1,4000,0,'',1,8000,0,'',1,8000,0,'',1,4000,0,'',1,8000,0,'',1,8000,0,'',1,4000,0,'',1,8000,0,'',1,8000,0,'',1,4000,0,'',1,7800,0,'',1
'260105-MULTI-Saturday-01',1203,53600,0,'',1,7900,0,'',1,4000,0,'',1,8100,0,'',1,8000,0,'',1,4000,0,'',1,8000,0,'',1,8100,0,'',1,4000,0,'',1,8000,0,'',1,8000,0,'',1,4000,0,'',1,8000,0,'',1,8000,0,'',1,4000,0,'',1,8100,0,'',1,8000,0,'',1,4000,0,'',1,8000,0,'',1,8000,0,'',1,4000,0,'',1,8000,0,'',1,8000,0,'',1,4000,0,'',1,8000,0,'',1,8000,0,'',1,4000,0,'',1,7800,0,'',1,8000,0,'',1
'260105-MULTI-Sunday-01',1203,75500,0,'',1,8000,0,'',1,8100,0,'',1,4000,0,'',1,8000,0,'',1,8000,0,'',1,4000,0,'',1,8000,0,'',1,8000,0,'',1,4000,0,'',1,8100,0,'',1,8000,0,'',1,4000,0,'',1,8000,0,'',1,8000,0,'',1,4000,0,'',1,8000,0,'',1,8000,0,'',1,4000,0,'',1,8000,0,'',1,8000,0,'',1,4000,0,'',1,7800,0,'',1
'260105-MULTI-Weekday-01',1203,52400,0,'',1,7700,0,'',1,3900,0,'',1,7000,0,'',1,3700,0,'',1,7000,0,'',1,3500,0,'',1,7000,0,'',1,3600,0,'',1,8500,0,'',1,7600,0,'',1,8700,0,'',1,3800,0,'',1,8800,0,'',1,8100,0,'',1,9100,0,'',1,3900,0,'',1,6500,0,'',1,2700,0,'',1,7600,0,'',1,2800,0,'',1,7200,0,'',1,2800,0,'',1,6700,0,'',1,3700,0,'',1,9200,0,'',1,8800,0,'',1,8100,0,'',1,4600,0,'',1,8100,0,'',1,8600,0,'',1,8600,0,'',1
'251229-MULTI-Saturday-01',1403,52000,0,'A',1,2000,0,'',1,6000,0,'A',1,2000,0,'A',1,2000,0,'',1,6000,0,'A',1,2000,0,'',1,2000,0,'A',1,6000,0,'',1,2100,0,'A',1,2000,0,'',1,6000,0,'A',1,2000,0,'',1,2000,0,'A',1,6000,0,'',1,1900,0,'A',1,1500,0,'',1,1500,0,'A',1,5500,0,'',1,1500,0,'A',1,1500,0,'',1,1500,0,'A',1,5600,0,'',1,1500,0,'A',1,1600,0,'',1,1500,0,'A',1,5500,0,'',1,1500,0,'A',1,1500,0,'',1,1500,0,'A',1,5500,0,'',1,1500,0,'A',1,1500,0,'',1,1500,0,'A',1,4900,0,'',1,700,0,'',1,1700,0,'A',1,1500,0,'',1,1500,0,'A',1,5500,0,'',1,1400,0,'A',1,1500,0,'',1,1500,0,'A',1,5500,0,'',1,1500,0,'A',1,1500,0,'',1,1500,0,'A',1,5500,0,'',1,1500,0,'A',1,1500,0,'',1,1500,0,'A',1,5500,0,'',1,1400,0,'A',1,1500,0,'',1,2000,0,'A',1,6000,0,'',1,1900,0,'A',1,2000,0,'',1,5900,0,'A',1,1900,0,'',1,2000,0,'A',1,5900,0,'',1,2000,0,'A',1,2000,0,'',1,5900,0,'A',1,2000,0,'',1,2000,0,'A',1,6000,0,'',1,2000,0,'A',1,2000,0,'',1
'251229-MULTI-Sunday-01',1403,65400,0,'',1,6000,0,'A',1,2000,0,'',1,2000,0,'A',1,6000,0,'',1,2000,0,'A',1,2000,0,'',1,6200,0,'A',1,2100,0,'',1,2000,0,'A',1,5900,0,'',1,2000,0,'A',1,2000,0,'',1,6000,0,'A',1,2000,0,'',1,2000,0,'A',1,5900,0,'',1,2000,0,'A',1,2000,0,'',1,6400,0,'A',1,2100,0,'',1,6000,0,'A',1,1800,0,'',1,2000,0,'A',1,2000,0,'',1,5900,0,'A',1,2100,0,'',1,2000,0,'A',1,6200,0,'',1,2100,0,'A',1,6000,0,'',1,1800,0,'A',1,1900,0,'',1,2000,0,'A',1,6000,0,'',1,2000,0,'A',1,2000,0,'',1,6000,0,'A',1,1900,0,'',1,2000,0,'A',1,6000,0,'',1,2000,0,'A',1,2000,0,'',1,6000,0,'A',1,2000,0,'',1,2000,0,'A',1,5900,0,'',1,2500,0,'A',1,7500,0,'',1,4000,0,'',1,10000,0,'A',1
'260105-MULTI-Holiday1-01',1403,65400,0,'',1,6000,0,'A',1,2000,0,'',1,2000,0,'A',1,6000,0,'',1,2000,0,'A',1,2000,0,'',1,6200,0,'A',1,2100,0,'',1,2000,0,'A',1,5900,0,'',1,2000,0,'A',1,2000,0,'',1,6000,0,'A',1,2000,0,'',1,2000,0,'A',1,5900,0,'',1,2000,0,'A',1,2000,0,'',1,6400,0,'A',1,2100,0,'',1,6000,0,'A',1,1800,0,'',1,2000,0,'A',1,2000,0,'',1,5900,0,'A',1,2100,0,'',1,2000,0,'A',1,6200,0,'',1,2100,0,'A',1,6000,0,'',1,1800,0,'A',1,1900,0,'',1,2000,0,'A',1,6000,0,'',1,2000,0,'A',1,2000,0,'',1,6000,0,'A',1,1900,0,'',1,2000,0,'A',1,6000,0,'',1,2000,0,'A',1,2000,0,'',1,6000,0,'A',1,2000,0,'',1,2000,0,'A',1,5900,0,'',1,2500,0,'A',1,7500,0,'',1,4000,0,'',1,10000,0,'A',1
'260105-MULTI-Saturday-01',1403,52000,0,'A',1,2000,0,'',1,6000,0,'A',1,2000,0,'A',1,2000,0,'',1,6000,0,'A',1,2000,0,'',1,2000,0,'A',1,6000,0,'',1,2100,0,'A',1,2000,0,'',1,6000,0,'A',1,2000,0,'',1,2000,0,'A',1,6000,0,'',1,1900,0,'A',1,1500,0,'',1,1500,0,'A',1,5500,0,'',1,1500,0,'A',1,1500,0,'',1,1500,0,'A',1,5600,0,'',1,1500,0,'A',1,1600,0,'',1,1500,0,'A',1,5500,0,'',1,1500,0,'A',1,1500,0,'',1,1500,0,'A',1,5500,0,'',1,1500,0,'A',1,1500,0,'',1,1500,0,'A',1,4900,0,'',1,700,0,'',1,1700,0,'A',1,1500,0,'',1,1500,0,'A',1,5500,0,'',1,1400,0,'A',1,1500,0,'',1,1500,0,'A',1,5500,0,'',1,1500,0,'A',1,1500,0,'',1,1500,0,'A',1,5500,0,'',1,1500,0,'A',1,1500,0,'',1,1500,0,'A',1,5500,0,'',1,1400,0,'A',1,1500,0,'',1,2000,0,'A',1,6000,0,'',1,1900,0,'A',1,2000,0,'',1,5900,0,'A',1,1900,0,'',1,2000,0,'A',1,5900,0,'',1,2000,0,'A',1,2000,0,'',1,5900,0,'A',1,2000,0,'',1,2000,0,'A',1,6000,0,'',1,2000,0,'A',1,2000,0,'',1
'260105-MULTI-Sunday-01',1403,65400,0,'',1,6000,0,'A',1,2000,0,'',1,2000,0,'A',1,6000,0,'',1,2000,0,'A',1,2000,0,'',1,6200,0,'A',1,2100,0,'',1,2000,0,'A',1,5900,0,'',1,2000,0,'A',1,2000,0,'',1,6000,0,'A',1,2000,0,'',1,2000,0,'A',1,5900,0,'',1,2000,0,'A',1,2000,0,'',1,6400,0,'A',1,2100,0,'',1,6000,0,'A',1,1800,0,'',1,2000,0,'A',1,2000,0,'',1,5900,0,'A',1,2100,0,'',1,2000,0,'A',1,6200,0,'',1,2100,0,'A',1,6000,0,'',1,1800,0,'A',1,1900,0,'',1,2000,0,'A',1,6000,0,'',1,2000,0,'A',1,2000,0,'',1,6000,0,'A',1,1900,0,'',1,2000,0,'A',1,6000,0,'',1,2000,0,'A',1,2000,0,'',1,6000,0,'A',1,2000,0,'',1,2000,0,'A',1,5900,0,'',1,2500,0,'A',1,7500,0,'',1,4000,0,'',1,10000,0,'A',1
'260105-MULTI-Weekday-01',1403,52500,0,'A',1,1600,0,'A',1,800,0,'',1,800,0,'A',1,4900,0,'',1,900,0,'A',1,800,0,'',1,900,0,'A',1,800,0,'',1,800,0,'A',1,800,0,'',1,4800,0,'A',1,800,0,'',1,800,0,'A',1,800,0,'',1,800,0,'A',1,800,0,'',1,800,0,'A',1,4800,0,'',1,800,0,'A',1,800,0,'',1,700,0,'A',1,800,0,'',1,800,0,'A',1,800,0,'',1,800,0,'A',1,4600,0,'',1,1000,0,'A',1,600,0,'',1,1100,0,'A',1,1100,0,'',1,1500,0,'A',1,5500,0,'',1,1500,0,'A',1,1600,0,'',1,1500,0,'A',1,5500,0,'',1,1300,0,'A',1,2100,0,'',1,6000,0,'A',1,2000,0,'',1,1500,0,'A',1,1100,0,'',1,5100,0,'A',1,1100,0,'',1,1200,0,'A',1,1100,0,'',1,1100,0,'A',1,1100,0,'',1,5300,0,'A',1,1200,0,'',1,1100,0,'A',1,1100,0,'',1,1100,0,'A',1,5100,0,'',1,1200,0,'A',1,1100,0,'',1,1100,0,'A',1,1100,0,'',1,500,0,'A',1,4600,0,'A',1,1200,0,'',1,1600,0,'A',1,1200,0,'',1,1100,0,'A',1,5100,0,'',1,1100,0,'A',1,800,0,'',1,300,0,'',1,400,0,'A',1,600,0,'A',1,1100,0,'',1,1100,0,'A',1,5000,0,'',1,1000,0,'A',1,800,0,'',1,500,0,'',1,600,0,'A',1,800,0,'',1,300,0,'',1,1100,0,'A',1,5000,0,'',1,1000,0,'A',1,1000,0,'',1,1900,0,'A',1,6000,0,'',1,1900,0,'A',1,2000,0,'',1,5900,0,'A',1,1900,0,'',1,2000,0,'A',1,6000,0,'',1,2000,0,'A',1,2400,0,'',1,5200,0,'',1,3000,0,'A',1,7000,0,'',1,2200,0,'',1,600,0,'A',1,3000,0,'',1,7000,0,'A',1
