502,'Holiday1',653,,15577,15,,,1,155,,15581,50,,,1,30,,15579,50,,,1,70,,15580,50,,,1,30,,15578,50,,,1,81,,15576,50,,,1,33,,15575,50,,,1,70,,15574,50,,,1,25,,15573,50,,,1,69,,15572,50,,,1,27,,15571,50,,,1,70,,15570,50,,,1,33,,15568,50,,,1,73,,15569,50,,,1,32,,15567,50,,,1,74,,15566,50,,,1,75,,15561,50,,,1,30,,15564,50,,,1,70,,15565,50,,,1,30,,15563,50,,,1,70,,15559,50,,,1,30,,15560,50,,,1,29,,15562,50,,,1,70,,15558,50,,,1,30,,15557,50,,,1,87,,15586,50,,,1,87,,15587,50,,,1,88,,15584,50,,,1,89,,15583,50,,,1,90,,15582,50,,,1,48,,15585,50,,,1
502,'Saturday',553,,15591,15,,,1,93,,15588,50,,,1,68,,15596,50,,,1,31,,15609,50,,,1,70,,15589,50,,,1,31,,15592,50,,,1,76,,15590,50,,,1,31,,15597,50,,,1,70,,15601,50,,,1,30,,15593,50,,,1,74,,15594,50,,,1,31,,15595,50,,,1,73,,15600,50,,,1,95,,15599,50,,,1,75,,15598,50,,,1,30,,15605,50,,,1,71,,15602,50,,,1,30,,15604,50,,,1,70,,15607,50,,,1,30,,15606,50,,,1,71,,15603,50,,,1,32,,15608,50,,,1,70,,15612,50,,,1,29,,15610,50,,,1,69,,15611,50,,,1,35,,15617,50,,,1,89,,15616,50,,,1,92,,15615,50,,,1,85,,15613,50,,,1,48,,15614,50,,,1,87,,15621,50,,,1,89,,15620,50,,,1,90,,15618,50,,,1,90,,15619,50,,,1
502,'Sunday',653,,15642,15,,,1,155,,15646,50,,,1,30,,15644,50,,,1,70,,15645,50,,,1,30,,15643,50,,,1,81,,15641,50,,,1,33,,15640,50,,,1,70,,15639,50,,,1,25,,15638,50,,,1,69,,15637,50,,,1,27,,15636,50,,,1,70,,15635,50,,,1,33,,15633,50,,,1,73,,15634,50,,,1,32,,15632,50,,,1,74,,15631,50,,,1,75,,15626,50,,,1,30,,15629,50,,,1,70,,15630,50,,,1,30,,15628,50,,,1,70,,15624,50,,,1,30,,15625,50,,,1,29,,15627,50,,,1,70,,15623,50,,,1,30,,15622,50,,,1,87,,15651,50,,,1,87,,15652,50,,,1,88,,15649,50,,,1,89,,15648,50,,,1,90,,15647,50,,,1,48,,15650,50,,,1
502,'Weekday',540,,15653,50,,,1,61,,15663,50,,,1,23,,15664,50,,,1,24,,15665,50,,,1,61,,15666,50,,,1,23,,15667,50,,,1,20,,15668,50,,,1,58,,15669,51,0,5,1,19,,15672,50,,,1,21,,15670,51,0,5,1,58,,15673,50,,,1,20,,15671,51,0,5,1,16,,15674,50,,,1,66,,15697,51,0,5,1,28,,15696,50,,,1,64,,15692,51,0,5,1,31,,15695,50,,,1,25,,15691,51,0,5,1,67,,15700,50,,,1,29,,15694,51,0,5,1,66,,15699,50,,,1,31,,15693,51,0,5,1,68,,15698,50,,,1,36,,15675,50,,,1,63,,15676,51,0,5,1,18,,15684,50,,,1,22,,15677,51,0,5,1,60,,15685,50,,,1,22,,15678,51,0,5,1,18,,15686,50,,,1,62,,15679,51,0,5,1,18,,15687,50,,,1,21,,15680,51,0,5,1,62,,15688,50,,,1,20,,15681,51,0,5,1,15,,15689,50,,,1,61,,15682,51,0,5,1,15,,15690,50,,,1,24,,15683,51,0,5,1,86,,15661,50,,,1,80,,15660,50,,,1,79,,15657,50,,,1,37,,15662,50,,,1,79,,15659,50,,,1,40,,15656,50,,,1,80,,15658,50,,,1,80,,15655,50,,,1,34,,15654,50,,,1
902,'Holiday1',843,,16795,60,,,1,105,,16797,60,,,1,108,,16798,60,,,1,145,,16799,60,,,1,105,,16800,60,,,1,105,,16801,60,,,1,108,,16802,60,,,1,105,,16803,60,,,1,107,,16804,60,,,1,106,,16805,60,,,1,107,,16796,60,,,1
902,'Saturday',811,,16806,60,,,1,90,,16813,60,,,1,54,,16816,60,,,1,90,,16814,60,,,1,90,,16818,60,,,1,90,,16819,60,,,1,90,,16820,60,,,1,90,,16817,60,,,1,50,,16812,60,,,1,92,,16807,60,,,1,92,,16809,60,,,1,90,,16811,60,,,1,88,,16815,60,,,1,87,,16808,60,,,1,50,,16810,60,,,1
902,'Sunday',843,,16821,60,,,1,105,,16823,60,,,1,108,,16824,60,,,1,145,,16825,60,,,1,105,,16826,60,,,1,105,,16827,60,,,1,108,,16828,60,,,1,105,,16829,60,,,1,107,,16830,60,,,1,106,,16831,60,,,1,107,,16822,60,,,1
902,'Weekday',655,,16832,60,,,1,80,,16841,60,,,1,75,,16842,60,,,1,45,,16840,60,,,1,90,,16838,60,,,1,78,,16844,60,,,1,85,,16849,60,,,1,45,,16846,60,,,1,85,,16839,60,,,1,88,,16835,60,,,1,29,,16850,60,,,1,75,,16851,60,,,1,75,,16852,60,,,1,6,,16847,60,,,1,33,,16853,60,,,1,75,,16854,60,,,1,35,,16845,60,,,1,75,,16843,60,,,1,75,,16848,60,,,1,36,,16836,60,,,1,77,,16837,60,,,1,42,,16855,60,,,1,87,,16856,60,,,1,86,,16834,60,,,1,117,,16833,60,,,1
21501,'Weekday',1511,,24482,46,,,1
50502,'Holiday1',1028,,25826,20,,,1,16,,25830,20,,,1,56,,25831,20,,,1,16,,25829,20,,,1,17,,25834,20,,,1,16,,25832,20,,,1,56,,25836,20,,,1,17,,25833,20,,,1,16,,25837,20,,,1,16,,25838,20,,,1,57,,25835,20,,,1,16,,25840,20,,,1,16,,25841,20,,,1,60,,25843,20,,,1,20,,25839,20,,,1,13,,25844,20,,,1,17,,25842,20,,,1,57,,25846,20,,,1,16,,25847,20,,,1,17,,25845,20,,,1,16,,25848,20,,,1,56,,25849,20,,,1,15,,25850,20,,,1,14,,25851,20,,,1,56,,25852,20,,,1,16,,25853,20,,,1,15,,25854,20,,,1,16,,25855,20,,,1,55,,25856,20,,,1,16,,25857,20,,,1,16,,25827,20,,,1,16,,25828,20,,,1
50502,'Saturday',922,,25858,20,,,1,16,,25859,20,,,1,16,,25864,20,,,1,57,,25865,20,,,1,17,,25866,20,,,1,17,,25868,20,,,1,58,,25869,20,,,1,18,,25870,20,,,1,17,,25872,20,,,1,16,,25867,20,,,1,56,,25873,20,,,1,17,,25874,20,,,1,16,,25871,20,,,1,16,,25876,20,,,1,56,,25877,20,,,1,16,,25879,20,,,1,17,,25880,20,,,1,56,,25875,20,,,1,15,,25881,20,,,1,19,,25882,20,,,1,15,,25862,20,,,1,55,,25884,20,,,1,16,,25885,20,,,1,17,,25887,20,,,1,16,,25888,20,,,1,57,,25889,20,,,1,18,,25886,20,,,1,14,,25890,20,,,1,56,,25891,20,,,1,15,,25892,20,,,1,16,,25894,20,,,1,16,,25895,20,,,1,55,,25896,20,,,1,14,,25897,20,,,1,16,,25893,20,,,1,15,,25883,20,,,1,56,,25863,20,,,1,16,,25860,20,,,1,16,,25878,20,,,1,16,,25861,20,,,1
50502,'Sunday',1028,,25898,20,,,1,16,,25902,20,,,1,56,,25903,20,,,1,16,,25901,20,,,1,17,,25906,20,,,1,16,,25904,20,,,1,56,,25908,20,,,1,17,,25905,20,,,1,16,,25909,20,,,1,16,,25910,20,,,1,57,,25907,20,,,1,16,,25912,20,,,1,16,,25913,20,,,1,60,,25915,20,,,1,20,,25911,20,,,1,13,,25916,20,,,1,17,,25914,20,,,1,57,,25918,20,,,1,16,,25919,20,,,1,17,,25917,20,,,1,16,,25920,20,,,1,56,,25921,20,,,1,15,,25922,20,,,1,14,,25923,20,,,1,56,,25924,20,,,1,16,,25925,20,,,1,15,,25926,20,,,1,16,,25927,20,,,1,55,,25928,20,,,1,16,,25929,20,,,1,16,,25899,20,,,1,16,,25900,20,,,1
50502,'Weekday',726,,25930,20,,,1,20,,25935,20,,,1,57,,25936,20,,,1,17,,25937,20,,,1,18,,25938,20,,,1,18,,25939,20,,,1,60,,25940,20,,,1,14,,25941,20,,,1,21,,25942,20,,,1,55,,25943,20,,,1,22,,25944,20,,,1,24,,25945,20,,,1,61,,25946,20,,,1,27,,25947,20,,,1,66,,25948,20,,,1,20,,25949,20,,,1,17,,25950,20,,,1,68,,25951,20,,,1,27,,25952,20,,,1,21,,25953,20,,,1,67,,25955,20,,,1,27,,25956,20,,,1,66,,25957,20,,,1,22,,25954,20,,,1,14,,25958,20,,,1,63,,25959,20,,,1,18,,25960,20,,,1,22,,25961,20,,,1,59,,25962,20,,,1,17,,25964,20,,,1,18,,25965,20,,,1,61,,25966,20,,,1,14,,25963,20,,,1,18,,25967,20,,,1,58,,25968,20,,,1,17,,25969,20,,,1,33,,25970,20,,,1,57,,25971,20,,,1,18,,25972,20,,,1,29,,25973,20,,,1,67,,25974,20,,,1
