'251229-MULTI-Saturday-01',5302,53000,0,'',1,7500,0,'',1,3000,0,'',1,7000,0,'',1,3000,0,'',1,7000,0,'',1,3000,0,'',1,7100,0,'',1,3000,0,'',1,7000,0,'',1,3000,0,'',1,7000,0,'',1,3000,0,'',1,7100,0,'',1,2700,0,'',1,7300,0,'',1,2700,0,'',1,7300,0,'',1,2700,0,'',1,7300,0,'',1,2700,0,'',1,7300,0,'',1,2700,0,'',1,7300,0,'',1,2700,0,'',1,7300,0,'',1,2700,0,'',1
'251229-MULTI-Sunday-01',5302,80500,0,'',1,3000,0,'',1,7100,0,'',1,3000,0,'',1,7000,0,'',1,3000,0,'',1,7000,0,'',1,3000,0,'',1,7100,0,'',1,3000,0,'',1,7000,0,'',1,3000,0,'',1,7200,0,'',1,2800,0,'',1,7200,0,'',1,2800,0,'',1,7000,0,'',1,3000,0,'',1,7200,0,'',1,2800,0,'',1,7200,0,'',1,2800,0,'',1,7200,0,'',1
'260105-MULTI-Holiday1-01',5302,80500,0,'',1,3000,0,'',1,7100,0,'',1,3000,0,'',1,7000,0,'',1,3000,0,'',1,7000,0,'',1,3000,0,'',1,7100,0,'',1,3000,0,'',1,7000,0,'',1,3000,0,'',1,7200,0,'',1,2800,0,'',1,7200,0,'',1,2800,0,'',1,7000,0,'',1,3000,0,'',1,7200,0,'',1,2800,0,'',1,7200,0,'',1,2800,0,'',1,7200,0,'',1
'260105-MULTI-Saturday-01',5302,53000,0,'',1,7500,0,'',1,3000,0,'',1,7000,0,'',1,3000,0,'',1,7000,0,'',1,3000,0,'',1,7100,0,'',1,3000,0,'',1,7000,0,'',1,3000,0,'',1,7000,0,'',1,3000,0,'',1,7100,0,'',1,2700,0,'',1,7300,0,'',1,2700,0,'',1,7300,0,'',1,2700,0,'',1,7300,0,'',1,2700,0,'',1,7300,0,'',1,2700,0,'',1,7300,0,'',1,2700,0,'',1,7300,0,'',1,2700,0,'',1
'260105-MULTI-Sunday-01',5302,80500,0,'',1,3000,0,'',1,7100,0,'',1,3000,0,'',1,7000,0,'',1,3000,0,'',1,7000,0,'',1,3000,0,'',1,7100,0,'',1,3000,0,'',1,7000,0,'',1,3000,0,'',1,7200,0,'',1,2800,0,'',1,7200,0,'',1,2800,0,'',1,7000,0,'',1,3000,0,'',1,7200,0,'',1,2800,0,'',1,7200,0,'',1,2800,0,'',1,7200,0,'',1
'260105-MULTI-Weekday-01',5302,45200,0,'',1,6000,0,'',1,2500,0,'',1,6800,0,'',1,2200,0,'',1,2800,0,'',1,6200,0,'',1,2700,0,'',1,6100,0,'',1,2700,0,'',1,7100,0,'',1,2900,0,'',1,7200,0,'',1,2900,0,'',1,7200,0,'',1,2700,0,'',1,6800,0,'',1,2800,0,'',1,7300,0,'',1,3000,0,'',1,7000,0,'',1,3000,0,'',1,2400,0,'',1,5800,0,'',1,3200,0,'',1,6500,0,'',1,2500,0,'',1,2400,0,'',1,6500,0,'',1,2400,0,'',1,6400,0,'',1,2900,0,'',1,6100,0,'',1,3500,0,'',1,7000,0,'',1,3000,0,'',1,6900,0,'',1,3000,0,'',1,7300,0,'',1,2500,0,'',1,7200,0,'',1,2800,0,'',1,6900,0,'',1,3300,0,'',1
'251229-MULTI-Saturday-01',5601,80300,0,'',1,4000,0,'',1,8100,0,'',1,8000,0,'',1,4000,0,'',1,8000,0,'',1,8000,0,'',1,4000,0,'',1,8000,0,'',1,8000,0,'',1,4000,0,'',1,8000,0,'',1,8000,0,'',1,4000,0,'',1,8000,0,'',1,8000,0,'',1,4000,0,'',1
'251229-MULTI-Sunday-01',5601,80400,0,'',1,4000,0,'',1,8000,0,'',1,8000,0,'',1,4000,0,'',1,8000,0,'',1,8000,0,'',1,4000,0,'',1,8000,0,'',1,8000,0,'',1,4000,0,'',1,8000,0,'',1,8000,0,'',1,4000,0,'',1,8000,0,'',1,8000,0,'',1,4000,0,'',1
'260105-MULTI-Holiday1-01',5601,80400,0,'',1,4000,0,'',1,8000,0,'',1,8000,0,'',1,4000,0,'',1,8000,0,'',1,8000,0,'',1,4000,0,'',1,8000,0,'',1,8000,0,'',1,4000,0,'',1,8000,0,'',1,8000,0,'',1,4000,0,'',1,8000,0,'',1,8000,0,'',1,4000,0,'',1
'260105-MULTI-Saturday-01',5601,80300,0,'',1,4000,0,'',1,8100,0,'',1,8000,0,'',1,4000,0,'',1,8000,0,'',1,8000,0,'',1,4000,0,'',1,8000,0,'',1,8000,0,'',1,4000,0,'',1,8000,0,'',1,8000,0,'',1,4000,0,'',1,8000,0,'',1,8000,0,'',1,4000,0,'',1
'260105-MULTI-Sunday-01',5601,80400,0,'',1,4000,0,'',1,8000,0,'',1,8000,0,'',1,4000,0,'',1,8000,0,'',1,8000,0,'',1,4000,0,'',1,8000,0,'',1,8000,0,'',1,4000,0,'',1,8000,0,'',1,8000,0,'',1,4000,0,'',1,8000,0,'',1,8000,0,'',1,4000,0,'',1
'260105-MULTI-Weekday-01',5601,53400,0,'',1,8000,0,'',1,4000,0,'',1,8000,0,'',1,8000,0,'',1,4000,0,'',1,8000,0,'',1,8000,0,'',1,4000,0,'',1,8000,0,'',1,8000,0,'',1,4000,0,'',1,8000,0,'',1,8100,0,'',1,4000,0,'',1,8000,0,'',1,8000,0,'',1,4000,0,'',1,8000,0,'',1,8000,0,'',1,4000,0,'',1,7900,0,'',1,8000,0,'',1,4000,0,'',1,8000,0,'',1
