'251229-MULTI-Saturday-01',1204,61500,0,'',1,4000,0,'',1,8000,0,'',1,8000,0,'',1,4000,0,'',1,8000,0,'',1,8100,0,'',1,4000,0,'',1,8000,0,'',1,8000,0,'',1,4000,0,'',1,8000,0,'',1,8100,0,'',1,4000,0,'',1,8000,0,'',1,8000,0,'',1,4000,0,'',1,7800,0,'',1,8000,0,'',1,4000,0,'',1,8000,0,'',1,8100,0,'',1,4000,0,'',1,8000,0,'',1,8000,0,'',1,4000,0,'',1,7700,0,'',1,8000,0,'',1,4000,0,'',1
'251229-MULTI-Sunday-01',1204,83000,0,'',1,8200,0,'',1,3900,0,'',1,8000,0,'',1,8000,0,'',1,4000,0,'',1,8000,0,'',1,8000,0,'',1,4100,0,'',1,8000,0,'',1,8300,0,'',1,4000,0,'',1,7800,0,'',1,8000,0,'',1,4000,0,'',1,8000,0,'',1,7900,0,'',1,3800,0,'',1,7900,0,'',1,8000,0,'',1,4000,0,'',1,7900,0,'',1,8000,0,'',1
'260105-MULTI-Holiday1-01',1204,83000,0,'',1,8200,0,'',1,3900,0,'',1,8000,0,'',1,8000,0,'',1,4000,0,'',1,8000,0,'',1,8000,0,'',1,4100,0,'',1,8400,0,'',1,7900,0,'',1,4000,0,'',1,7800,0,'',1,8000,0,'',1,4000,0,'',1,8000,0,'',1,7900,0,'',1,3800,0,'',1,7900,0,'',1,8000,0,'',1,4000,0,'',1,7900,0,'',1,8000,0,'',1
'260105-MULTI-Saturday-01',1204,61500,0,'',1,4000,0,'',1,8000,0,'',1,8000,0,'',1,4000,0,'',1,8000,0,'',1,8100,0,'',1,4000,0,'',1,8000,0,'',1,8000,0,'',1,4000,0,'',1,8000,0,'',1,8100,0,'',1,4000,0,'',1,8000,0,'',1,8000,0,'',1,4000,0,'',1,7800,0,'',1,8000,0,'',1,4000,0,'',1,8000,0,'',1,8100,0,'',1,4000,0,'',1,8000,0,'',1,8000,0,'',1,4000,0,'',1,7700,0,'',1,8000,0,'',1,4000,0,'',1
'260105-MULTI-Sunday-01',1204,83000,0,'',1,8200,0,'',1,3900,0,'',1,8000,0,'',1,8000,0,'',1,4000,0,'',1,8000,0,'',1,8000,0,'',1,4100,0,'',1,8400,0,'',1,7900,0,'',1,4000,0,'',1,7800,0,'',1,8000,0,'',1,4000,0,'',1,8000,0,'',1,7900,0,'',1,3800,0,'',1,7900,0,'',1,8000,0,'',1,4000,0,'',1,7900,0,'',1,8000,0,'',1
'260105-MULTI-Weekday-01',1204,55800,0,'',1,8000,0,'',1,7900,0,'',1,3500,0,'',1,7700,0,'',1,2900,0,'',1,7200,0,'',1,7100,0,'',1,3900,0,'',1,8400,0,'',1,7700,0,'',1,4600,0,'',1,8300,0,'',1,8700,0,'',1,4200,0,'',1,9300,0,'',1,7500,0,'',1,2700,0,'',1,6800,0,'',1,3400,0,'',1,6700,0,'',1,3400,0,'',1,6300,0,'',1,3000,0,'',1,7900,0,'',1,8600,0,'',1,8600,0,'',1,4400,0,'',1,8500,0,'',1,7900,0,'',1,4600,0,'',1
'251229-MULTI-Saturday-01',1404,53000,0,'',1,2000,0,'',1,6000,0,'',1,2000,0,'',1,2000,0,'',1,6000,0,'',1,2000,0,'',1,2000,0,'',1,6000,0,'',1,2000,0,'',1,2000,0,'',1,6000,0,'',1,2000,0,'',1,2000,0,'',1,6000,0,'',1,1500,0,'',1,1500,0,'',1,1500,0,'',1,5500,0,'',1,1500,0,'',1,1500,0,'',1,1500,0,'',1,5500,0,'',1,1500,0,'',1,1500,0,'',1,1500,0,'',1,5500,0,'',1,1500,0,'',1,1500,0,'',1,1500,0,'',1,5500,0,'',1,1500,0,'',1,1500,0,'',1,1500,0,'',1,5500,0,'',1,1500,0,'',1,1500,0,'',1,1500,0,'',1,5500,0,'',1,1500,0,'',1,1500,0,'',1,1500,0,'',1,5500,0,'',1,1500,0,'',1,1500,0,'',1,1500,0,'',1,5500,0,'',1,1500,0,'',1,1500,0,'',1,1500,0,'',1,5500,0,'',1,2000,0,'',1,2000,0,'',1,6000,0,'',1,2000,0,'',1,2000,0,'',1,5900,0,'',1,2000,0,'',1,2000,0,'',1,6000,0,'',1,2000,0,'',1,2000,0,'',1,5900,0,'',1,2000,0,'',1,2000,0,'',1,6000,0,'',1,2000,0,'',1,2000,0,'',1
'251229-MULTI-Sunday-01',1404,55700,0,'',1,6000,0,'',1,2000,0,'',1,2000,0,'',1,6000,0,'',1,2000,0,'',1,2000,0,'',1,6000,0,'',1,2000,0,'',1,2000,0,'',1,5600,0,'',1,1500,0,'',1,2000,0,'',1,6100,0,'',1,2000,0,'',1,2000,0,'',1,6000,0,'',1,2000,0,'',1,2000,0,'',1,6000,0,'',1,2000,0,'',1,2000,0,'',1,6000,0,'',1,2000,0,'',1,2000,0,'',1,5900,0,'',1,2000,0,'',1,2000,0,'',1,5900,0,'',1,2000,0,'',1,2000,0,'',1,6000,0,'',1,2000,0,'',1,2000,0,'',1,6000,0,'',1,2000,0,'',1,2000,0,'',1,6000,0,'',1,2000,0,'',1,2000,0,'',1,6000,0,'',1,2000,0,'',1,2000,0,'',1,6000,0,'',1,2000,0,'',1,2000,0,'',1,6000,0,'',1,2000,0,'',1,2000,0,'',1,6500,0,'',1,3500,0,'',1,7500,0,'',1,2600,0,'',1
'260105-MULTI-Holiday1-01',1404,55700,0,'',1,6000,0,'',1,2000,0,'',1,2000,0,'',1,6000,0,'',1,2000,0,'',1,2000,0,'',1,6000,0,'',1,2000,0,'',1,2000,0,'',1,5600,0,'',1,1500,0,'',1,2000,0,'',1,6100,0,'',1,2000,0,'',1,2000,0,'',1,6000,0,'',1,2000,0,'',1,2000,0,'',1,6000,0,'',1,2000,0,'',1,2000,0,'',1,6000,0,'',1,2000,0,'',1,2000,0,'',1,5900,0,'',1,2000,0,'',1,2000,0,'',1,5900,0,'',1,2000,0,'',1,2000,0,'',1,6000,0,'',1,2000,0,'',1,2000,0,'',1,6000,0,'',1,2000,0,'',1,2000,0,'',1,6000,0,'',1,2000,0,'',1,2000,0,'',1,6000,0,'',1,2000,0,'',1,2000,0,'',1,6000,0,'',1,2000,0,'',1,2000,0,'',1,6000,0,'',1,2000,0,'',1,2000,0,'',1,6500,0,'',1,3500,0,'',1,7500,0,'',1,2600,0,'',1
'260105-MULTI-Saturday-01',1404,53000,0,'',1,2000,0,'',1,6000,0,'',1,2000,0,'',1,2000,0,'',1,6000,0,'',1,2000,0,'',1,2000,0,'',1,6000,0,'',1,2000,0,'',1,2000,0,'',1,6000,0,'',1,2000,0,'',1,2000,0,'',1,6000,0,'',1,1500,0,'',1,1500,0,'',1,1500,0,'',1,5500,0,'',1,1500,0,'',1,1500,0,'',1,1500,0,'',1,5500,0,'',1,1500,0,'',1,1500,0,'',1,1500,0,'',1,5500,0,'',1,1500,0,'',1,1500,0,'',1,1500,0,'',1,5500,0,'',1,1500,0,'',1,1500,0,'',1,1500,0,'',1,5500,0,'',1,1500,0,'',1,1500,0,'',1,1500,0,'',1,5500,0,'',1,1500,0,'',1,1500,0,'',1,1500,0,'',1,5500,0,'',1,1500,0,'',1,1500,0,'',1,1500,0,'',1,5500,0,'',1,1500,0,'',1,1500,0,'',1,1500,0,'',1,5500,0,'',1,2000,0,'',1,2000,0,'',1,6000,0,'',1,2000,0,'',1,2000,0,'',1,5900,0,'',1,2000,0,'',1,2000,0,'',1,6000,0,'',1,2000,0,'',1,2000,0,'',1,5900,0,'',1,2000,0,'',1,2000,0,'',1,6000,0,'',1,2000,0,'',1,2000,0,'',1
'260105-MULTI-Sunday-01',1404,55700,0,'',1,6000,0,'',1,2000,0,'',1,2000,0,'',1,6000,0,'',1,2000,0,'',1,2000,0,'',1,6000,0,'',1,2000,0,'',1,2000,0,'',1,5600,0,'',1,1500,0,'',1,2000,0,'',1,6100,0,'',1,2000,0,'',1,2000,0,'',1,6000,0,'',1,2000,0,'',1,2000,0,'',1,6000,0,'',1,2000,0,'',1,2000,0,'',1,6000,0,'',1,2000,0,'',1,2000,0,'',1,5900,0,'',1,2000,0,'',1,2000,0,'',1,5900,0,'',1,2000,0,'',1,2000,0,'',1,6000,0,'',1,2000,0,'',1,2000,0,'',1,6000,0,'',1,2000,0,'',1,2000,0,'',1,6000,0,'',1,2000,0,'',1,2000,0,'',1,6000,0,'',1,2000,0,'',1,2000,0,'',1,6000,0,'',1,2000,0,'',1,2000,0,'',1,6000,0,'',1,2000,0,'',1,2000,0,'',1,6500,0,'',1,3500,0,'',1,7500,0,'',1,2600,0,'',1
'260105-MULTI-Weekday-01',1404,41800,0,'',1,1900,0,'',1,1100,0,'',1,700,0,'',1,5500,0,'',1,800,0,'',1,800,0,'',1,800,0,'',1,800,0,'',1,800,0,'',1,800,0,'',1,4800,0,'',1,800,0,'',1,500,0,'',1,300,0,'',1,800,0,'',1,800,0,'',1,800,0,'',1,800,0,'',1,4800,0,'',1,800,0,'',1,800,0,'',1,800,0,'',1,800,0,'',1,800,0,'',1,800,0,'',1,800,0,'',1,4800,0,'',1,800,0,'',1,800,0,'',1,800,0,'',1,800,0,'',1,800,0,'',1,800,0,'',1,4800,0,'',1,1300,0,'',1,1200,0,'',1,1700,0,'',1,1000,0,'',1,5500,0,'',1,1500,0,'',1,1500,0,'',1,1500,0,'',1,5500,0,'',1,1600,0,'',1,1400,0,'',1,1300,0,'',1,5700,0,'',1,2000,0,'',1,2100,0,'',1,5600,0,'',1,1900,0,'',1,1100,0,'',1,1100,0,'',1,1100,0,'',1,5100,0,'',1,1100,0,'',1,1100,0,'',1,1100,0,'',1,1100,0,'',1,5100,0,'',1,1000,0,'',1,1100,0,'',1,1100,0,'',1,1100,0,'',1,1100,0,'',1,5100,0,'',1,1100,0,'',1,1100,0,'',1,1100,0,'',1,1100,0,'',1,5100,0,'',1,1100,0,'',1,1100,0,'',1,1100,0,'',1,1100,0,'',1,1100,0,'',1,4400,0,'',1,600,0,'',1,1100,0,'',1,1100,0,'',1,1100,0,'',1,1100,0,'',1,5200,0,'',1,1300,0,'',1,2000,0,'',1,2000,0,'',1,6000,0,'',1,2000,0,'',1,2000,0,'',1,6000,0,'',1,2000,0,'',1,2000,0,'',1,6900,0,'',1,3000,0,'',1,6000,0,'',1,1000,0,'',1,3000,0,'',1,7000,0,'',1,3000,0,'',1
