'251229-MULTI-Saturday-01',501,51600,0,'',1,4100,0,'',1,5600,0,'',1,2400,0,'',1,7200,0,'',1,3100,0,'',1,7100,0,'',1,3100,0,'',1,7000,0,'',1,2900,0,'',1,7000,0,'',1,3400,0,'',1,8000,0,'',1,3000,0,'',1,7000,0,'',1,3000,0,'',1,7000,0,'',1,3000,0,'',1,7000,0,'',1,3000,0,'',1,7100,0,'',1,3000,0,'',1,7000,0,'',1,3000,0,'',1,7000,0,'',1,3000,0,'',1,7000,0,'',1,2900,0,'',1,6700,0,'',1,3000,0,'',1,6500,0,'',1,2900,0,'',1,6500,0,'',1,2900,0,'',1,6900,0,'',1,2800,0,'',1,7000,0,'',1,2700,0,'',1,7000,0,'',1,3000,0,'',1,7000,0,'',1
'251229-MULTI-Sunday-01',501,64000,0,'',1,7000,0,'',1,3000,0,'',1,7000,0,'',1,3100,0,'',1,7100,0,'',1,3300,0,'',1,7100,0,'',1,2900,0,'',1,7000,0,'',1,3100,0,'',1,7000,0,'',1,3300,0,'',1,7000,0,'',1,3000,0,'',1,8000,0,'',1,3000,0,'',1,7000,0,'',1,3000,0,'',1,7000,0,'',1,3000,0,'',1,7000,0,'',1,3000,0,'',1,7000,0,'',1,3000,0,'',1,7000,0,'',1,2900,0,'',1,7000,0,'',1,3000,0,'',1,6900,0,'',1,2800,0,'',1,6800,0,'',1,2000,0,'',1,7000,0,'',1,2900,0,'',1
'260105-MULTI-Holiday1-01',501,64000,0,'',1,7000,0,'',1,3000,0,'',1,7000,0,'',1,3100,0,'',1,7100,0,'',1,3300,0,'',1,7100,0,'',1,2900,0,'',1,7000,0,'',1,3100,0,'',1,7000,0,'',1,3300,0,'',1,7000,0,'',1,3000,0,'',1,8000,0,'',1,3000,0,'',1,7000,0,'',1,3000,0,'',1,7000,0,'',1,3000,0,'',1,7000,0,'',1,3000,0,'',1,7000,0,'',1,3000,0,'',1,7000,0,'',1,2900,0,'',1,7000,0,'',1,3000,0,'',1,6900,0,'',1,2800,0,'',1,6800,0,'',1,2600,0,'',1,6400,0,'',1,2900,0,'',1
'260105-MULTI-Saturday-01',501,51600,0,'',1,2700,0,'',1,6700,0,'',1,2700,0,'',1,7200,0,'',1,3100,0,'',1,7100,0,'',1,2900,0,'',1,7200,0,'',1,3200,0,'',1,7200,0,'',1,3400,0,'',1,7500,0,'',1,3000,0,'',1,7600,0,'',1,7000,0,'',1,2400,0,'',1,3000,0,'',1,7000,0,'',1,3000,0,'',1,7100,0,'',1,3000,0,'',1,7000,0,'',1,3000,0,'',1,7000,0,'',1,3000,0,'',1,7000,0,'',1,2900,0,'',1,6700,0,'',1,3000,0,'',1,6500,0,'',1,2900,0,'',1,6500,0,'',1,2700,0,'',1,7100,0,'',1,2800,0,'',1,6800,0,'',1,2300,0,'',1,2900,0,'',1,7000,0,'',1,3000,0,'',1
'260105-MULTI-Sunday-01',501,64000,0,'',1,7000,0,'',1,3000,0,'',1,7000,0,'',1,3100,0,'',1,7100,0,'',1,3300,0,'',1,7100,0,'',1,2900,0,'',1,7000,0,'',1,3100,0,'',1,7000,0,'',1,3300,0,'',1,7000,0,'',1,3000,0,'',1,8000,0,'',1,3000,0,'',1,7000,0,'',1,3000,0,'',1,7000,0,'',1,3000,0,'',1,7000,0,'',1,3000,0,'',1,7000,0,'',1,3000,0,'',1,7000,0,'',1,2900,0,'',1,7000,0,'',1,3000,0,'',1,6900,0,'',1,2800,0,'',1,6800,0,'',1,2600,0,'',1,6400,0,'',1,2900,0,'',1
'260105-MULTI-Weekday-01',501,44500,0,'',1,6000,0,'',1,2100,0,'',1,2100,0,'',1,6100,0,'',1,2000,0,'',1,2100,0,'',1,5400,0,'',1,1500,0,'',1,700,0,'',1,700,0,'',1,1500,0,'',1,6700,0,'',1,2900,0,'',1,6700,0,'',1,2700,0,'',1,8000,0,'',1,3800,0,'',1,8100,0,'',1,8000,0,'',1,4000,0,'',1,8100,0,'',1,8000,0,'',1,3300,0,'',1,6900,0,'',1,2700,0,'',1,6600,0,'',1,2600,0,'',1,6700,0,'',1,2600,0,'',1,2600,0,'',1,6500,0,'',1,2600,0,'',1,6500,0,'',1,2500,0,'',1,8300,0,'',1,2400,0,'',1,7000,0,'',1,1700,0,'',1,1100,0,'',1,6500,0,'',1,500,0,'',1,3700,0,'',1,6400,0,'',1,3100,0,'',1,6700,0,'',1,3900,0,'',1,6700,0,'',1
'251229-MULTI-Saturday-01',3504,90600,0,'',1,4500,0,'',1,8500,0,'',1,8500,0,'',1,8500,0,'',1,4500,0,'',1,8500,0,'',1,8500,0,'',1,8500,0,'',1,4500,0,'',1,8500,0,'',1,8500,0,'',1,8500,0,'',1,4500,0,'',1,8500,0,'',1,8500,0,'',1
'251229-MULTI-Sunday-01',3504,85000,0,'',1,8500,0,'',1,8500,0,'',1,8500,0,'',1,4500,0,'',1,8500,0,'',1,8500,0,'',1,8500,0,'',1,4500,0,'',1,8500,0,'',1,8500,0,'',1,8500,0,'',1,4500,0,'',1,8500,0,'',1,8500,0,'',1,8500,0,'',1
'260105-MULTI-Holiday1-01',3504,85000,0,'',1,8500,0,'',1,8500,0,'',1,8500,0,'',1,4500,0,'',1,8500,0,'',1,8500,0,'',1,8500,0,'',1,4500,0,'',1,8500,0,'',1,8500,0,'',1,8500,0,'',1,4500,0,'',1,8500,0,'',1,8500,0,'',1,8500,0,'',1
'260105-MULTI-Saturday-01',3504,90600,0,'',1,4500,0,'',1,8500,0,'',1,8500,0,'',1,8500,0,'',1,4500,0,'',1,8500,0,'',1,8500,0,'',1,8500,0,'',1,4500,0,'',1,8500,0,'',1,8500,0,'',1,8500,0,'',1,4500,0,'',1,8500,0,'',1,8500,0,'',1
'260105-MULTI-Sunday-01',3504,85000,0,'',1,8500,0,'',1,8500,0,'',1,8500,0,'',1,4500,0,'',1,8500,0,'',1,8500,0,'',1,8500,0,'',1,4500,0,'',1,8500,0,'',1,8500,0,'',1,8500,0,'',1,4500,0,'',1,8500,0,'',1,8500,0,'',1,8500,0,'',1
'260105-MULTI-Weekday-01',3504,52000,0,'',1,3500,0,'',1,7500,0,'',1,7500,0,'',1,3500,0,'',1,7500,0,'',1,3500,0,'',1,7500,0,'',1,7500,0,'',1,3500,0,'',1,7500,0,'',1,3500,0,'',1,7900,0,'',1,3100,0,'',1,7500,0,'',1,7500,0,'',1,3500,0,'',1,7600,0,'',1,3500,0,'',1,7500,0,'',1,7500,0,'',1,3500,0,'',1,7500,0,'',1,3500,0,'',1,7500,0,'',1,3500,0,'',1,7500,0,'',1,7500,0,'',1,3500,0,'',1,7500,0,'',1,3500,0,'',1,7500,0,'',1
'260105-MULTI-Weekday-01',21400,74900,0,'',1
