603,'Holiday1',914,,2299,38,,,1,45,,2298,38,,,1,86,,2301,38,,,1,85,,2302,38,,,1,85,,2303,38,,,1,85,,2304,38,,,1,48,,2305,38,,,1,86,,2300,38,,,1,85,,2306,38,,,1,85,,2307,38,,,1,45,,2308,38,,,1,85,,2309,38,,,1,84,,2310,38,,,1,85,,2311,38,,,1,44,,2312,38,,,1
603,'Saturday',801,,2328,38,,,1,45,,2313,38,,,1,85,,2314,38,,,1,84,,2316,38,,,1,85,,2317,38,,,1,45,,2315,38,,,1,87,,2319,38,,,1,85,,2318,38,,,1,86,,2321,38,,,1,46,,2322,38,,,1,86,,2320,38,,,1,85,,2323,38,,,1,85,,2324,38,,,1,45,,2325,38,,,1,85,,2326,38,,,1,85,,2327,38,,,1
603,'Sunday',914,,2330,38,,,1,45,,2329,38,,,1,86,,2332,38,,,1,85,,2333,38,,,1,85,,2334,38,,,1,85,,2335,38,,,1,48,,2336,38,,,1,86,,2331,38,,,1,85,,2337,38,,,1,85,,2338,38,,,1,45,,2339,38,,,1,85,,2340,38,,,1,84,,2341,38,,,1,85,,2342,38,,,1,44,,2343,38,,,1
603,'Weekday',637,,2344,38,,,1,19,,2346,38,,,1,61,,2350,38,,,1,20,,2351,38,,,1,19,,2347,38,,,1,61,,2352,38,,,1,22,,2349,38,,,1,17,,2354,38,,,1,60,,2348,38,,,1,20,,2353,38,,,1,23,,2345,38,,,1,70,,2368,38,,,1,22,,2366,38,,,1,59,,2359,38,,,1,21,,2362,38,,,1,26,,2364,38,,,1,62,,2360,38,,,1,20,,2356,38,,,1,64,,2363,38,,,1,24,,2355,38,,,1,22,,2361,38,,,1,60,,2357,38,,,1,25,,2367,38,,,1,25,,2358,38,,,1,67,,2365,38,,,1,25,,2370,38,,,1,60,,2371,38,,,1,21,,2369,38,,,1,20,,2372,38,,,1,60,,2373,38,,,1,20,,2374,38,,,1,20,,2375,38,,,1,60,,2376,38,,,1,20,,2377,38,,,1,19,,2378,38,,,1,60,,2379,38,,,1,14,,2380,38,,,1,20,,2381,38,,,1,60,,2385,38,,,1,21,,2382,38,,,1,22,,2383,38,,,1,66,,2384,38,,,1,25,,2386,38,,,1,62,,2387,38,,,1,27,,2388,38,,,1,27,,2389,38,,,1,72,,2390,38,,,1,30,,2391,38,,,1
2902,'Holiday1',723,,7530,51,,,1,35,,7531,51,,,1,78,,7534,51,,,1,76,,7535,51,,,1,35,,7536,51,,,1,75,,7532,51,,,1,36,,7533,51,,,1,75,,7538,51,,,1,75,,7540,51,,,1,35,,7537,51,,,1,75,,7541,51,,,1,35,,7539,51,,,1,77,,7542,51,,,1,75,,7544,51,,,1,35,,7545,51,,,1,76,,7546,51,,,1,35,,7543,51,,,1,75,,7547,51,,,1,75,,7548,51,,,1,35,,7549,51,,,1,75,,7550,51,,,1,33,,7551,51,,,1,75,,7553,51,,,1,32,,7552,51,,,1,74,,7554,51,,,1,34,,7558,51,,,1,90,,7556,51,,,1,90,,7557,51,,,1,90,,7555,51,,,1
2902,'Saturday',653,,7565,51,,,1,65,,7573,51,,,1,26,,7575,51,,,1,67,,7576,51,,,1,25,,7574,51,,,1,66,,7577,51,,,1,26,,7578,51,,,1,25,,7579,51,,,1,66,,7580,51,,,1,31,,7581,51,,,1,64,,7584,51,,,1,26,,7582,51,,,1,65,,7583,51,,,1,25,,7585,51,,,1,25,,7586,51,,,1,65,,7587,51,,,1,25,,7588,51,,,1,67,,7589,51,,,1,25,,7590,51,,,1,65,,7591,51,,,1,25,,7592,51,,,1,25,,7594,51,,,1,67,,7595,51,,,1,25,,7596,51,,,1,65,,7593,51,,,1,25,,7572,51,,,1,25,,7569,51,,,1,64,,7571,51,,,1,23,,7570,51,,,1,67,,7568,51,,,1,28,,7567,51,,,1,82,,7560,51,,,1,35,,7561,51,,,1,72,,7559,51,,,1,29,,7563,51,,,1,79,,7564,51,,,1,90,,7562,51,,,1,90,,7566,51,,,1
2902,'Sunday',723,,7597,51,,,1,35,,7598,51,,,1,78,,7601,51,,,1,76,,7602,51,,,1,35,,7603,51,,,1,75,,7599,51,,,1,36,,7600,51,,,1,75,,7604,51,,,1,75,,7606,51,,,1,35,,7607,51,,,1,75,,7608,51,,,1,35,,7605,51,,,1,77,,7609,51,,,1,75,,7611,51,,,1,35,,7612,51,,,1,76,,7613,51,,,1,35,,7610,51,,,1,75,,7614,51,,,1,75,,7615,51,,,1,35,,7616,51,,,1,75,,7617,51,,,1,33,,7618,51,,,1,75,,7620,51,,,1,32,,7619,51,,,1,74,,7621,51,,,1,34,,7625,51,,,1,90,,7623,51,,,1,90,,7624,51,,,1,90,,7622,51,,,1
2902,'Weekday',626,,7627,51,,,1,32,,7626,60,0,5,1,56,,7662,60,0,5,1,16,,7659,60,0,5,1,17,,7658,60,0,5,1,56,,7655,60,0,5,1,16,,7654,60,0,5,1,16,,7657,60,0,5,1,16,,7656,60,0,5,1,55,,7661,60,0,5,1,15,,7660,60,0,5,1,14,,7664,60,0,5,1,14,,7663,60,0,5,1,58,,7666,60,0,5,1,16,,7665,60,0,5,1,24,,7628,51,,,1,65,,7629,51,,,1,25,,7630,51,,,1,66,,7631,51,,,1,27,,7632,51,,,1,22,,7633,51,,,1,65,,7634,51,,,1,25,,7635,51,,,1,65,,7636,51,,,1,29,,7637,51,,,1,79,,7638,51,,,1,19,,7640,60,0,5,1,4,,7652,38,,,1,10,,7641,60,0,5,1,59,,7667,60,0,5,1,18,,7668,60,0,5,1,18,,7669,60,0,5,1,14,,7653,60,0,5,1,44,,7670,60,0,5,1,18,,7671,60,0,5,1,18,,7672,60,0,5,1,18,,7673,60,0,5,1,57,,7674,60,0,5,1,16,,7675,60,0,5,1,18,,7676,60,0,5,1,56,,7677,60,0,5,1,18,,7678,60,0,5,1,16,,7679,60,0,5,1,17,,7680,60,0,5,1,57,,7681,60,0,5,1,15,,7682,60,0,5,1,17,,7683,60,0,5,1,15,,7639,60,0,5,1,65,,7644,51,,,1,33,,7645,51,,,1,72,,7646,51,,,1,32,,7647,51,,,1,68,,7648,51,,,1,29,,7649,51,,,1,70,,7650,51,,,1,30,,7651,51,,,1,70,,7642,51,,,1,30,,7643,51,,,1
6003,'Holiday1',845,,10516,29,,,1,104,,10514,29,,,1,105,,10517,29,,,1,105,,10513,29,,,1,145,,10519,29,,,1,105,,10520,29,,,1,106,,10521,29,,,1,105,,10518,29,,,1,105,,10522,29,,,1,104,,10523,29,,,1,106,,10524,29,,,1,104,,10515,29,,,1
6003,'Saturday',800,,10547,29,,,1,30,,10525,29,,,1,76,,10539,29,,,1,33,,10540,29,,,1,75,,10541,29,,,1,35,,10542,29,,,1,75,,10543,29,,,1,35,,10544,29,,,1,75,,10545,29,,,1,75,,10546,29,,,1,35,,10530,29,,,1,75,,10527,29,,,1,35,,10531,29,,,1,75,,10528,29,,,1,75,,10526,29,,,1,35,,10529,29,,,1,75,,10532,29,,,1,35,,10533,29,,,1,75,,10536,29,,,1,35,,10538,29,,,1,75,,10535,29,,,1,75,,10534,29,,,1,35,,10537,29,,,1
6003,'Sunday',845,,10551,29,,,1,104,,10549,29,,,1,105,,10552,29,,,1,105,,10548,29,,,1,145,,10554,29,,,1,105,,10555,29,,,1,106,,10556,29,,,1,105,,10553,29,,,1,105,,10557,29,,,1,104,,10558,29,,,1,106,,10559,29,,,1,104,,10550,29,,,1
6003,'Weekday',521,,10560,23,,,1,26,,10561,29,,,1,61,,10562,29,,,1,27,,10563,29,,,1,65,,10564,29,,,1,27,,10565,29,,,1,31,,10566,29,,,1,67,,10567,29,,,1,26,,10568,29,,,1,66,,10569,29,,,1,26,,10570,29,,,1,66,,10571,29,,,1,26,,10572,29,,,1,66,,10574,29,,,1,29,,10575,29,,,1,29,,10576,29,,,1,66,,10573,29,,,1,26,,10577,29,,,1,66,,10578,29,,,1,26,,10579,29,,,1,69,,10580,29,,,1,27,,10581,29,,,1,69,,10582,29,,,1,31,,10583,29,,,1,64,,10584,29,,,1,23,,10586,29,,,1,27,,10588,29,,,1,64,,10589,29,,,1,26,,10585,29,,,1,67,,10590,29,,,1,27,,10587,29,,,1,68,,10591,29,,,1,28,,10592,29,,,1,85,,10593,29,,,1,40,,10594,29,,,1,80,,10595,29,,,1,80,,10596,29,,,1,40,,10597,29,,,1,80,,10598,29,,,1,80,,10599,29,,,1,40,,10600,29,,,1
