1503,'251229-MULTI-Saturday-01',539,,7057,0,6,1,80,,7054,0,6,1,22,,7055,0,6,1,62,,7069,0,6,1,22,,7070,0,6,1,22,,7071,0,6,1,62,,7068,0,6,1,22,,7072,0,6,1,22,,7073,0,6,1,62,,7074,0,6,1,22,,7077,0,6,1,22,,7078,0,6,1,62,,7075,0,6,1,22,,7076,0,6,1,62,,7079,0,6,1,22,,7080,0,6,1,22,,7081,0,6,1,62,,7082,0,6,1,22,,7083,0,6,1,22,,7084,0,6,1,62,,7085,0,6,1,22,,7087,0,6,1,62,,7088,0,6,1,22,,7089,0,6,1,22,,7086,0,6,1,62,,7090,0,6,1,22,,7092,0,6,1,22,,7093,0,6,1,62,,7094,0,6,1,22,,7091,0,6,1,22,,7095,0,6,1,62,,7096,0,6,1,22,,7097,0,6,1,62,,7099,0,6,1,22,,7100,0,6,1,22,,7101,0,6,1,62,,7098,0,6,1,22,,7102,0,6,1,22,,7103,0,6,1,62,,7104,0,6,1,22,,7106,0,6,1,22,,7107,0,6,1,62,,7108,0,6,1,22,,7067,0,6,1,62,,7066,0,6,1,22,,7060,0,6,1,22,,7065,0,6,1,62,,7061,0,6,1,22,,7064,0,6,1,22,,7062,0,6,1,62,,7063,0,6,1,25,,7056,0,6,1
1503,'251229-MULTI-Sunday-01',705,,7144,0,6,1,34,,7142,0,6,1,80,,7110,0,6,1,30,,7111,0,6,1,70,,7109,0,6,1,30,,7112,0,6,1,70,,7113,0,6,1,30,,7114,0,6,1,70,,7115,0,6,1,30,,7117,0,6,1,70,,7118,0,6,1,30,,7119,0,6,1,70,,7116,0,6,1,30,,7123,0,6,1,70,,7120,0,6,1,30,,7124,0,6,1,70,,7121,0,6,1,30,,7122,0,6,1,70,,7125,0,6,1,30,,7126,0,6,1,70,,7127,0,6,1,30,,7128,0,6,1,70,,7129,0,6,1,30,,7130,0,6,1,70,,7131,0,6,1,30,,7132,0,6,1,70,,7133,0,6,1,30,,7134,0,6,1,70,,7136,0,6,1,30,,7137,0,6,1,70,,7138,0,6,1,30,,7135,0,6,1,70,,7139,0,6,1,30,,7140,0,6,1
1503,'260105-MULTI-Holiday1-01',705,,7178,0,6,1,34,,7177,0,6,1,80,,7146,0,6,1,30,,7147,0,6,1,70,,7145,0,6,1,30,,7148,0,6,1,70,,7149,0,6,1,30,,7150,0,6,1,70,,7151,0,6,1,30,,7153,0,6,1,70,,7154,0,6,1,30,,7155,0,6,1,70,,7152,0,6,1,30,,7159,0,6,1,70,,7156,0,6,1,30,,7160,0,6,1,70,,7157,0,6,1,30,,7158,0,6,1,70,,7161,0,6,1,30,,7162,0,6,1,70,,7163,0,6,1,30,,7164,0,6,1,70,,7165,0,6,1,30,,7166,0,6,1,70,,7167,0,6,1,30,,7168,0,6,1,70,,7169,0,6,1,30,,7170,0,6,1,70,,7172,0,6,1,30,,7173,0,6,1,70,,7174,0,6,1,30,,7171,0,6,1,70,,7175,0,6,1,30,,7176,0,6,1,70,,7180,0,6,1,30,,7179,0,6,1
1503,'260105-MULTI-Saturday-01',539,,7184,0,6,1,80,,7181,0,6,1,22,,7182,0,6,1,62,,7196,0,6,1,22,,7197,0,6,1,22,,7198,0,6,1,62,,7195,0,6,1,22,,7199,0,6,1,22,,7200,0,6,1,62,,7201,0,6,1,22,,7204,0,6,1,22,,7205,0,6,1,62,,7202,0,6,1,22,,7203,0,6,1,62,,7206,0,6,1,22,,7207,0,6,1,22,,7208,0,6,1,62,,7209,0,6,1,22,,7210,0,6,1,22,,7211,0,6,1,62,,7212,0,6,1,22,,7214,0,6,1,62,,7215,0,6,1,22,,7216,0,6,1,22,,7213,0,6,1,62,,7217,0,6,1,22,,7219,0,6,1,22,,7220,0,6,1,62,,7221,0,6,1,22,,7218,0,6,1,22,,7222,0,6,1,62,,7223,0,6,1,22,,7224,0,6,1,62,,7226,0,6,1,22,,7227,0,6,1,22,,7228,0,6,1,62,,7225,0,6,1,22,,7229,0,6,1,22,,7230,0,6,1,62,,7231,0,6,1,22,,7233,0,6,1,22,,7234,0,6,1,62,,7235,0,6,1,22,,7194,0,6,1,62,,7193,0,6,1,22,,7187,0,6,1,22,,7192,0,6,1,62,,7188,0,6,1,22,,7191,0,6,1,22,,7189,0,6,1,62,,7190,0,6,1,25,,7183,0,6,1
1503,'260105-MULTI-Sunday-01',705,,7269,0,6,1,34,,7268,0,6,1,80,,7237,0,6,1,30,,7238,0,6,1,70,,7236,0,6,1,30,,7239,0,6,1,70,,7240,0,6,1,30,,7241,0,6,1,70,,7242,0,6,1,30,,7244,0,6,1,70,,7245,0,6,1,30,,7246,0,6,1,70,,7243,0,6,1,30,,7250,0,6,1,70,,7247,0,6,1,30,,7251,0,6,1,70,,7248,0,6,1,30,,7249,0,6,1,70,,7252,0,6,1,30,,7253,0,6,1,70,,7254,0,6,1,30,,7255,0,6,1,70,,7256,0,6,1,30,,7257,0,6,1,70,,7258,0,6,1,30,,7259,0,6,1,70,,7260,0,6,1,30,,7261,0,6,1,70,,7263,0,6,1,30,,7264,0,6,1,70,,7265,0,6,1,30,,7262,0,6,1,70,,7266,0,6,1,30,,7267,0,6,1,70,,7271,0,6,1,30,,7270,0,6,1
1503,'260105-MULTI-Weekday-01',433,,7339,0,6,1,26,,7341,0,6,1,75,,7345,0,6,1,20,,7272,0,6,1,59,,7300,0,5,1,8,,7332,0,6,1,25,,7285,0,5,1,5,,7322,0,6,1,53,,7335,0,6,1,10,,7281,0,5,1,10,,7333,0,6,1,1,,7279,0,5,1,18,,7282,0,5,1,6,,7319,0,6,1,53,,7323,0,6,1,2,,7283,0,5,1,14,,7284,0,5,1,1,,7312,0,6,1,27,,7324,0,6,1,8,,7280,0,5,1,50,,7328,0,6,1,3,,7302,0,5,1,13,,7296,0,5,1,4,,7325,0,6,1,15,,7298,0,5,1,5,,7310,0,6,1,59,,7292,0,5,1,12,,7358,0,6,1,15,,7361,0,5,1,20,,7364,0,5,1,1,,7357,0,6,1,70,,7363,0,6,1,12,,7365,0,5,1,8,,7360,0,6,1,63,,7355,0,5,1,6,,7347,0,6,1,15,,7350,0,5,1,17,,7351,0,6,1,68,,7348,0,5,1,7,,7354,0,6,1,23,,7349,0,5,1,19,,7352,0,5,1,48,,7353,0,6,1,28,,7295,0,5,1,7,,7294,0,6,1,7,,7303,0,5,1,63,,7301,0,5,1,21,,7289,0,5,1,9,,7334,0,6,1,62,,7293,0,5,1,7,,7317,0,6,1,16,,7274,0,5,1,12,,7314,0,6,1,8,,7318,0,6,1,2,,7275,0,5,1,62,,7276,0,5,1,7,,7326,0,6,1,11,,7277,0,5,1,6,,7313,0,6,1,1,,7278,0,5,1,7,,7308,0,6,1,15,,7286,0,5,1,52,,7309,0,6,1,13,,7290,0,5,1,9,,7342,0,6,1,10,,7291,0,5,1,2,,7338,0,6,1,56,,7287,0,5,1,9,,7344,0,6,1,13,,7305,0,5,1,9,,7321,0,6,1,6,,7311,0,6,1,19,,7366,0,5,1,49,,7329,0,6,1,6,,7367,0,5,1,24,,7316,0,6,1,11,,7368,0,5,1,11,,7315,0,6,1,62,,7320,0,6,1,19,,7359,0,5,1,17,,7327,0,6,1,57,,7369,0,5,1,17,,7331,0,6,1,26,,7330,0,6,1,64,,7299,0,6,1,30,,7337,0,6,1,69,,7336,0,6,1,29,,7346,0,6,1,100,,7343,0,6,1
1903,'251229-MULTI-Saturday-01',837,,8870,0,,1,100,,8872,0,,1,100,,8874,0,,1,100,,8875,0,,1,100,,8871,0,,1,100,,8873,0,,1,100,,8877,0,,1,100,,8878,0,,1,100,,8876,0,,1,100,,8879,0,,1,100,,8880,0,,1
1903,'251229-MULTI-Sunday-01',807,,8881,0,,1,100,,8882,0,,1,99,,8883,0,,1,100,,8884,0,,1,102,,8885,0,,1,100,,8886,0,,1,99,,8887,0,,1,100,,8889,0,,1,100,,8891,0,,1,100,,8888,0,,1,100,,8892,0,,1,100,,8890,0,,1
1903,'260105-MULTI-Holiday1-01',807,,8893,0,,1,100,,8894,0,,1,99,,8895,0,,1,100,,8896,0,,1,102,,8897,0,,1,100,,8898,0,,1,99,,8899,0,,1,100,,8901,0,,1,100,,8903,0,,1,100,,8900,0,,1,100,,8904,0,,1,100,,8902,0,,1
1903,'260105-MULTI-Saturday-01',837,,8906,0,,1,100,,8908,0,,1,100,,8909,0,,1,100,,8910,0,,1,100,,8907,0,,1,100,,8905,0,,1,100,,8912,0,,1,100,,8913,0,,1,100,,8911,0,,1,100,,8914,0,,1,100,,8915,0,,1
1903,'260105-MULTI-Sunday-01',807,,8916,0,,1,100,,8917,0,,1,99,,8918,0,,1,100,,8919,0,,1,102,,8920,0,,1,100,,8921,0,,1,99,,8922,0,,1,100,,8924,0,,1,100,,8926,0,,1,100,,8923,0,,1,100,,8927,0,,1,100,,8925,0,,1
1903,'260105-MULTI-Weekday-01',516,,8935,0,,1,40,,8930,0,,1,81,,8933,0,,1,80,,8929,0,,1,40,,8931,0,,1,81,,8928,0,,1,99,,8932,0,,1,100,,8934,0,,1,100,,8936,0,,1,100,,8937,0,,1,100,,8938,0,,1,98,,8939,0,,1,80,,8940,0,,1,40,,8941,0,,1,73,,8943,0,,1,81,,8942,0,,1,40,,8944,0,,1,80,,8945,0,,1,79,,8947,0,,1,40,,8946,0,,1
20700,'260105-MULTI-Weekday-01',731,,16101,0,,1
