200,'Holiday1',724,,505,3,,,1,33,,506,3,,,1,73,,507,3,,,1,73,,508,3,,,1,33,,509,3,,,1,73,,511,3,,,1,33,,512,3,,,1,73,,513,3,,,1,33,,510,3,,,1,73,,515,3,,,1,33,,517,3,,,1,73,,518,3,,,1,73,,514,3,,,1,33,,519,3,,,1,73,,516,3,,,1,33,,520,3,,,1,73,,521,3,,,1,33,,523,3,,,1,73,,524,3,,,1,33,,525,3,,,1,73,,522,3,,,1,33,,527,3,,,1,73,,528,3,,,1,73,,529,3,,,1,33,,526,3,,,1,73,,531,3,,,1,33,,532,3,,,1,73,,534,3,,,1,33,,535,3,,,1,73,,533,3,,,1,33,,536,3,,,1,73,,530,3,,,1
200,'Saturday',534,,537,3,,,1,70,,538,3,,,1,30,,541,3,,,1,70,,542,3,,,1,25,,540,3,,,1,76,,539,3,,,1,29,,545,3,,,1,91,,546,3,,,1,30,,543,3,,,1,70,,544,3,,,1,30,,547,3,,,1,70,,549,3,,,1,30,,551,3,,,1,70,,552,3,,,1,30,,548,3,,,1,70,,553,3,,,1,30,,550,3,,,1,70,,554,3,,,1,30,,555,3,,,1,70,,558,3,,,1,30,,559,3,,,1,70,,560,3,,,1,30,,556,3,,,1,70,,557,3,,,1,30,,561,3,,,1,70,,563,3,,,1,30,,564,3,,,1,69,,565,3,,,1,30,,562,3,,,1,70,,566,3,,,1,30,,567,3,,,1,70,,570,3,,,1,30,,571,3,,,1,70,,568,3,,,1,30,,569,3,,,1,70,,573,3,,,1,30,,574,3,,,1,70,,572,3,,,1,30,,575,3,,,1,70,,576,3,,,1
200,'Sunday',724,,577,3,,,1,33,,578,3,,,1,73,,579,3,,,1,73,,580,3,,,1,33,,581,3,,,1,73,,583,3,,,1,33,,584,3,,,1,73,,585,3,,,1,33,,582,3,,,1,73,,587,3,,,1,33,,588,3,,,1,73,,589,3,,,1,73,,586,3,,,1,33,,590,3,,,1,73,,591,3,,,1,33,,592,3,,,1,73,,593,3,,,1,33,,595,3,,,1,73,,596,3,,,1,33,,597,3,,,1,73,,594,3,,,1,33,,599,3,,,1,73,,600,3,,,1,73,,601,3,,,1,33,,598,3,,,1,73,,603,3,,,1,33,,604,3,,,1,73,,606,3,,,1,33,,607,3,,,1,73,,605,3,,,1,33,,608,3,,,1,73,,602,3,,,1
200,'Weekday',419,,609,3,,,1,22,,611,3,,,1,62,,612,3,,,1,22,,613,3,,,1,21,,610,3,,,1,63,,614,3,,,1,18,,615,3,,,1,19,,616,3,,,1,65,,617,3,,,1,27,,618,3,,,1,62,,619,3,,,1,15,,620,3,,,1,19,,622,3,,,1,67,,623,3,,,1,27,,624,3,,,1,22,,621,3,,,1,59,,625,3,,,1,19,,626,3,,,1,25,,627,3,,,1,65,,628,3,,,1,22,,629,3,,,1,18,,630,3,,,1,58,,632,3,,,1,26,,633,3,,,1,66,,634,3,,,1,22,,631,3,,,1,15,,636,3,,,1,59,,637,3,,,1,26,,638,3,,,1,26,,635,3,,,1,61,,639,3,,,1,16,,641,3,,,1,19,,642,3,,,1,65,,643,3,,,1,27,,640,3,,,1,62,,644,3,,,1,19,,646,3,,,1,23,,647,3,,,1,65,,648,3,,,1,27,,645,3,,,1,61,,649,3,,,1,19,,650,3,,,1,27,,651,3,,,1,63,,652,3,,,1,22,,653,3,,,1,23,,654,3,,,1,61,,655,3,,,1,21,,657,3,,,1,20,,658,3,,,1,56,,659,3,,,1,32,,656,3,,,1,72,,660,3,,,1,32,,661,3,,,1,72,,662,3,,,1,28,,663,3,,,1,68,,664,3,,,1
5601,'Holiday1',829,,10187,28,,,1,80,,10188,28,,,1,40,,10189,28,,,1,80,,10190,28,,,1,80,,10191,28,,,1,40,,10192,28,,,1,80,,10193,28,,,1,80,,10194,28,,,1,40,,10195,28,,,1,80,,10196,28,,,1,80,,10197,28,,,1,40,,10198,28,,,1,80,,10199,28,,,1,80,,10200,28,,,1,40,,10202,28,,,1,80,,10201,28,,,1,80,,10203,28,,,1
5601,'Saturday',828,,10205,28,,,1,80,,10206,28,,,1,42,,10207,28,,,1,80,,10208,28,,,1,80,,10209,28,,,1,40,,10210,28,,,1,80,,10204,28,,,1,80,,10211,28,,,1,40,,10212,28,,,1,80,,10213,28,,,1,80,,10214,28,,,1,40,,10217,28,,,1,80,,10219,28,,,1,80,,10216,28,,,1,40,,10220,28,,,1,80,,10215,28,,,1,79,,10218,28,,,1
5601,'Sunday',829,,10221,28,,,1,80,,10222,28,,,1,40,,10223,28,,,1,80,,10224,28,,,1,80,,10225,28,,,1,40,,10226,28,,,1,80,,10227,28,,,1,80,,10228,28,,,1,40,,10229,28,,,1,80,,10230,28,,,1,80,,10231,28,,,1,40,,10232,28,,,1,80,,10233,28,,,1,80,,10234,28,,,1,40,,10236,28,,,1,80,,10235,28,,,1,80,,10237,28,,,1
5601,'Weekday',558,,10238,28,,,1,80,,10239,28,,,1,80,,10240,28,,,1,40,,10241,28,,,1,81,,10242,28,,,1,80,,10244,28,,,1,40,,10245,28,,,1,79,,10246,28,,,1,80,,10247,28,,,1,40,,10248,28,,,1,80,,10249,28,,,1,80,,10243,28,,,1,40,,10250,28,,,1,81,,10251,28,,,1,81,,10252,28,,,1,80,,10253,28,,,1,41,,10258,28,,,1,80,,10255,28,,,1,80,,10256,28,,,1,40,,10257,28,,,1,80,,10254,28,,,1,79,,10260,28,,,1,39,,10261,28,,,1,79,,10259,28,,,1,40,,10262,28,,,1
50200,'Holiday1',909,,11898,9,,,1,20,,11859,9,,,1,18,,11860,9,,,1,62,,11858,9,,,1,20,,11847,9,,,1,20,,11848,9,,,1,60,,11846,9,,,1,21,,11849,9,,,1,15,,11877,9,,,1,55,,11879,9,,,1,15,,11880,9,,,1,15,,11876,9,,,1,15,,11902,9,,,1,55,,11881,9,,,1,15,,11878,9,,,1,15,,11882,9,,,1,15,,11883,9,,,1,55,,11884,9,,,1,16,,11885,9,,,1,14,,11888,9,,,1,12,,11889,9,,,1,12,,11886,9,,,1,52,,11887,9,,,1,12,,11890,9,,,1,12,,11891,9,,,1,12,,11892,9,,,1,12,,11893,9,,,1,52,,11894,9,,,1,12,,11895,9,,,1,12,,11897,9,,,1,12,,11899,9,,,1,12,,11900,9,,,1,52,,11864,9,,,1,12,,11863,9,,,1,12,,11875,9,,,1,12,,11865,9,,,1,12,,11866,9,,,1,52,,11872,9,,,1,12,,11869,9,,,1,12,,11867,9,,,1,12,,11874,9,,,1,12,,11870,9,,,1,52,,11868,9,,,1,11,,11871,9,,,1,12,,11873,9,,,1,12,,11862,9,,,1,12,,11903,9,,,1,52,,11901,9,,,1,12,,11861,9,,,1,12,,11850,9,,,1,20,,11851,9,,,1,60,,11852,9,,,1,22,,11853,9,,,1,18,,11854,9,,,1,60,,11855,9,,,1,20,,11856,9,,,1,20,,11857,9,,,1,60,,11896,9,,,1
50200,'Saturday',801,,11949,9,,,1,12,,11935,9,,,1,12,,11936,9,,,1,12,,11917,9,,,1,12,,11915,9,,,1,52,,11904,9,,,1,12,,11965,9,,,1,12,,11969,9,,,1,12,,11970,9,,,1,12,,11971,9,,,1,52,,11972,9,,,1,12,,11973,9,,,1,13,,11974,9,,,1,12,,11975,9,,,1,12,,11976,9,,,1,52,,11977,9,,,1,12,,11978,9,,,1,12,,11979,9,,,1,12,,11980,9,,,1,12,,11981,9,,,1,52,,11964,9,,,1,12,,11967,9,,,1,12,,11968,9,,,1,12,,11963,9,,,1,12,,11966,9,,,1,52,,11961,9,,,1,12,,11962,9,,,1,13,,11960,9,,,1,16,,11905,9,,,1,11,,11910,9,,,1,51,,11947,9,,,1,10,,11909,9,,,1,10,,11933,9,,,1,10,,11907,9,,,1,10,,11928,9,,,1,11,,11921,9,,,1,49,,11906,9,,,1,11,,11919,9,,,1,10,,11912,9,,,1,11,,11908,9,,,1,8,,11911,9,,,1,10,,11920,9,,,1,50,,11945,9,,,1,9,,11914,9,,,1,12,,11930,9,,,1,12,,11923,9,,,1,12,,11934,9,,,1,50,,11918,9,,,1,10,,11916,9,,,1,10,,11922,9,,,1,10,,11913,9,,,1,10,,11931,9,,,1,9,,11929,9,,,1,10,,11932,9,,,1,51,,11925,9,,,1,14,,11941,9,,,1,14,,11926,9,,,1,11,,11927,9,,,1,55,,11924,9,,,1,12,,11937,9,,,1,13,,11944,9,,,1,17,,11946,9,,,1,54,,11942,9,,,1,14,,11940,9,,,1,17,,11939,9,,,1,17,,11943,9,,,1,57,,11938,9,,,1,15,,11950,9,,,1,9,,11953,9,,,1,15,,11948,9,,,1,14,,11955,9,,,1,54,,11952,9,,,1,15,,11954,9,,,1,16,,11951,9,,,1,14,,11959,9,,,1,54,,11957,9,,,1,14,,11958,9,,,1,15,,11956,9,,,1
50200,'Sunday',909,,12036,9,,,1,20,,11995,9,,,1,18,,11996,9,,,1,62,,11994,9,,,1,20,,11983,9,,,1,20,,11984,9,,,1,60,,11982,9,,,1,21,,11985,9,,,1,15,,12013,9,,,1,55,,12015,9,,,1,15,,12016,9,,,1,15,,12012,9,,,1,15,,12038,9,,,1,55,,12017,9,,,1,15,,12014,9,,,1,15,,12018,9,,,1,15,,12019,9,,,1,55,,12020,9,,,1,16,,12021,9,,,1,14,,12024,9,,,1,12,,12025,9,,,1,12,,12022,9,,,1,52,,12023,9,,,1,12,,12026,9,,,1,12,,12027,9,,,1,12,,12028,9,,,1,12,,12029,9,,,1,52,,12030,9,,,1,12,,12031,9,,,1,12,,12033,9,,,1,12,,12034,9,,,1,12,,12035,9,,,1,52,,12002,9,,,1,12,,11999,9,,,1,12,,12011,9,,,1,12,,12000,9,,,1,12,,12001,9,,,1,52,,12008,9,,,1,12,,12005,9,,,1,12,,12003,9,,,1,12,,12010,9,,,1,12,,12006,9,,,1,52,,12004,9,,,1,11,,12007,9,,,1,12,,12009,9,,,1,12,,11998,9,,,1,12,,12039,9,,,1,52,,12037,9,,,1,12,,11997,9,,,1,12,,11986,9,,,1,20,,11987,9,,,1,60,,11988,9,,,1,22,,11989,9,,,1,18,,11990,9,,,1,60,,11991,9,,,1,20,,11992,9,,,1,20,,11993,9,,,1,60,,12032,9,,,1
50200,'Weekday',559,,12041,9,,,1,50,,12040,9,,,1,6,,12042,9,,,1,8,,12146,9,,,1,8,,12147,9,,,1,8,,12148,9,,,1,8,,12149,9,,,1,8,,12102,9,,,1,48,,12111,9,,,1,9,,12094,9,,,1,8,,12116,9,,,1,8,,12106,9,,,1,8,,12108,9,,,1,8,,12095,9,,,1,8,,12098,9,,,1,48,,12115,9,,,1,8,,12121,9,,,1,9,,12126,9,,,1,10,,12128,9,,,1,6,,12139,9,,,1,8,,12090,9,,,1,8,,12117,9,,,1,8,,12135,9,,,1,48,,12120,9,,,1,8,,12137,9,,,1,8,,12133,9,,,1,7,,12129,9,,,1,15,,12130,9,,,1,15,,12127,9,,,1,54,,12118,9,,,1,17,,12144,9,,,1,15,,12119,9,,,1,15,,12122,9,,,1,56,,12091,9,,,1,15,,12142,9,,,1,15,,12138,9,,,1,55,,12131,9,,,1,15,,12125,9,,,1,15,,12134,9,,,1,15,,12123,9,,,1,55,,12136,9,,,1,16,,12145,9,,,1,15,,12141,9,,,1,15,,12124,9,,,1,55,,12143,9,,,1,15,,12132,9,,,1,12,,12140,9,,,1,8,,12044,9,,,1,9,,12052,9,,,1,7,,12043,9,,,1,48,,12045,9,,,1,5,,12050,9,,,1,7,,12047,9,,,1,6,,12046,9,,,1,6,,12048,9,,,1,8,,12051,9,,,1,8,,12049,9,,,1,8,,12053,9,,,1,8,,12054,9,,,1,48,,12055,9,,,1,8,,12057,9,,,1,8,,12056,9,,,1,9,,12060,9,,,1,8,,12063,9,,,1,10,,12058,9,,,1,8,,12061,9,,,1,49,,12059,9,,,1,7,,12065,9,,,1,6,,12062,9,,,1,7,,12067,9,,,1,6,,12064,9,,,1,6,,12066,9,,,1,8,,12070,9,,,1,9,,12071,9,,,1,48,,12068,9,,,1,7,,12073,9,,,1,7,,12074,9,,,1,7,,12069,9,,,1,7,,12075,9,,,1,7,,12072,9,,,1,8,,12077,9,,,1,8,,12078,9,,,1,48,,12076,9,,,1,8,,12079,9,,,1,7,,12081,9,,,1,8,,12080,9,,,1,7,,12082,9,,,1,13,,12104,9,,,1,16,,12100,9,,,1,54,,12101,9,,,1,14,,12110,9,,,1,15,,12096,9,,,1,15,,12097,9,,,1,55,,12113,9,,,1,13,,12093,9,,,1,15,,12092,9,,,1,13,,12099,9,,,1,57,,12109,9,,,1,15,,12107,9,,,1,12,,12112,9,,,1,18,,12103,9,,,1,55,,12105,9,,,1,15,,12114,9,,,1,14,,12087,9,,,1,15,,12083,9,,,1,55,,12088,9,,,1,15,,12085,9,,,1,15,,12089,9,,,1,15,,12084,9,,,1,55,,12086,9,,,1
