1904,'251229-MULTI-Saturday-01',811,,8948,0,,1,101,,8950,0,,1,100,,8952,0,,1,100,,8949,0,,1,100,,8953,0,,1,100,,8951,0,,1,100,,8954,0,,1,100,,8955,0,,1,100,,8957,0,,1,100,,8958,0,,1,100,,8959,0,,1,100,,8956,0,,1
1904,'251229-MULTI-Sunday-01',843,,8960,0,,1,99,,8961,0,,1,100,,8962,0,,1,101,,8963,0,,1,101,,8964,0,,1,99,,8965,0,,1,100,,8966,0,,1,100,,8967,0,,1,100,,8968,0,,1,100,,8969,0,,1,100,,8970,0,,1,100,,8971,0,,1
1904,'260105-MULTI-Holiday1-01',843,,8972,0,,1,99,,8973,0,,1,100,,8974,0,,1,101,,8975,0,,1,101,,8976,0,,1,99,,8977,0,,1,100,,8978,0,,1,100,,8979,0,,1,100,,8980,0,,1,100,,8981,0,,1,100,,8982,0,,1,100,,8983,0,,1
1904,'260105-MULTI-Saturday-01',811,,8984,0,,1,101,,8986,0,,1,100,,8988,0,,1,100,,8985,0,,1,100,,8989,0,,1,100,,8987,0,,1,100,,8990,0,,1,100,,8991,0,,1,100,,8993,0,,1,100,,8994,0,,1,100,,8995,0,,1,100,,8992,0,,1
1904,'260105-MULTI-Sunday-01',843,,8996,0,,1,99,,8997,0,,1,100,,8998,0,,1,101,,8999,0,,1,101,,9000,0,,1,99,,9001,0,,1,100,,9002,0,,1,100,,9003,0,,1,100,,9004,0,,1,100,,9005,0,,1,100,,9006,0,,1,100,,9007,0,,1
1904,'260105-MULTI-Weekday-01',551,,9010,0,,1,80,,9009,0,,1,80,,9012,0,,1,40,,9008,0,,1,80,,9011,0,,1,80,,9013,0,,1,100,,9014,0,,1,100,,9016,0,,1,100,,9015,0,,1,100,,9017,0,,1,100,,9018,0,,1,102,,9019,0,,1,45,,9020,0,,1,75,,9021,0,,1,80,,9022,0,,1,40,,9023,0,,1,79,,9024,0,,1,80,,9025,0,,1,40,,9026,0,,1
3200,'251229-MULTI-Saturday-01',837,,12181,0,,1,85,,12183,0,,1,96,,12185,0,,1,90,,12186,0,,1,50,,12182,0,,1,90,,12187,0,,1,93,,12184,0,,1,90,,12188,0,,1,90,,12189,0,,1,91,,12190,0,,1,90,,12192,0,,1,50,,12193,0,,1,88,,12194,0,,1,87,,12191,0,,1,90,,12195,0,,1
3200,'251229-MULTI-Sunday-01',833,,12196,0,,1,90,,12197,0,,1,90,,12198,0,,1,90,,12200,0,,1,50,,12201,0,,1,93,,12202,0,,1,92,,12199,0,,1,91,,12203,0,,1,91,,12205,0,,1,92,,12206,0,,1,89,,12207,0,,1,50,,12204,0,,1,90,,12208,0,,1,87,,12209,0,,1,86,,12210,0,,1,89,,12211,0,,1
3200,'260105-MULTI-Holiday1-01',833,,12212,0,,1,90,,12213,0,,1,90,,12214,0,,1,90,,12216,0,,1,50,,12217,0,,1,93,,12218,0,,1,92,,12215,0,,1,91,,12219,0,,1,91,,12221,0,,1,92,,12222,0,,1,89,,12223,0,,1,50,,12220,0,,1,90,,12224,0,,1,87,,12225,0,,1,86,,12226,0,,1,89,,12227,0,,1
3200,'260105-MULTI-Saturday-01',837,,12228,0,,1,85,,12231,0,,1,96,,12233,0,,1,90,,12230,0,,1,50,,12229,0,,1,90,,12234,0,,1,93,,12232,0,,1,90,,12235,0,,1,90,,12236,0,,1,91,,12237,0,,1,90,,12239,0,,1,50,,12240,0,,1,88,,12241,0,,1,87,,12238,0,,1,90,,12242,0,,1
3200,'260105-MULTI-Sunday-01',833,,12243,0,,1,90,,12244,0,,1,90,,12245,0,,1,90,,12247,0,,1,50,,12248,0,,1,93,,12249,0,,1,92,,12246,0,,1,91,,12250,0,,1,91,,12252,0,,1,92,,12253,0,,1,89,,12254,0,,1,50,,12251,0,,1,90,,12255,0,,1,87,,12256,0,,1,86,,12257,0,,1,89,,12258,0,,1
3200,'260105-MULTI-Weekday-01',639,,12267,0,,1,74,,12260,0,,1,34,,12268,0,,1,76,,12265,0,,1,34,,12261,0,,1,76,,12266,0,,1,96,,12263,0,,1,88,,12281,0,,1,90,,12280,0,,1,50,,12278,0,,1,91,,12279,0,,1,95,,12259,0,,1,14,,12282,0,,1,46,,12283,0,,1,15,,12264,0,,1,23,,12277,0,,1,16,,12271,0,,1,74,,12262,0,,1,74,,12270,0,,1,32,,12269,0,,1,76,,12272,0,,1,34,,12273,0,,1,74,,12274,0,,1,34,,12275,0,,1,79,,12276,0,,1
