2801,'251229-MULTI-Saturday-01',637,,10242,4,,1,65,,10258,4,,1,25,,10243,4,,1,25,,10260,4,,1,65,,10241,4,,1,25,,10261,4,,1,65,,10244,4,,1,25,,10262,4,,1,25,,10245,4,,1,65,,10259,4,,1,25,,10246,4,,1,65,,10263,4,,1,25,,10247,4,,1,65,,10264,4,,1,25,,10248,4,,1,25,,10265,4,,1,65,,10249,4,,1,25,,10266,4,,1,65,,10250,4,,1,25,,10267,4,,1,25,,10251,4,,1,65,,10268,4,,1,25,,10252,4,,1,65,,10269,4,,1,25,,10253,4,,1,65,,10270,4,,1,25,,10254,4,,1,25,,10271,4,,1,65,,10255,4,,1,25,,10272,4,,1,65,,10256,4,,1,25,,10257,4,,1
2801,'251229-MULTI-Sunday-01',637,,10284,4,,1,65,,10277,4,,1,25,,10274,4,,1,25,,10281,4,,1,65,,10279,4,,1,25,,10273,4,,1,65,,10285,4,,1,25,,10276,4,,1,25,,10275,4,,1,65,,10282,4,,1,25,,10278,4,,1,65,,10280,4,,1,25,,10286,4,,1,65,,10283,4,,1,25,,10287,4,,1,25,,10288,4,,1,65,,10289,4,,1,25,,10290,4,,1,65,,10291,4,,1,25,,10292,4,,1,25,,10293,4,,1,65,,10294,4,,1,25,,10295,4,,1,65,,10296,4,,1,25,,10297,4,,1,65,,10298,4,,1,25,,10299,4,,1,25,,10300,4,,1,65,,10301,4,,1,25,,10302,4,,1,65,,10303,4,,1,25,,10304,4,,1
2801,'260105-MULTI-Holiday1-01',637,,10316,4,,1,65,,10309,4,,1,25,,10306,4,,1,25,,10313,4,,1,65,,10311,4,,1,25,,10305,4,,1,65,,10317,4,,1,25,,10308,4,,1,25,,10307,4,,1,65,,10314,4,,1,25,,10310,4,,1,65,,10312,4,,1,25,,10318,4,,1,65,,10315,4,,1,25,,10319,4,,1,25,,10320,4,,1,65,,10321,4,,1,25,,10322,4,,1,65,,10323,4,,1,25,,10324,4,,1,25,,10325,4,,1,65,,10326,4,,1,25,,10327,4,,1,65,,10328,4,,1,25,,10329,4,,1,65,,10331,4,,1,25,,10330,4,,1,25,,10332,4,,1,65,,10333,4,,1,25,,10334,4,,1,65,,10335,4,,1,25,,10336,4,,1
2801,'260105-MULTI-Saturday-01',637,,10338,4,,1,65,,10354,4,,1,25,,10339,4,,1,25,,10356,4,,1,65,,10337,4,,1,25,,10357,4,,1,65,,10340,4,,1,25,,10358,4,,1,25,,10341,4,,1,65,,10355,4,,1,25,,10342,4,,1,65,,10359,4,,1,25,,10343,4,,1,65,,10360,4,,1,25,,10344,4,,1,25,,10361,4,,1,65,,10345,4,,1,25,,10362,4,,1,65,,10346,4,,1,25,,10363,4,,1,25,,10347,4,,1,65,,10364,4,,1,25,,10348,4,,1,65,,10365,4,,1,25,,10349,4,,1,65,,10366,4,,1,25,,10350,4,,1,25,,10367,4,,1,65,,10351,4,,1,25,,10368,4,,1,65,,10352,4,,1,25,,10353,4,,1
2801,'260105-MULTI-Sunday-01',637,,10380,4,,1,65,,10373,4,,1,25,,10370,4,,1,25,,10377,4,,1,65,,10375,4,,1,25,,10369,4,,1,65,,10381,4,,1,25,,10372,4,,1,25,,10371,4,,1,65,,10378,4,,1,25,,10374,4,,1,65,,10376,4,,1,25,,10382,4,,1,65,,10379,4,,1,25,,10383,4,,1,25,,10384,4,,1,65,,10385,4,,1,25,,10386,4,,1,65,,10387,4,,1,25,,10388,4,,1,25,,10389,4,,1,65,,10390,4,,1,25,,10391,4,,1,65,,10392,4,,1,25,,10393,4,,1,65,,10395,4,,1,25,,10394,4,,1,25,,10396,4,,1,65,,10397,4,,1,25,,10398,4,,1,65,,10399,4,,1,25,,10400,4,,1
2801,'260105-MULTI-Weekday-01',502,,10443,4,,1,40,,10441,4,,1,80,,10442,4,,1,18,,10401,4,,1,60,,10423,4,,1,22,,10404,4,,1,19,,10424,4,,1,60,,10405,4,,1,18,,10425,4,,1,19,,10406,4,,1,20,,10426,4,,1,59,,10407,4,,1,21,,10427,4,,1,21,,10408,4,,1,61,,10429,4,,1,18,,10409,4,,1,64,,10430,4,,1,20,,10410,4,,1,20,,10431,4,,1,60,,10411,4,,1,20,,10428,4,,1,20,,10412,4,,1,60,,10432,4,,1,20,,10414,4,,1,20,,10433,4,,1,60,,10415,4,,1,20,,10434,4,,1,20,,10416,4,,1,61,,10435,4,,1,19,,10413,4,,1,20,,10436,4,,1,61,,10417,4,,1,21,,10437,4,,1,18,,10418,4,,1,61,,10438,4,,1,19,,10419,4,,1,20,,10439,4,,1,61,,10420,4,,1,19,,10403,4,,1,23,,10421,4,,1,59,,10402,4,,1,20,,10422,4,,1,20,,10440,4,,1
2802,'251229-MULTI-Saturday-01',530,,10445,0,5,1,25,,10461,0,,1,65,,10446,0,5,1,25,,10462,0,,1,65,,10444,0,5,1,25,,10464,0,,1,65,,10447,0,5,1,25,,10465,0,,1,25,,10448,0,5,1,65,,10466,0,,1,25,,10449,0,5,1,65,,10463,0,,1,25,,10450,0,5,1,25,,10467,0,,1,65,,10451,0,5,1,25,,10468,0,,1,65,,10452,0,5,1,25,,10469,0,,1,65,,10453,0,5,1,25,,10470,0,,1,25,,10454,0,5,1,65,,10471,0,,1,25,,10455,0,5,1,65,,10472,0,,1,25,,10456,0,5,1,25,,10473,0,,1,65,,10457,0,5,1,25,,10474,0,,1,65,,10458,0,5,1,25,,10475,0,,1,65,,10459,0,5,1,25,,10476,0,,1,25,,10460,0,5,1
2802,'251229-MULTI-Sunday-01',530,,10491,0,5,1,25,,10481,0,,1,65,,10478,0,5,1,25,,10486,0,,1,65,,10483,0,5,1,25,,10477,0,,1,65,,10490,0,5,1,25,,10480,0,,1,25,,10479,0,5,1,65,,10487,0,,1,25,,10484,0,5,1,65,,10482,0,,1,25,,10489,0,5,1,25,,10485,0,,1,65,,10493,0,5,1,25,,10488,0,,1,65,,10494,0,5,1,25,,10492,0,,1,65,,10495,0,5,1,25,,10496,0,,1,25,,10497,0,5,1,65,,10498,0,,1,25,,10499,0,5,1,65,,10500,0,,1,25,,10501,0,5,1,25,,10502,0,,1,65,,10503,0,5,1,25,,10504,0,,1,65,,10505,0,5,1,25,,10506,0,,1,65,,10507,0,5,1,25,,10508,0,,1,25,,10509,0,5,1
2802,'260105-MULTI-Holiday1-01',530,,10524,0,5,1,25,,10514,0,,1,65,,10511,0,5,1,25,,10520,0,,1,65,,10516,0,5,1,25,,10510,0,,1,65,,10523,0,5,1,25,,10513,0,,1,25,,10512,0,5,1,65,,10518,0,,1,25,,10517,0,5,1,65,,10515,0,,1,25,,10522,0,5,1,25,,10519,0,,1,65,,10526,0,5,1,25,,10521,0,,1,65,,10527,0,5,1,25,,10525,0,,1,65,,10528,0,5,1,25,,10529,0,,1,25,,10530,0,5,1,65,,10531,0,,1,25,,10532,0,5,1,65,,10533,0,,1,25,,10534,0,5,1,25,,10535,0,,1,65,,10536,0,5,1,25,,10537,0,,1,65,,10538,0,5,1,25,,10539,0,,1,65,,10540,0,5,1,25,,10541,0,,1,25,,10542,0,5,1
2802,'260105-MULTI-Saturday-01',530,,10545,0,5,1,25,,10560,0,,1,65,,10546,0,5,1,25,,10561,0,,1,65,,10543,0,5,1,25,,10564,0,,1,65,,10544,0,5,1,25,,10565,0,,1,25,,10547,0,5,1,65,,10566,0,,1,25,,10548,0,5,1,65,,10562,0,,1,25,,10549,0,5,1,25,,10563,0,,1,65,,10550,0,5,1,25,,10567,0,,1,65,,10551,0,5,1,25,,10568,0,,1,65,,10552,0,5,1,25,,10569,0,,1,25,,10553,0,5,1,65,,10570,0,,1,25,,10554,0,5,1,65,,10571,0,,1,25,,10555,0,5,1,25,,10572,0,,1,65,,10556,0,5,1,25,,10573,0,,1,65,,10557,0,5,1,25,,10574,0,,1,65,,10558,0,5,1,25,,10575,0,,1,25,,10559,0,5,1
2802,'260105-MULTI-Sunday-01',530,,10590,0,5,1,25,,10580,0,,1,65,,10577,0,5,1,25,,10586,0,,1,65,,10582,0,5,1,25,,10576,0,,1,65,,10589,0,5,1,25,,10579,0,,1,25,,10578,0,5,1,65,,10584,0,,1,25,,10583,0,5,1,65,,10581,0,,1,25,,10588,0,5,1,25,,10585,0,,1,65,,10592,0,5,1,25,,10587,0,,1,65,,10593,0,5,1,25,,10591,0,,1,65,,10594,0,5,1,25,,10595,0,,1,25,,10596,0,5,1,65,,10597,0,,1,25,,10598,0,5,1,65,,10599,0,,1,25,,10600,0,5,1,25,,10601,0,,1,65,,10602,0,5,1,25,,10603,0,,1,65,,10604,0,5,1,25,,10605,0,,1,65,,10606,0,5,1,25,,10607,0,,1,25,,10608,0,5,1
2802,'260105-MULTI-Weekday-01',511,,10649,0,,1,16,,10609,0,5,1,25,,10629,0,,1,58,,10611,0,5,1,22,,10630,0,,1,20,,10612,0,5,1,60,,10631,0,,1,20,,10610,0,5,1,20,,10632,0,,1,60,,10613,0,5,1,20,,10633,0,,1,20,,10614,0,5,1,60,,10634,0,,1,20,,10615,0,5,1,23,,10635,0,,1,57,,10616,0,5,1,20,,10636,0,,1,19,,10617,0,5,1,61,,10637,0,,1,20,,10618,0,5,1,19,,10638,0,,1,61,,10619,0,5,1,20,,10639,0,,1,19,,10620,0,5,1,61,,10640,0,,1,20,,10621,0,5,1,20,,10641,0,,1,60,,10622,0,5,1,20,,10642,0,,1,20,,10623,0,5,1,60,,10643,0,,1,20,,10624,0,5,1,20,,10644,0,,1,60,,10625,0,5,1,19,,10645,0,,1,21,,10626,0,5,1,60,,10646,0,,1,19,,10627,0,5,1,21,,10647,0,,1,60,,10628,0,5,1,20,,10648,0,,1
20100,'260105-MULTI-Weekday-01',725,,16091,0,,1
