'251229-MULTI-Saturday-01',1101,45000,0,'',1,6000,0,'A',1,2200,0,'',1,1800,0,'A',1,6200,0,'',1,1800,0,'A',1,2300,0,'',1,5700,0,'A',1,2500,0,'',1,1900,0,'A',1,6100,0,'',1,1900,0,'A',1,2300,0,'',1,6100,0,'A',1,2700,0,'',1,6200,0,'A',1,2000,0,'',1,2200,0,'A',1,6000,0,'',1,2200,0,'A',1,2000,0,'',1,6200,0,'A',1,2000,0,'',1,2200,0,'A',1,6000,0,'',1,2200,0,'A',1,2000,0,'',1,6200,0,'A',1,2000,0,'',1,6400,0,'A',1,2200,0,'',1,2200,0,'A',1,6200,0,'',1,2200,0,'A',1,2400,0,'',1,6000,0,'A',1,2200,0,'',1,2200,0,'A',1,6200,0,'',1,2200,0,'A',1,6200,0,'',1,2300,0,'A',1,2300,0,'',1,6000,0,'A',1,2400,0,'',1,6500,0,'A',1,2300,0,'',1,2700,0,'A',1,6700,0,'',1,2900,0,'A',1,6500,0,'',1,2900,0,'A',1,7600,0,'',1
'251229-MULTI-Saturday-01',1102,60900,4,'',1,4200,4,'',1,8300,4,'',1,8100,4,'',1,4000,4,'',1,8000,4,'',1,8200,4,'',1,4200,4,'',1,8200,4,'',1,8400,4,'',1,8200,4,'',1,4200,4,'',1,8300,4,'',1,8300,4,'',1,4400,4,'',1,8400,4,'',1,8300,4,'',1,8400,4,'',1,4400,4,'',1,8300,4,'',1,8700,4,'',1,8500,4,'',1,9100,4,'',1,4500,4,'',1,9200,4,'',1,10200,4,'',1,10100,4,'',1
'251229-MULTI-Sunday-01',1101,53500,0,'',1,2000,0,'A',1,6000,0,'',1,2000,0,'A',1,2000,0,'',1,6000,0,'A',1,2000,0,'',1,2000,0,'A',1,6000,0,'',1,2000,0,'A',1,2000,0,'',1,6000,0,'A',1,2000,0,'',1,2000,0,'A',1,6000,0,'',1,2000,0,'A',1,2000,0,'',1,6000,0,'A',1,2000,0,'',1,2000,0,'A',1,6000,0,'',1,2000,0,'A',1,2000,0,'',1,6000,0,'A',1,2000,0,'',1,2000,0,'A',1,6000,0,'',1,2000,0,'A',1,2000,0,'',1,6200,0,'A',1,2400,0,'',1,1800,0,'A',1,6400,0,'',1,1800,0,'A',1,6300,0,'',1,1900,0,'A',1,2200,0,'',1,5800,0,'A',1,2000,0,'',1,1900,0,'A',1,6200,0,'',1,2400,0,'A',1,2200,0,'',1,6800,0,'A',1,1800,0,'',1,6400,0,'A',1,2000,0,'',1,2600,0,'A',1,5900,0,'',1,2700,0,'A',1,2100,0,'',1,6500,0,'A',1,2100,0,'',1,8000,0,'',1
'251229-MULTI-Sunday-01',1102,72800,4,'',1,8000,4,'',1,4000,4,'',1,8100,4,'',1,8100,4,'',1,4000,4,'',1,8000,4,'',1,8100,4,'',1,4000,4,'',1,8100,4,'',1,8100,4,'',1,4000,4,'',1,8000,4,'',1,8200,4,'',1,4200,4,'',1,8200,4,'',1,8100,4,'',1,8200,4,'',1,5400,4,'',1,8600,4,'',1,8400,4,'',1,8400,4,'',1,4600,4,'',1,8600,4,'',1,9100,4,'',1
'260105-MULTI-Holiday1-01',1101,53500,0,'',1,2000,0,'A',1,6000,0,'',1,2000,0,'A',1,2000,0,'',1,6000,0,'A',1,2000,0,'',1,2000,0,'A',1,6000,0,'',1,2000,0,'A',1,2000,0,'',1,6000,0,'A',1,2000,0,'',1,2000,0,'A',1,6000,0,'',1,2000,0,'A',1,2000,0,'',1,6000,0,'A',1,2000,0,'',1,2000,0,'A',1,6000,0,'',1,2000,0,'A',1,2000,0,'',1,6000,0,'A',1,2000,0,'',1,2000,0,'A',1,6000,0,'',1,2000,0,'A',1,2000,0,'',1,6200,0,'A',1,2400,0,'',1,1800,0,'A',1,6400,0,'',1,1800,0,'A',1,6300,0,'',1,1900,0,'A',1,2200,0,'',1,5800,0,'A',1,2000,0,'',1,1900,0,'A',1,6200,0,'',1,2400,0,'A',1,2200,0,'',1,6800,0,'A',1,1800,0,'',1,6400,0,'A',1,2000,0,'',1,2600,0,'A',1,5900,0,'',1,2700,0,'A',1,2100,0,'',1,6500,0,'A',1,2100,0,'',1,8000,0,'',1
'260105-MULTI-Holiday1-01',1102,72800,4,'',1,8000,4,'',1,4000,4,'',1,8100,4,'',1,8100,4,'',1,4000,4,'',1,8000,4,'',1,8100,4,'',1,4000,4,'',1,8100,4,'',1,8100,4,'',1,4000,4,'',1,8000,4,'',1,8200,4,'',1,4200,4,'',1,8200,4,'',1,8100,4,'',1,8200,4,'',1,5400,4,'',1,8600,4,'',1,8400,4,'',1,8400,4,'',1,4600,4,'',1,8600,4,'',1,9100,4,'',1
'260105-MULTI-Saturday-01',1101,45000,0,'',1,6000,0,'A',1,2200,0,'',1,1800,0,'A',1,6200,0,'',1,1800,0,'A',1,2300,0,'',1,5700,0,'A',1,2500,0,'',1,1900,0,'A',1,6100,0,'',1,1900,0,'A',1,2300,0,'',1,6100,0,'A',1,2700,0,'',1,6200,0,'A',1,2000,0,'',1,2200,0,'A',1,6000,0,'',1,3000,0,'A',1,1200,0,'',1,6200,0,'A',1,2000,0,'',1,2200,0,'A',1,6000,0,'',1,2200,0,'A',1,2000,0,'',1,6200,0,'A',1,2000,0,'',1,6400,0,'A',1,2200,0,'',1,2200,0,'A',1,6200,0,'',1,2200,0,'A',1,2400,0,'',1,6000,0,'A',1,2200,0,'',1,2200,0,'A',1,6200,0,'',1,2200,0,'A',1,6200,0,'',1,2300,0,'A',1,2300,0,'',1,6000,0,'A',1,2400,0,'',1,6500,0,'A',1,2300,0,'',1,2700,0,'A',1,6700,0,'',1,2900,0,'A',1,6500,0,'',1,2900,0,'A',1,7600,0,'',1
'260105-MULTI-Saturday-01',1102,60900,4,'',1,4200,4,'',1,8300,4,'',1,8100,4,'',1,4000,4,'',1,8000,4,'',1,8200,4,'',1,4200,4,'',1,8200,4,'',1,8400,4,'',1,8900,4,'',1,3500,4,'',1,8300,4,'',1,8300,4,'',1,4400,4,'',1,8400,4,'',1,8300,4,'',1,8400,4,'',1,4400,4,'',1,8300,4,'',1,8700,4,'',1,8500,4,'',1,9100,4,'',1,4500,4,'',1,9200,4,'',1,10200,4,'',1,10100,4,'',1
'260105-MULTI-Sunday-01',1101,53500,0,'',1,2000,0,'A',1,6000,0,'',1,2000,0,'A',1,2000,0,'',1,6000,0,'A',1,2000,0,'',1,2000,0,'A',1,6000,0,'',1,2000,0,'A',1,2000,0,'',1,6000,0,'A',1,2000,0,'',1,2000,0,'A',1,6000,0,'',1,2000,0,'A',1,2000,0,'',1,6000,0,'A',1,2000,0,'',1,2000,0,'A',1,6000,0,'',1,2000,0,'A',1,2000,0,'',1,6000,0,'A',1,2000,0,'',1,2000,0,'A',1,6000,0,'',1,2000,0,'A',1,2000,0,'',1,6200,0,'A',1,2400,0,'',1,1800,0,'A',1,6400,0,'',1,1800,0,'A',1,6300,0,'',1,1900,0,'A',1,2200,0,'',1,5800,0,'A',1,2000,0,'',1,1900,0,'A',1,6200,0,'',1,2400,0,'A',1,2200,0,'',1,6800,0,'A',1,1800,0,'',1,6400,0,'A',1,2000,0,'',1,2600,0,'A',1,5900,0,'',1,2700,0,'A',1,2100,0,'',1,6500,0,'A',1,2100,0,'',1,8000,0,'',1
'260105-MULTI-Sunday-01',1102,72800,4,'',1,8000,4,'',1,4000,4,'',1,8100,4,'',1,8100,4,'',1,4000,4,'',1,8000,4,'',1,8100,4,'',1,4000,4,'',1,8100,4,'',1,8100,4,'',1,4000,4,'',1,8000,4,'',1,8200,4,'',1,4200,4,'',1,8200,4,'',1,8100,4,'',1,8200,4,'',1,5400,4,'',1,8600,4,'',1,8400,4,'',1,8400,4,'',1,4600,4,'',1,8600,4,'',1,9100,4,'',1
'260105-MULTI-Weekday-01',1101,42400,0,'A',1,1400,0,'',1,900,0,'A',1,1100,0,'',1,5000,0,'A',1,1000,0,'',1,1000,0,'A',1,900,0,'',1,1100,0,'A',1,1000,0,'',1,5000,0,'A',1,600,0,'',1,1600,0,'A',1,800,0,'',1,1000,0,'A',1,800,0,'',1,5200,0,'A',1,900,0,'',1,1100,0,'A',1,200,0,'',1,2400,0,'A',1,400,0,'',1,5100,0,'A',1,300,0,'',1,1700,0,'A',1,200,0,'',1,1700,0,'A',1,500,0,'',1,5500,0,'A',1,1000,0,'',1,600,0,'A',1,2500,0,'',1,400,0,'A',1,5400,0,'',1,1600,0,'A',1,1100,0,'',1,2100,0,'A',1,4900,0,'',1,1400,0,'A',1,3500,0,'A',1,6200,0,'',1,1300,0,'A',1,1400,0,'',1,1600,0,'A',1,5500,4,'',1,600,0,'',1,700,0,'A',1,2100,0,'',1,1000,0,'A',1,5400,0,'',1,1000,0,'A',1,700,0,'A',1,300,0,'',1,1600,0,'A',1,600,0,'A',1,600,0,'',1,4700,0,'A',1,1200,0,'A',1,500,0,'',1,900,0,'A',1,800,0,'A',1,1200,0,'A',1,5000,0,'A',1,800,0,'A',1,1000,0,'D Humber',1,1100,0,'A',1,900,0,'',1,1200,0,'A',1,5000,0,'A',1,600,0,'',1,800,0,'A',1,800,0,'A',1,1200,0,'',1,500,0,'A',1,700,0,'A',1,1000,0,'',1,4900,0,'A',1,1400,0,'A',1,800,0,'',1,800,0,'A',1,1800,0,'A',1,4700,0,'',1,1000,0,'A',1,1200,0,'',1,1400,0,'A',1,800,0,'',1,5400,0,'A',1,1200,0,'',1,1400,0,'A',1,1100,0,'',1,800,0,'A',1,1100,0,'',1,5300,0,'A',1,1800,0,'',1,2500,0,'D Humber',1,5900,0,'',1,1100,0,'A',1,3500,0,'',1,4800,0,'A',1,3900,0,'',1,900,0,'A',1,5500,4,'',1,2100,0,'',1,1600,4,'',1,500,0,'A',1,5200,0,'',1,1700,0,'A',1,1800,0,'',1
'260105-MULTI-Weekday-01',1102,60300,4,'',1,2100,4,'',1,1900,4,'',1,5800,4,'',1,2200,4,'',1,2500,4,'',1,5600,4,'',1,2000,4,'',1,1900,4,'',1,6000,4,'',1,1500,4,'',1,2900,4,'',1,7100,4,'',1,3100,4,'',1,6000,4,'',1,3900,4,'',1,7000,4,'',1,3100,4,'',1,5600,4,'',1,4600,4,'',1,6900,4,'',1,3400,4,'',1,7300,4,'',1,700,4,'',1,1300,4,'',1,900,4,'',1,4600,4,'',1,1800,4,'',1,1000,4,'',1,1600,4,'',1,800,4,'',1,5200,4,'',1,1000,4,'',1,1500,4,'',1,1000,4,'',1,1200,4,'',1,4800,4,'',1,1400,4,'',1,900,4,'',1,1600,4,'',1,900,4,'',1,5400,4,'',1,2600,4,'',1,2200,4,'',1,6600,4,'',1,2100,4,'',1,6400,4,'',1,2200,4,'',1,9100,4,'',1,4300,4,'',1,8300,4,'',1,8500,4,'',1,8700,4,'',1,4400,4,'',1
