600,'Holiday1',914,,2299,37,,,1,45,,2298,37,,,1,86,,2301,37,,,1,85,,2302,37,,,1,85,,2303,37,,,1,85,,2304,37,,,1,48,,2305,37,,,1,85,,2300,37,,,1,85,,2306,37,,,1,85,,2307,37,,,1,45,,2308,37,,,1,85,,2309,37,,,1,85,,2310,37,,,1,85,,2311,37,,,1,44,,2312,37,,,1
600,'Saturday',801,,2328,37,,,1,45,,2313,37,,,1,85,,2314,37,,,1,84,,2316,37,,,1,85,,2317,37,,,1,45,,2315,37,,,1,86,,2319,37,,,1,85,,2318,37,,,1,86,,2321,37,,,1,46,,2322,37,,,1,86,,2320,37,,,1,85,,2323,37,,,1,85,,2324,37,,,1,45,,2325,37,,,1,85,,2326,37,,,1,85,,2327,37,,,1
600,'Sunday',914,,2330,37,,,1,45,,2329,37,,,1,86,,2332,37,,,1,85,,2333,37,,,1,85,,2334,37,,,1,85,,2335,37,,,1,48,,2336,37,,,1,85,,2331,37,,,1,85,,2337,37,,,1,85,,2338,37,,,1,45,,2339,37,,,1,85,,2340,37,,,1,85,,2341,37,,,1,85,,2342,37,,,1,44,,2343,37,,,1
600,'Weekday',636,,2344,37,,,1,19,,2346,37,,,1,61,,2350,37,,,1,20,,2351,37,,,1,19,,2347,37,,,1,61,,2352,37,,,1,22,,2349,37,,,1,17,,2354,37,,,1,61,,2348,37,,,1,20,,2353,37,,,1,23,,2345,37,,,1,70,,2368,37,,,1,22,,2366,37,,,1,59,,2359,37,,,1,21,,2362,37,,,1,26,,2364,37,,,1,62,,2360,37,,,1,20,,2356,37,,,1,63,,2363,37,,,1,24,,2355,37,,,1,22,,2361,37,,,1,60,,2357,37,,,1,25,,2367,37,,,1,25,,2358,37,,,1,67,,2365,37,,,1,25,,2370,37,,,1,60,,2371,37,,,1,21,,2369,37,,,1,20,,2372,37,,,1,60,,2373,37,,,1,20,,2374,37,,,1,20,,2375,37,,,1,60,,2376,37,,,1,20,,2377,37,,,1,19,,2378,37,,,1,60,,2379,37,,,1,14,,2380,37,,,1,20,,2381,37,,,1,60,,2385,37,,,1,21,,2382,37,,,1,22,,2383,37,,,1,66,,2384,37,,,1,25,,2386,37,,,1,62,,2387,37,,,1,27,,2388,37,,,1,27,,2389,37,,,1,72,,2390,37,,,1,30,,2391,37,,,1
2901,'Holiday1',722,,7530,50,,,1,35,,7531,50,,,1,78,,7534,50,,,1,76,,7535,50,,,1,35,,7536,50,,,1,75,,7532,50,,,1,36,,7533,50,,,1,75,,7538,50,,,1,75,,7540,50,,,1,35,,7537,50,,,1,75,,7541,50,,,1,35,,7539,50,,,1,77,,7542,50,,,1,75,,7544,50,,,1,35,,7545,50,,,1,76,,7546,50,,,1,35,,7543,50,,,1,75,,7547,50,,,1,75,,7548,50,,,1,35,,7549,50,,,1,75,,7550,50,,,1,33,,7551,50,,,1,75,,7553,50,,,1,32,,7552,50,,,1,74,,7554,50,,,1,34,,7558,50,,,1,90,,7556,50,,,1,90,,7557,50,,,1,90,,7555,50,,,1
2901,'Saturday',653,,7565,50,,,1,65,,7573,50,,,1,26,,7575,50,,,1,66,,7576,50,,,1,25,,7574,50,,,1,66,,7577,50,,,1,26,,7578,50,,,1,25,,7579,50,,,1,66,,7580,50,,,1,31,,7581,50,,,1,65,,7584,50,,,1,26,,7582,50,,,1,65,,7583,50,,,1,25,,7585,50,,,1,25,,7586,50,,,1,65,,7587,50,,,1,25,,7588,50,,,1,66,,7589,50,,,1,25,,7590,50,,,1,65,,7591,50,,,1,25,,7592,50,,,1,25,,7594,50,,,1,67,,7595,50,,,1,25,,7596,50,,,1,65,,7593,50,,,1,25,,7572,50,,,1,25,,7569,50,,,1,64,,7571,50,,,1,23,,7570,50,,,1,67,,7568,50,,,1,28,,7567,50,,,1,82,,7560,50,,,1,35,,7561,50,,,1,72,,7559,50,,,1,29,,7563,50,,,1,79,,7564,50,,,1,90,,7562,50,,,1,90,,7566,50,,,1
2901,'Sunday',722,,7597,50,,,1,35,,7598,50,,,1,78,,7601,50,,,1,76,,7602,50,,,1,35,,7603,50,,,1,75,,7599,50,,,1,36,,7600,50,,,1,75,,7604,50,,,1,75,,7606,50,,,1,35,,7607,50,,,1,75,,7608,50,,,1,35,,7605,50,,,1,77,,7609,50,,,1,75,,7611,50,,,1,35,,7612,50,,,1,76,,7613,50,,,1,35,,7610,50,,,1,75,,7614,50,,,1,75,,7615,50,,,1,35,,7616,50,,,1,75,,7617,50,,,1,33,,7618,50,,,1,75,,7620,50,,,1,32,,7619,50,,,1,74,,7621,50,,,1,34,,7625,50,,,1,90,,7623,50,,,1,90,,7624,50,,,1,90,,7622,50,,,1
2901,'Weekday',625,,7627,50,,,1,32,,7626,59,0,5,1,56,,7662,59,0,5,1,16,,7659,59,0,5,1,17,,7658,59,0,5,1,56,,7655,59,0,5,1,16,,7654,59,0,5,1,16,,7657,59,0,5,1,16,,7656,59,0,5,1,55,,7661,59,0,5,1,15,,7660,59,0,5,1,14,,7664,59,0,5,1,14,,7663,59,0,5,1,58,,7666,59,0,5,1,16,,7665,59,0,5,1,24,,7628,50,,,1,65,,7629,50,,,1,25,,7630,50,,,1,66,,7631,50,,,1,27,,7632,50,,,1,22,,7633,50,,,1,65,,7634,50,,,1,25,,7635,50,,,1,65,,7636,50,,,1,29,,7637,50,,,1,79,,7638,50,,,1,19,,7640,59,0,5,1,4,,7652,37,,,1,10,,7641,59,0,5,1,59,,7667,59,0,5,1,18,,7668,59,0,5,1,18,,7669,59,0,5,1,14,,7653,59,0,5,1,44,,7670,59,0,5,1,18,,7671,59,0,5,1,18,,7672,59,0,5,1,18,,7673,59,0,5,1,57,,7674,59,0,5,1,16,,7675,59,0,5,1,18,,7676,59,0,5,1,56,,7677,59,0,5,1,18,,7678,59,0,5,1,16,,7679,59,0,5,1,17,,7680,59,0,5,1,57,,7681,59,0,5,1,15,,7682,59,0,5,1,17,,7683,59,0,5,1,15,,7639,59,0,5,1,65,,7644,50,,,1,33,,7645,50,,,1,72,,7646,50,,,1,32,,7647,50,,,1,68,,7648,50,,,1,29,,7649,50,,,1,70,,7650,50,,,1,30,,7651,50,,,1,70,,7642,50,,,1,30,,7643,50,,,1
6000,'Holiday1',844,,10516,28,,,1,104,,10514,28,,,1,105,,10517,28,,,1,105,,10513,28,,,1,145,,10519,28,,,1,105,,10520,28,,,1,106,,10521,28,,,1,105,,10518,28,,,1,105,,10522,28,,,1,104,,10523,28,,,1,106,,10524,28,,,1,104,,10515,28,,,1
6000,'Saturday',759,,10547,28,,,1,70,,10525,28,,,1,76,,10539,28,,,1,33,,10540,28,,,1,75,,10541,28,,,1,35,,10542,28,,,1,75,,10543,28,,,1,35,,10544,28,,,1,75,,10545,28,,,1,75,,10546,28,,,1,35,,10530,28,,,1,75,,10527,28,,,1,35,,10531,28,,,1,75,,10528,28,,,1,75,,10526,28,,,1,35,,10529,28,,,1,75,,10532,28,,,1,35,,10533,28,,,1,75,,10536,28,,,1,35,,10538,28,,,1,75,,10535,28,,,1,75,,10534,28,,,1,35,,10537,28,,,1
6000,'Sunday',844,,10551,28,,,1,104,,10549,28,,,1,105,,10552,28,,,1,105,,10548,28,,,1,145,,10554,28,,,1,105,,10555,28,,,1,106,,10556,28,,,1,105,,10553,28,,,1,105,,10557,28,,,1,104,,10558,28,,,1,106,,10559,28,,,1,104,,10550,28,,,1
6000,'Weekday',520,,10560,22,,,1,26,,10561,28,,,1,61,,10562,28,,,1,27,,10563,28,,,1,25,,10564,28,,,1,67,,10565,28,,,1,31,,10566,28,,,1,67,,10567,28,,,1,26,,10568,28,,,1,66,,10569,28,,,1,26,,10570,28,,,1,66,,10571,28,,,1,26,,10572,28,,,1,66,,10574,28,,,1,29,,10575,28,,,1,29,,10576,28,,,1,66,,10573,28,,,1,26,,10577,28,,,1,66,,10578,28,,,1,26,,10579,28,,,1,69,,10580,28,,,1,27,,10581,28,,,1,69,,10582,28,,,1,31,,10583,28,,,1,64,,10584,28,,,1,23,,10586,28,,,1,27,,10588,28,,,1,64,,10589,28,,,1,26,,10585,28,,,1,67,,10590,28,,,1,27,,10587,28,,,1,68,,10591,28,,,1,28,,10592,28,,,1,85,,10593,28,,,1,40,,10594,28,,,1,80,,10595,28,,,1,80,,10596,28,,,1,40,,10597,28,,,1,80,,10598,28,,,1,80,,10599,28,,,1,40,,10600,28,,,1
