203,'Holiday1',750,,14139,,,1,75,,14140,,,1,33,,14141,,,1,74,,14142,,,1,72,,14143,,,1,34,,14145,,,1,73,,14146,,,1,34,,14147,,,1,74,,14144,,,1,33,,14149,,,1,73,,14151,,,1,33,,14152,,,1,73,,14148,,,1,73,,14153,,,1,33,,14150,,,1,73,,14154,,,1,33,,14155,,,1,73,,14157,,,1,33,,14158,,,1,73,,14159,,,1,33,,14156,,,1,72,,14161,,,1,73,,14162,,,1,33,,14163,,,1,73,,14160,,,1,30,,14165,,,1,73,,14166,,,1,33,,14168,,,1,72,,14169,,,1,32,,14167,,,1,72,,14170,,,1,33,,14164,,,1
203,'Saturday',558,,14171,,,1,72,,14172,,,1,70,,14175,,,1,33,,14176,,,1,25,,14174,,,1,78,,14173,,,1,70,,14179,,,1,52,,14180,,,1,71,,14177,,,1,30,,14178,,,1,73,,14181,,,1,70,,14183,,,1,30,,14185,,,1,70,,14186,,,1,30,,14182,,,1,70,,14187,,,1,30,,14184,,,1,70,,14188,,,1,30,,14189,,,1,70,,14192,,,1,30,,14193,,,1,70,,14194,,,1,30,,14190,,,1,70,,14191,,,1,30,,14195,,,1,70,,14197,,,1,27,,14198,,,1,28,,14199,,,1,68,,14196,,,1,29,,14200,,,1,69,,14201,,,1,29,,14204,,,1,69,,14205,,,1,30,,14202,,,1,69,,14203,,,1,30,,14207,,,1,70,,14208,,,1,30,,14206,,,1,70,,14209,,,1,30,,14210,,,1
203,'Sunday',750,,14211,,,1,75,,14212,,,1,33,,14213,,,1,74,,14214,,,1,72,,14215,,,1,34,,14217,,,1,73,,14218,,,1,34,,14219,,,1,74,,14216,,,1,33,,14221,,,1,73,,14222,,,1,33,,14223,,,1,73,,14220,,,1,73,,14224,,,1,33,,14225,,,1,73,,14226,,,1,33,,14227,,,1,73,,14229,,,1,33,,14230,,,1,73,,14231,,,1,33,,14228,,,1,72,,14233,,,1,73,,14234,,,1,33,,14235,,,1,73,,14232,,,1,30,,14237,,,1,73,,14238,,,1,33,,14240,,,1,72,,14241,,,1,32,,14239,,,1,72,,14242,,,1,33,,14236,,,1
203,'Weekday',445,,14243,,,1,62,,14245,,,1,22,,14246,,,1,22,,14247,,,1,63,,14244,,,1,23,,14248,,,1,18,,14249,,,1,59,,14250,,,1,25,,14251,,,1,72,,14252,,,1,22,,14253,,,1,15,,14254,,,1,59,,14256,,,1,28,,14257,,,1,67,,14258,,,1,22,,14255,,,1,19,,14259,,,1,59,,14260,,,1,24,,14261,,,1,25,,14262,,,1,62,,14263,,,1,18,,14264,,,1,18,,14266,,,1,67,,14267,,,1,26,,14268,,,1,62,,14265,,,1,15,,14270,,,1,19,,14271,,,1,66,,14272,,,1,26,,14269,,,1,21,,14273,,,1,58,,14275,,,1,21,,14276,,,1,28,,14277,,,1,68,,14274,,,1,22,,14278,,,1,60,,14280,,,1,24,,14281,,,1,25,,14282,,,1,67,,14279,,,1,20,,14283,,,1,59,,14284,,,1,26,,14285,,,1,19,,14286,,,1,59,,14287,,,1,23,,14288,,,1,21,,14289,,,1,61,,14291,,,1,20,,14292,,,1,15,,14293,,,1,69,,14290,,,1,32,,14294,,,1,70,,14295,,,1,32,,14296,,,1,68,,14297,,,1,28,,14298,,,1
2301,'Holiday1',730,,19927,,,1,70,,19900,,,1,31,,19902,,,1,22,,19899,,,1,69,,19903,,,1,30,,19901,,,1,74,,19904,,,1,28,,19905,,,1,68,,19906,,,1,28,,19907,,,1,68,,19908,,,1,28,,19912,,,1,68,,19913,,,1,28,,19914,,,1,68,,19909,,,1,28,,19911,,,1,68,,19915,,,1,28,,19916,,,1,68,,19910,,,1,28,,19918,,,1,28,,19919,,,1,68,,19921,,,1,28,,19917,,,1,67,,19922,,,1,28,,19920,,,1,67,,19924,,,1,28,,19925,,,1,67,,19923,,,1,28,,19928,,,1,68,,19926,,,1,27,,19930,,,1,69,,19929,,,1
2301,'Saturday',640,,19932,,,1,70,,19931,,,1,28,,19941,,,1,68,,19945,,,1,30,,19946,,,1,68,,19943,,,1,28,,19942,,,1,27,,19944,,,1,68,,19947,,,1,28,,19948,,,1,70,,19949,,,1,28,,19950,,,1,68,,19952,,,1,28,,19953,,,1,69,,19954,,,1,28,,19951,,,1,68,,19955,,,1,29,,19957,,,1,67,,19958,,,1,27,,19959,,,1,68,,19956,,,1,26,,19960,,,1,28,,19961,,,1,68,,19962,,,1,74,,19963,,,1,39,,19935,,,1,70,,19933,,,1,31,,19936,,,1,69,,19934,,,1,30,,19938,,,1,70,,19940,,,1,30,,19937,,,1,69,,19939,,,1,29,,19964,,,1,70,,19966,,,1,30,,19965,,,1,70,,19967,,,1,30,,19968,,,1
2301,'Sunday',730,,19997,,,1,70,,19970,,,1,31,,19972,,,1,22,,19969,,,1,69,,19973,,,1,30,,19971,,,1,74,,19974,,,1,28,,19975,,,1,68,,19976,,,1,28,,19977,,,1,68,,19978,,,1,28,,19981,,,1,68,,19982,,,1,28,,19983,,,1,68,,19979,,,1,28,,19984,,,1,68,,19985,,,1,28,,19986,,,1,68,,19980,,,1,28,,19988,,,1,28,,19989,,,1,68,,19991,,,1,28,,19987,,,1,67,,19992,,,1,28,,19990,,,1,67,,19994,,,1,28,,19995,,,1,67,,19993,,,1,28,,19998,,,1,68,,19996,,,1,27,,20000,,,1,69,,19999,,,1
2301,'Weekday',429,,20001,,,1,15,,20002,,,1,15,,20003,,,1,56,,20004,,,1,16,,20005,,,1,15,,20006,,,1,55,,20007,,,1,14,,20008,,,1,16,,20009,,,1,15,,20010,,,1,55,,20011,,,1,17,,20013,,,1,15,,20014,,,1,15,,20015,,,1,55,,20012,,,1,16,,20017,,,1,15,,20018,,,1,15,,20019,,,1,55,,20016,,,1,14,,20020,,,1,31,,20021,,,1,69,,20022,,,1,30,,20023,,,1,74,,20024,,,1,30,,20025,,,1,67,,20026,,,1,27,,20027,,,1,70,,20028,,,1,28,,20029,,,1,60,,20060,,,1,20,,20030,,,1,15,,20059,,,1,15,,20056,,,1,55,,20058,,,1,14,,20057,,,1,15,,20032,,,1,15,,20031,,,1,55,,20033,,,1,15,,20035,,,1,15,,20037,,,1,15,,20038,,,1,55,,20039,,,1,15,,20036,,,1,15,,20040,,,1,15,,20034,,,1,55,,20041,,,1,15,,20042,,,1,15,,20043,,,1,15,,20044,,,1,54,,20045,,,1,20,,20046,,,1,74,,20047,,,1,33,,20048,,,1,73,,20050,,,1,34,,20051,,,1,74,,20052,,,1,34,,20049,,,1,72,,20053,,,1,34,,20054,,,1,74,,20055,,,1
2801,'Holiday1',633,,20734,0,5,1,25,,20728,,,1,65,,20724,0,5,1,25,,20731,,,1,65,,20729,0,5,1,25,,20723,,,1,65,,20735,0,5,1,25,,20727,,,1,25,,20725,0,5,1,65,,20732,,,1,25,,20726,0,5,1,65,,20730,,,1,25,,20736,0,5,1,25,,20733,,,1,65,,20737,0,5,1,25,,20738,,,1,65,,20739,0,5,1,25,,20740,,,1,65,,20741,0,5,1,25,,20742,,,1,25,,20743,0,5,1,65,,20744,,,1,25,,20745,0,5,1,65,,20746,,,1,25,,20747,0,5,1,25,,20749,,,1,65,,20748,0,5,1,25,,20750,,,1,65,,20751,0,5,1,25,,20752,,,1,65,,20753,0,5,1,25,,20754,,,1
2801,'Saturday',633,,20756,0,5,1,25,,20772,,,1,65,,20757,0,5,1,25,,20774,,,1,65,,20755,0,5,1,25,,20775,,,1,65,,20758,0,5,1,25,,20776,,,1,25,,20759,0,5,1,65,,20773,,,1,25,,20760,0,5,1,65,,20777,,,1,25,,20761,0,5,1,25,,20778,,,1,65,,20762,0,5,1,25,,20779,,,1,65,,20763,0,5,1,25,,20780,,,1,65,,20764,0,5,1,25,,20781,,,1,25,,20765,0,5,1,65,,20782,,,1,25,,20766,0,5,1,65,,20783,,,1,25,,20767,0,5,1,25,,20784,,,1,65,,20768,0,5,1,25,,20785,,,1,65,,20769,0,5,1,25,,20786,,,1,65,,20770,0,5,1,25,,20771,,,1
2801,'Sunday',633,,20798,0,5,1,25,,20792,,,1,65,,20788,0,5,1,25,,20795,,,1,65,,20793,0,5,1,25,,20787,,,1,65,,20799,0,5,1,25,,20791,,,1,25,,20789,0,5,1,65,,20796,,,1,25,,20790,0,5,1,65,,20794,,,1,25,,20800,0,5,1,25,,20797,,,1,65,,20801,0,5,1,25,,20802,,,1,65,,20803,0,5,1,25,,20804,,,1,65,,20805,0,5,1,25,,20806,,,1,25,,20807,0,5,1,65,,20808,,,1,25,,20809,0,5,1,65,,20810,,,1,25,,20811,0,5,1,25,,20813,,,1,65,,20812,0,5,1,25,,20814,,,1,65,,20815,0,5,1,25,,20816,,,1,65,,20817,0,5,1,25,,20818,,,1
2801,'Weekday',458,,20861,,,1,80,,20859,,,1,80,,20860,,,1,18,,20819,0,5,1,20,,20841,,,1,62,,20822,0,5,1,19,,20842,,,1,20,,20823,0,5,1,58,,20843,,,1,19,,20824,0,5,1,20,,20844,,,1,59,,20825,0,5,1,21,,20845,,,1,21,,20826,0,5,1,61,,20847,,,1,18,,20827,0,5,1,24,,20848,,,1,60,,20828,0,5,1,20,,20849,,,1,20,,20829,0,5,1,60,,20846,,,1,20,,20830,0,5,1,20,,20850,,,1,60,,20832,0,5,1,20,,20851,,,1,20,,20833,0,5,1,60,,20852,,,1,20,,20834,0,5,1,21,,20853,,,1,59,,20831,0,5,1,20,,20854,,,1,21,,20835,0,5,1,61,,20855,,,1,18,,20836,0,5,1,21,,20856,,,1,59,,20837,0,5,1,20,,20857,,,1,21,,20838,0,5,1,59,,20821,,,1,23,,20839,0,5,1,59,,20820,,,1,20,,20840,0,5,1,20,,20858,,,1
