102,'Holiday1',649,,13893,,,1,83,,13891,,,1,16,,13917,,,1,60,,13918,,,1,21,,13919,,,1,20,,13920,,,1,60,,13922,,,1,20,,13923,,,1,20,,13924,,,1,60,,13921,,,1,19,,13926,,,1,20,,13927,,,1,60,,13912,,,1,21,,13913,,,1,20,,13900,,,1,60,,13906,,,1,20,,13895,,,1,21,,13905,,,1,60,,13898,,,1,20,,13904,,,1,21,,13911,,,1,60,,13907,,,1,20,,13894,,,1,20,,13910,,,1,60,,13903,,,1,27,,13896,,,1,20,,13899,,,1,60,,13915,,,1,20,,13897,,,1,20,,13914,,,1,60,,13908,,,1,20,,13916,,,1,21,,13909,,,1,60,,13901,,,1,20,,13902,,,1,20,,13925,,,1,59,,13929,,,1,20,,13930,,,1,19,,13928,,,1,60,,13931,,,1,19,,13932,,,1,19,,13933,,,1,60,,13934,,,1,20,,13935,,,1,20,,13936,,,1,60,,13937,,,1,18,,13938,,,1,13,,13939,,,1,60,,13940,,,1,26,,13943,,,1,25,,13944,,,1,66,,13941,,,1,19,,13942,,,1
102,'Saturday',557,,13993,,,1,67,,13948,,,1,23,,13949,,,1,58,,13947,,,1,21,,13966,,,1,21,,13967,,,1,60,,13968,,,1,20,,13969,,,1,20,,13970,,,1,60,,13971,,,1,19,,13972,,,1,24,,13973,,,1,60,,13974,,,1,21,,13975,,,1,21,,13976,,,1,59,,13977,,,1,20,,13978,,,1,20,,13979,,,1,60,,13980,,,1,21,,13981,,,1,20,,13982,,,1,60,,13983,,,1,21,,13984,,,1,22,,13985,,,1,59,,13986,,,1,21,,13987,,,1,20,,13988,,,1,59,,13989,,,1,20,,13990,,,1,23,,13991,,,1,61,,13992,,,1,19,,13965,,,1,19,,13963,,,1,60,,13962,,,1,19,,13959,,,1,21,,13960,,,1,60,,13957,,,1,19,,13955,,,1,20,,13958,,,1,60,,13956,,,1,19,,13961,,,1,19,,13954,,,1,56,,13964,,,1,28,,13995,,,1,74,,13996,,,1,28,,13997,,,1,66,,13998,,,1,30,,13999,,,1,70,,14000,,,1,30,,14001,,,1,70,,14002,,,1,50,,13952,,,1,69,,13950,,,1
102,'Sunday',649,,14007,,,1,83,,14005,,,1,16,,14031,,,1,60,,14032,,,1,21,,14033,,,1,20,,14034,,,1,60,,14035,,,1,20,,14036,,,1,20,,14037,,,1,60,,14038,,,1,19,,14040,,,1,20,,14041,,,1,60,,14026,,,1,21,,14027,,,1,20,,14014,,,1,60,,14020,,,1,20,,14009,,,1,21,,14019,,,1,60,,14012,,,1,20,,14018,,,1,21,,14025,,,1,60,,14021,,,1,20,,14008,,,1,20,,14024,,,1,60,,14017,,,1,27,,14010,,,1,20,,14013,,,1,60,,14029,,,1,20,,14011,,,1,20,,14028,,,1,60,,14022,,,1,20,,14030,,,1,21,,14023,,,1,60,,14015,,,1,20,,14016,,,1,20,,14039,,,1,59,,14043,,,1,20,,14044,,,1,19,,14042,,,1,60,,14045,,,1,19,,14046,,,1,19,,14047,,,1,60,,14048,,,1,20,,14049,,,1,20,,14050,,,1,60,,14051,,,1,18,,14052,,,1,13,,14053,,,1,60,,14054,,,1,26,,14057,,,1,25,,14058,,,1,66,,14055,,,1,19,,14056,,,1
102,'Weekday',447,,14062,,,1,65,,14063,,,1,19,,14064,,,1,22,,14061,,,1,63,,14067,,,1,22,,14068,,,1,21,,14066,,,1,62,,14065,,,1,19,,14077,,,1,12,,14074,0,5,1,51,,14071,,,1,11,,14081,0,5,1,12,,14073,,,1,8,,14072,0,5,1,21,,14076,0,7,1,48,,14075,0,5,1,13,,14079,,,1,9,,14069,0,5,1,15,,14080,,,1,16,,14078,0,5 7,1,47,,14070,,,1,13,,14093,0,5,1,18,,14082,,,1,17,,14094,0,5 7,1,5,,14083,,,1,51,,14095,0,5,1,14,,14084,,,1,26,,14096,0,5,1,62,,14085,,,1,16,,14097,0,5,1,9,,14086,,,1,23,,14098,0,5,1,60,,14088,,,1,16,,14099,0,5,1,14,,14089,,,1,62,,14100,0,5,1,19,,14090,0,7,1,13,,14101,0,5,1,9,,14087,,,1,65,,14102,0,5,1,21,,14091,,,1,21,,14103,0,5,1,49,,14092,,,1,15,,14124,0,5,1,11,,14109,,,1,5,,14125,0,5,1,18,,14110,,,1,52,,14126,0,5,1,14,,14107,,,1,20,,14111,,,1,12,,14127,0,5,1,51,,14112,,,1,9,,14113,,,1,7,,14128,0,5,1,14,,14114,,,1,7,,14105,0,5,1,15,,14104,0,5,1,54,,14115,,,1,9,,14108,0,5,1,14,,14116,,,1,12,,14117,,,1,7,,14106,0,5,1,50,,14118,,,1,20,,14119,,,1,24,,14120,,,1,59,,14121,,,1,21,,14122,,,1,17,,14123,,,1,60,,14131,,,1,24,,14130,,,1,22,,14129,,,1,79,,14132,,,1,30,,14133,,,1,74,,14134,,,1,68,,14135,,,1,35,,14136,,,1,72,,14137,,,1,32,,14138,,,1
5704,'Holiday1',931,,24011,,,1,69,,24012,,,1,32,,24013,,,1,69,,24014,,,1,30,,24015,,,1,70,,24016,,,1,31,,24017,,,1,69,,24018,,,1,34,,24019,,,1,66,,24021,,,1,32,,24022,,,1,68,,24020,,,1,32,,24025,,,1,68,,24024,,,1,33,,24023,,,1,67,,24028,,,1,34,,24027,,,1,67,,24029,,,1,33,,24026,,,1,66,,24031,,,1,34,,24030,,,1
5704,'Saturday',601,,24038,,,1,30,,24050,,,1,28,,24036,,,1,72,,24051,,,1,28,,24042,,,1,72,,24052,,,1,28,,24044,,,1,72,,24053,,,1,28,,24045,,,1,72,,24054,,,1,28,,24040,,,1,72,,24055,,,1,28,,24041,,,1,72,,24056,,,1,28,,24037,,,1,72,,24057,,,1,28,,24035,,,1,72,,24058,,,1,28,,24032,,,1,72,,24048,,,1,28,,24034,,,1,72,,24049,,,1,28,,24033,,,1,72,,24047,,,1,28,,24039,,,1,72,,24046,,,1,28,,24043,,,1
5704,'Sunday',931,,24059,,,1,69,,24060,,,1,32,,24061,,,1,69,,24062,,,1,30,,24063,,,1,70,,24064,,,1,31,,24065,,,1,69,,24066,,,1,34,,24067,,,1,66,,24069,,,1,32,,24070,,,1,68,,24068,,,1,32,,24073,,,1,68,,24072,,,1,33,,24071,,,1,67,,24076,,,1,34,,24075,,,1,67,,24077,,,1,33,,24074,,,1,66,,24079,,,1,34,,24078,,,1
5704,'Weekday',452,,24081,,,1,65,,24082,,,1,23,,24083,,,1,72,,24080,,,1,20,,24084,,,1,26,,24085,,,1,66,,24086,,,1,25,,24087,,,1,64,,24088,,,1,29,,24089,,,1,62,,24090,,,1,31,,24091,,,1,68,,24092,,,1,22,,24093,,,1,32,,24094,,,1,63,,24095,,,1,28,,24096,,,1,73,,24097,,,1,32,,24098,,,1,73,,24100,,,1,28,,24101,,,1,72,,24102,,,1,33,,24099,,,1,65,,24104,,,1,23,,24105,,,1,65,,24121,,,1,31,,24122,,,1,59,,24123,,,1,25,,24106,,,1,25,,24103,,,1,58,,24107,,,1,26,,24108,,,1,67,,24110,,,1,29,,24120,,,1,69,,24111,,,1,27,,24112,,,1,28,,24109,,,1,69,,24113,,,1,30,,24114,,,1,69,,24115,,,1,29,,24116,,,1,71,,24117,,,1,22,,24118,,,1,74,,24119,,,1
20900,'Weekday',1445,,24871,4,,1
20901,'Weekday',742,,24872,,,1
56102,'Weekday',600,,27078,,,1,21,,27081,,,1,20,,27082,,,1,60,,27083,,,1,20,,27084,,,1,20,,27085,,,1,60,,27086,,,1,20,,27087,,,1,20,,27088,,,1,60,,27089,,,1,27,,27090,,,1,30,,27091,,,1,70,,27092,,,1,30,,27093,,,1,70,,27094,,,1,30,,27095,,,1,70,,27096,,,1,30,,27097,,,1,70,,27098,,,1,30,,27099,,,1,71,,27079,,,1,72,,27080,,,1,24,,27100,,,1,20,,27101,,,1,60,,27102,,,1,20,,27103,,,1,20,,27104,,,1,60,,27105,,,1,20,,27106,,,1,20,,27107,,,1,60,,27108,,,1,20,,27109,,,1,20,,27110,,,1,60,,27111,,,1
