703,'Holiday1',701,,2590,,,1,28,,2591,,,1,19,,2531,,,1,54,,2553,,,1,17,,2563,,,1,13,,2546,,,1,16,,2577,,,1,55,,2584,,,1,16,,2562,,,1,17,,2537,,,1,14,,2578,,,1,55,,2548,,,1,14,,2561,,,1,16,,2545,,,1,17,,2575,,,1,55,,2585,,,1,15,,2559,,,1,14,,2541,,,1,15,,2576,,,1,56,,2551,,,1,14,,2558,,,1,16,,2544,,,1,15,,2574,,,1,55,,2586,,,1,13,,2579,,,1,15,,2565,,,1,15,,2573,,,1,55,,2550,,,1,18,,2557,,,1,15,,2543,,,1,15,,2572,,,1,56,,2536,,,1,11,,2580,,,1,15,,2538,,,1,16,,2568,,,1,55,,2549,,,1,17,,2556,,,1,15,,2540,,,1,15,,2571,,,1,54,,2542,,,1,15,,2581,,,1,14,,2535,,,1,14,,2570,,,1,55,,2547,,,1,16,,2555,,,1,16,,2539,,,1,16,,2569,,,1,71,,2582,,,1,29,,2567,,,1,54,,2554,,,1,13,,2589,,,1,19,,2560,,,1,65,,2583,,,1,24,,2532,,,1,24,,2552,,,1,65,,2564,,,1,23,,2587,,,1,69,,2588,,,1,31,,2534,,,1
703,'Saturday',629,,2593,,,1,71,,2594,,,1,30,,2595,,,1,73,,2596,,,1,28,,2597,,,1,72,,2598,,,1,35,,2599,,,1,70,,2600,,,1,45,,2637,,,1,66,,2633,,,1,26,,2638,,,1,64,,2639,,,1,27,,2636,,,1,66,,2641,,,1,23,,2642,,,1,24,,2643,,,1,65,,2640,,,1,24,,2645,,,1,68,,2644,,,1,22,,2648,,,1,25,,2647,,,1,69,,2646,,,1,22,,2649,,,1,68,,2650,,,1,27,,2651,,,1,64,,2652,,,1,24,,2654,,,1,24,,2655,,,1,72,,2656,,,1,24,,2653,,,1,60,,2657,,,1,10,,2602,,,1,19,,2601,,,1,66,,2603,,,1,22,,2606,,,1,23,,2604,,,1,71,,2608,,,1,28,,2605,,,1,72,,2609,,,1,27,,2610,,,1,68,,2607,,,1,30,,2611,,,1,68,,2612,,,1
703,'Sunday',701,,2728,,,1,28,,2729,,,1,19,,2669,,,1,54,,2691,,,1,17,,2701,,,1,13,,2684,,,1,16,,2715,,,1,55,,2722,,,1,16,,2700,,,1,17,,2675,,,1,14,,2716,,,1,55,,2686,,,1,14,,2699,,,1,16,,2683,,,1,17,,2713,,,1,55,,2723,,,1,15,,2697,,,1,14,,2679,,,1,15,,2714,,,1,56,,2689,,,1,14,,2696,,,1,16,,2682,,,1,15,,2712,,,1,55,,2724,,,1,13,,2717,,,1,15,,2703,,,1,15,,2711,,,1,55,,2688,,,1,18,,2695,,,1,15,,2681,,,1,15,,2710,,,1,56,,2674,,,1,11,,2718,,,1,15,,2676,,,1,16,,2706,,,1,55,,2687,,,1,17,,2694,,,1,15,,2678,,,1,15,,2709,,,1,54,,2680,,,1,15,,2719,,,1,14,,2673,,,1,14,,2708,,,1,55,,2685,,,1,16,,2693,,,1,16,,2677,,,1,16,,2707,,,1,71,,2720,,,1,29,,2705,,,1,54,,2692,,,1,13,,2727,,,1,19,,2698,,,1,65,,2721,,,1,24,,2670,,,1,24,,2690,,,1,65,,2702,,,1,23,,2725,,,1,69,,2726,,,1,31,,2672,,,1
703,'Weekday',501,,2731,,,1,16,,2755,,,1,15,,2754,,,1,15,,2753,,,1,54,,2752,,,1,16,,2751,,,1,18,,2750,,,1,24,,2817,,,1,54,,2818,,,1,17,,2819,,,1,15,,2820,,,1,57,,2821,,,1,15,,2822,,,1,16,,2823,,,1,17,,2824,,,1,56,,2825,,,1,17,,2826,,,1,16,,2827,,,1,17,,2828,,,1,56,,2829,,,1,17,,2830,,,1,16,,2831,,,1,14,,2832,,,1,57,,2833,,,1,16,,2834,,,1,15,,2835,,,1,57,,2836,,,1,14,,2837,,,1,18,,2838,,,1,16,,2839,,,1,56,,2840,,,1,15,,2841,,,1,16,,2842,,,1,19,,2843,,,1,56,,2844,,,1,18,,2845,,,1,17,,2846,,,1,56,,2847,,,1,13,,2848,,,1,16,,2849,,,1,18,,2850,,,1,58,,2851,,,1,15,,2852,,,1,18,,2853,,,1,59,,2854,,,1,18,,2855,,,1,17,,2856,,,1,15,,2857,,,1,59,,2858,,,1,15,,2859,,,1,16,,2761,,,1,14,,2759,,,1,55,,2764,,,1,20,,2766,,,1,16,,2763,,,1,12,,2765,,,1,54,,2760,,,1,13,,2762,,,1,15,,2746,,,1,18,,2745,,,1,62,,2743,,,1,20,,2739,,,1,63,,2740,,,1,19,,2749,,,1,18,,2738,,,1,61,,2744,,,1,15,,2737,,,1,17,,2735,,,1,68,,2748,,,1,29,,2741,,,1,27,,2733,,,1,70,,2747,,,1
2802,'Holiday1',539,,7364,0,5,1,65,,7354,,,1,25,,7351,0,5,1,25,,7360,,,1,65,,7356,0,5,1,25,,7350,,,1,65,,7363,0,5,1,25,,7353,,,1,25,,7352,0,5,1,65,,7358,,,1,25,,7357,0,5,1,65,,7355,,,1,25,,7362,0,5,1,65,,7359,,,1,25,,7366,0,5,1,25,,7361,,,1,65,,7367,0,5,1,25,,7365,,,1,65,,7368,0,5,1,25,,7369,,,1,25,,7370,0,5,1,65,,7371,,,1,25,,7372,0,5,1,65,,7373,,,1,25,,7374,0,5,1,65,,7375,,,1,25,,7376,0,5,1,25,,7377,,,1,65,,7378,0,5,1,25,,7379,,,1,65,,7380,0,5,1,25,,7381,,,1,25,,7382,0,5,1
2802,'Saturday',539,,7385,0,5,1,65,,7400,,,1,25,,7386,0,5,1,25,,7401,,,1,65,,7383,0,5,1,25,,7404,,,1,65,,7384,0,5,1,25,,7405,,,1,25,,7387,0,5,1,65,,7406,,,1,25,,7388,0,5,1,65,,7402,,,1,25,,7389,0,5,1,65,,7403,,,1,25,,7390,0,5,1,25,,7407,,,1,65,,7391,0,5,1,25,,7408,,,1,65,,7392,0,5,1,25,,7409,,,1,25,,7393,0,5,1,65,,7410,,,1,25,,7394,0,5,1,65,,7411,,,1,25,,7395,0,5,1,65,,7412,,,1,25,,7396,0,5,1,25,,7413,,,1,65,,7397,0,5,1,25,,7414,,,1,65,,7398,0,5,1,25,,7415,,,1,25,,7399,0,5,1
2802,'Sunday',539,,7430,0,5,1,65,,7420,,,1,25,,7417,0,5,1,25,,7426,,,1,65,,7422,0,5,1,25,,7416,,,1,65,,7429,0,5,1,25,,7419,,,1,25,,7418,0,5,1,65,,7424,,,1,25,,7423,0,5,1,65,,7421,,,1,25,,7428,0,5,1,65,,7425,,,1,25,,7432,0,5,1,25,,7427,,,1,65,,7433,0,5,1,25,,7431,,,1,65,,7434,0,5,1,25,,7435,,,1,25,,7436,0,5,1,65,,7437,,,1,25,,7438,0,5,1,65,,7439,,,1,25,,7440,0,5,1,65,,7441,,,1,25,,7442,0,5,1,25,,7443,,,1,65,,7444,0,5,1,25,,7445,,,1,65,,7446,0,5,1,25,,7447,,,1,25,,7448,0,5,1
2802,'Weekday',520,,7489,,,1,16,,7449,0,5,1,65,,7469,,,1,18,,7451,0,5,1,22,,7470,,,1,60,,7452,0,5,1,20,,7471,,,1,20,,7450,0,5,1,60,,7472,,,1,20,,7453,0,5,1,20,,7473,,,1,60,,7454,0,5,1,20,,7474,,,1,20,,7455,0,5,1,63,,7475,,,1,17,,7456,0,5,1,20,,7476,,,1,59,,7457,0,5,1,21,,7477,,,1,20,,7458,0,5,1,59,,7478,,,1,21,,7459,0,5,1,20,,7479,,,1,59,,7460,0,5,1,21,,7480,,,1,20,,7461,0,5,1,60,,7481,,,1,20,,7462,0,5,1,20,,7482,,,1,60,,7463,0,5,1,20,,7483,,,1,20,,7464,0,5,1,60,,7484,,,1,20,,7465,0,5,1,19,,7485,,,1,61,,7466,0,5,1,20,,7486,,,1,19,,7467,0,5,1,61,,7487,,,1,20,,7468,0,5,1,20,,7488,,,1
8103,'Holiday1',602,,10813,,,1,45,,10815,,,1,85,,10816,,,1,85,,10817,,,1,85,,10814,,,1,45,,10818,,,1,85,,10819,,,1,85,,10820,,,1,85,,10821,,,1,45,,10822,,,1,85,,10823,,,1,85,,10824,,,1,85,,10825,,,1,45,,10826,,,1,85,,10827,,,1,85,,10828,,,1,85,,10829,,,1,45,,10830,,,1
8103,'Saturday',602,,10831,,,1,45,,10832,,,1,85,,10833,,,1,85,,10834,,,1,85,,10835,,,1,45,,10836,,,1,85,,10837,,,1,85,,10838,,,1,85,,10839,,,1,45,,10840,,,1,85,,10842,,,1,85,,10843,,,1,85,,10844,,,1,45,,10841,,,1,85,,10845,,,1,85,,10846,,,1,85,,10847,,,1,45,,10848,,,1
8103,'Sunday',602,,10849,,,1,45,,10851,,,1,85,,10852,,,1,85,,10853,,,1,85,,10850,,,1,45,,10854,,,1,85,,10855,,,1,85,,10856,,,1,85,,10857,,,1,45,,10858,,,1,85,,10859,,,1,85,,10860,,,1,85,,10861,,,1,45,,10862,,,1,85,,10863,,,1,85,,10864,,,1,85,,10865,,,1,45,,10866,,,1
8103,'Weekday',602,,10867,,,1,45,,10868,,,1,85,,10869,,,1,85,,10871,,,1,85,,10881,,,1,45,,10882,,,1,85,,10883,,,1,85,,10884,,,1,85,,10885,,,1,45,,10886,,,1,85,,10880,,,1,85,,10879,,,1,85,,10874,,,1,45,,10870,,,1,85,,10875,,,1,85,,10876,,,1,85,,10872,,,1,45,,10873,,,1,85,,10877,,,1,85,,10878,,,1
