'251229-MULTI-Saturday-01',203,60000,4,'',1,3200,4,'',1,7000,4,'',1,3300,4,'',1,6500,4,'',1,3800,4,'',1,7000,4,'',1,9200,4,'',1,3100,4,'',1,7000,4,'',1,3300,4,'',1,7000,4,'',1,3000,4,'',1,7000,4,'',1,3000,4,'',1,7000,4,'',1,3000,4,'',1,7100,4,'',1,3000,4,'',1,7000,4,'',1,3000,4,'',1,7000,4,'',1,3000,4,'',1,7000,4,'',1,3000,4,'',1,6900,4,'',1,2700,4,'',1,2800,4,'',1,6800,4,'',1,2900,4,'',1,6900,4,'',1,2900,4,'',1,6900,4,'',1,3000,4,'',1,6900,4,'',1,3000,4,'',1,7000,4,'',1,3000,4,'',1,7000,4,'',1,3000,4,'',1
'251229-MULTI-Saturday-01',204,61000,0,'',1,2700,0,'',1,7200,0,'',1,2900,0,'',1,7200,0,'',1,3000,0,'',1,7000,0,'',1,3000,0,'',1,7000,0,'',1,3000,0,'',1,7000,0,'',1,3000,0,'',1,7000,0,'',1,3000,0,'',1,7000,0,'',1,3000,0,'',1,7000,0,'',1,3000,0,'',1,7000,0,'',1,3000,0,'',1,7000,0,'',1,3000,0,'',1,7000,0,'',1,3000,0,'',1,7000,0,'',1,3000,0,'',1,7000,0,'',1,3000,0,'',1,7000,0,'',1,3000,0,'',1,7000,0,'',1,3000,0,'',1,7000,0,'',1,3000,0,'',1,7000,0,'',1,3000,0,'',1,7000,0,'',1,3000,0,'',1
'251229-MULTI-Sunday-01',203,75200,4,'',1,7500,4,'',1,7300,4,'',1,3400,4,'',1,7200,4,'',1,3400,4,'',1,7300,4,'',1,3400,4,'',1,7400,4,'',1,3300,4,'',1,7300,4,'',1,7300,4,'',1,3300,4,'',1,7300,4,'',1,3300,4,'',1,7300,4,'',1,3300,4,'',1,7300,4,'',1,3300,4,'',1,7300,4,'',1,3300,4,'',1,7200,4,'',1,7300,4,'',1,3300,4,'',1,7300,4,'',1,3000,4,'',1,7300,4,'',1,3300,4,'',1,7200,4,'',1,3200,4,'',1,7200,4,'',1,3300,4,'',1
'251229-MULTI-Sunday-01',204,70000,0,'',1,3300,0,'',1,7300,0,'',1,3300,0,'',1,7300,0,'',1,3300,0,'',1,7300,0,'',1,3300,0,'',1,7300,0,'',1,3300,0,'',1,7300,0,'',1,7300,0,'',1,3300,0,'',1,7300,0,'',1,3300,0,'',1,7300,0,'',1,3300,0,'',1,7300,0,'',1,3300,0,'',1,7300,0,'',1,7300,0,'',1,3300,0,'',1,7300,0,'',1,3300,0,'',1,7300,0,'',1,3300,0,'',1,7300,0,'',1,3300,0,'',1,7300,0,'',1,3300,0,'',1,7300,0,'',1
'260105-MULTI-Holiday1-01',203,75200,4,'',1,7500,4,'',1,7300,4,'',1,3400,4,'',1,7200,4,'',1,3400,4,'',1,7300,4,'',1,3400,4,'',1,7400,4,'',1,3300,4,'',1,7300,4,'',1,7300,4,'',1,3300,4,'',1,7300,4,'',1,3300,4,'',1,7300,4,'',1,3300,4,'',1,7300,4,'',1,3300,4,'',1,7300,4,'',1,3300,4,'',1,7200,4,'',1,7300,4,'',1,3300,4,'',1,7300,4,'',1,3000,4,'',1,7300,4,'',1,3300,4,'',1,7200,4,'',1,3200,4,'',1,7200,4,'',1,3300,4,'',1
'260105-MULTI-Holiday1-01',204,70000,0,'',1,3300,0,'',1,7300,0,'',1,3300,0,'',1,7300,0,'',1,3300,0,'',1,7300,0,'',1,3300,0,'',1,7300,0,'',1,3300,0,'',1,7300,0,'',1,7300,0,'',1,3300,0,'',1,7300,0,'',1,3300,0,'',1,7300,0,'',1,3300,0,'',1,7300,0,'',1,3300,0,'',1,7300,0,'',1,7300,0,'',1,3300,0,'',1,7300,0,'',1,3300,0,'',1,7300,0,'',1,3300,0,'',1,7300,0,'',1,3300,0,'',1,7300,0,'',1,3300,0,'',1,7300,0,'',1
'260105-MULTI-Saturday-01',203,60000,4,'',1,3200,4,'',1,7000,4,'',1,3300,4,'',1,6500,4,'',1,3800,4,'',1,7000,4,'',1,9200,4,'',1,3100,4,'',1,7000,4,'',1,3300,4,'',1,7000,4,'',1,3000,4,'',1,7000,4,'',1,3000,4,'',1,7000,4,'',1,3000,4,'',1,7100,4,'',1,3000,4,'',1,7000,4,'',1,3000,4,'',1,7000,4,'',1,3000,4,'',1,7000,4,'',1,3000,4,'',1,6900,4,'',1,2700,4,'',1,2800,4,'',1,6800,4,'',1,2900,4,'',1,6900,4,'',1,2900,4,'',1,6900,4,'',1,3000,4,'',1,6900,4,'',1,3000,4,'',1,7000,4,'',1,3000,4,'',1,7000,4,'',1,3000,4,'',1
'260105-MULTI-Saturday-01',204,61000,0,'',1,2700,0,'',1,7200,0,'',1,2900,0,'',1,7200,0,'',1,3000,0,'',1,7000,0,'',1,3000,0,'',1,7000,0,'',1,3000,0,'',1,7000,0,'',1,3000,0,'',1,7000,0,'',1,3000,0,'',1,7000,0,'',1,3000,0,'',1,7000,0,'',1,3000,0,'',1,7000,0,'',1,3000,0,'',1,7000,0,'',1,3000,0,'',1,7000,0,'',1,3000,0,'',1,7000,0,'',1,3000,0,'',1,7000,0,'',1,3000,0,'',1,7000,0,'',1,3000,0,'',1,7000,0,'',1,3000,0,'',1,7000,0,'',1,3000,0,'',1,7000,0,'',1,3000,0,'',1,7000,0,'',1,3000,0,'',1
'260105-MULTI-Sunday-01',203,75200,4,'',1,7500,4,'',1,7300,4,'',1,3400,4,'',1,7200,4,'',1,3400,4,'',1,7300,4,'',1,3400,4,'',1,7400,4,'',1,3300,4,'',1,7300,4,'',1,7300,4,'',1,3300,4,'',1,7300,4,'',1,3300,4,'',1,7300,4,'',1,3300,4,'',1,7300,4,'',1,3300,4,'',1,7300,4,'',1,3300,4,'',1,7200,4,'',1,7300,4,'',1,3300,4,'',1,7300,4,'',1,3000,4,'',1,7300,4,'',1,3300,4,'',1,7200,4,'',1,3200,4,'',1,7200,4,'',1,3300,4,'',1
'260105-MULTI-Sunday-01',204,70000,0,'',1,3300,0,'',1,7300,0,'',1,3300,0,'',1,7300,0,'',1,3300,0,'',1,7300,0,'',1,3300,0,'',1,7300,0,'',1,3300,0,'',1,7300,0,'',1,7300,0,'',1,3300,0,'',1,7300,0,'',1,3300,0,'',1,7300,0,'',1,3300,0,'',1,7300,0,'',1,3300,0,'',1,7300,0,'',1,7300,0,'',1,3300,0,'',1,7300,0,'',1,3300,0,'',1,7300,0,'',1,3300,0,'',1,7300,0,'',1,3300,0,'',1,7300,0,'',1,3300,0,'',1,7300,0,'',1
'260105-MULTI-Weekday-01',203,44800,4,'',1,6200,4,'',1,2200,4,'',1,2200,4,'',1,5100,4,'',1,3500,4,'',1,6200,4,'',1,600,4,'',1,3900,4,'',1,6700,4,'',1,2200,4,'',1,2200,4,'',1,100,4,'',1,8200,4,'',1,6400,4,'',1,2200,4,'',1,1900,4,'',1,400,4,'',1,7800,4,'',1,2500,4,'',1,6200,4,'',1,1800,4,'',1,1000,4,'',1,7600,4,'',1,2600,4,'',1,6200,4,'',1,1400,4,'',1,1500,4,'',1,7200,4,'',1,2700,4,'',1,1900,4,'',1,5800,4,'',1,1700,4,'',1,7300,4,'',1,2700,4,'',1,2200,4,'',1,6000,4,'',1,2400,4,'',1,6600,4,'',1,2500,4,'',1,2100,4,'',1,5900,4,'',1,2600,4,'',1,1900,4,'',1,5900,4,'',1,2300,4,'',1,1700,4,'',1,6500,4,'',1,1900,4,'',1,1600,4,'',1,7300,4,'',1,2800,4,'',1,6900,4,'',1,3200,4,'',1,6800,4,'',1,2800,4,'',1
'260105-MULTI-Weekday-01',204,44000,0,'',1,6200,0,'',1,2200,0,'',1,1600,0,'',1,6800,0,'',1,2200,0,'',1,1800,0,'',1,6600,0,'',1,300,0,'',1,3900,0,'',1,6400,0,'',1,2200,0,'',1,6200,0,'',1,4200,0,'',1,6400,0,'',1,2200,0,'',1,1900,0,'',1,800,0,'',1,7500,0,'',1,6600,0,'',1,2200,0,'',1,1400,0,'',1,1400,0,'',1,7400,0,'',1,2600,0,'',1,6100,0,'',1,1500,0,'',1,1500,0,'',1,7200,0,'',1,2700,0,'',1,1700,0,'',1,5900,0,'',1,1900,0,'',1,7200,0,'',1,2500,0,'',1,2300,0,'',1,6000,0,'',1,2500,0,'',1,6600,0,'',1,2300,0,'',1,2300,0,'',1,5700,0,'',1,2800,0,'',1,1800,0,'',1,5900,0,'',1,2300,0,'',1,1600,0,'',1,6600,0,'',1,3400,0,'',1,7300,0,'',1,3000,0,'',1,6800,0,'',1
