'251229-MULTI-Saturday-01',902,72300,0,'',1,9000,0,'',1,9000,0,'',1,5000,0,'',1,9000,0,'',1,9000,0,'',1,9000,0,'',1,9000,0,'',1,9000,0,'',1,5000,0,'',1,9000,0,'',1,9000,0,'',1,9000,0,'',1,9000,0,'',1,9000,0,'',1
'251229-MULTI-Sunday-01',902,75500,0,'',1,14500,0,'',1,10500,0,'',1,10500,0,'',1,10500,0,'',1,10500,0,'',1,10400,0,'',1,10600,0,'',1,10700,0,'',1,10600,0,'',1,10700,0,'',1
'260105-MULTI-Holiday1-01',902,75500,0,'',1,14500,0,'',1,10500,0,'',1,10500,0,'',1,10500,0,'',1,10500,0,'',1,10400,0,'',1,10600,0,'',1,10700,0,'',1,10600,0,'',1,10700,0,'',1
'260105-MULTI-Saturday-01',902,72300,0,'',1,9000,0,'',1,9000,0,'',1,5000,0,'',1,9000,0,'',1,9000,0,'',1,9000,0,'',1,9000,0,'',1,9000,0,'',1,5000,0,'',1,9000,0,'',1,9000,0,'',1,9000,0,'',1,9000,0,'',1,9000,0,'',1
'260105-MULTI-Sunday-01',902,75500,0,'',1,14500,0,'',1,10500,0,'',1,10500,0,'',1,10500,0,'',1,10500,0,'',1,10400,0,'',1,10600,0,'',1,10700,0,'',1,10600,0,'',1,10700,0,'',1
'260105-MULTI-Weekday-01',902,60700,0,'',1,3400,0,'',1,7400,0,'',1,8500,0,'',1,5200,0,'',1,7800,0,'',1,8500,0,'',1,8500,0,'',1,4500,0,'',1,8500,0,'',1,2700,0,'',1,7500,0,'',1,7500,0,'',1,600,0,'',1,3300,0,'',1,7500,0,'',1,3500,0,'',1,7500,0,'',1,7500,0,'',1,3600,0,'',1,8000,0,'',1,8500,0,'',1,5200,0,'',1,8600,0,'',1,15700,0,'',1
'251229-MULTI-Saturday-01',2902,62300,0,'',1,2500,0,'',1,6500,0,'',1,2500,0,'',1,6500,0,'',1,2600,0,'',1,2500,0,'',1,6500,0,'',1,2500,0,'',1,7100,0,'',1,2500,0,'',1,6500,0,'',1,2500,0,'',1,2500,0,'',1,6500,0,'',1,2500,0,'',1,6500,0,'',1,2500,0,'',1,6500,0,'',1,2500,0,'',1,2500,0,'',1,6500,0,'',1,2500,0,'',1,6500,0,'',1,2500,0,'',1,2500,0,'',1,6500,0,'',1,2500,0,'',1,6300,0,'',1,2700,0,'',1,6900,0,'',1,4300,0,'',1,7500,0,'',1,3200,0,'',1,6900,0,'',1,7900,0,'',1,5000,0,'',1,9000,0,'',1
'251229-MULTI-Sunday-01',2902,65200,0,'',1,7500,0,'',1,7500,0,'',1,3600,0,'',1,7500,0,'',1,3500,0,'',1,7500,0,'',1,3500,0,'',1,7500,0,'',1,7500,0,'',1,3500,0,'',1,7500,0,'',1,3500,0,'',1,7500,0,'',1,7500,0,'',1,3500,0,'',1,7500,0,'',1,3500,0,'',1,7500,0,'',1,3500,0,'',1,7500,0,'',1,7500,0,'',1,3500,0,'',1,7300,0,'',1,3500,0,'',1,7400,0,'',1,9000,0,'',1,9000,0,'',1,5000,0,'',1
'260105-MULTI-Holiday1-01',2902,65200,0,'',1,7500,0,'',1,7500,0,'',1,3600,0,'',1,7500,0,'',1,3500,0,'',1,7500,0,'',1,3500,0,'',1,7500,0,'',1,7500,0,'',1,3500,0,'',1,7500,0,'',1,3500,0,'',1,7500,0,'',1,7500,0,'',1,3500,0,'',1,7500,0,'',1,3500,0,'',1,7500,0,'',1,3500,0,'',1,7500,0,'',1,7500,0,'',1,3500,0,'',1,7300,0,'',1,3500,0,'',1,7400,0,'',1,9000,0,'',1,9000,0,'',1,5000,0,'',1
'260105-MULTI-Saturday-01',2902,62300,0,'',1,2500,0,'',1,6500,0,'',1,2500,0,'',1,6500,0,'',1,2600,0,'',1,2500,0,'',1,6500,0,'',1,2500,0,'',1,7100,0,'',1,2500,0,'',1,6500,0,'',1,2500,0,'',1,2500,0,'',1,6500,0,'',1,2500,0,'',1,6500,0,'',1,2500,0,'',1,6500,0,'',1,2500,0,'',1,2500,0,'',1,6500,0,'',1,2500,0,'',1,6500,0,'',1,2500,0,'',1,2500,0,'',1,6500,0,'',1,2500,0,'',1,6300,0,'',1,2700,0,'',1,6900,0,'',1,4300,0,'',1,7500,0,'',1,3200,0,'',1,6900,0,'',1,7900,0,'',1,5000,0,'',1,9000,0,'',1
'260105-MULTI-Sunday-01',2902,65200,0,'',1,7500,0,'',1,7500,0,'',1,3600,0,'',1,7500,0,'',1,3500,0,'',1,7500,0,'',1,3500,0,'',1,7500,0,'',1,7500,0,'',1,3500,0,'',1,7500,0,'',1,3500,0,'',1,7500,0,'',1,7500,0,'',1,3500,0,'',1,7500,0,'',1,3500,0,'',1,7500,0,'',1,3500,0,'',1,7500,0,'',1,7500,0,'',1,3500,0,'',1,7300,0,'',1,3500,0,'',1,7400,0,'',1,9000,0,'',1,9000,0,'',1,5000,0,'',1
'260105-MULTI-Weekday-01',2902,55000,0,'',1,6900,0,'A',1,1400,0,'A',1,1400,0,'A',1,5400,0,'A',1,1400,0,'A',1,1400,0,'A',1,1400,0,'A',1,1400,0,'A',1,5400,0,'A',1,1400,0,'A',1,1400,0,'A',1,1400,0,'A',1,5400,0,'A',1,1700,0,'A',1,2000,0,'A',1,6700,0,'',1,2500,0,'',1,6500,0,'',1,2500,0,'',1,2500,0,'',1,6300,0,'',1,2500,0,'',1,6500,0,'',1,2500,0,'',1,2500,0,'',1,7900,0,'',1,1500,0,'A',1,5500,0,'A',1,1600,0,'A',1,1500,0,'A',1,1500,0,'A',1,5500,0,'A',1,800,0,'A',1,700,0,'A',1,1500,0,'A',1,1500,0,'A',1,5500,0,'A',1,1500,0,'A',1,1500,0,'A',1,1500,0,'A',1,5500,0,'A',1,1300,0,'A',1,1500,0,'A',1,1500,0,'A',1,5500,0,'A',1,1400,0,'A',1,1500,0,'A',1,1500,0,'A',1,5500,0,'A',1,2000,0,'A',1,2500,0,'',1,7300,0,'',1,3200,0,'',1,7200,0,'',1,3000,0,'',1,7000,0,'',1,3000,0,'',1,7000,0,'',1,3000,0,'',1,7000,0,'',1
