'250901-MULTI-Holiday1-01',304,75500,0,'South',1,6700,0,'SB',1,2600,0,'South',1,6600,0,'SB',1,2700,0,'South',1,6500,0,'SB',1,2800,0,'South',1,2500,0,'SB',1,6700,0,'South',1,2500,0,'SB',1,6700,0,'South',1,2600,0,'SB',1,6700,0,'South',1,2600,0,'SB',1,6700,0,'South',1,2500,0,'SB',1,2800,0,'South',1,6500,0,'SB',1,2800,0,'South',1,6500,0,'SB',1,2700,0,'South',1,6500,0,'SB',1,2500,0,'South',1,2500,0,'SB',1,6700,0,'South',1,2500,0,'SB',1,6400,0,'South',1,2600,0,'South',1,6600,0,'South',1,2500,0,'South',1,2600,0,'South',1,6500,0,'South',1,2500,0,'South',1,6500,0,'South',1,2300,0,'South',1,6600,0,'South',1,2500,0,'South',1,2600,0,'South',1,6600,0,'South',1
'250901-MULTI-Holiday2-01',304,73200,0,'SB',1,7000,0,'South',1,2600,0,'SB',1,3000,0,'South',1,6600,0,'SB',1,2500,0,'South',1,6500,0,'SB',1,2500,0,'South',1,6500,0,'SB',1,2500,0,'South',1,2500,0,'SB',1,6500,0,'South',1,2500,0,'SB',1,6500,0,'South',1,2000,0,'SB',1,3000,0,'South',1,6000,0,'SB',1,2600,0,'South',1,6400,0,'SB',1,2600,0,'South',1,6500,0,'SB',1,2500,0,'South',1,2500,0,'SB',1,6400,0,'South',1,2500,0,'SB',1,6300,0,'South',1,2700,0,'SB',1,2300,0,'South',1,6700,0,'SB',1,2500,0,'South',1,6500,0,'SB',1,2400,0,'South',1,2500,0,'South',1,6400,0,'South',1,2500,0,'South',1,6400,0,'South',1,2400,0,'South',1,6500,0,'South',1,2400,0,'South',1,2500,0,'South',1,6500,0,'South',1
'250901-MULTI-Saturday-01',304,62400,0,'South',1,2500,0,'South',1,6500,0,'South',1,2500,0,'South',1,6500,0,'South',1,2100,0,'SB',1,2500,0,'South',1,6500,0,'SB',1,2500,0,'South',1,6500,0,'SB',1,2400,0,'South',1,2500,0,'SB',1,6500,0,'South',1,2500,0,'SB',1,6500,0,'South',1,2700,0,'SB',1,6500,0,'South',1,2500,0,'SB',1,2500,0,'South',1,6600,0,'SB',1,2500,0,'South',1,6500,0,'SB',1,2500,0,'South',1,2500,0,'SB',1,6500,0,'South',1,2500,0,'SB',1,6400,0,'South',1,2400,0,'SB',1,6500,0,'South',1,2400,0,'SB',1,2500,0,'South',1,6500,0,'SB',1,2500,0,'South',1,6500,0,'South',1,2400,0,'South',1,2300,0,'South',1,6000,0,'South',1,1900,0,'South',1,2400,0,'South',1,6100,0,'South',1,2500,0,'South',1,6500,0,'South',1,2500,0,'South',1,2500,0,'South',1
'250901-MULTI-Sunday-01',304,73200,0,'SB',1,7000,0,'South',1,2600,0,'SB',1,3000,0,'South',1,6600,0,'SB',1,2500,0,'South',1,6500,0,'SB',1,2500,0,'South',1,6500,0,'SB',1,2500,0,'South',1,2500,0,'SB',1,6500,0,'South',1,2500,0,'SB',1,6500,0,'South',1,2000,0,'SB',1,3000,0,'South',1,6000,0,'SB',1,2600,0,'South',1,6400,0,'SB',1,2600,0,'South',1,6500,0,'SB',1,2500,0,'South',1,2500,0,'SB',1,6400,0,'South',1,2500,0,'SB',1,6300,0,'South',1,2700,0,'SB',1,2300,0,'South',1,6700,0,'SB',1,2500,0,'South',1,6500,0,'SB',1,2400,0,'South',1,2500,0,'South',1,6400,0,'South',1,2500,0,'South',1,6400,0,'South',1,2400,0,'South',1,6500,0,'South',1,2400,0,'South',1,2500,0,'South',1,6500,0,'South',1
'250901-MULTI-Weekday-01',304,42700,0,'South',1,2000,0,'South',1,5500,0,'South',1,1500,0,'South',1,1500,0,'South',1,1500,0,'South',1,1000,0,'South',1,5000,0,'South',1,1000,0,'South',1,1500,0,'South',1,1500,0,'South',1,5600,0,'South',1,1700,0,'South',1,1500,0,'South',1,1500,0,'SB',1,5500,0,'South',1,1400,0,'SB',1,1500,0,'South',1,1300,0,'SB',1,1200,0,'South',1,5300,0,'SB',1,1200,0,'South',1,1500,0,'SB',1,1000,0,'South',1,5500,0,'SB',1,1700,0,'South',1,1300,0,'SB',1,1500,0,'South',1,5500,0,'SB',1,1600,0,'South',1,1500,0,'SB',1,1500,0,'South',1,5500,0,'SB',1,1500,0,'South',1,1500,0,'SB',1,1500,0,'South',1,5800,0,'SB',1,1800,0,'South',1,1500,0,'SB',1,1600,0,'South',1,5400,0,'SB',1,1300,0,'South',1,1500,0,'SB',1,1300,0,'South',1,5500,0,'SB',1,1300,0,'South',1,1500,0,'SB',1,1500,0,'South',1,5400,0,'SB',1,1500,0,'South',1,1500,0,'SB',1,1500,0,'South',1,5300,0,'SB',1,1200,0,'South',1,1500,0,'SB',1,1500,0,'South',1,1300,0,'SB',1,5200,0,'South',1,1500,0,'SB',1,1500,0,'South',1,1300,0,'SB',1,5400,0,'South',1,1300,0,'SB',1,1300,0,'South',1,1400,0,'SB',1,5400,0,'South',1,2100,0,'SB',1,3100,0,'South',1,6800,0,'SB',1,3200,0,'South',1,6500,0,'South',1,2900,0,'South',1,7000,0,'South',1,3000,0,'South',1,7000,0,'South',1,3000,0,'South',1
'250901-MULTI-Holiday1-01',5704,93000,,'',1,7000,,'',1,3000,,'',1,7000,,'',1,3000,,'',1,7000,,'',1,3000,,'',1,7000,,'',1,3500,,'',1,6500,,'',1,3300,,'',1,6700,,'',1,3300,,'',1,6700,,'',1,3300,,'',1,6800,,'',1,3400,,'',1,6600,,'',1,3400,,'',1,6600,,'',1,3400,,'',1
'250901-MULTI-Holiday2-01',5704,93200,,'',1,7000,,'',1,3000,,'',1,7000,,'',1,3000,,'',1,7000,,'',1,3000,,'',1,7000,,'',1,3500,,'',1,6500,,'',1,3200,,'',1,6800,,'',1,3300,,'',1,6700,,'',1,3300,,'',1,6800,,'',1,3300,,'',1,6700,,'',1,3200,,'',1,6700,,'',1,3800,,'',1
'250901-MULTI-Saturday-01',5704,60100,,'',1,3000,0,'North',1,2800,,'',1,7200,0,'North',1,2800,,'',1,7200,0,'North',1,2800,,'',1,7200,0,'North',1,2800,,'',1,7200,0,'North',1,2800,,'',1,7200,0,'North',1,2800,,'',1,7200,0,'North',1,2800,,'',1,7200,0,'North',1,2800,,'',1,7200,0,'North',1,2800,,'',1,7200,0,'North',1,2800,,'',1,7200,0,'North',1,2800,,'',1,7200,0,'North',1,2800,,'',1,7200,0,'North',1,2800,,'',1
'250901-MULTI-Sunday-01',5704,93200,,'',1,7000,,'',1,3000,,'',1,7000,,'',1,3000,,'',1,7000,,'',1,3000,,'',1,7000,,'',1,3500,,'',1,6500,,'',1,3200,,'',1,6800,,'',1,3300,,'',1,6700,,'',1,3300,,'',1,6800,,'',1,3300,,'',1,6700,,'',1,3200,,'',1,6700,,'',1,3800,,'',1
'250901-MULTI-Weekday-01',5704,45200,,'',1,6500,,'',1,2500,,'',1,6600,,'',1,2500,,'',1,2500,,'',1,6500,,'',1,2500,,'',1,6500,,'',1,2500,,'',1,6500,,'',1,2200,,'',1,3000,,'',1,7000,,'',1,3000,,'',1,7000,,'',1,3000,,'',1,7000,,'',1,3000,,'',1,7100,,'',1,3000,,'',1,7700,,'',1,7000,,'',1,2000,,'',1,2500,,'',1,6500,,'',1,2500,,'',1,6500,,'',1,2500,,'',1,2500,,'',1,6400,,'',1,2500,,'',1,6500,,'',1,2300,,'',1,2500,,'',1,7000,,'',1,3000,,'',1,7000,,'',1,3000,,'',1,7000,,'',1,3000,,'',1,7000,,'',1,3000,,'',1,7000,,'',1
