1204,'251229-MULTI-Saturday-01',612,,6010,0,,1,40,,6008,0,,1,80,,6009,0,,1,80,,6011,0,,1,40,,6012,0,,1,80,,6013,0,,1,79,,6014,0,,1,40,,6015,0,,1,80,,6017,0,,1,80,,6016,0,,1,40,,6019,0,,1,80,,6018,0,,1,81,,6021,0,,1,40,,6020,0,,1,80,,6022,0,,1,80,,6023,0,,1,40,,6025,0,,1,78,,6024,0,,1,80,,6026,0,,1,40,,6027,0,,1,80,,6028,0,,1,80,,6030,0,,1,40,,6032,0,,1,80,,6029,0,,1,80,,6031,0,,1,40,,6033,0,,1,80,,6034,0,,1,80,,6035,0,,1,40,,6036,0,,1
1204,'251229-MULTI-Sunday-01',827,,6042,0,,1,80,,6037,0,,1,39,,6040,0,,1,80,,6041,0,,1,80,,6038,0,,1,40,,6039,0,,1,80,,6043,0,,1,80,,6045,0,,1,41,,6044,0,,1,80,,6047,0,,1,83,,6046,0,,1,40,,6049,0,,1,78,,6048,0,,1,80,,6050,0,,1,40,,6051,0,,1,80,,6052,0,,1,80,,6053,0,,1,38,,6054,0,,1,79,,6055,0,,1,80,,6056,0,,1,40,,6057,0,,1,80,,6058,0,,1,80,,6059,0,,1
1204,'260105-MULTI-Holiday1-01',827,,6065,0,,1,80,,6060,0,,1,39,,6063,0,,1,80,,6064,0,,1,80,,6061,0,,1,40,,6062,0,,1,80,,6066,0,,1,80,,6068,0,,1,41,,6067,0,,1,84,,6070,0,,1,79,,6069,0,,1,40,,6072,0,,1,78,,6071,0,,1,80,,6073,0,,1,40,,6074,0,,1,80,,6075,0,,1,80,,6076,0,,1,38,,6077,0,,1,79,,6078,0,,1,80,,6079,0,,1,40,,6080,0,,1,80,,6081,0,,1,80,,6082,0,,1
1204,'260105-MULTI-Saturday-01',612,,6085,0,,1,40,,6083,0,,1,80,,6084,0,,1,80,,6086,0,,1,40,,6087,0,,1,80,,6088,0,,1,79,,6089,0,,1,40,,6090,0,,1,80,,6092,0,,1,80,,6091,0,,1,40,,6094,0,,1,80,,6093,0,,1,81,,6095,0,,1,40,,6096,0,,1,80,,6097,0,,1,80,,6098,0,,1,40,,6100,0,,1,78,,6099,0,,1,80,,6101,0,,1,40,,6102,0,,1,80,,6103,0,,1,80,,6105,0,,1,40,,6107,0,,1,80,,6104,0,,1,80,,6106,0,,1,40,,6108,0,,1,80,,6109,0,,1,80,,6110,0,,1,40,,6111,0,,1
1204,'260105-MULTI-Sunday-01',827,,6117,0,,1,80,,6112,0,,1,39,,6115,0,,1,80,,6116,0,,1,80,,6113,0,,1,40,,6114,0,,1,80,,6118,0,,1,80,,6120,0,,1,41,,6119,0,,1,84,,6122,0,,1,79,,6121,0,,1,40,,6124,0,,1,78,,6123,0,,1,80,,6125,0,,1,40,,6126,0,,1,80,,6127,0,,1,80,,6128,0,,1,38,,6129,0,,1,79,,6130,0,,1,80,,6131,0,,1,40,,6132,0,,1,80,,6133,0,,1,80,,6134,0,,1
1204,'260105-MULTI-Weekday-01',554,,6135,0,,1,80,,6136,0,,1,78,,6137,0,,1,35,,6138,0,,1,77,,6139,0,,1,29,,6140,0,,1,73,,6141,0,,1,31,,6142,0,,1,79,,6143,0,,1,84,,6144,0,,1,37,,6145,0,,1,86,,6146,0,,1,82,,6147,0,,1,87,,6148,0,,1,42,,6149,0,,1,93,,6159,0,,1,75,,6160,0,,1,27,,6161,0,,1,68,,6162,0,,1,34,,6163,0,,1,67,,6164,0,,1,34,,6165,0,,1,64,,6158,0,,1,30,,6154,0,,1,79,,6150,0,,1,86,,6155,0,,1,46,,6151,0,,1,84,,6156,0,,1,85,,6152,0,,1,79,,6157,0,,1,46,,6153,0,,1
3503,'251229-MULTI-Saturday-01',854,,12338,0,,1,87,,12336,0,,1,85,,12339,0,,1,85,,12337,0,,1,46,,12340,0,,1,85,,12341,0,,1,85,,12342,0,,1,85,,12344,0,,1,45,,12345,0,,1,85,,12343,0,,1,85,,12346,0,,1,85,,12348,0,,1,45,,12349,0,,1,84,,12347,0,,1,85,,12350,0,,1,85,,12351,0,,1,45,,12352,0,,1
3503,'251229-MULTI-Sunday-01',837,,12355,0,,1,85,,12354,0,,1,86,,12362,0,,1,47,,12357,0,,1,85,,12359,0,,1,85,,12361,0,,1,85,,12356,0,,1,45,,12363,0,,1,85,,12353,0,,1,85,,12358,0,,1,85,,12360,0,,1,45,,12364,0,,1,84,,12365,0,,1,85,,12368,0,,1,85,,12366,0,,1,45,,12367,0,,1
3503,'260105-MULTI-Holiday1-01',837,,12371,0,,1,85,,12370,0,,1,86,,12378,0,,1,47,,12373,0,,1,85,,12375,0,,1,85,,12377,0,,1,85,,12372,0,,1,45,,12379,0,,1,85,,12369,0,,1,85,,12374,0,,1,85,,12376,0,,1,45,,12380,0,,1,84,,12381,0,,1,85,,12384,0,,1,85,,12382,0,,1,45,,12383,0,,1
3503,'260105-MULTI-Saturday-01',854,,12387,0,,1,87,,12385,0,,1,85,,12388,0,,1,85,,12386,0,,1,46,,12390,0,,1,85,,12389,0,,1,85,,12391,0,,1,85,,12393,0,,1,45,,12394,0,,1,85,,12392,0,,1,85,,12395,0,,1,85,,12397,0,,1,45,,12398,0,,1,84,,12396,0,,1,85,,12399,0,,1,85,,12400,0,,1,45,,12401,0,,1
3503,'260105-MULTI-Sunday-01',837,,12404,0,,1,85,,12403,0,,1,86,,12411,0,,1,47,,12406,0,,1,85,,12408,0,,1,85,,12410,0,,1,85,,12405,0,,1,45,,12412,0,,1,85,,12402,0,,1,85,,12407,0,,1,85,,12409,0,,1,45,,12413,0,,1,84,,12414,0,,1,85,,12417,0,,1,85,,12415,0,,1,45,,12416,0,,1
3503,'260105-MULTI-Weekday-01',614,,12418,0,,1,38,,12422,0,,1,76,,12419,0,,1,76,,12441,0,,1,35,,12426,0,,1,75,,12437,0,,1,33,,12444,0,,1,75,,12449,0,,1,35,,12443,0,,1,75,,12421,0,,1,80,,12442,0,,1,31,,12440,0,,1,76,,12445,0,,1,33,,12438,0,,1,76,,12447,0,,1,75,,12448,0,,1,35,,12439,0,,1,77,,12429,0,,1,36,,12428,0,,1,75,,12424,0,,1,75,,12434,0,,1,34,,12430,0,,1,73,,12433,0,,1,33,,12427,0,,1,74,,12423,0,,1,34,,12431,0,,1,75,,12432,0,,1,34,,12435,0,,1,73,,12436,0,,1,75,,12420,0,,1,35,,12425,0,,1,75,,12446,0,,1
