101,'251229-MULTI-Saturday-01',542,,12,0,,1,69,,11,0,,1,21,,9,0,,1,19,,13,0,,1,64,,2,0,,1,21,,3,0,,1,20,,5,0,,1,60,,6,0,,1,23,,1,0,,1,61,,7,0,,1,23,,4,0,,1,21,,8,0,,1,60,,10,0,,1,18,,14,0,,1,19,,15,0,,1,62,,16,0,,1,21,,26,0,,1,15,,27,0,,1,15,,28,0,,1,55,,29,0,,1,15,,31,0,,1,15,,32,0,,1,15,,33,0,,1,56,,30,0,,1,15,,34,0,,1,16,,35,0,,1,16,,36,0,,1,55,,40,0,,1,14,,37,0,,1,12,,38,0,,1,15,,39,0,,1,55,,41,0,,1,16,,42,0,,1,15,,43,0,,1,16,,45,0,,1,56,,46,0,,1,15,,47,0,,1,15,,44,0,,1,15,,48,0,,1,55,,49,0,,1,15,,50,0,,1,13,,52,0,,1,15,,53,0,,1,54,,54,0,,1,14,,51,0,,1,14,,55,0,,1,14,,56,0,,1,54,,57,0,,1,14,,58,0,,1,13,,59,0,,1,15,,60,0,,1,54,,61,0,,1,19,,62,0,,1,19,,63,0,,1,18,,65,0,,1,58,,66,0,,1,20,,67,0,,1,20,,64,0,,1,60,,68,0,,1,20,,69,0,,1,66,,20,0,,1,27,,21,0,,1,29,,22,0,,1,69,,19,0,,1,29,,23,0,,1,69,,18,0,,1,29,,25,0,,1
101,'251229-MULTI-Sunday-01',624,,73,0,,1,35,,71,0,,1,95,,70,0,,1,60,,82,0,,1,21,,83,0,,1,20,,84,0,,1,60,,85,0,,1,20,,86,0,,1,20,,87,0,,1,61,,88,0,,1,20,,89,0,,1,20,,91,0,,1,61,,92,0,,1,20,,90,0,,1,21,,94,0,,1,60,,95,0,,1,20,,93,0,,1,20,,96,0,,1,61,,97,0,,1,20,,98,0,,1,61,,99,0,,1,20,,100,0,,1,21,,101,0,,1,60,,102,0,,1,20,,103,0,,1,20,,104,0,,1,60,,105,0,,1,21,,108,0,,1,20,,109,0,,1,60,,106,0,,1,20,,107,0,,1,20,,110,0,,1,60,,111,0,,1,20,,112,0,,1,19,,113,0,,1,18,,114,0,,1,59,,115,0,,1,20,,116,0,,1,20,,118,0,,1,60,,119,0,,1,19,,120,0,,1,20,,117,0,,1,57,,121,0,,1,20,,122,0,,1,25,,123,0,,1,60,,124,0,,1,19,,125,0,,1,20,,80,0,,1,59,,77,0,,1,20,,78,0,,1,19,,76,0,,1,55,,79,0,,1,19,,81,0,,1,23,,75,0,,1
101,'260105-MULTI-Holiday1-01',624,,130,0,,1,35,,128,0,,1,95,,127,0,,1,60,,139,0,,1,21,,140,0,,1,20,,141,0,,1,60,,142,0,,1,20,,143,0,,1,20,,144,0,,1,61,,145,0,,1,20,,146,0,,1,20,,148,0,,1,61,,149,0,,1,20,,147,0,,1,21,,151,0,,1,60,,152,0,,1,20,,150,0,,1,20,,153,0,,1,61,,154,0,,1,20,,155,0,,1,61,,156,0,,1,20,,157,0,,1,21,,158,0,,1,60,,159,0,,1,20,,160,0,,1,20,,161,0,,1,60,,162,0,,1,21,,165,0,,1,20,,166,0,,1,60,,163,0,,1,20,,164,0,,1,20,,167,0,,1,60,,168,0,,1,20,,169,0,,1,19,,170,0,,1,18,,171,0,,1,59,,172,0,,1,20,,173,0,,1,20,,175,0,,1,60,,176,0,,1,19,,177,0,,1,20,,174,0,,1,57,,178,0,,1,20,,179,0,,1,25,,180,0,,1,60,,181,0,,1,19,,182,0,,1,20,,137,0,,1,59,,134,0,,1,20,,135,0,,1,19,,133,0,,1,55,,136,0,,1,19,,138,0,,1,23,,132,0,,1
101,'260105-MULTI-Saturday-01',542,,195,0,,1,69,,194,0,,1,21,,192,0,,1,19,,196,0,,1,64,,185,0,,1,21,,186,0,,1,20,,188,0,,1,60,,189,0,,1,23,,184,0,,1,61,,190,0,,1,23,,187,0,,1,21,,191,0,,1,60,,193,0,,1,18,,197,0,,1,19,,198,0,,1,62,,199,0,,1,21,,209,0,,1,15,,210,0,,1,15,,211,0,,1,55,,212,0,,1,15,,214,0,,1,15,,215,0,,1,15,,216,0,,1,56,,213,0,,1,15,,217,0,,1,16,,218,0,,1,16,,219,0,,1,55,,223,0,,1,14,,220,0,,1,12,,221,0,,1,15,,222,0,,1,55,,224,0,,1,16,,226,0,,1,15,,227,0,,1,16,,225,0,,1,56,,229,0,,1,15,,230,0,,1,15,,228,0,,1,15,,231,0,,1,55,,232,0,,1,15,,233,0,,1,13,,235,0,,1,15,,236,0,,1,54,,237,0,,1,14,,234,0,,1,14,,238,0,,1,14,,239,0,,1,54,,240,0,,1,14,,241,0,,1,13,,242,0,,1,15,,243,0,,1,54,,244,0,,1,19,,245,0,,1,19,,246,0,,1,18,,248,0,,1,58,,249,0,,1,20,,250,0,,1,20,,247,0,,1,60,,251,0,,1,20,,252,0,,1,66,,203,0,,1,27,,204,0,,1,29,,205,0,,1,69,,202,0,,1,29,,206,0,,1,69,,201,0,,1,29,,208,0,,1
101,'260105-MULTI-Sunday-01',624,,256,0,,1,35,,254,0,,1,95,,253,0,,1,60,,265,0,,1,21,,266,0,,1,20,,267,0,,1,60,,268,0,,1,20,,269,0,,1,20,,270,0,,1,61,,271,0,,1,20,,272,0,,1,20,,274,0,,1,61,,275,0,,1,20,,273,0,,1,21,,277,0,,1,60,,278,0,,1,20,,276,0,,1,20,,279,0,,1,61,,280,0,,1,20,,281,0,,1,61,,282,0,,1,20,,283,0,,1,21,,284,0,,1,60,,285,0,,1,20,,286,0,,1,20,,287,0,,1,60,,288,0,,1,21,,291,0,,1,20,,292,0,,1,60,,289,0,,1,20,,290,0,,1,20,,293,0,,1,60,,294,0,,1,20,,295,0,,1,19,,296,0,,1,18,,297,0,,1,59,,298,0,,1,20,,299,0,,1,20,,301,0,,1,60,,302,0,,1,19,,303,0,,1,20,,300,0,,1,57,,304,0,,1,20,,305,0,,1,25,,306,0,,1,60,,307,0,,1,19,,308,0,,1,20,,263,0,,1,59,,260,0,,1,20,,261,0,,1,19,,259,0,,1,55,,262,0,,1,19,,264,0,,1,23,,258,0,,1
101,'260105-MULTI-Weekday-01',409,,317,0,,1,18,,318,0,,1,22,,315,0,,1,63,,313,0,,1,20,,312,0,,1,71,,311,0,,1,20,,314,0,,1,8,,316,0,,1,77,,327,0,,1,25,,328,0,,1,23,,329,0,,1,65,,322,0,,1,14,,325,0,,1,75,,320,0,,1,21,,326,0,,1,22,,321,0,,1,5,,323,0,,1,90,,337,0,,1,67,,338,0,,1,42,,339,0,,1,69,,340,0,,1,28,,341,0,,1,68,,342,0,,1,84,,343,0,7,1,27,,344,0,,1,79,,345,0,,1,21,,346,0,,1,67,,347,0,7,1,36,,356,0,,1,65,,360,0,,1,22,,361,0,,1,24,,362,0,,1,64,,363,0,,1,19,,364,0,,1,23,,365,0,,1,57,,366,0,,1,15,,367,0,,1,23,,368,0,,1,9,,369,0,,1,66,,370,0,,1,22,,371,0,,1,69,,372,0,,1,24,,373,0,,1,19,,374,0,,1,62,,375,0,,1,24,,387,0,,1,78,,388,0,,1,27,,390,0,,1,84,,391,0,,1,75,,392,0,,1,32,,389,0,,1,74,,393,0,,1
3104,'251229-MULTI-Saturday-01',815,,12041,0,,1,90,,12043,0,5,1,10,,12040,0,,1,89,,12032,0,,1,1,,12044,0,5,1,107,,12031,0,,1,1,,12045,0,5,1,104,,12033,0,,1,1,,12046,0,5,1,104,,12034,0,,1,1,,12047,0,5,1,103,,12035,0,,1,1,,12048,0,5,1,105,,12036,0,,1,1,,12049,0,5,1,104,,12037,0,,1,1,,12050,0,5,1,104,,12038,0,,1,1,,12051,0,5,1,103,,12039,0,,1,1,,12052,0,5,1,101,,12042,0,,1,1,,12053,0,5,1
3104,'251229-MULTI-Sunday-01',916,,12063,0,,1,92,,12062,0,,1,105,,12061,0,,1,105,,12060,0,,1,105,,12059,0,,1,105,,12058,0,,1,105,,12057,0,,1,105,,12054,0,,1,105,,12056,0,,1,105,,12055,0,,1
3104,'260105-MULTI-Holiday1-01',916,,12082,0,,1,92,,12081,0,,1,105,,12080,0,,1,105,,12079,0,,1,105,,12078,0,,1,105,,12077,0,,1,105,,12076,0,,1,105,,12073,0,,1,105,,12075,0,,1,105,,12074,0,,1
3104,'260105-MULTI-Saturday-01',815,,12102,0,,1,90,,12104,0,5,1,10,,12101,0,,1,89,,12093,0,,1,1,,12105,0,5,1,107,,12092,0,,1,1,,12106,0,5,1,104,,12094,0,,1,1,,12107,0,5,1,104,,12095,0,,1,1,,12109,0,5,1,103,,12096,0,,1,1,,12110,0,5,1,105,,12097,0,,1,1,,12108,0,5,1,104,,12098,0,,1,1,,12111,0,5,1,104,,12099,0,,1,1,,12112,0,5,1,103,,12100,0,,1,1,,12113,0,5,1,101,,12103,0,,1,1,,12114,0,5,1
3104,'260105-MULTI-Sunday-01',916,,12124,0,,1,92,,12123,0,,1,105,,12122,0,,1,105,,12121,0,,1,105,,12120,0,,1,105,,12119,0,,1,105,,12118,0,,1,105,,12115,0,,1,105,,12117,0,,1,105,,12116,0,,1
3104,'260105-MULTI-Weekday-01',511,,12135,0,,1,32,,12143,0,,1,73,,12166,0,5,1,1,,12144,0,,1,33,,12145,0,,1,71,,12167,0,5,1,1,,12142,0,,1,32,,12146,0,,1,71,,12168,0,5,1,1,,12147,0,,1,32,,12148,0,,1,71,,12169,0,5,1,1,,12149,0,,1,72,,12150,0,,1,31,,12151,0,,1,71,,12153,0,,1,32,,12154,0,,1,1,,12171,0,5,1,71,,12152,0,,1,32,,12156,0,,1,1,,12172,0,5,1,71,,12157,0,,1,32,,12155,0,,1,1,,12173,0,5,1,71,,12158,0,,1,32,,12159,0,,1,1,,12174,0,5,1,71,,12160,0,,1,32,,12161,0,,1,1,,12175,0,5,1,72,,12162,0,,1,32,,12163,0,,1,72,,12164,0,,1,72,,12165,0,,1,31,,12140,0,,1,26,,12178,0,5,1,45,,12141,0,,1,31,,12136,0,,1,74,,12179,0,5,1,4,,12134,0,,1,105,,12180,0,5,1,4,,12139,0,,1,100,,12137,0,,1,100,,12138,0,,1
