2901,'Holiday1',550,,7393,1,,,1,75,,7392,1,,,1,75,,7379,1,,,1,35,,7384,1,,,1,75,,7385,1,,,1,35,,7381,1,,,1,75,,7382,1,,,1,35,,7386,1,,,1,75,,7383,1,,,1,75,,7387,1,,,1,35,,7380,1,,,1,75,,7372,1,,,1,35,,7378,1,,,1,75,,7374,1,,,1,75,,7377,1,,,1,35,,7376,1,,,1,75,,7375,1,,,1,35,,7373,1,,,1,75,,7371,1,,,1,35,,7370,1,,,1,75,,7368,1,,,1,75,,7369,1,,,1,35,,7388,1,,,1,75,,7389,1,,,1,35,,7391,1,,,1,75,,7390,1,,,1,90,,7395,1,,,1,90,,7394,1,,,1,50,,7396,1,,,1,90,,7397,1,,,1
2901,'Saturday',525,,7407,1,,,1,25,,7398,1,,,1,65,,7408,1,,,1,25,,7409,1,,,1,65,,7410,1,,,1,25,,7411,1,,,1,25,,7412,1,,,1,65,,7413,1,,,1,25,,7414,1,,,1,65,,7415,1,,,1,25,,7416,1,,,1,65,,7417,1,,,1,25,,7418,1,,,1,25,,7419,1,,,1,65,,7421,1,,,1,25,,7422,1,,,1,65,,7423,1,,,1,25,,7420,1,,,1,25,,7424,1,,,1,65,,7426,1,,,1,25,,7428,1,,,1,65,,7429,1,,,1,25,,7430,1,,,1,65,,7427,1,,,1,25,,7431,1,,,1,25,,7425,1,,,1,65,,7432,1,,,1,25,,7433,1,,,1,65,,7434,1,,,1,25,,7435,1,,,1,25,,7436,1,,,1,65,,7437,1,,,1,32,,7400,1,,,1,73,,7399,1,,,1,75,,7401,1,,,1,29,,7403,1,,,1,81,,7402,1,,,1,93,,7404,1,,,1,47,,7405,1,,,1,90,,7406,1,,,1
2901,'Sunday',550,,7463,1,,,1,75,,7462,1,,,1,75,,7449,1,,,1,35,,7454,1,,,1,75,,7455,1,,,1,35,,7451,1,,,1,75,,7452,1,,,1,35,,7456,1,,,1,75,,7453,1,,,1,75,,7457,1,,,1,35,,7450,1,,,1,75,,7442,1,,,1,35,,7448,1,,,1,75,,7444,1,,,1,75,,7447,1,,,1,35,,7446,1,,,1,75,,7445,1,,,1,35,,7443,1,,,1,75,,7441,1,,,1,35,,7440,1,,,1,75,,7438,1,,,1,75,,7439,1,,,1,35,,7458,1,,,1,75,,7459,1,,,1,35,,7461,1,,,1,75,,7460,1,,,1,90,,7465,1,,,1,90,,7464,1,,,1,50,,7466,1,,,1,90,,7467,1,,,1
2901,'Weekday',500,,7469,1,0,5,1,16,,7468,1,0,5,1,16,,7471,1,0,5,1,11,,7498,1,0,5,1,5,,7500,1,0,5,1,56,,7502,1,0,5,1,16,,7503,1,0,5,1,16,,7513,1,0,5,1,16,,7512,1,0,5,1,56,,7508,1,0,5,1,16,,7507,1,0,5,1,6,,7499,1,0,5,1,10,,7506,1,0,5,1,16,,7505,1,0,5,1,56,,7509,1,0,5,1,16,,7511,1,0,5,1,16,,7510,1,0,5,1,59,,7504,1,0,5,1,25,,7470,1,,,1,26,,7472,1,,,1,64,,7473,1,,,1,25,,7474,1,,,1,65,,7475,1,,,1,25,,7476,1,,,1,25,,7477,1,,,1,65,,7478,1,,,1,25,,7479,1,,,1,65,,7480,1,,,1,25,,7481,1,,,1,62,,7482,1,0,5,1,15,,7483,1,0,5,1,18,,7514,1,0,5,1,18,,7515,1,0,5,1,58,,7516,1,0,5,1,18,,7517,1,0,5,1,18,,7518,1,0,5,1,58,,7519,1,0,5,1,18,,7520,1,0,5,1,18,,7521,1,0,5,1,18,,7522,1,0,5,1,58,,7523,1,0,5,1,18,,7524,1,0,5,1,18,,7525,1,0,5,1,58,,7526,1,0,5,1,18,,7527,1,0,5,1,18,,7528,1,0,5,1,58,,7529,1,0,5,1,18,,7501,1,0,5,1,13,,7484,1,0,5,1,15,,7485,1,0,5,1,55,,7486,1,0,5,1,23,,7487,1,,,1,30,,7488,1,,,1,75,,7489,1,,,1,70,,7490,1,,,1,32,,7491,1,,,1,70,,7492,1,,,1,30,,7493,1,,,1,70,,7494,1,,,1,30,,7495,1,,,1,70,,7496,1,,,1
2902,'Holiday1',725,,7530,54,4,,1,75,,7531,54,4,,1,38,,7534,54,4,,1,76,,7535,54,4,,1,35,,7536,54,4,,1,75,,7532,54,4,,1,76,,7533,54,4,,1,35,,7538,54,4,,1,75,,7540,54,4,,1,35,,7537,54,4,,1,75,,7541,54,4,,1,35,,7539,54,4,,1,77,,7542,54,4,,1,75,,7544,54,4,,1,35,,7545,54,4,,1,76,,7546,54,4,,1,35,,7543,54,4,,1,75,,7547,54,4,,1,75,,7548,54,4,,1,35,,7549,54,4,,1,75,,7550,54,4,,1,33,,7551,54,4,,1,75,,7553,54,4,,1,32,,7552,54,4,,1,74,,7554,54,4,,1,74,,7558,54,4,,1,50,,7556,54,4,,1,90,,7557,54,4,,1,90,,7555,54,4,,1
2902,'Saturday',655,,7565,54,4,,1,65,,7573,54,4,,1,26,,7575,54,4,,1,67,,7576,54,4,,1,25,,7574,54,4,,1,66,,7577,54,4,,1,26,,7578,54,4,,1,25,,7579,54,4,,1,66,,7580,54,4,,1,31,,7581,54,4,,1,64,,7584,54,4,,1,26,,7582,54,4,,1,65,,7583,54,4,,1,25,,7585,54,4,,1,25,,7586,54,4,,1,65,,7587,54,4,,1,25,,7588,54,4,,1,67,,7589,54,4,,1,25,,7590,54,4,,1,65,,7591,54,4,,1,25,,7592,54,4,,1,25,,7594,54,4,,1,67,,7595,54,4,,1,25,,7596,54,4,,1,65,,7593,54,4,,1,25,,7572,54,4,,1,65,,7569,54,4,,1,24,,7571,54,4,,1,23,,7570,54,4,,1,67,,7568,54,4,,1,28,,7567,54,4,,1,82,,7560,54,4,,1,75,,7561,54,4,,1,32,,7559,54,4,,1,69,,7563,54,4,,1,39,,7564,54,4,,1,90,,7562,54,4,,1,90,,7566,54,4,,1
2902,'Sunday',725,,7597,54,4,,1,75,,7598,54,4,,1,38,,7601,54,4,,1,76,,7602,54,4,,1,35,,7603,54,4,,1,75,,7599,54,4,,1,76,,7600,54,4,,1,35,,7604,54,4,,1,75,,7606,54,4,,1,35,,7607,54,4,,1,75,,7608,54,4,,1,35,,7605,54,4,,1,77,,7609,54,4,,1,75,,7611,54,4,,1,35,,7612,54,4,,1,76,,7613,54,4,,1,35,,7610,54,4,,1,75,,7614,54,4,,1,75,,7615,54,4,,1,35,,7616,54,4,,1,75,,7617,54,4,,1,33,,7618,54,4,,1,75,,7620,54,4,,1,32,,7619,54,4,,1,74,,7621,54,4,,1,74,,7625,54,4,,1,50,,7623,54,4,,1,90,,7624,54,4,,1,90,,7622,54,4,,1
2902,'Weekday',628,,7627,54,4,,1,72,,7626,63,4,,1,16,,7662,63,4,,1,16,,7659,63,4,,1,17,,7658,63,4,,1,56,,7655,63,4,,1,16,,7654,63,4,,1,16,,7657,63,4,,1,16,,7656,63,4,,1,55,,7661,63,4,,1,15,,7660,63,4,,1,14,,7664,63,4,,1,14,,7663,63,4,,1,58,,7666,63,4,,1,16,,7665,63,4,,1,24,,7628,54,4,,1,65,,7629,54,4,,1,25,,7630,54,4,,1,66,,7631,54,4,,1,28,,7632,54,4,,1,22,,7633,54,4,,1,65,,7634,54,4,,1,25,,7635,54,4,,1,65,,7636,54,4,,1,29,,7637,54,4,,1,78,,7638,54,4,,1,20,,7640,63,4,,1,3,,7652,41,4,,1,11,,7641,63,4,,1,59,,7667,63,4,,1,18,,7668,63,4,,1,18,,7669,63,4,,1,54,,7653,63,4,,1,4,,7670,63,4,,1,18,,7671,63,4,,1,18,,7672,63,4,,1,18,,7673,63,4,,1,56,,7674,63,4,,1,16,,7675,63,4,,1,18,,7676,63,4,,1,56,,7677,63,4,,1,18,,7678,63,4,,1,16,,7679,63,4,,1,17,,7680,63,4,,1,57,,7681,63,4,,1,15,,7682,63,4,,1,17,,7683,63,4,,1,15,,7639,63,4,,1,65,,7644,54,4,,1,33,,7645,54,4,,1,72,,7646,54,4,,1,72,,7647,54,4,,1,28,,7648,54,4,,1,29,,7649,54,4,,1,70,,7650,54,4,,1,30,,7651,54,4,,1,70,,7642,54,4,,1,30,,7643,54,4,,1
21500,'Weekday',721,,11247,1,,,1
21501,'Weekday',1514,,11248,48,4,,1
