101,'Holiday1',602,,4,,,1,130,,1,,,1,20,,13,,,1,61,,14,,,1,20,,15,,,1,20,,16,,,1,60,,17,,,1,20,,18,,,1,20,,19,,,1,60,,20,,,1,20,,22,,,1,20,,23,,,1,60,,21,,,1,21,,25,,,1,20,,26,,,1,60,,24,,,1,20,,27,,,1,20,,28,,,1,60,,29,,,1,21,,30,,,1,20,,31,,,1,61,,32,,,1,20,,33,,,1,20,,34,,,1,60,,35,,,1,20,,36,,,1,20,,39,,,1,60,,40,,,1,20,,37,,,1,21,,38,,,1,60,,41,,,1,20,,42,,,1,20,,43,,,1,59,,44,,,1,18,,45,,,1,20,,46,,,1,60,,47,,,1,20,,49,,,1,20,,50,,,1,59,,51,,,1,20,,48,,,1,19,,52,,,1,60,,53,,,1,25,,54,,,1,20,,55,,,1,60,,56,,,1,20,,11,,,1,19,,8,,,1,60,,9,,,1,19,,7,,,1,15,,10,,,1,60,,12,,,1,23,,6,,,1
101,'Saturday',549,,68,,,1,60,,66,,,1,19,,70,,,1,24,,59,,,1,61,,60,,,1,20,,62,,,1,20,,63,,,1,63,,58,,,1,21,,64,,,1,63,,61,,,1,21,,65,,,1,19,,67,,,1,18,,71,,,1,59,,72,,,1,22,,73,,,1,61,,83,,,1,15,,84,,,1,15,,85,,,1,15,,86,,,1,55,,88,,,1,15,,89,,,1,15,,90,,,1,15,,87,,,1,55,,91,,,1,16,,92,,,1,16,,93,,,1,15,,97,,,1,12,,94,,,1,52,,95,,,1,15,,96,,,1,15,,98,,,1,16,,100,,,1,55,,101,,,1,16,,99,,,1,15,,103,,,1,15,,104,,,1,55,,102,,,1,15,,105,,,1,15,,106,,,1,15,,107,,,1,53,,109,,,1,15,,110,,,1,15,,111,,,1,14,,108,,,1,55,,112,,,1,14,,113,,,1,15,,114,,,1,15,,115,,,1,54,,116,,,1,15,,117,,,1,14,,118,,,1,20,,119,,,1,59,,120,,,1,18,,122,,,1,19,,123,,,1,60,,124,,,1,20,,121,,,1,20,,125,,,1,60,,126,,,1,26,,77,,,1,68,,78,,,1,29,,79,,,1,69,,76,,,1,29,,80,,,1,70,,75,,,1,29,,82,,,1
101,'Sunday',602,,130,,,1,130,,127,,,1,20,,139,,,1,61,,140,,,1,20,,141,,,1,20,,142,,,1,60,,143,,,1,20,,144,,,1,20,,145,,,1,60,,146,,,1,20,,148,,,1,20,,149,,,1,60,,147,,,1,21,,151,,,1,20,,152,,,1,60,,150,,,1,20,,153,,,1,20,,154,,,1,60,,155,,,1,21,,156,,,1,20,,157,,,1,61,,158,,,1,20,,159,,,1,20,,160,,,1,60,,161,,,1,20,,162,,,1,20,,165,,,1,60,,166,,,1,20,,163,,,1,21,,164,,,1,60,,167,,,1,20,,168,,,1,20,,169,,,1,59,,170,,,1,18,,171,,,1,20,,172,,,1,60,,173,,,1,20,,175,,,1,20,,176,,,1,59,,177,,,1,20,,174,,,1,19,,178,,,1,60,,179,,,1,25,,180,,,1,20,,181,,,1,60,,182,,,1,20,,137,,,1,19,,134,,,1,60,,135,,,1,19,,133,,,1,15,,136,,,1,60,,138,,,1,23,,132,,,1
101,'Weekday',404,,192,,,1,22,,189,,,1,20,,187,,,1,58,,186,,,1,31,,185,,,1,20,,188,,,1,48,,190,,,1,25,,184,0,5,1,12,,201,,,1,10,,204,0,5,1,55,,202,,,1,12,,205,0,5,1,11,,203,,,1,11,,206,0,5,1,14,,196,,,1,52,,207,0,5,1,2,,199,,,1,20,,208,0,5,1,15,,194,,,1,8,,209,0,5,1,53,,200,,,1,9,,210,0,5,1,13,,195,,,1,5,,197,,,1,14,,198,0,5,1,63,,222,0,5,1,13,,211,,,1,7,,223,0,5,1,20,,212,,,1,62,,224,0,5,1,20,,213,,,1,12,,225,0,5,1,15,,214,,,1,52,,226,0,5,1,16,,215,,,1,21,,227,0,5,1,7,,216,,,1,68,,228,0,5,1,16,,217,0,7,1,16,,229,0,5,1,50,,218,,,1,22,,231,0,5,1,16,,219,,,1,10,,232,0,5 7,1,51,,220,,,1,23,,233,0,5,1,5,,221,0,7,1,27,,250,0,5,1,48,,230,,,1,17,,251,0,5,1,8,,234,,,1,15,,252,0,5,1,7,,235,,,1,53,,253,0,5,1,11,,236,,,1,6,,254,0,5,1,21,,237,,,1,6,,255,0,5,1,54,,238,,,1,6,,256,0,5,1,17,,239,,,1,6,,257,0,5,1,12,,240,,,1,8,,258,0,5,1,8,,241,,,1,54,,259,0,5,1,9,,242,,,1,9,,243,,,1,7,,260,0,5,1,19,,244,,,1,62,,245,,,1,30,,246,,,1,64,,247,,,1,19,,248,,,1,22,,249,,,1,64,,261,,,1,38,,262,,,1,67,,264,,,1,84,,265,,,1,35,,266,,,1,72,,263,,,1,34,,267,,,1
1003,'Weekday',607,,3524,,,1,32,,3519,,,1,62,,3529,,,1,32,,3521,,,1,23,,3516,,,1,56,,3522,,,1,31,,3518,,,1,66,,3527,,,1,24,,3520,,,1,24,,3517,,,1,62,,3523,,,1,86,,3532,,,1,96,,3526,,,1,55,,3531,,,1,94,,3525,,,1,87,,3530,,,1,70,,3528,,,1,28,,3534,,,1,18,,3533,,,1,64,,3535,,,1,27,,3536,,,1,70,,3537,,,1,29,,3538,,,1,57,,3539,,,1,29,,3540,,,1,22,,3541,,,1,67,,3542,,,1,23,,3543,,,1
1303,'Saturday',831,,4318,,,1,100,,4319,,,1,101,,4320,,,1,100,,4321,,,1,101,,4324,,,1,100,,4325,,,1,100,,4326,,,1,100,,4323,,,1,100,,4327,,,1,99,,4328,,,1,100,,4322,,,1,100,,4317,,,1
1303,'Weekday',513,,4331,,,1,43,,4332,,,1,89,,4333,,,1,87,,4329,,,1,87,,4330,,,1,87,,4334,,,1,42,,4335,,,1,83,,4336,,,1,85,,4337,,,1,85,,4338,,,1,42,,4339,,,1,84,,4340,,,1,86,,4341,,,1,45,,4343,,,1,86,,4344,,,1,87,,4345,,,1,87,,4342,,,1,85,,4346,,,1,45,,4347,,,1,83,,4348,,,1
1803,'Holiday1',405,,5760,0,5,1,402,,5727,,,1,33,,5730,,,1,73,,5739,,,1,33,,5732,,,1,73,,5734,,,1,25,,5758,,,1,61,,5750,,,1,21,,5731,,,1,33,,5751,,,1,54,,5761,0,5,1,20,,5756,,,1,10,,5762,0,5,1,63,,5747,,,1,34,,5745,,,1,73,,5743,,,1,33,,5733,,,1,73,,5735,,,1,33,,5737,,,1,73,,5757,,,1,33,,5753,,,1,73,,5748,,,1,73,,5746,,,1,33,,5741,,,1,73,,5742,,,1,33,,5738,,,1,71,,5729,,,1,33,,5736,,,1,72,,5754,,,1,33,,5752,,,1,72,,5755,,,1,33,,5749,,,1,71,,5744,,,1,73,,5740,,,1
1803,'Saturday',402,,5814,0,5,1,232,,5790,,,1,20,,5770,,,1,60,,5817,,,1,20,,5767,,,1,20,,5818,,,1,64,,5794,,,1,26,,5793,,,1,62,,5778,,,1,20,,5769,,,1,20,,5771,,,1,60,,5780,,,1,20,,5763,,,1,20,,5792,,,1,60,,5774,,,1,21,,5765,,,1,20,,5766,,,1,61,,5772,,,1,3,,5821,0,5,1,17,,5781,,,1,12,,5822,0,5,1,8,,5764,,,1,55,,5783,,,1,25,,5775,,,1,20,,5768,,,1,60,,5777,,,1,20,,5776,,,1,20,,5789,,,1,60,,5773,,,1,20,,5787,,,1,20,,5788,,,1,60,,5791,,,1,20,,5784,,,1,20,,5782,,,1,60,,5785,,,1,20,,5786,,,1,20,,5800,,,1,61,,5795,,,1,21,,5796,,,1,20,,5798,,,1,59,,5797,,,1,20,,5801,,,1,20,,5799,,,1,60,,5803,,,1,19,,5805,,,1,20,,5804,,,1,60,,5815,,,1,16,,5802,,,1,24,,5807,,,1,64,,5806,,,1,17,,5816,,,1,16,,5809,,,1,73,,5808,,,1,30,,5812,,,1,70,,5810,,,1,30,,5811,,,1,74,,5813,,,1
1803,'Sunday',405,,5857,0,5,1,402,,5824,,,1,33,,5827,,,1,73,,5836,,,1,33,,5829,,,1,73,,5831,,,1,25,,5855,,,1,61,,5847,,,1,21,,5828,,,1,33,,5848,,,1,54,,5858,0,5,1,20,,5853,,,1,10,,5859,0,5,1,63,,5844,,,1,34,,5842,,,1,73,,5840,,,1,33,,5830,,,1,73,,5832,,,1,33,,5834,,,1,73,,5854,,,1,33,,5850,,,1,73,,5845,,,1,73,,5843,,,1,33,,5838,,,1,73,,5839,,,1,33,,5835,,,1,71,,5826,,,1,33,,5833,,,1,72,,5851,,,1,33,,5849,,,1,72,,5852,,,1,33,,5846,,,1,71,,5841,,,1,73,,5837,,,1
1803,'Weekday',359,,5866,0,5,1,151,,5865,,,1,10,,5916,,,1,10,,5908,,,1,10,,5907,,,1,10,,5906,,,1,51,,5905,,,1,12,,5915,,,1,10,,5919,,,1,10,,5918,,,1,10,,5928,,,1,10,,5925,,,1,50,,5926,,,1,10,,5923,,,1,10,,5910,,,1,10,,5920,,,1,10,,5922,,,1,10,,5917,,,1,50,,5912,,,1,11,,5913,,,1,7,,5911,,,1,5,,5966,0,5,1,9,,5914,,,1,10,,5927,,,1,10,,5924,,,1,50,,5921,,,1,9,,5909,,,1,12,,5868,,,1,12,,5870,,,1,17,,5871,,,1,58,,5872,,,1,17,,5873,,,1,17,,5874,,,1,57,,5875,,,1,17,,5876,,,1,16,,5897,0,5,1,5,,5877,,,1,13,,5879,,,1,58,,5878,,,1,16,,5880,,,1,17,,5881,,,1,57,,5882,,,1,18,,5883,,,1,17,,5884,,,1,17,,5885,,,1,57,,5886,,,1,14,,5931,,,1,12,,5932,,,1,12,,5933,,,1,53,,5934,,,1,13,,5935,,,1,12,,5936,,,1,12,,5937,,,1,12,,5938,,,1,48,,5967,0,5,1,8,,5939,,,1,9,,5940,,,1,14,,5941,,,1,12,,5942,,,1,7,,5968,0,5,1,8,,5943,,,1,49,,5944,,,1,12,,5945,,,1,12,,5946,,,1,12,,5947,,,1,12,,5948,,,1,51,,5949,,,1,12,,5950,,,1,12,,5951,,,1,12,,5952,,,1,12,,5953,,,1,51,,5954,,,1,10,,5955,,,1,12,,5956,,,1,12,,5957,,,1,12,,5958,,,1,52,,5959,,,1,12,,5960,,,1,12,,5961,,,1,12,,5962,,,1,12,,5963,,,1,51,,5964,,,1,11,,5965,,,1,10,,5887,,,1,18,,5890,,,1,60,,5895,,,1,20,,5889,,,1,20,,5900,,,1,10,,5904,,,1,50,,5899,,,1,20,,5869,,,1,20,,5896,,,1,60,,5892,,,1,20,,5891,,,1,20,,5898,,,1,60,,5894,,,1,20,,5903,,,1,22,,5901,,,1,58,,5888,,,1,20,,5902,,,1,20,,5893,,,1
1804,'Holiday1',707,,5970,,,1,34,,5972,,,1,72,,5974,,,1,33,,5976,,,1,74,,5973,,,1,7,,6002,0,5,1,19,,6001,,,1,58,,5977,,,1,18,,5975,,,1,34,,5979,,,1,73,,5980,,,1,13,,6004,,,1,61,,5981,,,1,32,,5978,,,1,73,,5982,,,1,33,,5983,,,1,73,,5985,,,1,33,,5987,,,1,73,,5988,,,1,33,,5989,,,1,73,,5986,,,1,33,,5990,,,1,73,,5984,,,1,73,,5993,,,1,33,,5994,,,1,73,,5995,,,1,1,,6005,0,5,1,32,,5991,,,1,13,,6003,0,5,1,59,,5992,,,1,35,,5996,,,1,72,,5997,,,1,33,,5998,,,1,73,,5999,,,1,73,,6000,,,1,31,,5971,,,1,73,,5969,,,1
1804,'Saturday',630,,6011,,,1,20,,6066,,,1,60,,6064,,,1,25,,6062,,,1,20,,6063,,,1,61,,6061,,,1,21,,6021,,,1,67,,6034,,,1,21,,6059,,,1,1,,6060,,,1,18,,6033,,,1,60,,6017,,,1,17,,6009,,,1,20,,6007,,,1,60,,6016,,,1,21,,6022,,,1,20,,6006,,,1,60,,6023,,,1,21,,6012,,,1,20,,6008,,,1,61,,6010,,,1,20,,6018,,,1,20,,6025,,,1,60,,6020,,,1,20,,6024,,,1,20,,6019,,,1,60,,6015,,,1,20,,6014,,,1,20,,6030,,,1,60,,6027,,,1,20,,6028,,,1,20,,6029,,,1,60,,6031,,,1,20,,6032,,,1,20,,6037,,,1,60,,6035,,,1,20,,6038,,,1,20,,6036,,,1,60,,6039,,,1,6,,6067,,,1,11,,6040,,,1,19,,6041,,,1,15,,6058,,,1,45,,6042,,,1,20,,6043,,,1,20,,6049,,,1,60,,6044,,,1,13,,6048,,,1,13,,6045,,,1,26,,6047,,,1,70,,6046,,,1,27,,6051,,,1,70,,6052,,,1,30,,6053,,,1,68,,6050,,,1,30,,6054,,,1,70,,6055,,,1,30,,6057,,,1,67,,6056,,,1
1804,'Sunday',707,,6069,,,1,34,,6071,,,1,72,,6073,,,1,33,,6075,,,1,74,,6072,,,1,7,,6101,0,5,1,19,,6100,,,1,58,,6076,,,1,18,,6074,,,1,34,,6078,,,1,73,,6079,,,1,13,,6103,,,1,61,,6080,,,1,32,,6077,,,1,73,,6081,,,1,33,,6082,,,1,73,,6084,,,1,33,,6086,,,1,73,,6087,,,1,33,,6088,,,1,73,,6085,,,1,33,,6089,,,1,73,,6083,,,1,73,,6092,,,1,33,,6093,,,1,73,,6094,,,1,1,,6104,0,5,1,32,,6090,,,1,13,,6102,0,5,1,59,,6091,,,1,35,,6095,,,1,72,,6096,,,1,33,,6097,,,1,73,,6098,,,1,73,,6099,,,1,31,,6070,,,1,73,,6068,,,1
1804,'Weekday',439,,6108,,,1,7,,6109,,,1,7,,6111,,,1,47,,6110,,,1,4,,6212,,,1,6,,6167,,,1,10,,6168,,,1,10,,6169,,,1,10,,6170,,,1,10,,6171,,,1,50,,6172,,,1,10,,6173,,,1,10,,6174,,,1,10,,6175,,,1,10,,6176,,,1,10,,6177,,,1,50,,6178,,,1,9,,6153,,,1,11,,6152,,,1,10,,6164,,,1,10,,6163,,,1,10,,6166,,,1,50,,6165,,,1,12,,6161,,,1,11,,6159,,,1,11,,6160,,,1,10,,6157,,,1,10,,6156,,,1,50,,6155,,,1,9,,6154,,,1,10,,6162,,,1,11,,6158,,,1,12,,6113,,,1,55,,6142,0,5,1,8,,6114,,,1,11,,6115,,,1,17,,6116,,,1,17,,6117,,,1,58,,6118,,,1,17,,6119,,,1,17,,6120,,,1,57,,6121,,,1,17,,6122,,,1,17,,6123,,,1,17,,6124,,,1,57,,6125,,,1,17,,6126,,,1,17,,6127,,,1,57,,6128,,,1,17,,6129,,,1,14,,6179,,,1,12,,6180,,,1,12,,6181,,,1,52,,6182,,,1,12,,6183,,,1,10,,6184,,,1,12,,6185,,,1,12,,6186,,,1,52,,6187,,,1,12,,6188,,,1,12,,6189,,,1,12,,6190,,,1,12,,6191,,,1,52,,6192,,,1,11,,6193,,,1,12,,6194,,,1,12,,6195,,,1,12,,6196,,,1,52,,6197,,,1,5,,6213,,,1,7,,6198,,,1,12,,6199,,,1,12,,6200,,,1,12,,6201,,,1,52,,6202,,,1,12,,6203,,,1,12,,6204,,,1,12,,6205,,,1,12,,6206,,,1,52,,6207,,,1,12,,6208,,,1,12,,6209,,,1,12,,6210,,,1,12,,6151,,,1,53,,6131,,,1,9,,6132,,,1,17,,6130,,,1,14,,6138,,,1,58,,6145,,,1,20,,6139,,,1,20,,6140,,,1,11,,6147,,,1,49,,6146,,,1,19,,6149,,,1,20,,6143,,,1,60,,6135,,,1,6,,6136,,,1,14,,6148,,,1,16,,6150,,,1,11,,6134,,,1,53,,6144,,,1,20,,6137,,,1,20,,6133,,,1,60,,6112,,,1,20,,6141,,,1
20801,'Weekday',1503,,11362,,,1
