204,'251229-MULTI-Saturday-01',550,,1023,0,,1,70,,1022,0,,1,31,,1021,0,,1,69,,1059,0,,1,37,,1056,0,,1,69,,1055,0,,1,32,,1058,0,,1,70,,1057,0,,1,31,,1054,0,,1,70,,1053,0,,1,30,,1049,0,,1,70,,1052,0,,1,71,,1051,0,,1,30,,1060,0,,1,71,,1050,0,,1,30,,1048,0,,1,71,,1044,0,,1,30,,1043,0,,1,70,,1047,0,,1,30,,1046,0,,1,70,,1045,0,,1,30,,1042,0,,1,70,,1041,0,,1,31,,1037,0,,1,69,,1040,0,,1,30,,1035,0,,1,68,,1039,0,,1,28,,1038,0,,1,28,,1036,0,,1,70,,1034,0,,1,28,,1030,0,,1,69,,1033,0,,1,30,,1032,0,,1,70,,1031,0,,1,28,,1029,0,,1,70,,1026,0,,1,30,,1028,0,,1,70,,1027,0,,1,29,,1024,0,,1,70,,1025,0,,1
204,'251229-MULTI-Sunday-01',742,,1061,0,,1,74,,1063,0,,1,33,,1064,0,,1,73,,1065,0,,1,34,,1066,0,,1,75,,1067,0,,1,73,,1068,0,,1,34,,1069,0,,1,73,,1070,0,,1,34,,1071,0,,1,73,,1073,0,,1,33,,1074,0,,1,73,,1075,0,,1,33,,1072,0,,1,73,,1077,0,,1,73,,1078,0,,1,33,,1079,0,,1,73,,1076,0,,1,33,,1091,0,,1,73,,1090,0,,1,32,,1089,0,,1,73,,1086,0,,1,31,,1088,0,,1,72,,1087,0,,1,32,,1084,0,,1,72,,1083,0,,1,73,,1085,0,,1,33,,1080,0,,1,72,,1082,0,,1,33,,1081,0,,1,73,,1062,0,,1
204,'260105-MULTI-Holiday1-01',742,,1092,0,,1,74,,1094,0,,1,33,,1095,0,,1,73,,1096,0,,1,34,,1097,0,,1,75,,1098,0,,1,73,,1099,0,,1,34,,1100,0,,1,73,,1101,0,,1,34,,1102,0,,1,73,,1104,0,,1,33,,1105,0,,1,73,,1106,0,,1,33,,1103,0,,1,73,,1108,0,,1,73,,1109,0,,1,33,,1110,0,,1,73,,1107,0,,1,33,,1122,0,,1,73,,1118,0,,1,32,,1121,0,,1,73,,1117,0,,1,31,,1120,0,,1,72,,1119,0,,1,32,,1115,0,,1,72,,1114,0,,1,73,,1116,0,,1,33,,1111,0,,1,72,,1113,0,,1,33,,1112,0,,1,73,,1093,0,,1
204,'260105-MULTI-Saturday-01',550,,1125,0,,1,70,,1124,0,,1,31,,1123,0,,1,69,,1161,0,,1,37,,1158,0,,1,69,,1157,0,,1,32,,1160,0,,1,70,,1159,0,,1,31,,1156,0,,1,70,,1155,0,,1,30,,1151,0,,1,70,,1154,0,,1,71,,1153,0,,1,30,,1162,0,,1,71,,1152,0,,1,30,,1150,0,,1,71,,1146,0,,1,30,,1145,0,,1,70,,1149,0,,1,30,,1148,0,,1,70,,1147,0,,1,30,,1144,0,,1,70,,1143,0,,1,31,,1139,0,,1,69,,1142,0,,1,30,,1137,0,,1,68,,1141,0,,1,28,,1140,0,,1,28,,1138,0,,1,70,,1136,0,,1,28,,1132,0,,1,69,,1135,0,,1,30,,1134,0,,1,70,,1133,0,,1,28,,1128,0,,1,70,,1129,0,,1,30,,1131,0,,1,70,,1130,0,,1,29,,1126,0,,1,70,,1127,0,,1
204,'260105-MULTI-Sunday-01',742,,1163,0,,1,74,,1165,0,,1,33,,1166,0,,1,73,,1167,0,,1,34,,1168,0,,1,75,,1169,0,,1,73,,1170,0,,1,34,,1171,0,,1,73,,1172,0,,1,34,,1173,0,,1,73,,1175,0,,1,33,,1176,0,,1,73,,1177,0,,1,33,,1174,0,,1,73,,1179,0,,1,73,,1180,0,,1,33,,1181,0,,1,73,,1178,0,,1,33,,1193,0,,1,73,,1189,0,,1,32,,1192,0,,1,73,,1188,0,,1,31,,1191,0,,1,72,,1190,0,,1,32,,1186,0,,1,72,,1185,0,,1,73,,1187,0,,1,33,,1182,0,,1,72,,1184,0,,1,33,,1183,0,,1,73,,1164,0,,1
204,'260105-MULTI-Weekday-01',431,,1194,0,,1,22,,1195,0,,1,60,,1196,0,,1,10,,1248,0,,1,22,,1247,0,,1,62,,1246,0,,1,16,,1244,0,,1,31,,1243,0,,1,64,,1242,0,,1,21,,1238,0,,1,68,,1241,0,,1,3,,1249,0,,1,39,,1236,0,,1,65,,1240,0,,1,22,,1245,0,,1,23,,1239,0,,1,82,,1237,0,,1,64,,1235,0,,1,22,,1233,0,,1,19,,1232,0,,1,8,,1231,0,,1,75,,1230,0,,1,26,,1226,0,,1,63,,1229,0,,1,14,,1228,0,,1,14,,1227,0,,1,73,,1225,0,,1,26,,1224,0,,1,61,,1223,0,,1,15,,1222,0,,1,15,,1221,0,,1,70,,1220,0,,1,28,,1219,0,,1,19,,1215,0,,1,60,,1218,0,,1,20,,1217,0,,1,69,,1216,0,,1,24,,1214,0,,1,23,,1210,0,,1,59,,1213,0,,1,26,,1212,0,,1,25,,1211,0,,1,63,,1209,0,,1,23,,1208,0,,1,55,,1207,0,,1,25,,1206,0,,1,18,,1205,0,,1,59,,1201,0,,1,23,,1204,0,,1,16,,1203,0,,1,65,,1202,0,,1,34,,1200,0,,1,73,,1199,0,,1,27,,1198,0,,1,68,,1197,0,,1
604,'251229-MULTI-Saturday-01',722,,3523,0,,1,85,,3508,0,,1,46,,3506,0,,1,85,,3509,0,,1,85,,3507,0,,1,85,,3510,0,,1,45,,3513,0,,1,85,,3514,0,,1,86,,3511,0,,1,86,,3512,0,,1,45,,3515,0,,1,84,,3518,0,,1,85,,3519,0,,1,85,,3520,0,,1,45,,3516,0,,1,84,,3517,0,,1,84,,3521,0,,1,85,,3522,0,,1
604,'251229-MULTI-Sunday-01',835,,3524,0,,1,86,,3526,0,,1,85,,3527,0,,1,46,,3525,0,,1,85,,3529,0,,1,85,,3531,0,,1,86,,3528,0,,1,46,,3532,0,,1,85,,3530,0,,1,85,,3533,0,,1,85,,3534,0,,1,45,,3535,0,,1,85,,3536,0,,1,85,,3537,0,,1,84,,3538,0,,1
604,'260105-MULTI-Holiday1-01',835,,3539,0,,1,86,,3541,0,,1,85,,3542,0,,1,46,,3540,0,,1,85,,3544,0,,1,85,,3546,0,,1,86,,3543,0,,1,46,,3547,0,,1,85,,3545,0,,1,85,,3548,0,,1,85,,3549,0,,1,45,,3550,0,,1,85,,3551,0,,1,85,,3552,0,,1,84,,3553,0,,1
604,'260105-MULTI-Saturday-01',722,,3571,0,,1,85,,3556,0,,1,46,,3554,0,,1,85,,3557,0,,1,85,,3555,0,,1,85,,3558,0,,1,45,,3561,0,,1,85,,3563,0,,1,86,,3559,0,,1,86,,3560,0,,1,45,,3564,0,,1,84,,3566,0,,1,85,,3567,0,,1,85,,3568,0,,1,45,,3565,0,,1,84,,3562,0,,1,84,,3569,0,,1,85,,3570,0,,1
604,'260105-MULTI-Sunday-01',835,,3572,0,,1,86,,3574,0,,1,85,,3575,0,,1,46,,3573,0,,1,85,,3577,0,,1,85,,3579,0,,1,86,,3576,0,,1,46,,3580,0,,1,85,,3578,0,,1,85,,3581,0,,1,85,,3582,0,,1,45,,3583,0,,1,85,,3584,0,,1,85,,3585,0,,1,84,,3586,0,,1
604,'260105-MULTI-Weekday-01',559,,3587,0,,1,60,,3591,0,,1,21,,3599,0,,1,60,,3594,0,,1,22,,3600,0,,1,17,,3593,0,,1,62,,3598,0,,1,21,,3592,0,,1,20,,3596,0,,1,60,,3597,0,,1,16,,3590,0,,1,21,,3617,0,,1,17,,3588,0,,1,61,,3612,0,,1,17,,3604,0,,1,21,,3610,0,,1,66,,3609,0,,1,22,,3603,0,,1,60,,3611,0,,1,22,,3605,0,,1,26,,3606,0,,1,63,,3608,0,,1,20,,3607,0,,1,23,,3613,0,,1,64,,3615,0,,1,23,,3602,0,,1,63,,3601,0,,1,22,,3595,0,,1,18,,3589,0,,1,60,,3619,0,,1,20,,3620,0,,1,21,,3621,0,,1,59,,3622,0,,1,20,,3623,0,,1,20,,3624,0,,1,60,,3625,0,,1,22,,3626,0,,1,17,,3628,0,,1,59,,3630,0,,1,19,,3631,0,,1,23,,3627,0,,1,65,,3632,0,,1,24,,3629,0,,1,65,,3633,0,,1,21,,3634,0,,1,27,,3635,0,,1,67,,3636,0,,1,33,,3614,0,,1,67,,3618,0,,1,28,,3616,0,,1,70,,3637,0,,1
