201,'Holiday1',716,,665,22,,,1,33,,667,22,,,1,73,,669,22,,,1,33,,671,22,,,1,74,,672,22,,,1,73,,668,22,,,1,33,,673,22,,,1,73,,670,22,,,1,33,,674,22,,,1,74,,675,22,,,1,33,,677,22,,,1,73,,678,22,,,1,33,,679,22,,,1,73,,676,22,,,1,73,,681,22,,,1,33,,682,22,,,1,73,,683,22,,,1,33,,680,22,,,1,73,,695,22,,,1,33,,691,22,,,1,72,,694,22,,,1,33,,690,22,,,1,72,,693,22,,,1,33,,692,22,,,1,72,,688,22,,,1,73,,687,22,,,1,33,,689,22,,,1,73,,684,22,,,1,32,,686,22,,,1,73,,685,22,,,1,33,,666,22,,,1
201,'Saturday',624,,696,22,,,1,27,,734,22,,,1,74,,731,22,,,1,29,,730,22,,,1,72,,733,22,,,1,30,,732,22,,,1,71,,729,22,,,1,30,,728,22,,,1,70,,724,22,,,1,30,,727,22,,,1,71,,726,22,,,1,30,,735,22,,,1,71,,725,22,,,1,30,,723,22,,,1,71,,719,22,,,1,70,,718,22,,,1,30,,722,22,,,1,70,,721,22,,,1,30,,720,22,,,1,70,,717,22,,,1,30,,716,22,,,1,70,,712,22,,,1,29,,715,22,,,1,30,,710,22,,,1,69,,714,22,,,1,30,,713,22,,,1,68,,711,22,,,1,30,,709,22,,,1,68,,706,22,,,1,30,,705,22,,,1,70,,708,22,,,1,30,,707,22,,,1,70,,701,22,,,1,30,,702,22,,,1,70,,704,22,,,1,30,,703,22,,,1,70,,699,22,,,1,30,,700,22,,,1
201,'Sunday',716,,736,22,,,1,33,,738,22,,,1,73,,740,22,,,1,33,,741,22,,,1,74,,742,22,,,1,73,,739,22,,,1,33,,743,22,,,1,73,,744,22,,,1,33,,745,22,,,1,74,,746,22,,,1,33,,748,22,,,1,73,,749,22,,,1,33,,750,22,,,1,73,,747,22,,,1,73,,752,22,,,1,33,,753,22,,,1,73,,754,22,,,1,33,,751,22,,,1,73,,766,22,,,1,33,,762,22,,,1,72,,765,22,,,1,33,,761,22,,,1,72,,764,22,,,1,33,,763,22,,,1,72,,759,22,,,1,73,,758,22,,,1,33,,760,22,,,1,73,,755,22,,,1,32,,757,22,,,1,73,,756,22,,,1,33,,737,22,,,1
201,'Weekday',455,,821,22,,,1,62,,820,22,,,1,22,,819,22,,,1,16,,817,22,,,1,70,,816,22,,,1,22,,815,22,,,1,58,,811,22,,,1,22,,822,22,,,1,19,,814,22,,,1,66,,809,22,,,1,28,,813,22,,,1,60,,818,22,,,1,21,,812,22,,,1,22,,807,22,,,1,62,,810,22,,,1,25,,808,22,,,1,21,,806,22,,,1,60,,805,22,,,1,18,,804,22,,,1,27,,803,22,,,1,64,,799,22,,,1,22,,802,22,,,1,16,,801,22,,,1,56,,800,22,,,1,29,,798,22,,,1,67,,797,22,,,1,20,,796,22,,,1,15,,795,22,,,1,59,,794,22,,,1,28,,793,22,,,1,24,,792,22,,,1,64,,788,22,,,1,17,,791,22,,,1,64,,790,22,,,1,27,,789,22,,,1,25,,787,22,,,1,63,,783,22,,,1,21,,786,22,,,1,64,,785,22,,,1,25,,784,22,,,1,26,,782,22,,,1,60,,781,22,,,1,21,,780,22,,,1,22,,779,22,,,1,58,,778,22,,,1,19,,774,22,,,1,23,,777,22,,,1,60,,776,22,,,1,22,,775,22,,,1,74,,773,22,,,1,31,,772,22,,,1,70,,771,22,,,1,28,,770,22,,,1
2401,'Holiday1',830,,6661,37,,,1,85,,6660,37,,,1,85,,6662,37,,,1,45,,6663,37,,,1,85,,6664,37,,,1,85,,6666,37,,,1,85,,6667,37,,,1,45,,6665,37,,,1,85,,6670,37,,,1,85,,6671,37,,,1,85,,6668,37,,,1,45,,6669,37,,,1,85,,6673,37,,,1,85,,6674,37,,,1,85,,6672,37,,,1
2401,'Saturday',830,,6675,37,,,1,85,,6676,37,,,1,85,,6681,37,,,1,45,,6677,37,,,1,85,,6678,37,,,1,85,,6679,37,,,1,85,,6682,37,,,1,45,,6683,37,,,1,85,,6684,37,,,1,85,,6685,37,,,1,85,,6680,37,,,1,45,,6686,37,,,1,85,,6687,37,,,1,85,,6688,37,,,1,85,,6689,37,,,1
2401,'Sunday',830,,6691,37,,,1,85,,6690,37,,,1,85,,6692,37,,,1,45,,6693,37,,,1,85,,6694,37,,,1,85,,6696,37,,,1,85,,6697,37,,,1,45,,6695,37,,,1,85,,6700,37,,,1,85,,6701,37,,,1,85,,6698,37,,,1,45,,6699,37,,,1,85,,6703,37,,,1,85,,6704,37,,,1,85,,6702,37,,,1
2401,'Weekday',541,,6707,37,,,1,17,,6706,37,,,1,74,,6710,37,,,1,77,,6719,37,,,1,36,,6720,37,,,1,75,,6721,37,,,1,36,,6717,37,,,1,76,,6718,37,,,1,75,,6726,37,,,1,37,,6705,37,,,1,74,,6708,37,,,1,35,,6724,37,,,1,77,,6722,37,,,1,77,,6723,37,,,1,37,,6725,37,,,1,77,,6709,37,,,1,33,,6712,37,,,1,77,,6727,37,,,1,76,,6728,37,,,1,34,,6729,37,,,1,75,,6730,37,,,1,36,,6731,37,,,1,75,,6732,37,,,1,75,,6733,37,,,1,38,,6714,37,,,1,72,,6711,37,,,1,32,,6713,37,,,1,76,,6716,37,,,1,35,,6715,37,,,1
2501,'Weekday',624,,6753,33,,,1,30,,6755,33,,,1,77,,6761,33,,,1,77,,6760,33,,,1,38,,6759,33,,,1,73,,6758,33,,,1,35,,6762,33,,,1,76,,6763,33,,,1,483,,6754,33,,,1,36,,6764,33,,,1,76,,6765,33,,,1,77,,6766,33,,,1,36,,6767,33,,,1,77,,6768,33,,,1,36,,6769,33,,,1,74,,6770,33,,,1,76,,6757,33,,,1,34,,6756,33,,,1
21600,'Weekday',1547,,11249,25,,,1
