2301,'251229-MULTI-Saturday-01',728,,9091,0,,1,30,,9090,0,,1,68,,9100,0,,1,29,,9104,0,,1,71,,9105,0,,1,29,,9102,0,,1,67,,9101,0,,1,27,,9103,0,,1,68,,9106,0,,1,28,,9107,0,,1,71,,9108,0,,1,29,,9109,0,,1,68,,9111,0,,1,29,,9112,0,,1,70,,9113,0,,1,29,,9110,0,,1,68,,9114,0,,1,30,,9116,0,,1,69,,9117,0,,1,26,,9118,0,,1,69,,9115,0,,1,25,,9119,0,,1,28,,9120,0,,1,66,,9121,0,,1,32,,9122,0,,1,78,,9094,0,,1,69,,9092,0,,1,30,,9095,0,,1,69,,9093,0,,1,29,,9097,0,,1,28,,9099,0,,1,70,,9096,0,,1,29,,9098,0,,1,69,,9123,0,,1,30,,9125,0,,1,70,,9124,0,,1,30,,9126,0,,1,70,,9127,0,,1
2301,'251229-MULTI-Sunday-01',817,,9156,0,,1,32,,9128,0,,1,72,,9130,0,,1,23,,9131,0,,1,68,,9132,0,,1,31,,9129,0,,1,74,,9133,0,,1,28,,9134,0,,1,67,,9135,0,,1,29,,9136,0,,1,69,,9137,0,,1,29,,9139,0,,1,68,,9140,0,,1,30,,9141,0,,1,68,,9138,0,,1,26,,9143,0,,1,71,,9144,0,,1,28,,9145,0,,1,28,,9142,0,,1,67,,9147,0,,1,28,,9148,0,,1,69,,9150,0,,1,26,,9146,0,,1,67,,9151,0,,1,28,,9149,0,,1,65,,9153,0,,1,25,,9154,0,,1,67,,9152,0,,1,28,,9157,0,,1,27,,9155,0,,1,67,,9159,0,,1,28,,9158,0,,1
2301,'260105-MULTI-Holiday1-01',817,,9188,0,,1,32,,9161,0,,1,72,,9163,0,,1,23,,9160,0,,1,68,,9164,0,,1,31,,9162,0,,1,74,,9165,0,,1,28,,9166,0,,1,67,,9167,0,,1,29,,9168,0,,1,69,,9169,0,,1,29,,9171,0,,1,68,,9172,0,,1,30,,9173,0,,1,68,,9170,0,,1,26,,9175,0,,1,71,,9176,0,,1,28,,9177,0,,1,28,,9174,0,,1,67,,9179,0,,1,28,,9180,0,,1,69,,9182,0,,1,26,,9178,0,,1,67,,9183,0,,1,28,,9181,0,,1,65,,9185,0,,1,25,,9186,0,,1,67,,9184,0,,1,28,,9189,0,,1,27,,9187,0,,1,67,,9191,0,,1,28,,9190,0,,1
2301,'260105-MULTI-Saturday-01',728,,9193,0,,1,30,,9192,0,,1,68,,9202,0,,1,29,,9206,0,,1,71,,9207,0,,1,29,,9204,0,,1,67,,9203,0,,1,27,,9205,0,,1,68,,9208,0,,1,28,,9209,0,,1,71,,9210,0,,1,29,,9211,0,,1,68,,9213,0,,1,29,,9214,0,,1,70,,9215,0,,1,29,,9212,0,,1,68,,9216,0,,1,30,,9218,0,,1,69,,9219,0,,1,26,,9220,0,,1,69,,9217,0,,1,25,,9221,0,,1,28,,9222,0,,1,66,,9223,0,,1,32,,9224,0,,1,78,,9196,0,,1,69,,9194,0,,1,30,,9197,0,,1,69,,9195,0,,1,29,,9199,0,,1,28,,9201,0,,1,70,,9198,0,,1,29,,9200,0,,1,69,,9225,0,,1,30,,9227,0,,1,70,,9226,0,,1,30,,9228,0,,1,70,,9229,0,,1
2301,'260105-MULTI-Sunday-01',817,,9258,0,,1,32,,9231,0,,1,72,,9233,0,,1,23,,9230,0,,1,68,,9234,0,,1,31,,9232,0,,1,74,,9235,0,,1,28,,9236,0,,1,67,,9237,0,,1,29,,9238,0,,1,69,,9239,0,,1,29,,9241,0,,1,68,,9242,0,,1,30,,9243,0,,1,68,,9240,0,,1,26,,9245,0,,1,71,,9246,0,,1,28,,9247,0,,1,28,,9244,0,,1,67,,9249,0,,1,28,,9250,0,,1,69,,9252,0,,1,26,,9248,0,,1,67,,9253,0,,1,28,,9251,0,,1,65,,9255,0,,1,25,,9256,0,,1,67,,9254,0,,1,28,,9259,0,,1,27,,9257,0,,1,67,,9261,0,,1,28,,9260,0,,1
2301,'260105-MULTI-Weekday-01',522,,9262,0,,1,15,,9263,0,,1,15,,9264,0,,1,57,,9265,0,,1,17,,9266,0,,1,15,,9267,0,,1,14,,9268,0,,1,54,,9269,0,,1,16,,9270,0,,1,15,,9271,0,,1,16,,9272,0,,1,56,,9274,0,,1,15,,9275,0,,1,18,,9276,0,,1,56,,9273,0,,1,15,,9278,0,,1,13,,9279,0,,1,15,,9280,0,,1,15,,9277,0,,1,54,,9281,0,,1,30,,9282,0,,1,68,,9283,0,,1,31,,9284,0,,1,76,,9285,0,,1,30,,9286,0,,1,66,,9287,0,,1,29,,9288,0,,1,71,,9289,0,,1,29,,9290,0,,1,61,,9321,0,,1,20,,9291,0,,1,16,,9320,0,,1,15,,9317,0,,1,54,,9319,0,,1,13,,9318,0,,1,14,,9293,0,,1,15,,9292,0,,1,55,,9294,0,,1,15,,9296,0,,1,14,,9298,0,,1,15,,9299,0,,1,55,,9300,0,,1,15,,9297,0,,1,14,,9301,0,,1,15,,9295,0,,1,55,,9302,0,,1,15,,9303,0,,1,15,,9304,0,,1,14,,9305,0,,1,54,,9306,0,,1,20,,9307,0,,1,33,,9308,0,,1,73,,9309,0,,1,72,,9311,0,,1,34,,9312,0,,1,73,,9313,0,,1,31,,9310,0,,1,72,,9314,0,,1,34,,9315,0,,1,74,,9316,0,,1
3504,'251229-MULTI-Saturday-01',932,,12452,0,,1,85,,12450,0,,1,85,,12451,0,,1,45,,12453,0,,1,85,,12455,0,,1,85,,12454,0,,1,85,,12456,0,,1,46,,12457,0,,1,85,,12458,0,,1,85,,12459,0,,1,85,,12461,0,,1,45,,12460,0,,1,84,,12464,0,,1,85,,12462,0,,1,85,,12463,0,,1,45,,12465,0,,1
3504,'251229-MULTI-Sunday-01',916,,12473,0,,1,85,,12468,0,,1,45,,12474,0,,1,85,,12467,0,,1,85,,12466,0,,1,85,,12472,0,,1,45,,12469,0,,1,85,,12471,0,,1,85,,12475,0,,1,85,,12470,0,,1,45,,12476,0,,1,85,,12477,0,,1,85,,12478,0,,1,85,,12480,0,,1,45,,12479,0,,1,85,,12481,0,,1
3504,'260105-MULTI-Holiday1-01',916,,12489,0,,1,85,,12484,0,,1,45,,12490,0,,1,85,,12483,0,,1,85,,12482,0,,1,85,,12488,0,,1,45,,12485,0,,1,85,,12486,0,,1,85,,12491,0,,1,85,,12487,0,,1,45,,12492,0,,1,85,,12493,0,,1,85,,12494,0,,1,85,,12496,0,,1,45,,12495,0,,1,85,,12497,0,,1
3504,'260105-MULTI-Saturday-01',932,,12500,0,,1,85,,12498,0,,1,85,,12499,0,,1,45,,12501,0,,1,85,,12503,0,,1,85,,12502,0,,1,85,,12504,0,,1,46,,12505,0,,1,85,,12506,0,,1,85,,12507,0,,1,85,,12509,0,,1,45,,12508,0,,1,84,,12512,0,,1,85,,12510,0,,1,85,,12511,0,,1,45,,12513,0,,1
3504,'260105-MULTI-Sunday-01',916,,12521,0,,1,85,,12516,0,,1,45,,12522,0,,1,85,,12515,0,,1,85,,12514,0,,1,85,,12520,0,,1,45,,12517,0,,1,85,,12518,0,,1,85,,12523,0,,1,85,,12519,0,,1,45,,12524,0,,1,85,,12525,0,,1,85,,12526,0,,1,85,,12528,0,,1,45,,12527,0,,1,85,,12529,0,,1
3504,'260105-MULTI-Weekday-01',542,,12530,0,,1,77,,12531,0,,1,36,,12532,0,,1,76,,12534,0,,1,75,,12535,0,,1,35,,12533,0,,1,75,,12537,0,,1,35,,12538,0,,1,75,,12536,0,,1,75,,12539,0,,1,36,,12540,0,,1,75,,12541,0,,1,39,,12542,0,,1,71,,12543,0,,1,35,,12544,0,,1,75,,12545,0,,1,75,,12546,0,,1,41,,12547,0,,1,76,,12548,0,,1,76,,12549,0,,1,35,,12550,0,,1,75,,12551,0,,1,35,,12552,0,,1,74,,12553,0,,1,36,,12554,0,,1,73,,12555,0,,1,74,,12557,0,,1,35,,12558,0,,1,75,,12559,0,,1,35,,12556,0,,1,75,,12560,0,,1,34,,12561,0,,1
