203,'Holiday1',740,,13982,19,,,1,73,,13983,19,,,1,33,,13984,19,,,1,73,,13985,19,,,1,33,,13986,19,,,1,74,,13988,19,,,1,33,,13989,19,,,1,74,,13990,19,,,1,73,,13987,19,,,1,33,,13992,19,,,1,73,,13993,19,,,1,33,,13994,19,,,1,73,,13991,19,,,1,33,,13995,19,,,1,73,,13996,19,,,1,33,,13997,19,,,1,73,,13999,19,,,1,73,,14001,19,,,1,33,,13998,19,,,1,73,,14002,19,,,1,33,,14000,19,,,1,72,,14004,19,,,1,33,,14005,19,,,1,73,,14006,19,,,1,33,,14003,19,,,1,70,,14008,19,,,1,33,,14009,19,,,1,73,,14011,19,,,1,73,,14012,19,,,1,32,,14010,19,,,1,73,,14013,19,,,1,33,,14007,19,,,1
203,'Saturday',548,,14014,19,,,1,70,,14015,19,,,1,30,,14018,19,,,1,73,,14019,19,,,1,25,,14017,19,,,1,78,,14016,19,,,1,29,,14022,19,,,1,91,,14023,19,,,1,71,,14020,19,,,1,30,,14021,19,,,1,72,,14024,19,,,1,30,,14026,19,,,1,70,,14028,19,,,1,30,,14029,19,,,1,70,,14025,19,,,1,30,,14030,19,,,1,70,,14027,19,,,1,30,,14031,19,,,1,70,,14032,19,,,1,30,,14035,19,,,1,70,,14036,19,,,1,30,,14037,19,,,1,70,,14033,19,,,1,30,,14034,19,,,1,70,,14038,19,,,1,30,,14040,19,,,1,69,,14041,19,,,1,28,,14042,19,,,1,68,,14039,19,,,1,29,,14043,19,,,1,70,,14044,19,,,1,29,,14047,19,,,1,70,,14048,19,,,1,30,,14045,19,,,1,70,,14046,19,,,1,30,,14050,19,,,1,70,,14051,19,,,1,30,,14049,19,,,1,70,,14052,19,,,1,30,,14053,19,,,1
203,'Sunday',740,,14054,19,,,1,73,,14055,19,,,1,33,,14056,19,,,1,73,,14057,19,,,1,33,,14058,19,,,1,74,,14060,19,,,1,33,,14061,19,,,1,74,,14062,19,,,1,73,,14059,19,,,1,33,,14064,19,,,1,73,,14065,19,,,1,33,,14066,19,,,1,73,,14063,19,,,1,33,,14067,19,,,1,73,,14068,19,,,1,33,,14069,19,,,1,73,,14071,19,,,1,73,,14073,19,,,1,33,,14070,19,,,1,73,,14074,19,,,1,33,,14072,19,,,1,72,,14076,19,,,1,33,,14077,19,,,1,73,,14078,19,,,1,33,,14075,19,,,1,70,,14080,19,,,1,33,,14081,19,,,1,73,,14083,19,,,1,73,,14084,19,,,1,32,,14082,19,,,1,73,,14085,19,,,1,33,,14079,19,,,1
203,'Weekday',434,,14086,19,,,1,22,,14088,19,,,1,62,,14089,19,,,1,22,,14090,19,,,1,62,,14087,19,,,1,23,,14091,19,,,1,18,,14092,19,,,1,59,,14093,19,,,1,25,,14094,19,,,1,31,,14095,19,,,1,62,,14096,19,,,1,15,,14097,19,,,1,19,,14099,19,,,1,69,,14100,19,,,1,27,,14101,19,,,1,62,,14098,19,,,1,19,,14102,19,,,1,19,,14103,19,,,1,63,,14104,19,,,1,25,,14105,19,,,1,62,,14106,19,,,1,18,,14107,19,,,1,18,,14109,19,,,1,66,,14110,19,,,1,26,,14111,19,,,1,22,,14108,19,,,1,55,,14113,19,,,1,19,,14114,19,,,1,26,,14115,19,,,1,66,,14112,19,,,1,21,,14116,19,,,1,16,,14118,19,,,1,60,,14119,19,,,1,27,,14120,19,,,1,68,,14117,19,,,1,22,,14121,19,,,1,20,,14123,19,,,1,64,,14124,19,,,1,25,,14125,19,,,1,67,,14122,19,,,1,20,,14126,19,,,1,19,,14127,19,,,1,67,,14128,19,,,1,22,,14129,19,,,1,19,,14130,19,,,1,63,,14131,19,,,1,21,,14132,19,,,1,21,,14134,19,,,1,60,,14135,19,,,1,16,,14136,19,,,1,69,,14133,19,,,1,32,,14137,19,,,1,71,,14138,19,,,1,32,,14139,19,,,1,68,,14140,19,,,1,28,,14141,19,,,1
2403,'Holiday1',810,,19989,7,,,1,45,,19990,7,,,1,85,,19991,7,,,1,85,,19992,7,,,1,85,,19994,7,,,1,45,,19995,7,,,1,85,,19996,7,,,1,85,,19993,7,,,1,85,,19998,7,,,1,45,,19999,7,,,1,85,,20000,7,,,1,85,,19997,7,,,1,85,,20001,7,,,1,45,,20002,7,,,1,85,,20003,7,,,1
2403,'Saturday',810,,20011,7,,,1,45,,20012,7,,,1,85,,20013,7,,,1,85,,20010,7,,,1,85,,20014,7,,,1,45,,20015,7,,,1,85,,20016,7,,,1,85,,20017,7,,,1,85,,20018,7,,,1,45,,20004,7,,,1,85,,20007,7,,,1,85,,20005,7,,,1,85,,20009,7,,,1,45,,20006,7,,,1,85,,20008,7,,,1
2403,'Sunday',810,,20019,7,,,1,45,,20020,7,,,1,85,,20021,7,,,1,85,,20022,7,,,1,85,,20024,7,,,1,45,,20025,7,,,1,85,,20026,7,,,1,85,,20023,7,,,1,85,,20028,7,,,1,45,,20029,7,,,1,85,,20030,7,,,1,85,,20027,7,,,1,85,,20031,7,,,1,45,,20032,7,,,1,85,,20033,7,,,1
2403,'Weekday',440,,20038,7,,,1,65,,20036,7,,,1,30,,20034,7,,,1,72,,20040,7,,,1,36,,20056,7,,,1,76,,20050,7,,,1,36,,20051,7,,,1,75,,20049,7,,,1,76,,20047,7,,,1,36,,20048,7,,,1,81,,20035,7,,,1,35,,20037,7,,,1,76,,20053,7,,,1,76,,20054,7,,,1,37,,20052,7,,,1,77,,20055,7,,,1,27,,20039,7,,,1,74,,20043,7,,,1,75,,20044,7,,,1,37,,20058,7,,,1,77,,20060,7,,,1,36,,20061,7,,,1,76,,20062,7,,,1,76,,20059,7,,,1,36,,20063,7,,,1,75,,20057,7,,,1,33,,20041,7,,,1,75,,20042,7,,,1,33,,20045,7,,,1,85,,20046,7,,,1
2503,'Weekday',522,,20139,7,,,1,30,,20138,7,,,1,70,,20142,7,,,1,36,,20148,7,,,1,76,,20147,7,,,1,76,,20145,7,,,1,36,,20144,7,,,1,77,,20146,7,,,1,36,,20149,7,,,1,448,,20140,7,,,1,38,,20141,7,,,1,78,,20150,7,,,1,36,,20151,7,,,1,74,,20152,7,,,1,78,,20153,7,,,1,36,,20154,7,,,1,75,,20155,7,,,1,36,,20156,7,,,1,75,,20143,7,,,1
21601,'Weekday',754,,24484,4,,,1
