2300,'Holiday1',746,,6293,38,,,1,71,,6266,38,,,1,31,,6268,38,,,1,63,,6265,38,,,1,28,,6269,38,,,1,71,,6267,38,,,1,34,,6270,38,,,1,68,,6271,38,,,1,28,,6272,38,,,1,69,,6273,38,,,1,28,,6274,38,,,1,68,,6278,38,,,1,28,,6279,38,,,1,68,,6280,38,,,1,28,,6275,38,,,1,28,,6277,38,,,1,71,,6281,38,,,1,28,,6282,38,,,1,68,,6276,38,,,1,28,,6284,38,,,1,68,,6285,38,,,1,28,,6287,38,,,1,65,,6283,38,,,1,27,,6288,38,,,1,68,,6286,38,,,1,26,,6290,38,,,1,68,,6291,38,,,1,27,,6289,38,,,1,28,,6294,38,,,1,67,,6292,38,,,1,27,,6296,38,,,1,68,,6295,38,,,1
2300,'Saturday',655,,6298,38,,,1,70,,6297,38,,,1,28,,6307,38,,,1,69,,6311,38,,,1,30,,6312,38,,,1,69,,6309,38,,,1,28,,6308,38,,,1,67,,6310,38,,,1,28,,6313,38,,,1,68,,6314,38,,,1,30,,6315,38,,,1,69,,6316,38,,,1,28,,6318,38,,,1,68,,6319,38,,,1,30,,6320,38,,,1,68,,6317,38,,,1,28,,6321,38,,,1,69,,6323,38,,,1,29,,6324,38,,,1,27,,6325,38,,,1,69,,6322,38,,,1,26,,6326,38,,,1,68,,6327,38,,,1,27,,6328,38,,,1,72,,6329,38,,,1,39,,6301,38,,,1,69,,6299,38,,,1,31,,6302,38,,,1,69,,6300,38,,,1,30,,6304,38,,,1,68,,6306,38,,,1,30,,6303,38,,,1,69,,6305,38,,,1,29,,6330,38,,,1,70,,6332,38,,,1,30,,6331,38,,,1,70,,6333,38,,,1,30,,6334,38,,,1
2300,'Sunday',746,,6363,38,,,1,71,,6336,38,,,1,31,,6338,38,,,1,63,,6335,38,,,1,28,,6339,38,,,1,71,,6337,38,,,1,34,,6340,38,,,1,68,,6341,38,,,1,28,,6342,38,,,1,69,,6343,38,,,1,28,,6344,38,,,1,68,,6347,38,,,1,28,,6348,38,,,1,68,,6349,38,,,1,28,,6345,38,,,1,28,,6350,38,,,1,71,,6351,38,,,1,28,,6352,38,,,1,68,,6346,38,,,1,28,,6354,38,,,1,68,,6355,38,,,1,28,,6357,38,,,1,65,,6353,38,,,1,27,,6358,38,,,1,68,,6356,38,,,1,26,,6360,38,,,1,68,,6361,38,,,1,27,,6359,38,,,1,28,,6364,38,,,1,67,,6362,38,,,1,27,,6366,38,,,1,68,,6365,38,,,1
2300,'Weekday',448,2,6367,38,,,1,55,2,6368,38,,,1,15,2,6369,38,,,1,16,2,6370,38,,,1,16,2,6371,38,,,1,55,2,6372,38,,,1,14,2,6373,38,,,1,14,2,6374,38,,,1,16,2,6375,38,,,1,55,2,6376,38,,,1,16,2,6377,38,,,1,17,2,6379,38,,,1,15,2,6380,38,,,1,56,2,6381,38,,,1,16,2,6378,38,,,1,16,2,6383,38,,,1,15,2,6384,38,,,1,55,2,6385,38,,,1,15,2,6382,38,,,1,14,2,6386,38,,,1,70,2,6387,38,,,1,28,2,6388,38,,,1,71,2,6389,38,,,1,36,2,6390,38,,,1,69,2,6391,38,,,1,26,2,6392,38,,,1,67,2,6393,38,,,1,30,2,6394,38,,,1,68,2,6395,38,,,1,21,2,6426,38,,,1,20,2,6396,38,,,1,55,42,6425,38,,,1,15,2,6422,38,,,1,15,2,6424,38,,,1,14,2,6423,38,,,1,15,2,6398,38,,,1,55,2,6397,38,,,1,15,2,6399,38,,,1,15,2,6401,38,,,1,15,2,6403,38,,,1,55,2,6404,38,,,1,15,2,6405,38,,,1,15,2,6402,38,,,1,15,2,6406,38,,,1,55,2,6400,38,,,1,15,2,6407,38,,,1,15,2,6408,38,,,1,15,2,6409,38,,,1,54,2,6410,38,,,1,14,2,6411,38,,,1,20,2,6412,38,,,1,73,2,6413,38,,,1,33,2,6414,38,,,1,72,2,6416,38,,,1,34,2,6417,38,,,1,73,2,6418,38,,,1,74,2,6415,38,,,1,32,2,6419,38,,,1,74,2,6420,38,,,1,34,2,6421,38,,,1
3200,'Holiday1',839,,8431,57,4,,1,90,,8432,57,4,,1,90,,8434,57,4,,1,90,,8436,57,4,,1,50,,8433,57,4,,1,93,,8437,57,4,,1,92,,8435,57,4,,1,91,,8438,57,4,,1,91,,8440,57,4,,1,92,,8441,57,4,,1,89,,8442,57,4,,1,50,,8439,57,4,,1,90,,8443,57,4,,1,86,,8444,57,4,,1,86,,8445,57,4,,1,89,,8446,57,4,,1
3200,'Saturday',843,,8447,57,4,,1,85,,8450,57,4,,1,96,,8453,57,4,,1,90,,8449,57,4,,1,90,,8448,57,4,,1,50,,8454,57,4,,1,93,,8452,57,4,,1,90,,8451,57,4,,1,90,,8455,57,4,,1,91,,8456,57,4,,1,90,,8458,57,4,,1,50,,8459,57,4,,1,87,,8460,57,4,,1,87,,8457,57,4,,1,90,,8461,57,4,,1
3200,'Sunday',839,,8462,57,4,,1,90,,8463,57,4,,1,90,,8464,57,4,,1,90,,8466,57,4,,1,50,,8467,57,4,,1,93,,8468,57,4,,1,92,,8465,57,4,,1,91,,8469,57,4,,1,91,,8471,57,4,,1,92,,8472,57,4,,1,89,,8473,57,4,,1,50,,8470,57,4,,1,90,,8474,57,4,,1,86,,8475,57,4,,1,86,,8476,57,4,,1,89,,8477,57,4,,1
3200,'Weekday',644,,8486,57,4,,1,74,,8479,57,4,,1,34,,8487,57,4,,1,76,,8484,57,4,,1,75,,8480,57,4,,1,36,,8485,57,4,,1,96,,8482,57,4,,1,88,,8500,57,4,,1,90,,8499,57,4,,1,90,,8497,57,4,,1,51,,8498,57,4,,1,95,,8478,57,4,,1,54,,8501,57,4,,1,6,,8502,57,4,,1,15,,8483,57,4,,1,76,,8496,57,4,,1,3,,8490,57,4,,1,34,,8481,57,4,,1,74,,8489,57,4,,1,32,,8488,57,4,,1,76,,8491,57,4,,1,34,,8492,57,4,,1,74,,8493,57,4,,1,74,,8494,57,4,,1,39,,8495,57,4,,1
3301,'Saturday',804,,8504,1,,,1,50,,8505,1,,,1,90,,8503,1,,,1,90,,8506,1,,,1,90,,8507,1,,,1,90,,8508,1,,,1,90,,8509,1,,,1,50,,8510,1,,,1,90,,8511,1,,,1,90,,8512,1,,,1,90,,8513,1,,,1,90,,8514,1,,,1,90,,8515,1,,,1,50,,8516,1,,,1,90,,8517,1,,,1
3301,'Weekday',615,,8525,1,,,1,34,,8524,1,,,1,74,,8521,1,,,1,34,,8530,1,,,1,74,,8527,1,,,1,75,,8519,1,,,1,44,,8529,1,,,1,90,,8535,1,,,1,90,,8536,1,,,1,90,,8537,1,,,1,90,,8538,1,,,1,90,,8539,1,,,1,24,,8528,1,,,1,30,,8518,1,,,1,76,,8520,1,,,1,74,,8526,1,,,1,34,,8534,1,,,1,74,,8523,1,,,1,34,,8532,1,,,1,74,,8531,1,,,1,34,,8533,1,,,1,88,,8522,1,,,1
