3103,'251229-MULTI-Saturday-01',850,,11898,4,,1,100,,11899,4,,1,108,,11900,4,,1,145,,11902,4,,1,105,,11903,4,,1,104,,11901,4,,1,106,,11904,4,,1,105,,11905,4,,1,105,,11906,4,,1,105,,11907,4,,1,102,,11908,4,,1
3103,'251229-MULTI-Sunday-01',953,,11918,4,,1,105,,11919,4,,1,145,,11920,4,,1,105,,11921,4,,1,105,,11922,4,,1,105,,11923,4,,1,105,,11924,4,,1,105,,11925,4,,1,105,,11926,4,,1
3103,'260105-MULTI-Holiday1-01',953,,11936,4,,1,105,,11937,4,,1,145,,11938,4,,1,105,,11940,4,,1,105,,11939,4,,1,105,,11941,4,,1,105,,11942,4,,1,105,,11943,4,,1,105,,11944,4,,1
3103,'260105-MULTI-Saturday-01',850,,11956,4,,1,100,,11957,4,,1,108,,11958,4,,1,145,,11960,4,,1,105,,11961,4,,1,104,,11959,4,,1,106,,11962,4,,1,105,,11963,4,,1,105,,11964,4,,1,105,,11965,4,,1,102,,11966,4,,1
3103,'260105-MULTI-Sunday-01',953,,11976,4,,1,105,,11977,4,,1,145,,11978,4,,1,105,,11980,4,,1,105,,11979,4,,1,105,,11981,4,,1,105,,11982,4,,1,105,,11983,4,,1,105,,11984,4,,1
3103,'260105-MULTI-Weekday-01',601,,12016,4,,1,105,,12017,4,,1,104,,12018,4,,1,104,,12019,4,,1,104,,12020,4,,1,104,,12021,4,,1,104,,12022,4,,1,104,,12023,4,,1,104,,12024,4,,1,104,,12025,4,,1,104,,12026,4,,1,104,,12027,4,,1,97,,12028,4,,1,110,,12029,4,,1,150,,12030,4,,1
3104,'251229-MULTI-Saturday-01',851,,12043,0,5,1,100,,12044,0,5,1,108,,12045,0,5,1,145,,12046,0,5,1,105,,12047,0,5,1,104,,12048,0,5,1,106,,12049,0,5,1,105,,12050,0,5,1,105,,12051,0,5,1,105,,12052,0,5,1,102,,12053,0,5,1
3104,'251229-MULTI-Sunday-01',954,,12064,0,5,1,105,,12065,0,5,1,145,,12066,0,5,1,105,,12067,0,5,1,105,,12068,0,5,1,105,,12069,0,5,1,105,,12070,0,5,1,105,,12071,0,5,1,105,,12072,0,5,1
3104,'260105-MULTI-Holiday1-01',954,,12083,0,5,1,105,,12084,0,5,1,145,,12085,0,5,1,105,,12086,0,5,1,105,,12087,0,5,1,105,,12088,0,5,1,105,,12089,0,5,1,105,,12090,0,5,1,105,,12091,0,5,1
3104,'260105-MULTI-Saturday-01',851,,12104,0,5,1,100,,12105,0,5,1,108,,12106,0,5,1,145,,12107,0,5,1,105,,12109,0,5,1,104,,12110,0,5,1,106,,12108,0,5,1,105,,12111,0,5,1,105,,12112,0,5,1,105,,12113,0,5,1,102,,12114,0,5,1
3104,'260105-MULTI-Sunday-01',954,,12125,0,5,1,105,,12126,0,5,1,145,,12127,0,5,1,105,,12128,0,5,1,105,,12129,0,5,1,105,,12130,0,5,1,105,,12131,0,5,1,105,,12132,0,5,1,105,,12133,0,5,1
3104,'260105-MULTI-Weekday-01',602,,12166,0,5,1,105,,12167,0,5,1,104,,12168,0,5,1,104,,12169,0,5,1,104,,12170,0,5,1,104,,12171,0,5,1,104,,12172,0,5,1,104,,12173,0,5,1,104,,12174,0,5,1,104,,12175,0,5,1,104,,12176,0,5,1,104,,12177,0,5,1,97,,12178,0,5,1,110,,12179,0,5,1,150,,12180,0,5,1
