'251229-MULTI-Saturday-01',801,62700,0,'',1,9000,0,'',1,9200,0,'',1,9200,0,'',1,5000,0,'',1,9000,0,'',1,8900,0,'',1,7500,0,'',1,3500,0,'',1,7600,0,'',1,4100,0,'',1,7700,0,'',1,7500,0,'',1,3500,0,'',1,7500,0,'',1,3500,0,'',1,7500,0,'',1,7500,0,'',1,3500,0,'',1,7200,0,'',1,3300,0,'',1,7000,0,'',1,3200,0,'',1,8300,0,'',1,8800,0,'',1,8900,0,'',1,5000,0,'',1,9000,0,'',1
'251229-MULTI-Sunday-01',801,82700,0,'',1,8500,0,'',1,4500,0,'',1,8500,0,'',1,7900,0,'',1,8500,0,'',1,4900,0,'',1,8500,0,'',1,8500,0,'',1,8500,0,'',1,4500,0,'',1,8500,0,'',1,8500,0,'',1,8500,0,'',1,4500,0,'',1,8500,0,'',1,8900,0,'',1,8400,0,'',1,4400,0,'',1,8500,0,'',1
'260105-MULTI-Holiday1-01',801,82700,0,'',1,8500,0,'',1,4500,0,'',1,8500,0,'',1,7900,0,'',1,8500,0,'',1,4900,0,'',1,8500,0,'',1,8500,0,'',1,8500,0,'',1,4500,0,'',1,8500,0,'',1,8500,0,'',1,8500,0,'',1,4500,0,'',1,8500,0,'',1,8900,0,'',1,8400,0,'',1,4400,0,'',1,8500,0,'',1
'260105-MULTI-Saturday-01',801,62700,0,'',1,9000,0,'',1,9200,0,'',1,9200,0,'',1,5000,0,'',1,9000,0,'',1,8900,0,'',1,7500,0,'',1,3500,0,'',1,7600,0,'',1,4100,0,'',1,7700,0,'',1,7500,0,'',1,3500,0,'',1,7500,0,'',1,3500,0,'',1,7500,0,'',1,7500,0,'',1,3500,0,'',1,7200,0,'',1,3300,0,'',1,7000,0,'',1,3200,0,'',1,8300,0,'',1,8800,0,'',1,8900,0,'',1,5000,0,'',1,9000,0,'',1
'260105-MULTI-Sunday-01',801,82700,0,'',1,8500,0,'',1,4500,0,'',1,8500,0,'',1,7900,0,'',1,8500,0,'',1,4900,0,'',1,8500,0,'',1,8500,0,'',1,8500,0,'',1,4500,0,'',1,8500,0,'',1,8500,0,'',1,8500,0,'',1,4500,0,'',1,8500,0,'',1,8900,0,'',1,8400,0,'',1,4400,0,'',1,8500,0,'',1
'260105-MULTI-Weekday-01',801,61000,0,'',1,3700,0,'',1,7700,0,'',1,7600,0,'',1,3400,0,'',1,7800,0,'',1,3200,0,'',1,7300,0,'',1,3500,0,'',1,7600,0,'',1,7600,0,'',1,3300,0,'',1,7700,0,'',1,3800,0,'',1,8000,0,'',1,7900,0,'',1,4400,0,'',1,7100,0,'',1,3200,0,'',1,9500,0,'',1,6600,0,'',1,2500,0,'',1,10000,0,'',1,6300,0,'',1,2700,0,'',1,9900,0,'',1,8700,0,'',1,9300,0,'',1,3700,0,'',1
'251229-MULTI-Saturday-01',50101,53000,0,'',1,1600,0,'',1,5600,0,'',1,1600,0,'',1,1600,0,'',1,1600,0,'',1,5600,0,'',1,1600,0,'',1,1900,0,'',1,1600,0,'',1,5800,0,'',1,1600,0,'',1,1600,0,'',1,5600,0,'',1,1600,0,'',1,1500,0,'',1,1300,0,'',1,5600,0,'',1,1600,0,'',1,1600,0,'',1,1500,0,'',1,5500,0,'',1,1800,0,'',1,1800,0,'',1,1600,0,'',1,5800,0,'',1,1600,0,'',1,1600,0,'',1,5600,0,'',1,1600,0,'',1,1600,0,'',1,1600,0,'',1,5600,0,'',1,1600,0,'',1,1600,0,'',1,1600,0,'',1,5600,0,'',1,1600,0,'',1,1600,0,'',1,1600,0,'',1,5400,0,'',1,1600,0,'',1,1600,0,'',1,5600,0,'',1,1600,0,'',1,1400,0,'',1,1800,0,'',1,5600,0,'',1,1600,0,'',1,1400,0,'',1,1800,0,'',1,6500,0,'',1,1600,0,'',1,1800,0,'',1,6000,0,'',1,2000,0,'',1,2000,0,'',1,6000,0,'',1,2100,0,'',1,1900,0,'',1,5900,0,'',1,2000,0,'',1,2000,0,'',1,5800,0,'',1,2000,0,'',1,2500,0,'',1,6000,0,'',1
'251229-MULTI-Sunday-01',50101,70900,0,'',1,1800,0,'',1,1800,0,'',1,5800,0,'',1,1800,0,'',1,1800,0,'',1,1800,0,'',1,6200,0,'',1,1800,0,'',1,1800,0,'',1,5800,0,'',1,1800,0,'',1,1800,0,'',1,5800,0,'',1,1800,0,'',1,1800,0,'',1,5800,0,'',1,1800,0,'',1,1800,0,'',1,1800,0,'',1,5900,0,'',1,1800,0,'',1,1800,0,'',1,5800,0,'',1,1800,0,'',1,1800,0,'',1,5800,0,'',1,1800,0,'',1,1800,0,'',1,1800,0,'',1,5800,0,'',1,1800,0,'',1,1900,0,'',1,5700,0,'',1,1800,0,'',1,1800,0,'',1,5700,0,'',1,1800,0,'',1,1800,0,'',1,1800,0,'',1,5700,0,'',1,1800,0,'',1,1800,0,'',1,5800,0,'',1,1700,0,'',1,1800,0,'',1,5900,0,'',1,1800,0,'',1,1700,0,'',1,1800,0,'',1,6000,0,'',1,2000,0,'',1,2000,0,'',1
'260105-MULTI-Holiday1-01',50101,70900,0,'',1,1800,0,'',1,1800,0,'',1,5800,0,'',1,1800,0,'',1,1800,0,'',1,1800,0,'',1,6200,0,'',1,1800,0,'',1,1800,0,'',1,5800,0,'',1,1800,0,'',1,1800,0,'',1,5800,0,'',1,1800,0,'',1,1800,0,'',1,5800,0,'',1,1800,0,'',1,1800,0,'',1,1800,0,'',1,5900,0,'',1,1800,0,'',1,1800,0,'',1,5800,0,'',1,1800,0,'',1,1800,0,'',1,5800,0,'',1,1800,0,'',1,1800,0,'',1,1800,0,'',1,5800,0,'',1,1800,0,'',1,1900,0,'',1,5700,0,'',1,1800,0,'',1,1800,0,'',1,5700,0,'',1,1800,0,'',1,1800,0,'',1,1800,0,'',1,5700,0,'',1,1800,0,'',1,1800,0,'',1,5800,0,'',1,1700,0,'',1,1800,0,'',1,5900,0,'',1,1800,0,'',1,1700,0,'',1,1800,0,'',1,6000,0,'',1,2000,0,'',1,2000,0,'',1
'260105-MULTI-Saturday-01',50101,53000,0,'',1,1600,0,'',1,5600,0,'',1,1600,0,'',1,1600,0,'',1,1600,0,'',1,5600,0,'',1,1600,0,'',1,1900,0,'',1,1600,0,'',1,5800,0,'',1,1600,0,'',1,1600,0,'',1,5600,0,'',1,1600,0,'',1,1500,0,'',1,1300,0,'',1,5600,0,'',1,1600,0,'',1,1600,0,'',1,1500,0,'',1,5500,0,'',1,1800,0,'',1,1800,0,'',1,1600,0,'',1,5800,0,'',1,1600,0,'',1,1600,0,'',1,5600,0,'',1,1600,0,'',1,1600,0,'',1,1600,0,'',1,5600,0,'',1,1600,0,'',1,1600,0,'',1,1600,0,'',1,5600,0,'',1,1600,0,'',1,1600,0,'',1,1600,0,'',1,5400,0,'',1,1600,0,'',1,1600,0,'',1,5600,0,'',1,1600,0,'',1,1400,0,'',1,1800,0,'',1,5600,0,'',1,1600,0,'',1,1400,0,'',1,1800,0,'',1,6500,0,'',1,1600,0,'',1,1800,0,'',1,6000,0,'',1,2000,0,'',1,2000,0,'',1,6000,0,'',1,2100,0,'',1,1900,0,'',1,5900,0,'',1,2000,0,'',1,2000,0,'',1,5800,0,'',1,2000,0,'',1,2500,0,'',1,6000,0,'',1
'260105-MULTI-Sunday-01',50101,70900,0,'',1,1800,0,'',1,1800,0,'',1,5800,0,'',1,1800,0,'',1,1800,0,'',1,1800,0,'',1,6200,0,'',1,1800,0,'',1,1800,0,'',1,5800,0,'',1,1800,0,'',1,1800,0,'',1,5800,0,'',1,1800,0,'',1,1800,0,'',1,5800,0,'',1,1800,0,'',1,1800,0,'',1,1800,0,'',1,5900,0,'',1,1800,0,'',1,1800,0,'',1,5800,0,'',1,1800,0,'',1,1800,0,'',1,5800,0,'',1,1800,0,'',1,1800,0,'',1,1800,0,'',1,5800,0,'',1,1800,0,'',1,1900,0,'',1,5700,0,'',1,1800,0,'',1,1800,0,'',1,5700,0,'',1,1800,0,'',1,1800,0,'',1,1800,0,'',1,5700,0,'',1,1800,0,'',1,1800,0,'',1,5800,0,'',1,1700,0,'',1,1800,0,'',1,5900,0,'',1,1800,0,'',1,1700,0,'',1,1800,0,'',1,6000,0,'',1,2000,0,'',1,2000,0,'',1
'260105-MULTI-Weekday-01',50101,44000,0,'',1,1500,0,'',1,5500,0,'',1,600,0,'',1,600,0,'',1,600,0,'',1,600,0,'',1,600,0,'',1,600,0,'',1,600,0,'',1,600,0,'',1,4800,0,'',1,700,0,'',1,600,0,'',1,600,0,'',1,600,0,'',1,600,0,'',1,600,0,'',1,600,0,'',1,600,0,'',1,4600,0,'',1,600,0,'',1,700,0,'',1,600,0,'',1,600,0,'',1,600,0,'',1,600,0,'',1,600,0,'',1,600,0,'',1,600,0,'',1,4600,0,'',1,600,0,'',1,600,0,'',1,600,0,'',1,600,0,'',1,600,0,'',1,600,0,'',1,600,0,'',1,600,0,'',1,600,0,'',1,4600,0,'',1,700,0,'',1,600,0,'',1,600,0,'',1,600,0,'',1,600,0,'',1,600,0,'',1,600,0,'',1,600,0,'',1,600,0,'',1,4600,0,'',1,600,0,'',1,600,0,'',1,600,0,'',1,600,0,'',1,600,0,'',1,600,0,'',1,1200,0,'',1,5200,0,'',1,1200,0,'',1,1200,0,'',1,1200,0,'',1,1200,0,'',1,5200,0,'',1,1200,0,'',1,1200,0,'',1,1200,0,'',1,1200,0,'',1,5200,0,'',1,1200,0,'',1,1200,0,'',1,1200,0,'',1,1200,0,'',1,5200,0,'',1,1200,0,'',1,1200,0,'',1,1200,0,'',1,1200,0,'',1,5200,0,'',1,1200,0,'',1,1200,0,'',1,1200,0,'',1,1200,0,'',1,5200,0,'',1,1200,0,'',1,1200,0,'',1,1200,0,'',1,1200,0,'',1,5200,0,'',1,1200,0,'',1,1200,0,'',1,1200,0,'',1,1200,0,'',1,5200,0,'',1,1200,0,'',1,1200,0,'',1,1200,0,'',1,1200,0,'',1,5200,0,'',1,1000,0,'',1,1200,0,'',1,1200,0,'',1,1200,0,'',1,5200,0,'',1,1200,0,'',1,1200,0,'',1,1200,0,'',1,1200,0,'',1,5200,0,'',1,1000,0,'',1,1500,0,'',1,1500,0,'',1,1500,0,'',1,5500,0,'',1,1800,0,'',1,1800,0,'',1,5800,0,'',1,1800,0,'',1
