101,'251229-MULTI-Saturday-01',536,,11,0,,1,20,,9,0,,1,59,,13,0,,1,24,,2,0,,1,20,,3,0,,1,60,,5,0,,1,20,,6,0,,1,20,,1,0,,1,61,,7,0,,1,23,,4,0,,1,60,,8,0,,1,19,,10,0,,1,18,,14,0,,1,19,,15,0,,1,62,,16,0,,1,21,,26,0,,1,15,,27,0,,1,55,,28,0,,1,15,,29,0,,1,15,,31,0,,1,15,,32,0,,1,55,,33,0,,1,15,,30,0,,1,15,,34,0,,1,15,,35,0,,1,56,,36,0,,1,15,,40,0,,1,12,,37,0,,1,11,,38,0,,1,55,,39,0,,1,15,,41,0,,1,16,,42,0,,1,15,,43,0,,1,55,,45,0,,1,15,,46,0,,1,15,,47,0,,1,15,,44,0,,1,55,,48,0,,1,15,,49,0,,1,15,,50,0,,1,15,,52,0,,1,55,,53,0,,1,15,,54,0,,1,14,,51,0,,1,15,,55,0,,1,55,,56,0,,1,15,,57,0,,1,15,,58,0,,1,15,,59,0,,1,55,,60,0,,1,14,,61,0,,1,20,,62,0,,1,19,,63,0,,1,58,,65,0,,1,19,,66,0,,1,20,,67,0,,1,60,,64,0,,1,20,,68,0,,1,20,,69,0,,1,66,,20,0,,1,30,,21,0,,1,70,,22,0,,1,30,,19,0,,1,69,,23,0,,1,30,,18,0,,1,69,,25,0,,1
101,'251229-MULTI-Sunday-01',546,,73,0,,1,170,,70,0,,1,20,,82,0,,1,20,,83,0,,1,60,,84,0,,1,20,,85,0,,1,20,,86,0,,1,60,,87,0,,1,20,,88,0,,1,20,,89,0,,1,60,,91,0,,1,20,,92,0,,1,20,,90,0,,1,61,,94,0,,1,20,,95,0,,1,20,,93,0,,1,60,,96,0,,1,20,,97,0,,1,20,,98,0,,1,61,,99,0,,1,20,,100,0,,1,20,,101,0,,1,60,,102,0,,1,20,,103,0,,1,20,,104,0,,1,60,,105,0,,1,20,,108,0,,1,20,,109,0,,1,60,,106,0,,1,21,,107,0,,1,20,,110,0,,1,60,,111,0,,1,20,,112,0,,1,20,,113,0,,1,58,,114,0,,1,20,,115,0,,1,20,,116,0,,1,60,,118,0,,1,20,,119,0,,1,20,,120,0,,1,60,,117,0,,1,19,,121,0,,1,20,,122,0,,1,65,,123,0,,1,20,,124,0,,1,60,,125,0,,1,20,,80,0,,1,19,,77,0,,1,60,,78,0,,1,19,,76,0,,1,15,,79,0,,1,20,,81,0,,1,63,,75,0,,1
101,'260105-MULTI-Holiday1-01',546,,130,0,,1,170,,127,0,,1,20,,139,0,,1,20,,140,0,,1,60,,141,0,,1,20,,142,0,,1,20,,143,0,,1,60,,144,0,,1,20,,145,0,,1,20,,146,0,,1,60,,148,0,,1,20,,149,0,,1,20,,147,0,,1,61,,151,0,,1,20,,152,0,,1,20,,150,0,,1,60,,153,0,,1,20,,154,0,,1,20,,155,0,,1,61,,156,0,,1,20,,157,0,,1,20,,158,0,,1,60,,159,0,,1,20,,160,0,,1,20,,161,0,,1,60,,162,0,,1,20,,165,0,,1,20,,166,0,,1,60,,163,0,,1,21,,164,0,,1,20,,167,0,,1,60,,168,0,,1,20,,169,0,,1,20,,170,0,,1,58,,171,0,,1,20,,172,0,,1,20,,173,0,,1,60,,175,0,,1,20,,176,0,,1,20,,177,0,,1,60,,174,0,,1,19,,178,0,,1,20,,179,0,,1,65,,180,0,,1,20,,181,0,,1,60,,182,0,,1,20,,137,0,,1,19,,134,0,,1,60,,135,0,,1,19,,133,0,,1,15,,136,0,,1,20,,138,0,,1,63,,132,0,,1
101,'260105-MULTI-Saturday-01',536,,194,0,,1,20,,192,0,,1,59,,196,0,,1,24,,185,0,,1,20,,186,0,,1,60,,188,0,,1,20,,189,0,,1,20,,184,0,,1,61,,190,0,,1,23,,187,0,,1,60,,191,0,,1,19,,193,0,,1,18,,197,0,,1,19,,198,0,,1,62,,199,0,,1,21,,209,0,,1,15,,210,0,,1,55,,211,0,,1,15,,212,0,,1,15,,214,0,,1,15,,215,0,,1,55,,216,0,,1,15,,213,0,,1,15,,217,0,,1,15,,218,0,,1,56,,219,0,,1,15,,223,0,,1,12,,220,0,,1,11,,221,0,,1,55,,222,0,,1,15,,224,0,,1,16,,226,0,,1,15,,227,0,,1,55,,225,0,,1,15,,229,0,,1,15,,230,0,,1,15,,228,0,,1,55,,231,0,,1,15,,232,0,,1,15,,233,0,,1,15,,235,0,,1,55,,236,0,,1,15,,237,0,,1,14,,234,0,,1,15,,238,0,,1,55,,239,0,,1,15,,240,0,,1,15,,241,0,,1,15,,242,0,,1,55,,243,0,,1,14,,244,0,,1,20,,245,0,,1,19,,246,0,,1,58,,248,0,,1,19,,249,0,,1,20,,250,0,,1,60,,247,0,,1,20,,251,0,,1,20,,252,0,,1,66,,203,0,,1,30,,204,0,,1,70,,205,0,,1,30,,202,0,,1,69,,206,0,,1,30,,201,0,,1,69,,208,0,,1
101,'260105-MULTI-Sunday-01',546,,256,0,,1,170,,253,0,,1,20,,265,0,,1,20,,266,0,,1,60,,267,0,,1,20,,268,0,,1,20,,269,0,,1,60,,270,0,,1,20,,271,0,,1,20,,272,0,,1,60,,274,0,,1,20,,275,0,,1,20,,273,0,,1,61,,277,0,,1,20,,278,0,,1,20,,276,0,,1,60,,279,0,,1,20,,280,0,,1,20,,281,0,,1,61,,282,0,,1,20,,283,0,,1,20,,284,0,,1,60,,285,0,,1,20,,286,0,,1,20,,287,0,,1,60,,288,0,,1,20,,291,0,,1,20,,292,0,,1,60,,289,0,,1,21,,290,0,,1,20,,293,0,,1,60,,294,0,,1,20,,295,0,,1,20,,296,0,,1,58,,297,0,,1,20,,298,0,,1,20,,299,0,,1,60,,301,0,,1,20,,302,0,,1,20,,303,0,,1,60,,300,0,,1,19,,304,0,,1,20,,305,0,,1,65,,306,0,,1,20,,307,0,,1,60,,308,0,,1,20,,263,0,,1,19,,260,0,,1,60,,261,0,,1,19,,259,0,,1,15,,262,0,,1,20,,264,0,,1,63,,258,0,,1
101,'260105-MULTI-Weekday-01',350,,318,0,,1,62,,315,0,,1,20,,313,0,,1,18,,312,0,,1,69,,311,0,,1,20,,314,0,,1,8,,316,0,,1,63,,310,0,5,1,12,,327,0,,1,10,,330,0,5,1,15,,328,0,,1,12,,331,0,5,1,51,,329,0,,1,11,,332,0,5,1,13,,322,0,,1,13,,333,0,5,1,1,,325,0,,1,61,,334,0,5,1,13,,320,0,,1,10,,335,0,5,1,10,,326,0,,1,12,,336,0,5,1,50,,321,0,,1,5,,323,0,,1,16,,324,0,5,1,23,,348,0,5,1,54,,337,0,,1,7,,349,0,5,1,20,,338,0,,1,22,,350,0,5,1,60,,339,0,,1,12,,351,0,5,1,15,,340,0,,1,11,,352,0,5,1,55,,341,0,,1,21,,353,0,5,1,7,,342,0,,1,68,,354,0,5,1,16,,343,0,7,1,16,,355,0,5,1,10,,344,0,,1,61,,357,0,5,1,16,,345,0,,1,11,,358,0,5 7,1,10,,346,0,,1,63,,359,0,5,1,5,,347,0,7,1,27,,376,0,5,1,8,,356,0,,1,57,,377,0,5,1,8,,360,0,,1,15,,378,0,5,1,7,,361,0,,1,13,,379,0,5,1,11,,362,0,,1,46,,380,0,5,1,21,,363,0,,1,6,,381,0,5,1,14,,364,0,,1,6,,382,0,5,1,58,,365,0,,1,6,,383,0,5,1,12,,366,0,,1,8,,384,0,5,1,8,,367,0,,1,14,,385,0,5,1,52,,368,0,,1,9,,369,0,,1,4,,386,0,5,1,22,,370,0,,1,62,,371,0,,1,30,,372,0,,1,25,,373,0,,1,60,,374,0,,1,22,,375,0,,1,64,,387,0,,1,38,,388,0,,1,67,,390,0,,1,44,,391,0,,1,75,,392,0,,1,32,,389,0,,1,74,,393,0,,1
2404,'251229-MULTI-Saturday-01',835,,9656,0,,1,85,,9657,0,,1,85,,9661,0,,1,45,,9658,0,,1,85,,9659,0,,1,85,,9660,0,,1,85,,9662,0,,1,45,,9663,0,,1,85,,9665,0,,1,85,,9666,0,,1,85,,9664,0,,1,45,,9667,0,,1,85,,9668,0,,1,85,,9669,0,,1,85,,9670,0,,1
2404,'251229-MULTI-Sunday-01',835,,9672,0,,1,85,,9671,0,,1,85,,9673,0,,1,45,,9674,0,,1,85,,9675,0,,1,85,,9677,0,,1,85,,9678,0,,1,45,,9676,0,,1,85,,9681,0,,1,85,,9682,0,,1,85,,9679,0,,1,45,,9680,0,,1,85,,9684,0,,1,85,,9685,0,,1,85,,9683,0,,1
2404,'260105-MULTI-Holiday1-01',835,,9687,0,,1,85,,9686,0,,1,85,,9688,0,,1,45,,9689,0,,1,85,,9690,0,,1,85,,9692,0,,1,85,,9693,0,,1,45,,9691,0,,1,85,,9696,0,,1,85,,9697,0,,1,85,,9694,0,,1,45,,9695,0,,1,85,,9699,0,,1,85,,9700,0,,1,85,,9698,0,,1
2404,'260105-MULTI-Saturday-01',835,,9701,0,,1,85,,9702,0,,1,85,,9707,0,,1,45,,9703,0,,1,85,,9704,0,,1,85,,9705,0,,1,85,,9708,0,,1,45,,9709,0,,1,85,,9710,0,,1,85,,9711,0,,1,85,,9706,0,,1,45,,9712,0,,1,85,,9713,0,,1,85,,9714,0,,1,85,,9715,0,,1
2404,'260105-MULTI-Sunday-01',835,,9717,0,,1,85,,9716,0,,1,85,,9718,0,,1,45,,9719,0,,1,85,,9720,0,,1,85,,9722,0,,1,85,,9723,0,,1,45,,9721,0,,1,85,,9726,0,,1,85,,9727,0,,1,85,,9724,0,,1,45,,9725,0,,1,85,,9729,0,,1,85,,9730,0,,1,85,,9728,0,,1
2404,'260105-MULTI-Weekday-01',546,,9733,0,,1,56,,9732,0,,1,34,,9736,0,,1,77,,9745,0,,1,36,,9746,0,,1,76,,9747,0,,1,75,,9743,0,,1,36,,9744,0,,1,75,,9752,0,,1,37,,9731,0,,1,74,,9734,0,,1,35,,9750,0,,1,78,,9748,0,,1,77,,9749,0,,1,37,,9751,0,,1,77,,9735,0,,1,33,,9738,0,,1,77,,9753,0,,1,76,,9754,0,,1,34,,9755,0,,1,75,,9756,0,,1,36,,9757,0,,1,75,,9758,0,,1,74,,9759,0,,1,38,,9740,0,,1,72,,9737,0,,1,32,,9739,0,,1,76,,9742,0,,1,35,,9741,0,,1
2504,'260105-MULTI-Weekday-01',628,,9779,0,,1,30,,9781,0,,1,77,,9787,0,,1,78,,9786,0,,1,38,,9785,0,,1,72,,9784,0,,1,35,,9788,0,,1,76,,9789,0,,1,484,,9780,0,,1,36,,9790,0,,1,76,,9791,0,,1,77,,9792,0,,1,36,,9793,0,,1,77,,9794,0,,1,36,,9795,0,,1,74,,9796,0,,1,75,,9783,0,,1,34,,9782,0,,1
