204,'Holiday1',703,,697,,,1,33,,699,,,1,73,,700,,,1,33,,701,,,1,74,,702,,,1,33,,703,,,1,73,,704,,,1,33,,705,,,1,73,,706,,,1,73,,707,,,1,33,,709,,,1,73,,710,,,1,33,,711,,,1,73,,708,,,1,33,,713,,,1,73,,714,,,1,33,,715,,,1,73,,712,,,1,33,,727,,,1,73,,723,,,1,73,,726,,,1,33,,722,,,1,72,,725,,,1,33,,724,,,1,73,,720,,,1,33,,719,,,1,73,,721,,,1,33,,716,,,1,73,,718,,,1,73,,717,,,1,33,,698,,,1
204,'Saturday',613,,728,,,1,27,,766,,,1,72,,763,,,1,29,,762,,,1,72,,765,,,1,30,,764,,,1,71,,761,,,1,30,,760,,,1,70,,756,,,1,30,,759,,,1,70,,758,,,1,30,,767,,,1,70,,757,,,1,30,,755,,,1,70,,751,,,1,30,,750,,,1,70,,754,,,1,30,,753,,,1,70,,752,,,1,30,,749,,,1,70,,748,,,1,30,,744,,,1,70,,747,,,1,30,,742,,,1,70,,746,,,1,30,,745,,,1,70,,743,,,1,30,,741,,,1,69,,737,,,1,30,,740,,,1,70,,739,,,1,30,,738,,,1,70,,733,,,1,30,,734,,,1,70,,736,,,1,30,,735,,,1,70,,731,,,1,30,,732,,,1
204,'Sunday',703,,768,,,1,33,,770,,,1,73,,771,,,1,33,,772,,,1,74,,773,,,1,33,,774,,,1,73,,775,,,1,33,,776,,,1,73,,777,,,1,73,,778,,,1,33,,780,,,1,73,,781,,,1,33,,782,,,1,73,,779,,,1,33,,784,,,1,73,,785,,,1,33,,786,,,1,73,,783,,,1,33,,798,,,1,73,,794,,,1,73,,797,,,1,33,,793,,,1,72,,796,,,1,33,,795,,,1,73,,791,,,1,33,,790,,,1,73,,792,,,1,33,,787,,,1,73,,789,,,1,73,,788,,,1,33,,769,,,1
204,'Weekday',443,,853,,,1,62,,852,,,1,22,,851,,,1,16,,849,,,1,69,,848,,,1,22,,847,,,1,18,,843,,,1,66,,846,,,1,3,,854,,,1,79,,841,,,1,24,,845,,,1,22,,850,,,1,62,,844,,,1,42,,842,,,1,64,,840,,,1,22,,838,,,1,19,,837,,,1,48,,836,,,1,35,,835,,,1,66,,831,,,1,22,,834,,,1,14,,833,,,1,14,,832,,,1,74,,830,,,1,26,,829,,,1,61,,828,,,1,15,,827,,,1,15,,826,,,1,72,,825,,,1,27,,824,,,1,57,,820,,,1,19,,823,,,1,20,,822,,,1,72,,821,,,1,24,,819,,,1,23,,815,,,1,60,,818,,,1,25,,817,,,1,66,,816,,,1,23,,814,,,1,23,,813,,,1,57,,812,,,1,28,,811,,,1,18,,810,,,1,59,,806,,,1,23,,809,,,1,16,,808,,,1,66,,807,,,1,34,,805,,,1,73,,804,,,1,70,,803,,,1,28,,802,,,1
703,'Holiday1',658,,2590,,,1,68,,2591,,,1,19,,2531,,,1,14,,2553,,,1,57,,2563,,,1,13,,2546,,,1,16,,2577,,,1,55,,2584,,,1,16,,2562,,,1,17,,2537,,,1,14,,2578,,,1,55,,2548,,,1,14,,2561,,,1,16,,2545,,,1,17,,2575,,,1,55,,2585,,,1,15,,2559,,,1,14,,2541,,,1,15,,2576,,,1,56,,2551,,,1,14,,2558,,,1,16,,2544,,,1,15,,2574,,,1,55,,2586,,,1,13,,2579,,,1,15,,2565,,,1,15,,2573,,,1,55,,2550,,,1,18,,2557,,,1,15,,2543,,,1,15,,2572,,,1,55,,2536,,,1,11,,2580,,,1,15,,2538,,,1,16,,2568,,,1,55,,2549,,,1,17,,2556,,,1,15,,2540,,,1,15,,2571,,,1,55,,2542,,,1,15,,2581,,,1,14,,2535,,,1,14,,2570,,,1,55,,2547,,,1,16,,2555,,,1,16,,2539,,,1,16,,2569,,,1,71,,2582,,,1,29,,2567,,,1,54,,2554,,,1,13,,2589,,,1,19,,2560,,,1,65,,2583,,,1,24,,2532,,,1,24,,2552,,,1,65,,2564,,,1,23,,2587,,,1,69,,2588,,,1,31,,2534,,,1
703,'Saturday',627,,2593,,,1,31,,2594,,,1,70,,2595,,,1,72,,2596,,,1,28,,2597,,,1,72,,2598,,,1,35,,2599,,,1,70,,2600,,,1,45,,2637,,,1,66,,2633,,,1,26,,2638,,,1,63,,2639,,,1,27,,2636,,,1,26,,2641,,,1,63,,2642,,,1,24,,2643,,,1,66,,2640,,,1,24,,2645,,,1,68,,2644,,,1,22,,2648,,,1,25,,2647,,,1,68,,2646,,,1,22,,2649,,,1,68,,2650,,,1,27,,2651,,,1,65,,2652,,,1,24,,2654,,,1,24,,2655,,,1,71,,2656,,,1,24,,2653,,,1,61,,2657,,,1,10,,2602,,,1,19,,2601,,,1,26,,2603,,,1,62,,2606,,,1,23,,2604,,,1,71,,2608,,,1,28,,2605,,,1,72,,2609,,,1,27,,2610,,,1,68,,2607,,,1,30,,2611,,,1,69,,2612,,,1
703,'Sunday',658,,2728,,,1,68,,2729,,,1,19,,2669,,,1,14,,2691,,,1,57,,2701,,,1,13,,2684,,,1,16,,2715,,,1,55,,2722,,,1,16,,2700,,,1,17,,2675,,,1,14,,2716,,,1,55,,2686,,,1,14,,2699,,,1,16,,2683,,,1,17,,2713,,,1,55,,2723,,,1,15,,2697,,,1,14,,2679,,,1,15,,2714,,,1,56,,2689,,,1,14,,2696,,,1,16,,2682,,,1,15,,2712,,,1,55,,2724,,,1,13,,2717,,,1,15,,2703,,,1,15,,2711,,,1,55,,2688,,,1,18,,2695,,,1,15,,2681,,,1,15,,2710,,,1,55,,2674,,,1,11,,2718,,,1,15,,2676,,,1,16,,2706,,,1,55,,2687,,,1,17,,2694,,,1,15,,2678,,,1,15,,2709,,,1,55,,2680,,,1,15,,2719,,,1,14,,2673,,,1,14,,2708,,,1,55,,2685,,,1,16,,2693,,,1,16,,2677,,,1,16,,2707,,,1,71,,2720,,,1,29,,2705,,,1,54,,2692,,,1,13,,2727,,,1,19,,2698,,,1,65,,2721,,,1,24,,2670,,,1,24,,2690,,,1,65,,2702,,,1,23,,2725,,,1,69,,2726,,,1,31,,2672,,,1
703,'Weekday',458,,2731,,,1,56,,2755,,,1,15,,2754,,,1,15,,2753,,,1,14,,2752,,,1,56,,2751,,,1,18,,2750,,,1,24,,2817,,,1,54,,2818,,,1,17,,2819,,,1,15,,2820,,,1,17,,2821,,,1,55,,2822,,,1,16,,2823,,,1,17,,2824,,,1,56,,2825,,,1,17,,2826,,,1,16,,2827,,,1,17,,2828,,,1,56,,2829,,,1,17,,2830,,,1,16,,2831,,,1,14,,2832,,,1,57,,2833,,,1,16,,2834,,,1,15,,2835,,,1,56,,2836,,,1,14,,2837,,,1,18,,2838,,,1,16,,2839,,,1,56,,2840,,,1,15,,2841,,,1,16,,2842,,,1,19,,2843,,,1,57,,2844,,,1,18,,2845,,,1,17,,2846,,,1,56,,2847,,,1,13,,2848,,,1,16,,2849,,,1,18,,2850,,,1,57,,2851,,,1,15,,2852,,,1,18,,2853,,,1,19,,2854,,,1,58,,2855,,,1,17,,2856,,,1,15,,2857,,,1,59,,2858,,,1,15,,2859,,,1,16,,2761,,,1,14,,2759,,,1,55,,2764,,,1,20,,2766,,,1,16,,2763,,,1,12,,2765,,,1,54,,2760,,,1,13,,2762,,,1,15,,2746,,,1,18,,2745,,,1,63,,2743,,,1,20,,2739,,,1,63,,2740,,,1,19,,2749,,,1,18,,2738,,,1,21,,2744,,,1,55,,2737,,,1,17,,2735,,,1,28,,2748,,,1,69,,2741,,,1,27,,2733,,,1,70,,2747,,,1
2302,'Holiday1',819,,6575,,,1,30,,6549,,,1,69,,6552,,,1,33,,6553,,,1,70,,6554,,,1,28,,6551,,,1,67,,6555,,,1,29,,6556,,,1,69,,6550,,,1,29,,6558,,,1,70,,6560,,,1,28,,6557,,,1,67,,6561,,,1,25,,6559,,,1,71,,6562,,,1,32,,6563,,,1,67,,6564,,,1,28,,6565,,,1,28,,6566,,,1,68,,6580,,,1,28,,6568,,,1,67,,6569,,,1,28,,6570,,,1,68,,6567,,,1,27,,6572,,,1,66,,6573,,,1,25,,6574,,,1,68,,6571,,,1,25,,6578,,,1,28,,6579,,,1,67,,6576,,,1,27,,6577,,,1
2302,'Saturday',615,,6581,,,1,30,,6582,,,1,70,,6603,,,1,32,,6602,,,1,82,,6606,,,1,72,,6605,,,1,30,,6608,,,1,28,,6609,,,1,69,,6610,,,1,27,,6607,,,1,71,,6611,,,1,27,,6614,,,1,66,,6615,,,1,30,,6612,,,1,70,,6613,,,1,27,,6604,,,1,69,,6594,,,1,27,,6595,,,1,65,,6596,,,1,30,,6597,,,1,70,,6598,,,1,29,,6593,,,1,70,,6600,,,1,31,,6601,,,1,67,,6599,,,1,25,,6585,,,1,26,,6586,,,1,65,,6584,,,1,31,,6592,,,1,70,,6583,,,1,30,,6588,,,1,66,,6590,,,1,30,,6587,,,1,69,,6589,,,1,29,,6591,,,1,70,,6619,,,1,30,,6618,,,1,70,,6617,,,1,30,,6616,,,1
2302,'Sunday',819,,6646,,,1,30,,6620,,,1,69,,6623,,,1,33,,6624,,,1,70,,6625,,,1,28,,6622,,,1,67,,6626,,,1,29,,6627,,,1,69,,6621,,,1,29,,6629,,,1,70,,6631,,,1,28,,6628,,,1,67,,6632,,,1,25,,6630,,,1,71,,6633,,,1,32,,6634,,,1,67,,6635,,,1,28,,6636,,,1,28,,6637,,,1,68,,6651,,,1,28,,6639,,,1,67,,6640,,,1,28,,6641,,,1,68,,6638,,,1,27,,6643,,,1,66,,6644,,,1,25,,6645,,,1,68,,6642,,,1,25,,6649,,,1,28,,6650,,,1,67,,6647,,,1,27,,6648,,,1
2302,'Weekday',542,,6652,,,1,16,,6662,,,1,55,,6663,,,1,14,,6661,,,1,16,,6665,,,1,16,,6667,,,1,55,,6668,,,1,15,,6669,,,1,15,,6666,,,1,15,,6670,,,1,55,,6664,,,1,16,,6671,,,1,15,,6672,,,1,56,,6673,,,1,18,,6674,,,1,16,,6658,,,1,19,,6655,,,1,62,,6657,,,1,29,,6675,,,1,71,,6676,,,1,29,,6677,,,1,72,,6678,,,1,30,,6679,,,1,68,,6680,,,1,30,,6681,,,1,71,,6682,,,1,31,,6660,,,1,72,,6706,,,1,15,,6703,,,1,17,,6705,,,1,56,,6702,,,1,16,,6704,,,1,15,,6701,,,1,19,,6683,,,1,55,,6684,,,1,14,,6685,,,1,13,,6686,,,1,15,,6687,,,1,55,,6688,,,1,16,,6689,,,1,15,,6690,,,1,15,,6691,,,1,54,,6692,,,1,14,,6653,,,1,15,,6659,,,1,13,,6656,,,1,55,,6654,,,1,34,,6693,,,1,73,,6694,,,1,35,,6695,,,1,70,,6696,,,1,31,,6697,,,1,74,,6698,,,1,34,,6699,,,1,74,,6700,,,1
2802,'Holiday1',534,,7364,0,5,1,25,,7354,,,1,65,,7351,0,5,1,25,,7360,,,1,65,,7356,0,5,1,25,,7350,,,1,65,,7363,0,5,1,25,,7353,,,1,25,,7352,0,5,1,65,,7358,,,1,25,,7357,0,5,1,65,,7355,,,1,25,,7362,0,5,1,25,,7359,,,1,65,,7366,0,5,1,25,,7361,,,1,65,,7367,0,5,1,25,,7365,,,1,65,,7368,0,5,1,25,,7369,,,1,25,,7370,0,5,1,65,,7371,,,1,25,,7372,0,5,1,65,,7373,,,1,25,,7374,0,5,1,25,,7375,,,1,65,,7376,0,5,1,25,,7377,,,1,65,,7378,0,5,1,25,,7379,,,1,65,,7380,0,5,1,25,,7381,,,1,25,,7382,0,5,1
2802,'Saturday',534,,7385,0,5,1,25,,7400,,,1,65,,7386,0,5,1,25,,7401,,,1,65,,7383,0,5,1,25,,7404,,,1,65,,7384,0,5,1,25,,7405,,,1,25,,7387,0,5,1,65,,7406,,,1,25,,7388,0,5,1,65,,7402,,,1,25,,7389,0,5,1,25,,7403,,,1,65,,7390,0,5,1,25,,7407,,,1,65,,7391,0,5,1,25,,7408,,,1,65,,7392,0,5,1,25,,7409,,,1,25,,7393,0,5,1,65,,7410,,,1,25,,7394,0,5,1,65,,7411,,,1,25,,7395,0,5,1,25,,7412,,,1,65,,7396,0,5,1,25,,7413,,,1,65,,7397,0,5,1,25,,7414,,,1,65,,7398,0,5,1,25,,7415,,,1,25,,7399,0,5,1
2802,'Sunday',534,,7430,0,5,1,25,,7420,,,1,65,,7417,0,5,1,25,,7426,,,1,65,,7422,0,5,1,25,,7416,,,1,65,,7429,0,5,1,25,,7419,,,1,25,,7418,0,5,1,65,,7424,,,1,25,,7423,0,5,1,65,,7421,,,1,25,,7428,0,5,1,25,,7425,,,1,65,,7432,0,5,1,25,,7427,,,1,65,,7433,0,5,1,25,,7431,,,1,65,,7434,0,5,1,25,,7435,,,1,25,,7436,0,5,1,65,,7437,,,1,25,,7438,0,5,1,65,,7439,,,1,25,,7440,0,5,1,25,,7441,,,1,65,,7442,0,5,1,25,,7443,,,1,65,,7444,0,5,1,25,,7445,,,1,65,,7446,0,5,1,25,,7447,,,1,25,,7448,0,5,1
2802,'Weekday',515,,7489,,,1,16,,7449,0,5,1,25,,7469,,,1,58,,7451,0,5,1,22,,7470,,,1,20,,7452,0,5,1,60,,7471,,,1,20,,7450,0,5,1,20,,7472,,,1,60,,7453,0,5,1,20,,7473,,,1,20,,7454,0,5,1,60,,7474,,,1,20,,7455,0,5,1,23,,7475,,,1,57,,7456,0,5,1,20,,7476,,,1,19,,7457,0,5,1,61,,7477,,,1,20,,7458,0,5,1,19,,7478,,,1,61,,7459,0,5,1,20,,7479,,,1,19,,7460,0,5,1,61,,7480,,,1,20,,7461,0,5,1,20,,7481,,,1,60,,7462,0,5,1,20,,7482,,,1,20,,7463,0,5,1,60,,7483,,,1,20,,7464,0,5,1,20,,7484,,,1,60,,7465,0,5,1,19,,7485,,,1,21,,7466,0,5,1,60,,7486,,,1,19,,7467,0,5,1,21,,7487,,,1,60,,7468,0,5,1,20,,7488,,,1
20200,'Weekday',716,,11350,,,1
