'241223-MULTI-Holiday1-03',1803,44500,4,'',1,40000,4,'',1,25500,4,'',1,10000,4,'',1
'241223-MULTI-Holiday1-03',1804,45000,0,'A',1,46500,,'',1,19500,0,'A',1,79000,,'',1
'241223-MULTI-Holiday2-03',1803,44500,4,'',1,40000,4,'',1,25500,4,'',1,10000,4,'',1
'241223-MULTI-Holiday2-03',1804,45000,0,'A',1,46500,,'',1,19500,0,'A',1,79000,,'',1
'241223-MULTI-Saturday-01',1803,44500,4,'',1,40000,4,'',1,25500,4,'',1,10000,4,'',1
'241223-MULTI-Saturday-01',1804,45000,0,'A',1,46500,,'',1,19500,0,'A',1,79000,,'',1
'241223-MULTI-Sunday-01',1803,44500,4,'',1,40000,4,'',1,25500,4,'',1,10000,4,'',1
'241223-MULTI-Sunday-01',1804,45000,0,'A',1,46500,,'',1,19500,0,'A',1,79000,,'',1
'241223-MULTI-Weekday-01',1803,43500,4,'',1,41700,4,'',1,18300,4,'',1,26500,4,'',1,33500,4,'',1,6500,4,'',1,3500,4,'',1
'241223-MULTI-Weekday-01',1804,45000,,'',1,48000,0,'A',1,11500,0,'A',1,60000,,'',1,10500,,'',1,46500,,'',1,13000,,'',1,7000,0,'A',1
'241230-MULTI-Holiday1-03',1803,44500,4,'',1,40000,4,'',1,25500,4,'',1,10000,4,'',1
'241230-MULTI-Holiday1-03',1804,45000,0,'A',1,46500,,'',1,19500,0,'A',1,79000,,'',1
'241230-MULTI-Holiday3-01',1803,43500,4,'',1,41700,4,'',1,18300,4,'',1,26500,4,'',1,33500,4,'',1,6500,4,'',1,3500,4,'',1
'241230-MULTI-Holiday3-01',1804,45000,,'',1,48000,0,'A',1,11500,0,'A',1,60000,,'',1,10500,,'',1,46500,,'',1,13000,,'',1,7000,0,'A',1
'241230-MULTI-Saturday-01',1803,44500,4,'',1,40000,4,'',1,25500,4,'',1,10000,4,'',1
'241230-MULTI-Saturday-01',1804,45000,0,'A',1,46500,,'',1,19500,0,'A',1,79000,,'',1
'241230-MULTI-Sunday-01',1803,44500,4,'',1,40000,4,'',1,25500,4,'',1,10000,4,'',1
'241230-MULTI-Sunday-01',1804,45000,0,'A',1,46500,,'',1,19500,0,'A',1,79000,,'',1
'241230-MULTI-Weekday-01',1803,43500,4,'',1,41700,4,'',1,18300,4,'',1,26500,4,'',1,33500,4,'',1,6500,4,'',1,3500,4,'',1
'241230-MULTI-Weekday-01',1804,45000,,'',1,48000,0,'A',1,11500,0,'A',1,60000,,'',1,10500,,'',1,46500,,'',1,13000,,'',1,7000,0,'A',1
