'251229-MULTI-Saturday-01',204,61200,0,'',1,2700,0,'',1,7200,0,'',1,2900,0,'',1,7200,0,'',1,3000,0,'',1,7000,0,'',1,3000,0,'',1,7000,0,'',1,3000,0,'',1,7000,0,'',1,3000,0,'',1,7000,0,'',1,3000,0,'',1,7000,0,'',1,3000,0,'',1,7000,0,'',1,3000,0,'',1,7000,0,'',1,3000,0,'',1,7000,0,'',1,3000,0,'',1,7000,0,'',1,3000,0,'',1,7000,0,'',1,3000,0,'',1,7000,0,'',1,3000,0,'',1,7000,0,'',1,3000,0,'',1,7000,0,'',1,3000,0,'',1,7000,0,'',1,3000,0,'',1,7000,0,'',1,3000,0,'',1,7000,0,'',1,3000,0,'',1
'251229-MULTI-Sunday-01',204,70200,0,'',1,3300,0,'',1,7300,0,'',1,3300,0,'',1,7300,0,'',1,3300,0,'',1,7300,0,'',1,3300,0,'',1,7300,0,'',1,3300,0,'',1,7300,0,'',1,7300,0,'',1,3300,0,'',1,7300,0,'',1,3300,0,'',1,7300,0,'',1,3300,0,'',1,7300,0,'',1,3300,0,'',1,7300,0,'',1,7300,0,'',1,3300,0,'',1,7300,0,'',1,3300,0,'',1,7300,0,'',1,3300,0,'',1,7300,0,'',1,3300,0,'',1,7300,0,'',1,3300,0,'',1,7300,0,'',1
'260105-MULTI-Holiday1-01',204,70200,0,'',1,3300,0,'',1,7300,0,'',1,3300,0,'',1,7300,0,'',1,3300,0,'',1,7300,0,'',1,3300,0,'',1,7300,0,'',1,3300,0,'',1,7300,0,'',1,7300,0,'',1,3300,0,'',1,7300,0,'',1,3300,0,'',1,7300,0,'',1,3300,0,'',1,7300,0,'',1,3300,0,'',1,7300,0,'',1,7300,0,'',1,3300,0,'',1,7300,0,'',1,3300,0,'',1,7300,0,'',1,3300,0,'',1,7300,0,'',1,3300,0,'',1,7300,0,'',1,3300,0,'',1,7300,0,'',1
'260105-MULTI-Saturday-01',204,61200,0,'',1,2700,0,'',1,7200,0,'',1,2900,0,'',1,7200,0,'',1,3000,0,'',1,7000,0,'',1,3000,0,'',1,7000,0,'',1,3000,0,'',1,7000,0,'',1,3000,0,'',1,7000,0,'',1,3000,0,'',1,7000,0,'',1,3000,0,'',1,7000,0,'',1,3000,0,'',1,7000,0,'',1,3000,0,'',1,7000,0,'',1,3000,0,'',1,7000,0,'',1,3000,0,'',1,7000,0,'',1,3000,0,'',1,7000,0,'',1,3000,0,'',1,7000,0,'',1,3000,0,'',1,7000,0,'',1,3000,0,'',1,7000,0,'',1,3000,0,'',1,7000,0,'',1,3000,0,'',1,7000,0,'',1,3000,0,'',1
'260105-MULTI-Sunday-01',204,70200,0,'',1,3300,0,'',1,7300,0,'',1,3300,0,'',1,7300,0,'',1,3300,0,'',1,7300,0,'',1,3300,0,'',1,7300,0,'',1,3300,0,'',1,7300,0,'',1,7300,0,'',1,3300,0,'',1,7300,0,'',1,3300,0,'',1,7300,0,'',1,3300,0,'',1,7300,0,'',1,3300,0,'',1,7300,0,'',1,7300,0,'',1,3300,0,'',1,7300,0,'',1,3300,0,'',1,7300,0,'',1,3300,0,'',1,7300,0,'',1,3300,0,'',1,7300,0,'',1,3300,0,'',1,7300,0,'',1
'260105-MULTI-Weekday-01',204,44200,0,'',1,6200,0,'',1,2200,0,'',1,1600,0,'',1,6800,0,'',1,2200,0,'',1,1800,0,'',1,6600,0,'',1,300,0,'',1,3900,0,'',1,6400,0,'',1,2200,0,'',1,6200,0,'',1,4200,0,'',1,6400,0,'',1,2200,0,'',1,1900,0,'',1,4800,0,'',1,3500,0,'',1,6600,0,'',1,2200,0,'',1,1400,0,'',1,1400,0,'',1,7400,0,'',1,2600,0,'',1,6100,0,'',1,1500,0,'',1,1500,0,'',1,7200,0,'',1,2700,0,'',1,1700,0,'',1,5900,0,'',1,2000,0,'',1,7200,0,'',1,2400,0,'',1,2300,0,'',1,6000,0,'',1,2500,0,'',1,6600,0,'',1,2300,0,'',1,2300,0,'',1,5700,0,'',1,2800,0,'',1,1800,0,'',1,5900,0,'',1,2300,0,'',1,1600,0,'',1,6600,0,'',1,3400,0,'',1,7300,0,'',1,3000,0,'',1,6800,0,'',1
'251229-MULTI-Saturday-01',2802,53200,0,'A',1,2500,0,'',1,6500,0,'A',1,2500,0,'',1,6500,0,'A',1,2500,0,'',1,6500,0,'A',1,2500,0,'',1,2500,0,'A',1,6500,0,'',1,2500,0,'A',1,6500,0,'',1,2500,0,'A',1,2500,0,'',1,6500,0,'A',1,2500,0,'',1,6500,0,'A',1,2500,0,'',1,6500,0,'A',1,2500,0,'',1,2500,0,'A',1,6500,0,'',1,2500,0,'A',1,6500,0,'',1,2500,0,'A',1,2500,0,'',1,6500,0,'A',1,2500,0,'',1,6500,0,'A',1,2500,0,'',1,6500,0,'A',1,2500,0,'',1,2500,0,'A',1
'251229-MULTI-Sunday-01',2802,53200,0,'A',1,2500,0,'',1,6500,0,'A',1,2500,0,'',1,6500,0,'A',1,2500,0,'',1,6500,0,'A',1,2500,0,'',1,2500,0,'A',1,6500,0,'',1,2500,0,'A',1,6500,0,'',1,2500,0,'A',1,2500,0,'',1,6500,0,'A',1,2500,0,'',1,6500,0,'A',1,2500,0,'',1,6500,0,'A',1,2500,0,'',1,2500,0,'A',1,6500,0,'',1,2500,0,'A',1,6500,0,'',1,2500,0,'A',1,2500,0,'',1,6500,0,'A',1,2500,0,'',1,6500,0,'A',1,2500,0,'',1,6500,0,'A',1,2500,0,'',1,2500,0,'A',1
'260105-MULTI-Holiday1-01',2802,53200,0,'A',1,2500,0,'',1,6500,0,'A',1,2500,0,'',1,6500,0,'A',1,2500,0,'',1,6500,0,'A',1,2500,0,'',1,2500,0,'A',1,6500,0,'',1,2500,0,'A',1,6500,0,'',1,2500,0,'A',1,2500,0,'',1,6500,0,'A',1,2500,0,'',1,6500,0,'A',1,2500,0,'',1,6500,0,'A',1,2500,0,'',1,2500,0,'A',1,6500,0,'',1,2500,0,'A',1,6500,0,'',1,2500,0,'A',1,2500,0,'',1,6500,0,'A',1,2500,0,'',1,6500,0,'A',1,2500,0,'',1,6500,0,'A',1,2500,0,'',1,2500,0,'A',1
'260105-MULTI-Saturday-01',2802,53200,0,'A',1,2500,0,'',1,6500,0,'A',1,2500,0,'',1,6500,0,'A',1,2500,0,'',1,6500,0,'A',1,2500,0,'',1,2500,0,'A',1,6500,0,'',1,2500,0,'A',1,6500,0,'',1,2500,0,'A',1,2500,0,'',1,6500,0,'A',1,2500,0,'',1,6500,0,'A',1,2500,0,'',1,6500,0,'A',1,2500,0,'',1,2500,0,'A',1,6500,0,'',1,2500,0,'A',1,6500,0,'',1,2500,0,'A',1,2500,0,'',1,6500,0,'A',1,2500,0,'',1,6500,0,'A',1,2500,0,'',1,6500,0,'A',1,2500,0,'',1,2500,0,'A',1
'260105-MULTI-Sunday-01',2802,53200,0,'A',1,2500,0,'',1,6500,0,'A',1,2500,0,'',1,6500,0,'A',1,2500,0,'',1,6500,0,'A',1,2500,0,'',1,2500,0,'A',1,6500,0,'',1,2500,0,'A',1,6500,0,'',1,2500,0,'A',1,2500,0,'',1,6500,0,'A',1,2500,0,'',1,6500,0,'A',1,2500,0,'',1,6500,0,'A',1,2500,0,'',1,2500,0,'A',1,6500,0,'',1,2500,0,'A',1,6500,0,'',1,2500,0,'A',1,2500,0,'',1,6500,0,'A',1,2500,0,'',1,6500,0,'A',1,2500,0,'',1,6500,0,'A',1,2500,0,'',1,2500,0,'A',1
'260105-MULTI-Weekday-01',2802,51300,0,'',1,1600,0,'A',1,2500,0,'',1,5800,0,'A',1,2200,0,'',1,2000,0,'A',1,6000,0,'',1,2000,0,'A',1,2000,0,'',1,6000,0,'A',1,2000,0,'',1,2000,0,'A',1,6000,0,'',1,2000,0,'A',1,2300,0,'',1,5700,0,'A',1,2000,0,'',1,1900,0,'A',1,6100,0,'',1,2000,0,'A',1,1900,0,'',1,6100,0,'A',1,2000,0,'',1,1900,0,'A',1,6100,0,'',1,2000,0,'A',1,2000,0,'',1,6000,0,'A',1,2000,0,'',1,2000,0,'A',1,6000,0,'',1,2000,0,'A',1,2000,0,'',1,6000,0,'A',1,1900,0,'',1,2100,0,'A',1,6000,0,'',1,1900,0,'A',1,2100,0,'',1,6000,0,'A',1,2000,0,'',1
