100,15090711,1,0,0
100,22010300,2,0,0
100,16090501,3,0,0
100,15090804,4,0,0
100,15090805,5,0,0
100,15090806,6,0,0
100,15090807,7,0,0
100,16090502,8,0,0
100,91690,9,0,0
100,92475,10,0,0
100,92480,11,0,0
100,92485,12,0,0
100,92490,13,0,0
100,92495,14,0,0
100,15051807,15,0,0
100,16170,16,0,0
100,15620,17,0,0
100,91100,18,0,0
100,92470,19,0,0
100,92465,20,0,0
100,7455,21,0,0
100,7460,22,0,0
100,7470,23,0,0
100,7480,24,0,0
100,7490,25,0,0
100,7500,26,0,0
100,7510,27,0,0
100,7520,28,0,0
100,7530,29,0,0
100,7535,30,0,0
100,14510,31,0,0
100,14520,32,0,0
100,14530,33,0,0
100,14540,34,0,0
100,19030402,35,0,0
100,14560,36,0,0
100,13930,37,0,0
100,13935,38,0,0
100,13940,39,0,0
100,7600,40,0,0
100,7610,41,0,0
100,7620,42,0,0
100,7630,43,0,0
100,7640,44,0,0
100,7650,45,0,0
100,45505,46,0,0
100,7675,47,0,0
100,7680,48,0,0
100,50102,49,0,0
100,7700,50,0,0
100,7710,51,0,0
100,50104,52,0,0
100,7730,53,0,0
100,7740,54,0,0
100,7750,55,0,0
100,50106,56,0,0
100,23040,57,0,0
100,7790,58,0,0
100,7800,59,0,0
100,200,60,0,0
100,210,61,0,0
100,220,62,0,0
100,230,63,0,0
100,235,64,0,0
100,9875,65,0,0
100,9885,66,0,0
100,2410,67,0,0
100,23140,68,0,0
100,45533,69,0,0
100,3900,70,0,0
100,3910,71,0,0
100,20200,72,0,0
100,3930,73,0,0
100,50112,74,0,0
100,50114,75,0,0
100,50116,76,0,0
100,222,77,0,0
100,50118,78,0,0
100,20270,79,0,0
100,50120,80,0,0
100,7970,81,0,0
100,7980,82,0,0
100,7990,83,0,0
100,7995,84,0,0
100,8000,85,1,1
100,20300,86,0,0
100,20310,87,0,0
100,50122,88,0,0
100,44480,89,0,0
100,44490,90,0,0
100,44500,91,0,0
100,44510,92,0,0
100,44520,93,0,0
100,44818,94,0,0
100,44820,95,0,0
100,47130,96,0,0
100,47140,97,1,1
101,47140,1,0,0
101,47143,2,0,0
101,47145,3,0,0
101,50150,4,0,0
101,17550,5,0,0
101,17555,6,0,0
101,16090506,7,0,0
101,16090507,8,0,0
101,16090508,9,0,0
101,50154,10,0,0
101,50156,11,0,0
101,21135,12,0,0
101,21137,13,0,0
101,50158,14,0,0
101,21160,15,0,0
101,8000,16,0,0
101,8020,17,0,0
101,8030,18,0,0
101,8040,19,0,0
101,8050,20,0,0
101,50160,21,0,0
101,8070,22,0,0
101,50162,23,0,0
101,50164,24,0,0
101,21210,25,0,0
101,3864,26,0,0
101,3865,27,0,0
101,2410,28,0,0
101,23140,29,0,0
101,45528,30,0,0
101,2390,31,0,0
101,9895,32,0,0
101,9867,33,0,0
101,20090801,34,0,0
101,270,35,0,0
101,280,36,0,0
101,290,37,0,0
101,8200,38,0,0
101,8210,39,0,0
101,50170,40,0,0
101,23180,41,0,0
101,50172,42,0,0
101,8245,43,0,0
101,8250,44,0,0
101,8260,45,0,0
101,50174,46,0,0
101,8280,47,0,0
101,8290,48,0,0
101,50176,49,0,0
101,8310,50,0,0
101,8320,51,0,0
101,45510,52,0,0
101,8340,53,0,0
101,8350,54,0,0
101,8360,55,0,0
101,8370,56,0,0
101,8380,57,0,0
101,8390,58,0,0
101,14560,59,0,0
101,13930,60,0,0
101,13935,61,0,0
101,8400,62,0,0
101,8410,63,0,0
101,91350,64,0,0
101,15630,65,0,0
101,92000,66,0,0
101,91360,67,0,0
101,91365,68,0,0
101,91370,69,0,0
101,91375,70,0,0
101,91380,71,0,0
101,16090503,72,0,0
101,15090825,73,0,0
101,49040,74,0,0
101,49050,75,0,0
101,15090826,76,0,0
101,19090339,77,0,0
101,16090504,78,0,0
101,19030401,79,0,0
101,15090711,80,1,1
101,8430,81,0,0
101,8440,82,0,0
101,8450,83,0,0
101,8460,84,0,0
101,7455,85,1,1
200,26792,1,0,0
200,26790,2,0,0
200,26800,3,0,0
200,30111,4,0,0
200,9060,5,0,0
200,9065,6,0,0
200,9070,7,0,0
200,9080,8,0,0
200,9090,9,0,0
200,9100,10,0,0
200,9110,11,0,0
200,9120,12,0,0
200,9130,13,0,0
200,9140,14,0,0
200,9150,15,0,0
200,9160,16,0,0
200,9170,17,0,0
200,9180,18,0,0
200,9190,19,0,0
200,9195,20,0,0
200,9210,21,0,0
200,9220,22,0,0
200,9235,23,0,0
200,9230,24,0,0
200,9250,25,0,0
200,9265,26,0,0
200,9270,27,0,0
200,9277,28,0,0
200,9280,29,0,0
200,9300,30,0,0
200,9310,31,0,0
200,9320,32,0,0
200,9330,33,0,0
200,9350,34,0,0
200,9360,35,0,0
200,9380,36,0,0
200,9390,37,1,1
201,9390,1,0,0
201,9415,2,0,0
201,9420,3,0,0
201,9430,4,0,0
201,9440,5,0,0
201,9450,6,0,0
201,9460,7,0,0
201,9475,8,0,0
201,9480,9,0,0
201,9490,10,0,0
201,9500,11,0,0
201,9510,12,0,0
201,9520,13,0,0
201,9530,14,0,0
201,9540,15,0,0
201,9550,16,0,0
201,9560,17,0,0
201,9580,18,0,0
201,9590,19,0,0
201,9600,20,0,0
201,9610,21,0,0
201,9620,22,0,0
201,9630,23,0,0
201,12840,24,0,0
201,9640,25,0,0
201,9650,26,0,0
201,9660,27,0,0
201,9670,28,0,0
201,9680,29,0,0
201,9700,30,0,0
201,9715,31,0,0
201,9720,32,0,0
201,9730,33,0,0
201,9740,34,0,0
201,9750,35,0,0
201,9760,36,0,0
201,30117,37,0,0
201,9780,38,0,0
201,9785,39,0,0
201,26810,40,0,0
201,26815,41,0,0
201,26807,42,0,0
201,28012,43,0,0
201,28014,44,0,0
201,28016,45,0,0
201,28005,46,0,0
201,28007,47,0,0
201,28010,48,0,0
201,28020,49,0,0
201,28030,50,0,0
201,28040,51,0,0
201,28050,52,0,0
201,26792,53,1,1
300,30107,1,0,0
300,8550,2,0,0
300,15033001,3,0,0
300,8500,4,0,0
300,13860,5,0,0
300,13870,6,0,0
300,13880,7,0,0
300,13895,8,0,0
300,13900,9,0,0
300,13910,10,0,0
300,13920,11,0,0
300,13930,12,0,0
300,13935,13,0,0
300,13940,14,0,0
300,13950,15,0,0
300,13960,16,0,0
300,13970,17,0,0
300,13980,18,0,0
300,13990,19,0,0
300,13995,20,0,0
300,14000,21,0,0
300,14010,22,0,0
300,14030,23,0,0
300,14040,24,0,0
300,14050,25,0,0
300,14060,26,0,0
300,14070,27,0,0
300,14080,28,0,0
300,14085,29,0,0
300,14090,30,0,0
300,14100,31,0,0
300,14110,32,0,0
300,13160,33,0,0
300,13170,34,0,0
300,12295,35,0,0
300,12300,36,0,0
300,12400,37,0,0
300,12410,38,0,0
300,19090314,39,1,1
301,19090314,1,0,0
301,12560,2,0,0
301,12570,3,0,0
301,12580,4,0,0
301,13470,5,0,0
301,13480,6,0,0
301,14370,7,0,0
301,14380,8,0,0
301,14390,9,0,0
301,14396,10,0,0
301,14400,11,0,0
301,14410,12,0,0
301,14420,13,0,0
301,14430,14,0,0
301,14440,15,0,0
301,94105,16,0,0
301,14450,17,0,0
301,14470,18,0,0
301,14480,19,0,0
301,14490,20,0,0
301,14500,21,0,0
301,14510,22,0,0
301,14520,23,0,0
301,14530,24,0,0
301,14540,25,0,0
301,14550,26,0,0
301,14560,27,0,0
301,13930,28,0,0
301,14580,29,0,0
301,14590,30,0,0
301,14600,31,0,0
301,14610,32,0,0
301,14620,33,0,0
301,14630,34,0,0
301,14635,35,0,0
301,8510,36,0,0
301,15033003,37,0,0
301,30107,38,1,1
400,30100,1,0,0
400,8550,2,0,0
400,15033001,3,0,0
400,1430,4,0,0
400,1440,5,0,0
400,1450,6,0,0
400,15517,7,0,0
400,15520,8,0,0
400,15090838,9,0,0
400,40982,10,0,0
400,40980,11,0,0
400,40985,12,0,0
400,40970,13,0,0
400,15650,14,0,0
400,15660,15,0,0
400,15670,16,0,0
400,15680,17,0,0
400,15690,18,0,0
400,15695,19,0,0
400,15700,20,0,0
400,15710,21,0,0
400,15720,22,0,0
400,15730,23,0,0
400,15735,24,0,0
400,15740,25,0,0
400,15750,26,0,0
400,94000,27,0,0
400,94005,28,0,0
400,94010,29,0,0
400,94015,30,0,0
400,25090100,31,0,0
400,25102702,32,0,0
400,24062415,33,0,0
400,25090101,34,1,1
400,40930,35,0,0
400,40330,36,0,0
400,40360,37,0,0
400,15780,38,0,0
400,15790,39,0,0
400,15800,40,0,0
400,15810,41,0,0
400,15820,42,0,0
400,11405,43,0,0
400,11410,44,0,0
400,11420,45,0,0
400,11430,46,0,0
400,15875,47,0,0
400,15880,48,1,1
401,15880,1,0,0
401,15895,2,0,0
401,11460,3,0,0
401,11470,4,0,0
401,11480,5,0,0
401,11485,6,0,0
401,11490,7,0,0
401,11510,8,0,0
401,11520,9,0,0
401,11530,10,0,0
401,11540,11,0,0
401,11550,12,0,0
401,40350,13,0,0
401,40340,14,0,0
401,15110205,15,0,0
401,25090101,16,0,0
401,25090102,17,0,0
401,94025,18,0,0
401,94030,19,0,0
401,16030,20,0,0
401,16040,21,0,0
401,16050,22,0,0
401,16070,23,0,0
401,16080,24,0,0
401,16090,25,0,0
401,16100,26,0,0
401,16110,27,0,0
401,16120,28,0,0
401,16130,29,0,0
401,16140,30,0,0
401,16150,31,0,0
401,40940,32,0,0
401,15090839,33,0,0
401,40950,34,0,0
401,15090840,35,0,0
401,40960,36,0,0
401,16270,37,0,0
401,15513,38,0,0
401,540,39,0,0
401,530,40,0,0
401,550,41,0,0
401,560,42,0,0
401,8510,43,0,0
401,15033003,44,0,0
401,30100,45,1,1
500,14090132,1,0,0
500,15895,2,0,0
500,15900,3,0,0
500,16450,4,0,0
500,16460,5,0,0
500,16468,6,0,0
500,16470,7,0,0
500,16480,8,0,0
500,16490,9,0,0
500,16500,10,0,0
500,16510,11,0,0
500,16520,12,0,0
500,16530,13,0,0
500,16540,14,0,0
500,16550,15,0,0
500,16560,16,0,0
500,14090135,17,0,0
500,16565,18,0,0
500,16600,19,0,0
500,14090137,20,0,0
500,16630,21,0,0
500,16635,22,0,0
500,14090139,23,0,0
500,17145,24,0,0
500,16650,25,0,0
500,16665,26,0,0
500,16670,27,0,0
500,16680,28,0,0
500,16690,29,0,0
500,16700,30,0,0
500,15120,31,0,0
500,15125,32,0,0
500,15130,33,0,0
500,15140,34,0,0
500,15160,35,0,0
500,15162,36,0,0
500,15165,37,0,0
500,15170,38,0,0
500,18030505,39,0,0
500,15190,40,0,0
500,15210,41,0,0
500,15220,42,0,0
500,10130,43,0,0
500,15240,44,0,0
500,15250,45,0,0
500,15260,46,0,0
500,15270,47,0,0
500,15280,48,0,0
500,15290,49,0,0
500,15300,50,0,0
500,15310,51,0,0
500,15320,52,0,0
500,15330,53,0,0
500,16710,54,0,0
500,16715,55,0,0
500,16720,56,0,0
500,45280,57,0,0
500,16740,58,0,0
500,16750,59,0,0
500,16755,60,0,0
500,16760,61,0,0
500,16770,62,0,0
500,93950,63,0,0
500,16780,64,0,0
500,16785,65,0,0
500,16790,66,0,0
500,16800,67,0,0
500,16810,68,0,0
500,16820,69,0,0
500,16830,70,0,0
500,810,71,0,0
500,820,72,0,0
500,16870,73,0,0
500,16880,74,0,0
500,16890,75,1,1
501,16890,1,0,0
501,14690,2,0,0
501,14700,3,0,0
501,14710,4,0,0
501,14720,5,0,0
501,14730,6,0,0
501,14750,7,0,0
501,14760,8,0,0
501,14770,9,0,0
501,14780,10,0,0
501,14790,11,0,0
501,14800,12,0,0
501,10125,13,0,0
501,14820,14,0,0
501,14830,15,0,0
501,14840,16,0,0
501,14850,17,0,0
501,18030504,18,0,0
501,14865,19,0,0
501,14870,20,0,0
501,14875,21,0,0
501,14890,22,0,0
501,14900,23,0,0
501,14905,24,0,0
501,16910,25,0,0
501,16930,26,0,0
501,16940,27,0,0
501,1170,28,0,0
501,16970,29,0,0
501,16980,30,0,0
501,16990,31,0,0
501,17000,32,0,0
501,17010,33,0,0
501,17020,34,0,0
501,17025,35,0,0
501,17030,36,0,0
501,17035,37,0,0
501,17040,38,0,0
501,17050,39,0,0
501,17060,40,0,0
501,17070,41,0,0
501,17075,42,0,0
501,15105,43,0,0
501,15110,44,0,0
501,14090129,45,0,0
501,15115,46,0,0
501,17090,47,0,0
501,17100,48,0,0
501,2110,49,0,0
501,17120,50,0,0
501,17125,51,0,0
501,17130,52,0,0
501,17135,53,0,0
501,17150,54,0,0
501,17155,55,0,0
501,17160,56,0,0
501,14090138,57,0,0
501,17180,58,0,0
501,14090136,59,0,0
501,14090134,60,0,0
501,17220,61,0,0
501,17230,62,0,0
501,17240,63,0,0
501,17250,64,0,0
501,17260,65,0,0
501,17270,66,0,0
501,17280,67,0,0
501,17290,68,0,0
501,14090133,69,0,0
501,17310,70,0,0
501,17320,71,0,0
501,17330,72,0,0
501,15870,73,0,0
501,15875,74,0,0
501,14090132,75,1,1
600,26792,1,0,0
600,24062416,2,0,0
600,24062417,3,0,0
600,15090744,4,0,0
600,15090741,5,0,0
600,15090721,6,0,0
600,15090742,7,0,0
600,15090722,8,0,0
600,15090723,9,0,0
600,18090460,10,0,0
600,15090724,11,0,0
600,15090725,12,0,0
600,15033004,13,0,0
600,45262,14,0,0
600,45260,15,0,0
600,45258,16,0,0
600,15090726,17,0,0
600,15090727,18,0,0
600,15090728,19,0,0
600,94065,20,0,0
600,94070,21,0,0
600,94075,22,0,0
600,17010203,23,0,0
600,94080,24,0,0
600,17030602,25,0,0
600,16090551,26,0,0
600,94085,27,0,0
600,94090,28,0,0
600,17103013,29,0,0
600,17103014,30,0,0
600,17103015,31,0,0
600,17103016,32,0,0
600,17103017,33,0,0
600,44250,34,0,0
600,44260,35,0,0
600,44270,36,0,0
600,44280,37,0,0
600,44290,38,0,0
600,17103018,39,0,0
600,17103019,40,0,0
600,17103020,41,0,0
600,17103021,42,0,0
600,40564,43,0,0
600,40566,44,0,0
600,17103022,45,1,1
601,17103022,1,0,0
601,30020,2,0,0
601,30012,3,0,0
601,45590,4,0,0
601,45595,5,0,0
601,17103023,6,0,0
601,17103024,7,0,0
601,17103025,8,0,0
601,17103026,9,0,0
601,17103027,10,0,0
601,44320,11,0,0
601,44330,12,0,0
601,44340,13,0,0
601,44350,14,0,0
601,17103028,15,0,0
601,17103029,16,0,0
601,17103030,17,0,0
601,17103031,18,0,0
601,17103032,19,0,0
601,94035,20,0,0
601,94040,21,0,0
601,21062800,22,0,0
601,94045,23,0,0
601,17010204,24,0,0
601,94050,25,0,0
601,94055,26,0,0
601,94060,27,0,0
601,14102702,28,0,0
601,15090712,29,0,0
601,15090713,30,0,0
601,45210,31,0,0
601,45212,32,0,0
601,45220,33,0,0
601,535,34,0,0
601,15090714,35,0,0
601,40710,36,0,0
601,15090715,37,0,0
601,15090716,38,0,0
601,15090717,39,0,0
601,15090739,40,0,0
601,15090718,41,0,0
601,15090740,42,0,0
601,15090719,43,0,0
601,15090720,44,0,0
601,28040,45,0,0
601,28050,46,0,0
601,26792,47,1,1
700,19567,1,0,0
700,19400,2,0,0
700,19410,3,0,0
700,19940,4,0,0
700,19420,5,0,0
700,19440,6,0,0
700,19450,7,0,0
700,19455,8,0,0
700,19470,9,0,0
700,28060,10,0,0
700,19490,11,0,0
700,19500,12,0,0
700,19510,13,0,0
700,28070,14,0,0
700,19530,15,0,0
700,19540,16,0,0
700,19550,17,0,0
700,19560,18,0,0
700,19565,19,0,0
700,19570,20,0,0
700,19378,21,0,0
700,19575,22,0,0
700,20,23,0,0
700,30,24,0,0
700,19610,25,0,0
700,19620,26,0,0
700,19630,27,0,0
700,19640,28,0,0
700,19650,29,0,0
700,19660,30,0,0
700,19670,31,0,0
700,19680,32,0,0
700,19690,33,0,0
700,19700,34,0,0
700,19710,35,0,0
700,19720,36,0,0
700,19730,37,0,0
700,19740,38,0,0
700,19750,39,0,0
700,19760,40,0,0
700,19770,41,0,0
700,19780,42,0,0
700,19790,43,0,0
700,19800,44,0,0
700,19810,45,0,0
700,19820,46,0,0
700,19830,47,0,0
700,19840,48,0,0
700,19850,49,0,0
700,19860,50,0,0
700,19870,51,0,0
700,19880,52,0,0
700,19890,53,0,0
700,19900,54,0,0
700,11150,55,0,0
700,11160,56,0,0
700,12495,57,0,0
700,11180,58,0,0
700,9430,59,0,0
700,9440,60,0,0
700,9450,61,0,0
700,9460,62,0,0
700,12425,63,0,0
700,12560,64,0,0
700,12565,65,0,0
700,12568,66,0,0
700,18870,67,0,0
700,18885,68,0,0
700,42400,69,1,1
700,19928,70,1,1
701,42400,1,0,0
701,18920,2,0,0
701,18930,3,0,0
701,18940,4,0,0
701,18950,5,0,0
701,18960,6,0,0
701,18970,7,0,0
701,13240,8,0,0
701,13250,9,0,0
701,13260,10,0,0
701,11160,11,0,0
701,19930,12,0,0
701,11180,13,0,0
701,12470,14,0,0
701,19060,15,0,0
701,19070,16,0,0
701,19080,17,0,0
701,19090,18,0,0
701,19100,19,0,0
701,19110,20,0,0
701,19120,21,0,0
701,19130,22,0,0
701,19140,23,0,0
701,19150,24,0,0
701,19160,25,0,0
701,19170,26,0,0
701,19180,27,0,0
701,19190,28,0,0
701,19200,29,0,0
701,19210,30,0,0
701,19220,31,0,0
701,19230,32,0,0
701,19240,33,0,0
701,19250,34,0,0
701,19260,35,0,0
701,19270,36,0,0
701,19280,37,0,0
701,19290,38,0,0
701,19300,39,0,0
701,19310,40,0,0
701,19320,41,0,0
701,19330,42,0,0
701,19340,43,0,0
701,19350,44,0,0
701,19360,45,0,0
701,19370,46,0,0
701,19372,47,0,0
701,19375,48,0,0
701,25090103,49,0,0
701,19390,50,0,0
701,19567,51,1,1
800,18090402,1,0,0
800,22620,2,0,0
800,22640,3,0,0
800,22650,4,0,0
800,22660,5,0,0
800,22670,6,0,0
800,22680,7,0,0
800,22690,8,0,0
800,22700,9,0,0
800,22710,10,0,0
800,22720,11,0,0
800,22730,12,0,0
800,22740,13,0,0
800,22760,14,0,0
800,22770,15,0,0
800,22780,16,0,0
800,22790,17,0,0
800,22800,18,0,0
800,16103104,19,0,0
800,22810,20,0,0
800,22820,21,0,0
800,22830,22,0,0
800,22840,23,0,0
800,22850,24,0,0
800,22860,25,0,0
800,22875,26,0,0
800,22880,27,0,0
800,22890,28,0,0
800,22900,29,0,0
800,22910,30,0,0
800,22920,31,0,0
800,22930,32,0,0
800,22940,33,0,0
800,22950,34,0,0
800,22960,35,0,0
800,22970,36,0,0
800,22980,37,0,0
800,22990,38,0,0
800,23000,39,0,0
800,23010,40,0,0
800,23020,41,0,0
800,23030,42,0,0
800,23040,43,0,0
800,50108,44,0,0
800,23058,45,0,0
800,50110,46,0,0
800,23070,47,0,0
800,45585,48,1,1
801,45585,1,0,0
801,23140,2,0,0
801,23150,3,0,0
801,50168,4,0,0
801,50170,5,0,0
801,23180,6,0,0
801,23190,7,0,0
801,23200,8,0,0
801,23210,9,0,0
801,23220,10,0,0
801,23230,11,0,0
801,23235,12,0,0
801,23250,13,0,0
801,23260,14,0,0
801,23265,15,0,0
801,23270,16,0,0
801,23290,17,0,0
801,23300,18,0,0
801,23310,19,0,0
801,23320,20,0,0
801,23330,21,0,0
801,23340,22,0,0
801,23350,23,0,0
801,23360,24,0,0
801,23370,25,0,0
801,23390,26,0,0
801,23400,27,0,0
801,23410,28,0,0
801,16103101,29,0,0
801,23430,30,0,0
801,23440,31,0,0
801,23450,32,0,0
801,23460,33,0,0
801,23480,34,0,0
801,23490,35,0,0
801,23500,36,0,0
801,23510,37,0,0
801,23520,38,0,0
801,23530,39,0,0
801,23540,40,0,0
801,23550,41,0,0
801,23560,42,0,0
801,23570,43,0,0
801,23580,44,0,0
801,23590,45,0,0
801,23600,46,0,0
801,23610,47,0,0
801,18090402,48,1,1
900,11440,1,0,0
900,15895,2,0,0
900,15900,3,0,0
900,16450,4,0,0
900,16460,5,0,0
900,16468,6,0,0
900,13630,7,0,0
900,1345,8,0,0
900,13650,9,0,0
900,13660,10,0,0
900,25920,11,0,0
900,13680,12,0,0
900,12750,13,0,0
900,12760,14,0,0
900,12770,15,0,0
900,12780,16,0,0
900,13730,17,0,0
900,13740,18,0,0
900,24830,19,0,0
900,24840,20,0,0
900,24850,21,0,0
900,24855,22,0,0
900,24860,23,0,0
900,24870,24,0,0
900,24880,25,0,0
900,24890,26,0,0
900,24900,27,0,0
900,24910,28,0,0
900,24920,29,0,0
900,24930,30,0,0
900,24940,31,0,0
900,5540,32,0,0
900,5550,33,0,0
900,5560,34,0,0
900,24980,35,0,0
900,24990,36,0,0
900,23900,37,0,0
900,23910,38,0,0
900,45565,39,0,0
900,18290,40,0,0
900,18300,41,0,0
900,18310,42,0,0
900,23840,43,0,0
900,25030,44,0,0
900,2240,45,0,0
900,25050,46,0,0
900,25060,47,0,0
900,25080,48,0,0
900,25090,49,0,0
900,25095,50,0,0
900,25375,51,0,0
900,25120,52,0,0
900,25130,53,0,0
900,25140,54,0,0
900,25150,55,0,0
900,15090729,56,0,0
900,15090730,57,0,0
900,15090743,58,0,0
900,15090731,59,0,0
900,25760,60,0,0
900,25770,61,1,1
901,25770,1,0,0
901,15090732,2,0,0
901,15090733,3,0,0
901,15090734,4,0,0
901,15090735,5,0,0
901,15090736,6,0,0
901,15090737,7,0,0
901,15090738,8,0,0
901,25340,9,0,0
901,25350,10,0,0
901,20355,11,0,0
901,25370,12,0,0
901,25380,13,0,0
901,25390,14,0,0
901,25400,15,0,0
901,25410,16,0,0
901,25420,17,0,0
901,1770,18,0,0
901,25440,19,0,0
901,25450,20,0,0
901,23880,21,0,0
901,23890,22,0,0
901,23900,23,0,0
901,23910,24,0,0
901,45560,25,0,0
901,18290,26,0,0
901,25480,27,0,0
901,25490,28,0,0
901,25500,29,0,0
901,5300,30,0,0
901,5310,31,0,0
901,25530,32,0,0
901,25535,33,0,0
901,25540,34,0,0
901,25550,35,0,0
901,25560,36,0,0
901,25570,37,0,0
901,25580,38,0,0
901,25590,39,0,0
901,25600,40,0,0
901,25610,41,0,0
901,25620,42,0,0
901,25640,43,0,0
901,25650,44,0,0
901,12920,45,0,0
901,12930,46,0,0
901,12940,47,0,0
901,12080,48,0,0
901,12090,49,0,0
901,12970,50,0,0
901,12980,51,0,0
901,12990,52,0,0
901,13000,53,0,0
901,13010,54,0,0
901,13020,55,0,0
901,13030,56,0,0
901,17310,57,0,0
901,17320,58,0,0
901,17330,59,0,0
901,15870,60,0,0
901,15875,61,0,0
901,11440,62,1,1
1000,20,1,0,0
1000,30,2,0,0
1000,51100,3,0,0
1000,60,4,0,0
1000,70,5,0,0
1000,80,6,0,0
1000,90,7,0,0
1000,100,8,0,0
1000,110,9,0,0
1000,120,10,0,0
1000,130,11,0,0
1000,140,12,0,0
1000,150,13,0,0
1000,160,14,0,0
1000,170,15,0,0
1000,180,16,0,0
1000,190,17,0,0
1000,200,18,0,0
1000,210,19,0,0
1000,220,20,0,0
1000,230,21,0,0
1000,235,22,0,0
1000,9875,23,0,0
1000,9885,24,0,0
1000,2410,25,0,0
1000,23140,26,0,0
1000,45580,27,1,1
1001,45570,1,0,0
1001,9895,2,0,0
1001,9867,3,0,0
1001,20090801,4,0,0
1001,270,5,0,0
1001,280,6,0,0
1001,300,7,0,0
1001,308,8,0,0
1001,310,9,0,0
1001,320,10,0,0
1001,330,11,0,0
1001,340,12,0,0
1001,350,13,0,0
1001,360,14,0,0
1001,370,15,0,0
1001,365,16,0,0
1001,371,17,0,0
1001,372,18,0,0
1001,373,19,0,0
1001,410,20,0,0
1001,420,21,0,0
1001,16050904,22,0,0
1001,16050905,23,0,0
1001,16050906,24,0,0
1001,16050907,25,0,0
1001,430,26,0,0
1001,440,27,0,0
1001,20,28,1,1
1100,44406,1,0,0
1100,477,2,0,0
1100,18043001,3,0,0
1100,18030503,4,0,0
1100,469,5,0,0
1100,461,6,0,0
1100,15033006,7,0,0
1100,470,8,0,0
1100,15033005,9,0,0
1100,510,10,0,0
1100,15110204,11,0,0
1100,520,12,0,0
1100,535,13,0,0
1100,540,14,0,0
1100,530,15,0,0
1100,550,16,0,0
1100,560,17,0,0
1100,15033002,18,0,0
1100,8510,19,0,0
1100,15033003,20,0,0
1100,30108,21,0,0
1100,610,22,0,0
1100,620,23,0,0
1100,51100,24,0,0
1100,15021601,25,0,0
1100,51102,26,0,0
1100,51104,27,0,0
1100,670,28,0,0
1100,680,29,0,0
1100,51106,30,0,0
1100,700,31,0,0
1100,22080109,32,0,0
1100,22080103,33,0,0
1100,730,34,0,0
1100,740,35,0,0
1100,51110,36,0,0
1100,760,37,0,0
1100,51112,38,0,0
1100,780,39,0,0
1100,790,40,0,0
1100,800,41,0,0
1100,810,42,0,0
1100,830,43,0,0
1100,840,44,0,0
1100,850,45,0,0
1100,900,46,0,0
1100,910,47,0,0
1100,920,48,0,0
1100,930,49,0,0
1100,941,50,0,0
1100,942,51,0,0
1100,943,52,0,0
1100,944,53,0,0
1100,946,54,0,0
1100,945,55,0,0
1100,980,56,0,0
1100,17820,57,0,0
1100,17830,58,0,0
1100,17840,59,0,0
1100,17855,60,0,0
1100,17860,61,0,0
1100,17870,62,0,0
1100,17853,63,0,0
1100,15090803,64,1,1
1101,15090803,1,0,0
1101,17868,2,0,0
1101,17869,3,0,0
1101,17400,4,0,0
1101,17430,5,0,0
1101,1090,6,0,0
1101,1100,7,0,0
1101,1110,8,0,0
1101,1115,9,0,0
1101,1120,10,0,0
1101,1130,11,0,0
1101,1140,12,0,0
1101,1150,13,0,0
1101,51115,14,0,0
1101,1180,15,0,0
1101,51113,16,0,0
1101,51111,17,0,0
1101,1230,18,0,0
1101,1235,19,0,0
1101,22080102,20,0,0
1101,22080108,21,0,0
1101,1260,22,0,0
1101,51107,23,0,0
1101,1280,24,0,0
1101,51105,25,0,0
1101,51103,26,0,0
1101,1315,27,0,0
1101,1320,28,0,0
1101,51101,29,0,0
1101,1340,30,0,0
1101,1350,31,0,0
1101,30108,32,1,1
1101,30102,33,0,0
1101,8550,34,0,0
1101,15033001,35,0,0
1101,1430,36,0,0
1101,1440,37,0,0
1101,15033004,38,0,0
1101,1460,39,0,0
1101,1465,40,0,0
1101,1470,41,0,0
1101,1490,42,0,0
1101,1500,43,0,0
1101,1508,44,0,0
1101,15033007,45,0,0
1101,466,46,0,0
1101,18043001,47,0,0
1101,18030503,48,0,0
1101,468,49,0,0
1101,475,50,0,0
1101,44406,51,1,1
1200,45555,1,0,0
1200,1640,2,0,0
1200,1650,3,0,0
1200,1660,4,0,0
1200,1670,5,0,0
1200,1680,6,0,0
1200,9890,7,0,0
1200,9900,8,0,0
1200,9910,9,0,0
1200,1720,10,0,0
1200,1730,11,0,0
1200,1740,12,0,0
1200,1750,13,0,0
1200,1760,14,0,0
1200,1770,15,0,0
1200,1780,16,0,0
1200,1790,17,0,0
1200,1800,18,0,0
1200,1810,19,0,0
1200,1815,20,0,0
1200,24260,21,0,0
1200,1840,22,0,0
1200,1850,23,0,0
1200,1860,24,0,0
1200,1870,25,0,0
1200,1880,26,0,0
1200,3140,27,0,0
1200,1890,28,0,0
1200,17120,29,0,0
1200,17125,30,0,0
1200,18425,31,0,0
1200,18043008,32,0,0
1200,10858,33,0,0
1200,18430,34,0,0
1200,18440,35,0,0
1200,10520,36,0,0
1200,10530,37,0,0
1200,10540,38,0,0
1200,44870,39,0,0
1200,44880,40,0,0
1200,10952,41,0,0
1200,10938,42,0,0
1200,10934,43,0,0
1200,10929,44,0,0
1200,10925,45,0,0
1200,10918,46,0,0
1200,45110,47,0,0
1200,45120,48,0,0
1200,4095,49,0,0
1200,4100,50,1,1
1201,4100,1,0,0
1201,44945,2,0,0
1201,10915,3,0,0
1201,10924,4,0,0
1201,10930,5,0,0
1201,10931,6,0,0
1201,10940,7,0,0
1201,10950,8,0,0
1201,44890,9,0,0
1201,44900,10,0,0
1201,10820,11,0,0
1201,10830,12,0,0
1201,10840,13,0,0
1201,10845,14,0,0
1201,10855,15,0,0
1201,18043008,16,0,0
1201,10857,17,0,0
1201,16665,18,0,0
1201,2125,19,0,0
1201,2130,20,0,0
1201,2140,21,0,0
1201,2150,22,0,0
1201,2160,23,0,0
1201,2165,24,0,0
1201,2170,25,0,0
1201,2180,26,0,0
1201,2190,27,0,0
1201,24430,28,0,0
1201,2210,29,0,0
1201,2220,30,0,0
1201,2230,31,0,0
1201,2240,32,0,0
1201,2250,33,0,0
1201,2260,34,0,0
1201,2270,35,0,0
1201,2280,36,0,0
1201,2290,37,0,0
1201,10310,38,0,0
1201,10320,39,0,0
1201,10330,40,0,0
1201,10340,41,0,0
1201,2350,42,0,0
1201,2360,43,0,0
1201,2370,44,0,0
1201,45555,45,1,1
1300,22080104,1,0,0
1300,2430,2,0,0
1300,2450,3,0,0
1300,2460,4,0,0
1300,2470,5,0,0
1300,2475,6,0,0
1300,2490,7,0,0
1300,2500,8,0,0
1300,2510,9,0,0
1300,2650,10,0,0
1300,2660,11,0,0
1300,2670,12,0,0
1300,2680,13,0,0
1300,2690,14,0,0
1300,2700,15,0,0
1300,2710,16,0,0
1300,2720,17,0,0
1300,230,18,0,0
1300,235,19,0,0
1300,9875,20,0,0
1300,9885,21,0,0
1300,23140,22,0,0
1300,45580,23,1,1
1301,45580,1,0,0
1301,2390,2,0,0
1301,9895,3,0,0
1301,9867,4,0,0
1301,2540,5,0,0
1301,2550,6,0,0
1301,2560,7,0,0
1301,2570,8,0,0
1301,2580,9,0,0
1301,2590,10,0,0
1301,2600,11,0,0
1301,2610,12,0,0
1301,2620,13,0,0
1301,2630,14,0,0
1301,2640,15,0,0
1301,2740,16,0,0
1301,2750,17,0,0
1301,2760,18,0,0
1301,22080104,19,1,1
1400,2816,1,0,0
1400,2820,2,0,0
1400,2830,3,0,0
1400,2840,4,0,0
1400,2850,5,0,0
1400,2855,6,0,0
1400,2870,7,0,0
1400,2880,8,0,0
1400,2890,9,0,0
1400,2900,10,0,0
1400,2910,11,0,0
1400,2920,12,0,0
1400,2930,13,0,0
1400,2940,14,0,0
1400,2950,15,0,0
1400,2960,16,0,0
1400,2980,17,0,0
1400,2995,18,0,0
1400,3000,19,0,0
1400,3010,20,0,0
1400,3020,21,0,0
1400,3030,22,0,0
1400,3040,23,0,0
1400,3050,24,0,0
1400,3055,25,0,0
1400,3070,26,0,0
1400,3075,27,0,0
1400,3080,28,0,0
1400,3475,29,0,0
1400,3100,30,0,0
1400,3110,31,0,0
1400,3120,32,0,0
1400,3130,33,0,0
1400,3140,34,0,0
1400,1890,35,0,0
1400,1910,36,0,0
1400,1920,37,0,0
1400,1930,38,0,0
1400,1935,39,0,0
1400,1940,40,0,0
1400,1945,41,0,0
1400,11980,42,0,0
1400,11982,43,0,0
1400,11986,44,0,0
1400,19090337,45,0,0
1400,44080,46,0,0
1400,44090,47,0,0
1400,21062802,48,0,0
1400,18090452,49,0,0
1400,18090453,50,0,0
1400,18090454,51,0,0
1400,44910,52,0,0
1400,44920,53,0,0
1400,44930,54,0,0
1400,44950,55,0,0
1400,44960,56,0,0
1400,46000,57,0,0
1400,46010,58,1,1
1401,46010,1,0,0
1401,46020,2,0,0
1401,44995,3,0,0
1401,3355,4,0,0
1401,3360,5,0,0
1401,3370,6,0,0
1401,3380,7,0,0
1401,2120,8,0,0
1401,2125,9,0,0
1401,2130,10,0,0
1401,2140,11,0,0
1401,3430,12,0,0
1401,3440,13,0,0
1401,3450,14,0,0
1401,3460,15,0,0
1401,3470,16,0,0
1401,21200,17,0,0
1401,3480,18,0,0
1401,3500,19,0,0
1401,3510,20,0,0
1401,3520,21,0,0
1401,3530,22,0,0
1401,3540,23,0,0
1401,3550,24,0,0
1401,3560,25,0,0
1401,3570,26,0,0
1401,3580,27,0,0
1401,3590,28,0,0
1401,3600,29,0,0
1401,3620,30,0,0
1401,3630,31,0,0
1401,3640,32,0,0
1401,3660,33,0,0
1401,3670,34,0,0
1401,3680,35,0,0
1401,3690,36,0,0
1401,3700,37,0,0
1401,3710,38,0,0
1401,3720,39,0,0
1401,3730,40,0,0
1401,3740,41,0,0
1401,2817,42,1,1
1500,42311,1,0,0
1500,42320,2,0,0
1500,42330,3,0,0
1500,42335,4,0,0
1500,42340,5,0,0
1500,42280,6,0,0
1500,42275,7,0,0
1500,42260,8,0,0
1500,22080107,9,0,0
1500,2430,10,0,0
1500,2450,11,0,0
1500,2460,12,0,0
1500,3810,13,0,0
1500,3820,14,0,0
1500,3830,15,0,0
1500,3840,16,0,0
1500,3850,17,0,0
1500,3864,18,0,0
1500,3865,19,0,0
1500,2410,20,0,0
1500,23140,21,0,0
1500,45550,22,0,0
1500,3900,23,0,0
1500,3910,24,0,0
1500,20200,25,0,0
1500,3930,26,0,0
1500,3940,27,0,0
1500,3950,28,0,0
1500,3960,29,0,0
1500,3980,30,0,0
1500,3990,31,0,0
1500,4000,32,0,0
1500,18370,33,0,0
1500,18380,34,0,0
1500,4030,35,0,0
1500,4040,36,0,0
1500,4050,37,0,0
1500,4060,38,0,0
1500,4070,39,0,0
1500,4080,40,0,0
1500,4090,41,0,0
1500,4720,42,0,0
1500,44061,43,0,0
1500,44065,44,0,0
1500,4095,45,0,0
1500,4100,46,0,0
1500,15051802,47,0,0
1500,55560,48,0,0
1500,55565,49,0,0
1500,16050903,50,1,1
1500,4105,51,1,1
1501,16050903,1,0,0
1501,21110100,2,0,0
1501,55575,3,0,0
1501,4105,4,0,0
1501,4106,5,0,0
1501,4107,6,0,0
1501,44002,7,0,0
1501,44005,8,0,0
1501,44010,9,0,0
1501,46050,10,0,0
1501,44047,11,0,0
1501,44050,12,0,0
1501,44060,13,0,0
1501,4180,14,0,0
1501,4190,15,0,0
1501,4200,16,0,0
1501,4225,17,0,0
1501,4220,18,0,0
1501,16645,19,0,0
1501,4240,20,0,0
1501,4250,21,0,0
1501,4260,22,0,0
1501,4270,23,0,0
1501,4275,24,0,0
1501,4280,25,0,0
1501,4290,26,0,0
1501,21210,27,0,0
1501,3864,28,0,0
1501,3865,29,0,0
1501,2410,30,0,0
1501,23140,31,0,0
1501,45545,32,0,0
1501,3900,33,0,0
1501,3910,34,0,0
1501,4400,35,0,0
1501,4410,36,0,0
1501,4420,37,0,0
1501,4430,38,0,0
1501,4440,39,0,0
1501,2750,40,0,0
1501,2760,41,0,0
1501,22080106,42,0,0
1501,42250,43,0,0
1501,42255,44,0,0
1501,42270,45,0,0
1501,42290,46,0,0
1501,42300,47,0,0
1501,42311,48,1,1
1501,22080107,49,1,1
1600,22080104,1,0,0
1600,2430,2,0,0
1600,2450,3,0,0
1600,2460,4,0,0
1600,4780,5,0,0
1600,4790,6,0,0
1600,4800,7,0,0
1600,4810,8,0,0
1600,4820,9,0,0
1600,4830,10,0,0
1600,4840,11,0,0
1600,4850,12,0,0
1600,4860,13,0,0
1600,4870,14,0,0
1600,10280,15,0,0
1600,10290,16,0,0
1600,10300,17,0,0
1600,10310,18,0,0
1600,10320,19,0,0
1600,10330,20,0,0
1600,10340,21,0,0
1600,10350,22,0,0
1600,10360,23,0,0
1600,9885,24,0,0
1600,45570,25,1,1
1601,45570,1,0,0
1601,9895,2,0,0
1601,9880,3,0,0
1601,9890,4,0,0
1601,9900,5,0,0
1601,9910,6,0,0
1601,9920,7,0,0
1601,9930,8,0,0
1601,9940,9,0,0
1601,9950,10,0,0
1601,5080,11,0,0
1601,5090,12,0,0
1601,5100,13,0,0
1601,5110,14,0,0
1601,5120,15,0,0
1601,5130,16,0,0
1601,5140,17,0,0
1601,5160,18,0,0
1601,5170,19,0,0
1601,2750,20,0,0
1601,2760,21,0,0
1601,22080104,22,1,1
1700,45565,1,0,0
1700,5260,2,0,0
1700,5270,3,0,0
1700,5280,4,0,0
1700,5290,5,0,0
1700,5300,6,0,0
1700,5310,7,0,0
1700,5320,8,0,0
1700,5330,9,0,0
1700,5340,10,0,0
1700,5350,11,0,0
1700,5360,12,0,0
1700,5370,13,0,0
1700,5380,14,0,0
1700,5390,15,0,0
1700,5400,16,0,0
1700,16570,17,0,0
1700,14090136,18,1,1
1701,14090136,1,0,0
1701,11825,2,0,0
1701,5450,3,0,0
1701,5460,4,0,0
1701,5470,5,0,0
1701,5480,6,0,0
1701,5490,7,0,0
1701,5500,8,0,0
1701,5510,9,0,0
1701,5520,10,0,0
1701,5530,11,0,0
1701,5540,12,0,0
1701,5550,13,0,0
1701,5560,14,0,0
1701,5570,15,0,0
1701,5580,16,0,0
1701,5590,17,0,0
1701,23910,18,0,0
1701,45565,19,1,1
1800,5880,1,0,0
1800,5890,2,0,0
1800,5900,3,0,0
1800,5910,4,0,0
1800,5920,5,0,0
1800,5930,6,0,0
1800,5940,7,0,0
1800,5943,8,0,0
1800,5950,9,0,0
1800,5955,10,0,0
1800,5960,11,0,0
1800,5970,12,0,0
1800,5980,13,0,0
1800,5990,14,0,0
1800,6000,15,0,0
1800,6010,16,0,0
1800,6020,17,0,0
1800,2710,18,0,0
1800,2720,19,0,0
1800,230,20,0,0
1800,235,21,0,0
1800,9875,22,0,0
1800,9885,23,0,0
1800,2410,24,0,0
1800,23140,25,0,0
1800,45538,26,0,0
1800,2390,27,0,0
1800,9895,28,0,0
1800,9867,29,0,0
1800,20090801,30,0,0
1800,6080,31,0,0
1800,6090,32,0,0
1800,6100,33,0,0
1800,6110,34,0,0
1800,6120,35,0,0
1800,6130,36,0,0
1800,6140,37,0,0
1800,6150,38,0,0
1800,6160,39,0,0
1800,6175,40,0,0
1800,6170,41,0,0
1800,6180,42,0,0
1800,6185,43,0,0
1800,6190,44,0,0
1800,6200,45,0,0
1800,6210,46,0,0
1800,6220,47,0,0
1800,6230,48,0,0
1800,6240,49,0,0
1800,6250,50,0,0
1800,6255,51,0,0
1800,6253,52,0,0
1800,6258,53,0,0
1800,17090503,54,0,0
1800,15090504,55,0,0
1800,23090401,56,0,0
1800,23090402,57,0,0
1800,23090403,58,0,0
1800,23090404,59,1,1
1801,23090404,1,0,0
1801,23090403,2,0,0
1801,23090405,3,0,0
1801,23090406,4,0,0
1801,17090507,5,0,0
1801,17090508,6,0,0
1801,17090509,7,0,0
1801,15090750,8,0,0
1801,90100,9,0,0
1801,16050901,10,0,0
1801,45186,11,0,0
1801,45190,12,0,0
1801,6330,13,0,0
1801,6340,14,0,0
1801,6350,15,0,0
1801,6360,16,0,0
1801,6370,17,0,0
1801,6380,18,0,0
1801,6390,19,0,0
1801,6400,20,0,0
1801,6410,21,0,0
1801,6420,22,0,0
1801,18680,23,0,0
1801,18690,24,0,0
1801,18700,25,0,0
1801,18710,26,0,0
1801,18720,27,0,0
1801,18730,28,0,0
1801,18740,29,0,0
1801,230,30,0,0
1801,235,31,0,0
1801,9875,32,0,0
1801,9885,33,0,0
1801,2410,34,0,0
1801,23140,35,0,0
1801,45543,36,0,0
1801,2390,37,0,0
1801,9895,38,0,0
1801,9867,39,0,0
1801,2540,40,0,0
1801,2550,41,0,0
1801,6550,42,0,0
1801,6560,43,0,0
1801,6570,44,0,0
1801,6575,45,0,0
1801,6576,46,0,0
1801,6580,47,0,0
1801,6590,48,0,0
1801,6600,49,0,0
1801,6610,50,0,0
1801,6620,51,0,0
1801,6630,52,0,0
1801,6640,53,0,0
1801,6650,54,0,0
1801,6670,55,0,0
1801,5660,56,0,0
1801,5670,57,0,0
1801,5680,58,0,0
1801,5690,59,0,0
1801,5700,60,0,0
1801,5710,61,0,0
1801,5720,62,0,0
1801,5725,63,0,0
1801,5735,64,0,0
1801,5740,65,0,0
1801,5750,66,0,0
1801,5770,67,0,0
1801,5780,68,0,0
1801,5790,69,0,0
1801,5800,70,0,0
1801,5810,71,0,0
1801,5820,72,0,0
1801,5825,73,0,0
1801,5840,74,0,0
1801,5850,75,0,0
1801,5860,76,0,0
1801,5870,77,0,0
1801,5880,78,1,1
1900,45560,1,0,0
1900,18290,2,0,0
1900,18300,3,0,0
1900,6740,4,0,0
1900,6750,5,0,0
1900,6770,6,0,0
1900,6780,7,0,0
1900,6790,8,0,0
1900,3960,9,0,0
1900,3970,10,0,0
1900,6820,11,0,0
1900,6830,12,0,0
1900,6840,13,0,0
1900,6850,14,0,0
1900,6860,15,0,0
1900,6870,16,0,0
1900,6880,17,0,0
1900,6890,18,0,0
1900,6900,19,0,0
1900,10730,20,0,0
1900,10740,21,0,0
1900,6930,22,0,0
1900,6940,23,0,0
1900,6950,24,0,0
1900,15090745,25,0,0
1900,15090746,26,0,0
1900,44000,27,0,0
1900,45290,28,0,0
1900,45150,29,0,0
1900,45160,30,0,0
1900,18043002,31,0,0
1900,18043003,32,0,0
1900,23090400,33,1,1
1901,23090400,1,0,0
1901,6260,2,0,0
1901,6262,3,0,0
1901,4108,4,0,0
1901,44002,5,0,0
1901,44005,6,0,0
1901,44033,7,0,0
1901,44040,8,0,0
1901,44045,9,0,0
1901,4140,10,0,0
1901,6310,11,0,0
1901,7120,12,0,0
1901,7130,13,0,0
1901,7140,14,0,0
1901,10595,15,0,0
1901,18540,16,0,0
1901,18550,17,0,0
1901,18560,18,0,0
1901,18570,19,0,0
1901,18580,20,0,0
1901,18590,21,0,0
1901,18600,22,0,0
1901,18610,23,0,0
1901,7240,24,0,0
1901,18630,25,0,0
1901,18640,26,0,0
1901,7270,27,0,0
1901,7280,28,0,0
1901,4270,29,0,0
1901,4275,30,0,0
1901,4280,31,0,0
1901,23880,32,0,0
1901,7320,33,0,0
1901,7330,34,0,0
1901,7340,35,0,0
1901,7360,36,0,0
1901,7370,37,0,0
1901,23900,38,0,0
1901,23910,39,0,0
1901,45560,40,1,1
2000,45580,1,0,0
2000,3900,2,0,0
2000,3910,3,0,0
2000,9890,4,0,0
2000,9900,5,0,0
2000,9910,6,0,0
2000,9920,7,0,0
2000,9930,8,0,0
2000,9940,9,0,0
2000,9950,10,0,0
2000,9960,11,0,0
2000,9970,12,0,0
2000,9980,13,0,0
2000,9990,14,0,0
2000,10000,15,0,0
2000,10010,16,0,0
2000,10020,17,0,0
2000,10030,18,0,0
2000,10040,19,0,0
2000,10050,20,0,0
2000,10060,21,0,0
2000,10065,22,0,0
2000,10070,23,0,0
2000,10080,24,0,0
2000,10100,25,0,0
2000,10110,26,0,0
2000,10120,27,0,0
2000,15240,28,0,0
2000,15250,29,0,0
2000,14090109,30,0,0
2000,14090110,31,0,0
2000,14090111,32,0,0
2000,14090112,33,0,0
2000,14090113,34,1,1
2001,14090113,1,0,0
2001,14790,2,0,0
2001,10120,3,0,0
2001,10135,4,0,0
2001,10140,5,0,0
2001,10150,6,0,0
2001,10160,7,0,0
2001,10170,8,0,0
2001,10180,9,0,0
2001,10190,10,0,0
2001,10200,11,0,0
2001,10210,12,0,0
2001,10230,13,0,0
2001,10240,14,0,0
2001,10250,15,0,0
2001,10265,16,0,0
2001,10260,17,0,0
2001,10270,18,0,0
2001,10280,19,0,0
2001,10290,20,0,0
2001,10300,21,0,0
2001,10310,22,0,0
2001,10320,23,0,0
2001,10330,24,0,0
2001,10340,25,0,0
2001,3864,26,0,0
2001,3865,27,0,0
2001,45570,28,1,1
2300,30015,1,0,0
2300,30020,2,0,0
2300,30025,3,0,0
2300,40563,4,0,0
2300,19090332,5,0,0
2300,15090757,6,0,0
2300,15090758,7,0,0
2300,15090759,8,0,0
2300,18090458,9,0,0
2300,15110202,10,0,0
2300,40625,11,0,0
2300,40627,12,0,0
2300,40260,13,0,0
2300,40270,14,0,0
2300,40280,15,0,0
2300,40290,16,0,0
2300,40300,17,0,0
2300,11630,18,0,0
2300,11640,19,0,0
2300,11650,20,0,0
2300,11660,21,0,0
2300,11670,22,0,0
2300,9330,23,0,0
2300,9350,24,0,0
2300,9360,25,0,0
2300,9380,26,0,0
2300,14090119,27,0,0
2300,9415,28,0,0
2300,11750,29,0,0
2300,11760,30,0,0
2300,11770,31,0,0
2300,11780,32,0,0
2300,40860,33,0,0
2300,40870,34,0,0
2300,17030601,35,0,0
2300,15051801,36,0,0
2300,40875,37,0,0
2300,11830,38,0,0
2300,16580,39,0,0
2300,11840,40,0,0
2300,11850,41,0,0
2300,11860,42,0,0
2300,11870,43,0,0
2300,11875,44,0,0
2300,11880,45,0,0
2300,11890,46,0,0
2300,7110,47,0,0
2300,40880,48,0,0
2300,11910,49,0,0
2300,11920,50,0,0
2300,16062708,51,0,0
2300,11940,52,0,0
2300,11950,53,0,0
2300,11960,54,0,0
2300,11970,55,0,0
2300,11975,56,0,0
2300,40070,57,0,0
2300,40080,58,0,0
2300,40090,59,0,0
2300,40094,60,0,0
2300,40100,61,0,0
2300,40105,62,0,0
2300,15090846,63,0,0
2300,14090130,64,0,0
2300,14090131,65,0,0
2300,16715,66,0,0
2300,16720,67,0,0
2300,45280,68,0,0
2300,44195,69,0,0
2300,44200,70,0,0
2300,47000,71,0,0
2300,47010,72,0,0
2300,47020,73,0,0
2300,47030,74,0,0
2300,47040,75,0,0
2300,47051,76,0,0
2300,47060,77,0,0
2300,17605,78,0,0
2300,47070,79,0,0
2300,47080,80,0,0
2300,47090,81,0,0
2300,47100,82,0,0
2300,47110,83,0,0
2300,47120,84,0,0
2300,47140,85,0,0
2300,47143,86,0,0
2300,47145,87,0,0
2300,21062801,88,1,1
2301,21062801,1,0,0
2301,17550,2,0,0
2301,17555,3,0,0
2301,17560,4,0,0
2301,44818,5,0,0
2301,44820,6,0,0
2301,17675,7,0,0
2301,17680,8,0,0
2301,17690,9,0,0
2301,47150,10,0,0
2301,47160,11,0,0
2301,47170,12,0,0
2301,47180,13,0,0
2301,47190,14,0,0
2301,47200,15,0,0
2301,47210,16,0,0
2301,47220,17,0,0
2301,44170,18,0,0
2301,44180,19,0,0
2301,44190,20,0,0
2301,40030,21,0,0
2301,40040,22,0,0
2301,40050,23,0,0
2301,17075,24,0,0
2301,15105,25,0,0
2301,15110,26,0,0
2301,15090847,27,0,0
2301,15090848,28,0,0
2301,15090849,29,0,0
2301,15090850,30,0,0
2301,40120,31,0,0
2301,40130,32,0,0
2301,40140,33,0,0
2301,40150,34,0,0
2301,40160,35,0,0
2301,40170,36,0,0
2301,41180,37,0,0
2301,40180,38,0,0
2301,40190,39,0,0
2301,40195,40,0,0
2301,40200,41,0,0
2301,16062709,42,0,0
2301,10960,43,0,0
2301,10970,44,0,0
2301,10975,45,0,0
2301,10980,46,0,0
2301,10990,47,0,0
2301,11000,48,0,0
2301,11010,49,0,0
2301,11790,50,0,0
2301,6990,51,0,0
2301,11810,52,0,0
2301,11815,53,0,0
2301,11825,54,0,0
2301,11060,55,0,0
2301,44755,56,0,0
2301,15010501,57,0,0
2301,44775,58,0,0
2301,44770,59,0,0
2301,44765,60,0,0
2301,11100,61,0,0
2301,11110,62,0,0
2301,11120,63,0,0
2301,11130,64,0,0
2301,11140,65,0,0
2301,11150,66,0,0
2301,11160,67,0,0
2301,11170,68,0,0
2301,11180,69,0,0
2301,9430,70,0,0
2301,9440,71,0,0
2301,9450,72,0,0
2301,9460,73,0,0
2301,9470,74,0,0
2301,11240,75,0,0
2301,11250,76,0,0
2301,11260,77,0,0
2301,42170,78,0,0
2301,40210,79,0,0
2301,40220,80,0,0
2301,40230,81,0,0
2301,40240,82,0,0
2301,42045,83,0,0
2301,40250,84,0,0
2301,40253,85,0,0
2301,40255,86,0,0
2301,40257,87,0,0
2301,18090423,88,0,0
2301,18090459,89,0,0
2301,16090525,90,0,0
2301,15090773,91,0,0
2301,15090774,92,0,0
2301,15090775,93,0,0
2301,15090776,94,0,0
2301,40564,95,0,0
2301,40566,96,0,0
2301,30015,97,1,1
2400,16103104,1,0,0
2400,8310,2,0,0
2400,8320,3,0,0
2400,9155,4,0,0
2400,9170,5,0,0
2400,9180,6,0,0
2400,9190,7,0,0
2400,9195,8,0,0
2400,12040,9,0,0
2400,12050,10,0,0
2400,12060,11,0,0
2400,12070,12,0,0
2400,12080,13,0,0
2400,12090,14,0,0
2400,12100,15,0,0
2400,12110,16,0,0
2400,12120,17,0,0
2400,12130,18,0,0
2400,12140,19,0,0
2400,12150,20,0,0
2400,12160,21,0,0
2400,12170,22,0,0
2400,12180,23,0,0
2400,12190,24,0,0
2400,12200,25,0,0
2400,12210,26,0,0
2400,12220,27,0,0
2400,12230,28,0,0
2400,12240,29,0,0
2400,12250,30,0,0
2400,12260,31,0,0
2400,12270,32,0,0
2400,12280,33,0,0
2400,12290,34,0,0
2400,90610,35,0,0
2400,90620,36,0,0
2400,90630,37,0,0
2400,90645,38,0,0
2400,14190,39,0,0
2400,14200,40,0,0
2400,14210,41,0,0
2400,14220,42,0,0
2400,14230,43,0,0
2400,14235,44,0,0
2400,14240,45,1,1
2401,14240,1,0,0
2401,14270,2,0,0
2401,14280,3,0,0
2401,14158,4,0,0
2401,14160,5,0,0
2401,14170,6,0,0
2401,90641,7,0,0
2401,20030200,8,0,0
2401,90621,9,0,0
2401,20030201,10,0,0
2401,12590,11,0,0
2401,12600,12,0,0
2401,12610,13,0,0
2401,12615,14,0,0
2401,12630,15,0,0
2401,40890,16,0,0
2401,12640,17,0,0
2401,12650,18,0,0
2401,12660,19,0,0
2401,12675,20,0,0
2401,12678,21,0,0
2401,12690,22,0,0
2401,12710,23,0,0
2401,12715,24,0,0
2401,12720,25,0,0
2401,12730,26,0,0
2401,12740,27,0,0
2401,12750,28,0,0
2401,12760,29,0,0
2401,12770,30,0,0
2401,12780,31,0,0
2401,12790,32,0,0
2401,12795,33,0,0
2401,12800,34,0,0
2401,12810,35,0,0
2401,9610,36,0,0
2401,9620,37,0,0
2401,9630,38,0,0
2401,12840,39,0,0
2401,9640,40,0,0
2401,9650,41,0,0
2401,8340,42,0,0
2401,7675,43,0,0
2401,7680,44,0,0
2401,50102,45,0,0
2401,16103104,46,1,1
2500,16103101,1,0,0
2500,8310,2,0,0
2500,8320,3,0,0
2500,9155,4,0,0
2500,9170,5,0,0
2500,9180,6,0,0
2500,9190,7,0,0
2500,12920,8,0,0
2500,12930,9,0,0
2500,12940,10,0,0
2500,12080,11,0,0
2500,12090,12,0,0
2500,12970,13,0,0
2500,12980,14,0,0
2500,12990,15,0,0
2500,13000,16,0,0
2500,13010,17,0,0
2500,13020,18,0,0
2500,13030,19,0,0
2500,13033,20,0,0
2500,13040,21,0,0
2500,11350,22,0,0
2500,11351,23,0,0
2500,11360,24,0,0
2500,11365,25,0,0
2500,13070,26,0,0
2500,13080,27,0,0
2500,13090,28,0,0
2500,13100,29,0,0
2500,13110,30,0,0
2500,13120,31,0,0
2500,13130,32,0,0
2500,23090407,33,0,0
2500,23090408,34,0,0
2500,23090409,35,0,0
2500,23090410,36,0,0
2500,23090411,37,0,0
2500,25042801,38,0,0
2500,25042802,39,0,0
2500,25042803,40,0,0
2500,25042804,41,0,0
2500,25042805,42,0,0
2500,25042806,43,0,0
2500,25042807,44,0,0
2500,25042808,45,0,0
2500,25042809,46,0,0
2500,25042810,47,0,0
2500,23090413,48,1,1
2501,23090413,1,0,0
2501,23090414,2,0,0
2501,23090415,3,0,0
2501,23090416,4,0,0
2501,23090417,5,0,0
2501,16090514,6,0,0
2501,40370,7,0,0
2501,40380,8,0,0
2501,40390,9,0,0
2501,40395,10,0,0
2501,40400,11,0,0
2501,11290,12,0,0
2501,11300,13,0,0
2501,11305,14,0,0
2501,11310,15,0,0
2501,11320,16,0,0
2501,11330,17,0,0
2501,13610,18,0,0
2501,13620,19,0,0
2501,13630,20,0,0
2501,1345,21,0,0
2501,13650,22,0,0
2501,13660,23,0,0
2501,25920,24,0,0
2501,13680,25,0,0
2501,12750,26,0,0
2501,12760,27,0,0
2501,12770,28,0,0
2501,12780,29,0,0
2501,13730,30,0,0
2501,13740,31,0,0
2501,9610,32,0,0
2501,9620,33,0,0
2501,9630,34,0,0
2501,12840,35,0,0
2501,9640,36,0,0
2501,9650,37,0,0
2501,8340,38,0,0
2501,7675,39,0,0
2501,7680,40,0,0
2501,50102,41,0,0
2501,16103101,42,1,1
2600,14090120,1,0,0
2600,30020,2,0,0
2600,30012,3,0,0
2600,45590,4,0,0
2600,45595,5,0,0
2600,15090756,6,0,0
2600,15090757,7,0,0
2600,15090758,8,0,0
2600,15090759,9,0,0
2600,16090519,10,0,0
2600,16090520,11,0,0
2600,18090406,12,0,0
2600,19090300,13,0,0
2600,24042902,14,0,0
2600,21090601,15,0,0
2600,19090302,16,0,0
2600,19090303,17,0,0
2600,22080604,18,0,0
2600,24062413,19,0,0
2600,24062414,20,0,0
2600,24062415,21,0,0
2600,18090413,22,0,0
2600,18090414,23,0,0
2600,18090415,24,1,1
2601,18090415,1,0,0
2601,23090418,2,0,0
2601,23090419,3,0,0
2601,24062411,4,0,0
2601,24062412,5,0,0
2601,19090304,6,0,0
2601,19090305,7,0,0
2601,21090600,8,0,0
2601,20090803,9,0,0
2601,19090306,10,0,0
2601,18090421,11,0,0
2601,18090422,12,0,0
2601,16090523,13,0,0
2601,16090524,14,0,0
2601,18090401,15,0,0
2601,16090525,16,0,0
2601,15090773,17,0,0
2601,15090774,18,0,0
2601,15090775,19,0,0
2601,15090776,20,0,0
2601,40564,21,0,0
2601,40566,22,0,0
2601,14090120,23,1,1
2700,19090309,1,0,0
2700,30020,2,0,0
2700,30025,3,0,0
2700,30030,4,0,0
2700,30035,5,0,0
2700,15090777,6,0,0
2700,40610,7,0,0
2700,18090423,8,0,0
2700,14090125,9,0,0
2700,14090126,10,0,0
2700,15090760,11,0,0
2700,15090761,12,0,0
2700,15090762,13,0,0
2700,15090763,14,0,0
2700,15090764,15,0,0
2700,19090307,16,0,0
2700,19090308,17,0,0
2700,17010205,18,0,0
2700,18090412,19,0,0
2700,22080604,20,0,0
2700,17030607,21,0,0
2700,18090430,22,1,1
2701,18090430,1,0,0
2701,18090431,2,0,0
2701,15090767,3,0,0
2701,15090768,4,0,0
2701,15090769,5,0,0
2701,15090770,6,0,0
2701,15090771,7,0,0
2701,40555,8,0,0
2701,40560,9,0,0
2701,15051806,10,0,0
2701,40561,11,0,0
2701,40562,12,0,0
2701,40563,13,0,0
2701,15090776,14,0,0
2701,40564,15,0,0
2701,40566,16,0,0
2701,19090309,17,1,1
2800,19090309,1,0,0
2800,30020,2,0,0
2800,30025,3,0,0
2800,30030,4,0,0
2800,30035,5,0,0
2800,15090777,6,0,0
2800,40610,7,0,0
2800,40620,8,0,0
2800,40630,9,0,0
2800,40900,10,0,0
2800,40910,11,0,0
2800,15051808,12,0,0
2800,40920,13,0,0
2800,15110205,14,0,0
2800,19090312,15,0,0
2800,19090313,16,0,0
2800,13140,17,0,0
2800,13150,18,0,0
2800,18090429,19,0,0
2800,18090424,20,0,0
2800,18090425,21,0,0
2800,18090426,22,0,0
2800,18090427,23,0,0
2800,19090310,24,0,0
2800,19090311,25,0,0
2800,23090420,26,0,0
2800,23090421,27,0,0
2800,23090422,28,0,0
2800,23090423,29,0,0
2800,23090424,30,0,0
2800,16090512,31,0,0
2800,21062804,32,0,0
2800,13160,33,0,0
2800,13170,34,0,0
2800,12295,35,0,0
2800,12300,36,0,0
2800,12400,37,0,0
2800,12410,38,0,0
2800,12420,39,0,0
2800,9330,40,0,0
2800,9350,41,0,0
2800,9360,42,0,0
2800,9380,43,0,0
2800,42395,44,1,1
2801,42395,1,0,0
2801,9415,2,0,0
2801,9420,3,0,0
2801,9430,4,0,0
2801,9440,5,0,0
2801,9450,6,0,0
2801,9460,7,0,0
2801,12425,8,0,0
2801,12560,9,0,0
2801,12565,10,0,0
2801,12570,11,0,0
2801,12580,12,0,0
2801,13470,13,0,0
2801,23103001,14,0,0
2801,16090513,15,0,0
2801,19090315,16,0,0
2801,25102703,17,0,0
2801,94010,18,0,0
2801,94015,19,0,0
2801,17050103,20,0,0
2801,40984,21,0,0
2801,23090425,22,0,0
2801,23090426,23,0,0
2801,23090427,24,0,0
2801,23090428,25,0,0
2801,23090429,26,0,0
2801,23103002,27,0,0
2801,19090317,28,0,0
2801,19090318,29,0,0
2801,19090319,30,0,0
2801,19090320,31,0,0
2801,17030606,32,0,0
2801,15051809,33,0,0
2801,40988,34,0,0
2801,40990,35,0,0
2801,40995,36,0,0
2801,40555,37,0,0
2801,40560,38,0,0
2801,15051806,39,0,0
2801,40561,40,0,0
2801,40562,41,0,0
2801,40563,42,0,0
2801,15090776,43,0,0
2801,40564,44,0,0
2801,40566,45,0,0
2801,19090309,46,1,1
2900,25840,1,0,0
2900,44310,2,0,0
2900,44315,3,0,0
2900,44320,4,0,0
2900,44330,5,0,0
2900,44340,6,0,0
2900,44355,7,0,0
2900,44360,8,0,0
2900,25890,9,0,0
2900,25900,10,0,0
2900,25910,11,0,0
2900,25920,12,0,0
2900,13680,13,0,0
2900,25950,14,0,0
2900,25960,15,0,0
2900,25980,16,0,0
2900,25990,17,0,0
2900,26000,18,0,0
2900,26010,19,0,0
2900,26020,20,0,0
2900,26030,21,0,0
2900,26040,22,0,0
2900,26050,23,0,0
2900,26060,24,0,0
2900,26070,25,0,0
2900,26075,26,0,0
2900,26080,27,0,0
2900,26090,28,0,0
2900,26100,29,0,0
2900,26110,30,0,0
2900,26120,31,0,0
2900,7270,32,0,0
2900,7280,33,0,0
2900,26150,34,0,0
2900,26155,35,0,0
2900,26160,36,0,0
2900,26170,37,0,0
2900,26180,38,0,0
2900,26190,39,0,0
2900,26200,40,0,0
2900,25130,41,0,0
2900,25140,42,0,0
2900,25150,43,0,0
2900,25160,44,0,0
2900,25170,45,0,0
2900,25175,46,0,0
2900,25180,47,0,0
2900,25700,48,0,0
2900,25710,49,0,0
2900,25720,50,0,0
2900,24042903,51,0,0
2900,93950,52,0,0
2900,50156,53,1,1
2900,16780,54,0,0
2900,18090432,55,0,0
2900,18090433,56,0,0
2900,18090434,57,0,0
2900,18090435,58,0,0
2900,18090436,59,0,0
2900,51114,60,0,0
2900,14090107,61,0,0
2900,14090108,62,1,1
2901,14090108,1,0,0
2901,1150,2,0,0
2901,1170,3,0,0
2901,18090438,4,0,0
2901,18090439,5,0,0
2901,18090440,6,0,0
2901,18090441,7,0,0
2901,18090442,8,0,0
2901,18090443,9,0,0
2901,50156,10,0,0
2901,21135,11,0,0
2901,25740,12,0,0
2901,25750,13,0,0
2901,25760,14,0,0
2901,25770,15,0,0
2901,20090800,16,0,0
2901,25320,17,0,0
2901,25330,18,0,0
2901,25340,19,0,0
2901,25350,20,0,0
2901,25360,21,0,0
2901,26450,22,0,0
2901,26460,23,0,0
2901,26470,24,0,0
2901,26480,25,0,0
2901,26490,26,0,0
2901,26500,27,0,0
2901,6820,28,0,0
2901,18670,29,0,0
2901,18660,30,0,0
2901,26540,31,0,0
2901,26550,32,0,0
2901,26552,33,0,0
2901,26570,34,0,0
2901,26580,35,0,0
2901,26590,36,0,0
2901,26600,37,0,0
2901,26605,38,0,0
2901,26610,39,0,0
2901,26620,40,0,0
2901,26630,41,0,0
2901,23635,42,0,0
2901,26650,43,0,0
2901,26655,44,0,0
2901,26660,45,0,0
2901,12970,46,0,0
2901,12980,47,0,0
2901,12990,48,0,0
2901,13000,49,0,0
2901,26700,50,0,0
2901,26710,51,0,0
2901,26720,52,0,0
2901,26735,53,0,0
2901,26730,54,0,0
2901,44240,55,0,0
2901,44243,56,0,0
2901,44260,57,0,0
2901,44270,58,0,0
2901,44280,59,0,0
2901,44290,60,0,0
2901,44300,61,0,0
2901,44303,62,0,0
2901,25840,63,1,1
3000,2817,1,0,0
3000,14690,2,0,0
3000,14700,3,0,0
3000,14710,4,0,0
3000,14720,5,0,0
3000,14730,6,0,0
3000,14750,7,0,0
3000,14760,8,0,0
3000,14770,9,0,0
3000,14780,10,0,0
3000,14790,11,0,0
3000,14800,12,0,0
3000,10125,13,0,0
3000,14820,14,0,0
3000,14830,15,0,0
3000,14840,16,0,0
3000,14850,17,0,0
3000,18030504,18,0,0
3000,14865,19,0,0
3000,14870,20,0,0
3000,14875,21,0,0
3000,14890,22,0,0
3000,14900,23,0,0
3000,14905,24,0,0
3000,14906,25,0,0
3000,14910,26,0,0
3000,14915,27,0,0
3000,14920,28,0,0
3000,14930,29,0,0
3000,14940,30,0,0
3000,14950,31,0,0
3000,14960,32,0,0
3000,14970,33,0,0
3000,14980,34,0,0
3000,14102701,35,0,0
3000,14989,36,0,0
3000,14990,37,0,0
3000,17090511,38,0,0
3000,26030200,39,1,1
3001,26030200,1,0,0
3001,14980,2,0,0
3001,44210,3,0,0
3001,41955,4,0,0
3001,42000,5,0,0
3001,42010,6,0,0
3001,42050,7,0,0
3001,42055,8,0,0
3001,42060,9,0,0
3001,42070,10,0,0
3001,16021501,11,0,0
3001,42080,12,0,0
3001,42085,13,0,0
3001,42090,14,0,0
3001,42100,15,0,0
3001,42095,16,0,0
3001,41120,17,0,0
3001,15120,18,0,0
3001,15125,19,0,0
3001,15130,20,0,0
3001,15140,21,0,0
3001,15160,22,0,0
3001,15162,23,0,0
3001,15165,24,0,0
3001,15170,25,0,0
3001,18030505,26,0,0
3001,15190,27,0,0
3001,15210,28,0,0
3001,15220,29,0,0
3001,10130,30,0,0
3001,15240,31,0,0
3001,15250,32,0,0
3001,15260,33,0,0
3001,15270,34,0,0
3001,15280,35,0,0
3001,15290,36,0,0
3001,15300,37,0,0
3001,15310,38,0,0
3001,15320,39,0,0
3001,15330,40,0,0
3001,2816,41,1,1
3100,17750,1,0,0
3100,50152,2,0,0
3100,21100,3,0,0
3100,23050101,4,0,0
3100,44523,5,0,0
3100,44525,6,0,0
3100,44530,7,0,0
3100,44535,8,0,0
3100,44540,9,0,0
3100,44545,10,0,0
3100,44550,11,0,0
3100,44455,12,0,0
3100,23090431,13,0,0
3100,24042907,14,0,0
3100,23090432,15,0,0
3100,23090433,16,1,1
3100,44560,17,0,0
3100,44570,18,0,0
3100,21090602,19,0,0
3100,44580,20,0,0
3100,44590,21,0,0
3100,44592,22,0,0
3100,15090843,23,0,0
3100,15090844,24,1,1
3101,23090433,1,0,0
3101,17103008,2,0,0
3101,17103009,3,0,0
3101,17103010,4,0,0
3101,23090435,5,0,0
3101,15090844,6,0,0
3101,25102704,7,0,0
3101,15085,8,0,0
3101,15090,9,0,0
3101,93800,10,0,0
3101,44410,11,0,0
3101,44420,12,0,0
3101,93805,13,0,0
3101,44435,14,0,0
3101,44440,15,0,0
3101,44445,16,0,0
3101,44450,17,0,0
3101,44460,18,0,0
3101,44470,19,0,0
3101,44475,20,0,0
3101,44480,21,0,0
3101,44490,22,0,0
3101,44500,23,0,0
3101,44510,24,0,0
3101,44520,25,0,0
3101,17745,26,0,0
3101,17740,27,0,0
3101,17750,28,1,1
3200,11060,1,0,0
3200,11840,2,0,0
3200,11850,3,0,0
3200,11860,4,0,0
3200,11870,5,0,0
3200,6235,6,0,0
3200,6240,7,0,0
3200,6250,8,0,0
3200,6255,9,0,0
3200,6253,10,0,0
3200,44020,11,0,0
3200,44030,12,0,0
3200,44010,13,0,0
3200,45170,14,0,0
3200,45175,15,0,0
3200,45180,16,0,0
3200,45185,17,0,0
3200,45090,18,0,0
3200,45080,19,0,0
3200,45070,20,0,0
3200,44080,21,0,0
3200,44090,22,0,0
3200,21062803,23,0,0
3200,44110,24,0,0
3200,44120,25,0,0
3200,44130,26,0,0
3200,40780,27,0,0
3200,40770,28,0,0
3200,40750,29,0,0
3200,2070,30,0,0
3200,10400,31,0,0
3200,10420,32,0,0
3200,10440,33,0,0
3200,10450,34,0,0
3200,10460,35,0,0
3200,10470,36,0,0
3200,10480,37,0,0
3200,10490,38,0,0
3200,10500,39,0,0
3200,10510,40,0,0
3200,42160,41,0,0
3200,42150,42,0,0
3200,4050,43,0,0
3200,4060,44,0,0
3200,10580,45,0,0
3200,10590,46,0,0
3200,10593,47,0,0
3200,16090516,48,0,0
3200,10595,49,0,0
3200,18540,50,0,0
3200,10600,51,0,0
3200,10610,52,0,0
3200,10620,53,0,0
3200,10630,54,0,0
3200,10640,55,0,0
3200,10650,56,0,0
3200,11830,57,1,1
3301,11830,1,0,0
3301,16580,2,0,0
3301,10680,3,0,0
3301,10690,4,0,0
3301,10700,5,0,0
3301,10705,6,0,0
3301,10710,7,0,0
3301,10730,8,0,0
3301,10740,9,0,0
3301,16090515,10,0,0
3301,10750,11,0,0
3301,10760,12,0,0
3301,10770,13,0,0
3301,10780,14,0,0
3301,4200,15,0,0
3301,42110,16,0,0
3301,42120,17,0,0
3301,42130,18,0,0
3301,10850,19,0,0
3301,10860,20,0,0
3301,10870,21,0,0
3301,10875,22,0,0
3301,10885,23,0,0
3301,2005,24,0,0
3301,2010,25,0,0
3301,2020,26,0,0
3301,2030,27,0,0
3301,2040,28,0,0
3301,2050,29,0,0
3301,2060,30,0,0
3301,40740,31,0,0
3301,40760,32,0,0
3301,40790,33,0,0
3301,40800,34,0,0
3301,45020,35,0,0
3301,45030,36,0,0
3301,45035,37,0,0
3301,45040,38,0,0
3301,45050,39,0,0
3301,45060,40,0,0
3301,44910,41,0,0
3301,44920,42,0,0
3301,44930,43,0,0
3301,45110,44,0,0
3301,45120,45,0,0
3301,45130,46,0,0
3301,20030202,47,0,0
3301,45140,48,0,0
3301,45150,49,0,0
3301,45186,50,0,0
3301,45190,51,0,0
3301,11010,52,0,0
3301,11790,53,0,0
3301,6990,54,0,0
3301,11810,55,0,0
3301,11815,56,0,0
3301,11060,57,1,1
3500,47140,1,0,0
3500,47143,2,0,0
3500,47145,3,0,0
3500,50150,4,0,0
3500,17550,5,0,0
3500,17555,6,0,0
3500,17560,7,0,0
3500,44818,8,0,0
3500,44820,9,0,0
3500,17675,10,0,0
3500,17680,11,0,0
3500,17690,12,0,0
3500,17700,13,0,0
3500,47500,14,0,0
3500,47510,15,0,0
3500,47520,16,0,0
3500,47530,17,0,0
3500,93845,18,0,0
3500,93850,19,0,0
3500,93855,20,0,0
3500,93860,21,0,0
3500,93865,22,0,0
3500,93870,23,0,0
3500,93875,24,0,0
3500,93880,25,0,0
3500,93885,26,0,0
3500,93890,27,0,0
3500,15033008,28,0,0
3500,15051804,29,0,0
3500,19102800,30,0,0
3500,44570,31,0,0
3500,21090602,32,0,0
3500,44580,33,0,0
3500,15105,34,0,0
3500,15110,35,0,0
3500,14090129,36,0,0
3500,15115,37,0,0
3500,17090,38,0,0
3500,17100,39,0,0
3500,2110,40,0,0
3500,17120,41,0,0
3500,17125,42,0,0
3500,18425,43,0,0
3500,18043008,44,0,0
3500,10857,45,0,0
3500,16650,46,0,0
3500,16665,47,0,0
3500,16670,48,1,1
3501,16670,1,0,0
3501,16680,2,0,0
3501,16690,3,0,0
3501,16700,4,0,0
3501,16710,5,0,0
3501,16715,6,0,0
3501,16720,7,0,0
3501,93800,8,0,0
3501,44410,9,0,0
3501,44420,10,0,0
3501,44430,11,0,0
3501,15051810,12,0,0
3501,15062901,13,0,0
3501,15110203,14,0,0
3501,23090437,15,0,0
3501,15051805,16,0,0
3501,27040,17,0,0
3501,27045,18,0,0
3501,47553,19,0,0
3501,93810,20,0,0
3501,93815,21,0,0
3501,93820,22,0,0
3501,93825,23,0,0
3501,93830,24,0,0
3501,93835,25,0,0
3501,93840,26,0,0
3501,47538,27,0,0
3501,47537,28,0,0
3501,47536,29,0,0
3501,47535,30,0,0
3501,47110,31,0,0
3501,47120,32,0,0
3501,47140,33,1,1
3600,44480,1,0,0
3600,48000,2,0,0
3600,48010,3,0,0
3600,48020,4,0,0
3600,48030,5,0,0
3600,48040,6,0,0
3600,17590,7,0,0
3600,17600,8,0,0
3600,14090104,9,0,0
3600,14090105,10,0,0
3600,15090887,11,0,0
3600,26030204,12,0,0
3600,15090888,13,0,0
3600,15090889,14,0,0
3600,26030205,15,0,0
3600,15090702,16,0,0
3600,15090703,17,0,0
3600,15090704,18,0,0
3600,15090705,19,0,0
3600,15090706,20,0,0
3600,15090707,21,0,0
3600,15090708,22,0,0
3600,15090709,23,0,0
3600,15090710,24,0,0
3600,93885,25,0,0
3600,93890,26,0,0
3600,15033008,27,0,0
3600,23030600,28,0,0
3600,23030601,29,0,0
3600,23030602,30,0,0
3600,23030603,31,0,0
3600,23030604,32,0,0
3600,23030605,33,0,0
3600,23030606,34,0,0
3600,23030607,35,0,0
3600,19090338,36,0,0
3600,23030608,37,1,1
3601,23030608,1,0,0
3601,20110200,2,0,0
3601,22080600,3,0,0
3601,22080601,4,0,0
3601,22080602,5,0,0
3601,23090437,6,0,0
3601,15051805,7,0,0
3601,27040,8,0,0
3601,27045,9,0,0
3601,27050,10,0,0
3601,27205,11,0,0
3601,27206,12,0,0
3601,27207,13,0,0
3601,15090881,14,0,0
3601,15090882,15,0,0
3601,15090883,16,0,0
3601,15090884,17,0,0
3601,15090885,18,0,0
3601,15090886,19,0,0
3601,26030204,20,0,0
3601,15090888,21,0,0
3601,15090889,22,0,0
3601,26030205,23,0,0
3601,15090891,24,0,0
3601,15090892,25,0,0
3601,15090893,26,0,0
3601,15090894,27,0,0
3601,15090895,28,0,0
3601,15090896,29,0,0
3601,15090897,30,0,0
3601,15090898,31,0,0
3601,15090899,32,0,0
3601,15090700,33,0,0
3601,15090701,34,0,0
3601,44480,35,1,1
4100,50150,1,0,0
4100,17550,2,0,0
4100,17555,3,0,0
4100,24062403,4,0,0
4100,24042908,5,0,0
4100,24062404,6,0,0
4100,24042909,7,0,0
4100,25102700,8,0,0
4100,24042910,9,0,0
4100,24042911,10,0,0
4100,24062405,11,0,0
4100,24042912,12,0,0
4100,24042913,13,0,0
4100,24042914,14,0,0
4100,24062406,15,0,0
4100,24042915,16,0,0
4100,24042916,17,0,0
4100,24062400,18,0,0
4100,24042917,19,0,0
4100,24042918,20,0,0
4100,24042919,21,0,0
4100,24042920,22,0,0
4100,24042921,23,0,0
4100,24042922,24,0,0
4100,24042923,25,0,0
4100,24042924,26,1,1
4101,24042924,1,0,0
4101,24042925,2,0,0
4101,24042926,3,0,0
4101,24042927,4,0,0
4101,24062402,5,0,0
4101,24042928,6,0,0
4101,24042929,7,0,0
4101,24042930,8,0,0
4101,24042931,9,0,0
4101,24042932,10,0,0
4101,24042933,11,0,0
4101,24062401,12,0,0
4101,24042934,13,0,0
4101,24042935,14,0,0
4101,24062407,15,0,0
4101,24042936,16,0,0
4101,24042937,17,0,0
4101,24042938,18,0,0
4101,24062408,19,0,0
4101,24042939,20,0,0
4101,24042940,21,0,0
4101,25102701,22,0,0
4101,24042941,23,0,0
4101,24062409,24,0,0
4101,24042942,25,0,0
4101,47140,26,0,0
4101,47145,27,0,0
4101,50150,28,1,1
5000,15090801,1,0,0
5000,17863,2,0,0
5000,17864,3,0,0
5000,17865,4,0,0
5000,17866,5,0,0
5000,24042904,6,0,0
5000,24042905,7,0,0
5000,24042906,8,0,0
5000,17400,9,0,0
5000,17430,10,0,0
5000,17435,11,0,0
5000,17440,12,0,0
5000,17460,13,0,0
5000,17470,14,0,0
5000,17480,15,0,0
5000,17490,16,0,0
5000,17500,17,0,0
5000,17520,18,0,0
5000,22042500,19,0,0
5000,17525,20,0,0
5000,17530,21,0,0
5000,17540,22,0,0
5000,17545,23,0,0
5000,17550,24,0,0
5000,17555,25,0,0
5000,17560,26,0,0
5000,17563,27,0,0
5000,17565,28,0,0
5000,17568,29,0,0
5000,17623,30,0,0
5000,17625,31,0,0
5000,27000,32,0,0
5000,27010,33,0,0
5000,27012,34,0,0
5000,27013,35,0,0
5000,27020,36,0,0
5000,2735,37,1,1
5000,15033008,38,0,0
5000,23030600,39,0,0
5000,23030601,40,0,0
5000,23030602,41,0,0
5000,24010800,42,0,0
5000,24010801,43,0,0
5000,24010802,44,0,0
5000,22103106,45,0,0
5000,22103107,46,0,0
5000,16090527,47,1,1
5001,16090527,1,0,0
5001,20110200,2,0,0
5001,22080600,3,0,0
5001,22080601,4,0,0
5001,22080602,5,0,0
5001,2735,6,0,0
5001,15051804,7,0,0
5001,23050102,8,0,0
5001,23090430,9,0,0
5001,15051805,10,0,0
5001,27040,11,0,0
5001,27045,12,0,0
5001,47553,13,0,0
5001,93810,14,0,0
5001,93815,15,0,0
5001,93820,16,0,0
5001,93825,17,0,0
5001,14090101,18,0,0
5001,14090102,19,0,0
5001,14090103,20,0,0
5001,17627,21,0,0
5001,27080,22,0,0
5001,27200,23,0,0
5001,17620,24,0,0
5001,17628,25,0,0
5001,17629,26,0,0
5001,17630,27,0,0
5001,44220,28,0,0
5001,44237,29,0,0
5001,17745,30,0,0
5001,17740,31,0,0
5001,17750,32,0,0
5001,17753,33,0,0
5001,17755,34,0,0
5001,17760,35,0,0
5001,17770,36,0,0
5001,940,37,0,0
5001,950,38,0,0
5001,960,39,0,0
5001,970,40,0,0
5001,980,41,0,0
5001,17820,42,0,0
5001,17821,43,0,0
5001,17822,44,0,0
5001,17823,45,0,0
5001,17824,46,0,0
5001,17825,47,0,0
5001,17826,48,0,0
5001,17830,49,0,0
5001,17840,50,0,0
5001,17855,51,0,0
5001,17860,52,0,0
5001,17870,53,0,0
5001,17853,54,0,0
5001,15090801,55,1,1
5100,460,1,0,0
5100,15033006,2,0,0
5100,470,3,0,0
5100,15033005,4,0,0
5100,510,5,0,0
5100,15110204,6,0,0
5100,520,7,0,0
5100,535,8,0,0
5100,540,9,0,0
5100,530,10,0,0
5100,550,11,0,0
5100,560,12,0,0
5100,15033002,13,0,0
5100,8510,14,0,0
5100,15033003,15,0,0
5100,30102,16,1,1
5101,30102,1,0,0
5101,8550,2,0,0
5101,15033001,3,0,0
5101,1430,4,0,0
5101,1440,5,0,0
5101,15033004,6,0,0
5101,1460,7,0,0
5101,1465,8,0,0
5101,1470,9,0,0
5101,42205,10,0,0
5101,42210,11,0,0
5101,18043006,12,0,0
5101,42220,13,0,0
5101,42230,14,0,0
5101,44370,15,0,0
5101,44385,16,0,0
5101,44390,17,0,0
5101,44393,18,0,0
5101,44395,19,0,0
5101,44400,20,0,0
5101,44405,21,0,0
5101,1530,22,0,0
5101,1540,23,0,0
5101,1550,24,0,0
5101,1560,25,0,0
5101,16090517,26,0,0
5101,1570,27,0,0
5101,1575,28,0,0
5101,460,29,1,1
5200,30112,1,0,0
5200,8581,2,0,0
5200,8582,3,0,0
5200,8590,4,0,0
5200,8600,5,0,0
5200,8610,6,0,0
5200,8620,7,0,0
5200,8630,8,0,0
5200,8640,9,0,0
5200,8650,10,0,0
5200,8660,11,0,0
5200,8670,12,0,0
5200,8680,13,0,0
5200,8690,14,0,0
5200,8700,15,0,0
5200,8710,16,0,0
5200,8720,17,0,0
5200,8730,18,0,0
5200,8740,19,0,0
5200,45520,20,1,1
5201,45520,1,0,0
5201,8770,2,0,0
5201,8780,3,0,0
5201,8790,4,0,0
5201,8800,5,0,0
5201,8805,6,0,0
5201,8810,7,0,0
5201,8820,8,0,0
5201,8830,9,0,0
5201,8840,10,0,0
5201,8850,11,0,0
5201,8860,12,0,0
5201,8870,13,0,0
5201,8880,14,0,0
5201,8890,15,0,0
5201,8900,16,0,0
5201,8910,17,0,0
5201,8920,18,0,0
5201,8930,19,0,0
5201,8932,20,0,0
5201,9760,21,0,0
5201,30112,22,1,1
5300,45258,1,0,0
5300,15513,2,0,0
5300,15515,3,0,0
5300,15090860,4,0,0
5300,16050902,5,0,0
5300,40715,6,0,0
5300,18135,7,0,0
5300,18150,8,0,0
5300,18170,9,0,0
5300,18180,10,0,0
5300,18190,11,0,0
5300,8500,12,0,0
5300,8510,13,0,0
5300,15033003,14,0,0
5300,30101,15,1,1
5301,30101,1,0,0
5301,8550,2,0,0
5301,9000,3,0,0
5301,9020,4,0,0
5301,18205,5,0,0
5301,40720,6,0,0
5301,40725,7,0,0
5301,18060,8,0,0
5301,18070,9,0,0
5301,18080,10,0,0
5301,18100,11,0,0
5301,18110,12,0,0
5301,18120,13,0,0
5301,18130,14,0,0
5301,40660,15,0,0
5301,40670,16,0,0
5301,40680,17,0,0
5301,40690,18,0,0
5301,40700,19,0,0
5301,45262,20,0,0
5301,45260,21,0,0
5301,45258,22,1,1
5400,30113,1,0,0
5400,17960,2,0,0
5400,17970,3,0,0
5400,17980,4,0,0
5400,17990,5,0,0
5400,18000,6,0,0
5400,18010,7,0,0
5400,18020,8,0,0
5400,14090114,9,0,0
5400,14090115,10,0,0
5400,14090116,11,0,0
5400,14090117,12,0,0
5400,14090118,13,0,0
5400,18030,14,0,0
5400,17030608,15,0,0
5400,17030610,16,0,0
5400,17030614,17,0,0
5400,51000,18,0,0
5400,51020,19,0,0
5400,18053,20,0,0
5400,18055,21,0,0
5400,8500,22,0,0
5400,8510,23,0,0
5400,15033003,24,0,0
5500,13930,1,0,0
5500,15090872,2,0,0
5500,91350,3,0,0
5500,23090436,4,0,0
5500,15090839,5,0,0
5500,16090552,6,0,0
5500,16090553,7,0,0
5500,16090554,8,0,0
5500,16090555,9,0,0
5500,16090556,10,0,0
5500,16090557,11,0,0
5500,16090559,12,0,0
5500,16090560,13,0,0
5500,16090561,14,0,0
5500,16090562,15,0,0
5500,16090563,16,0,0
5500,16090564,17,0,0
5500,16090565,18,0,0
5500,16090566,19,0,0
5500,16090567,20,0,0
5500,16090568,21,0,0
5500,16090569,22,0,0
5500,16090570,23,0,0
5500,16090571,24,0,0
5500,16090572,25,0,0
5500,16090573,26,0,0
5500,16430,27,1,1
5501,16430,1,0,0
5501,17103025,2,0,0
5501,17103026,3,0,0
5501,17103027,4,0,0
5501,18043009,5,0,0
5501,19010701,6,0,0
5501,16090537,7,0,0
5501,16090538,8,0,0
5501,16090539,9,0,0
5501,16090540,10,0,0
5501,16090541,11,0,0
5501,16090542,12,0,0
5501,16090543,13,0,0
5501,16090544,14,0,0
5501,16090545,15,0,0
5501,16090546,16,0,0
5501,16090547,17,0,0
5501,16090549,18,0,0
5501,16090550,19,0,0
5501,94075,20,0,0
5501,17010203,21,0,0
5501,94080,22,0,0
5501,17030602,23,0,0
5501,16090551,24,0,0
5501,15051807,25,0,0
5501,15620,26,0,0
5501,91100,27,0,0
5501,92470,28,0,0
5501,13930,29,1,1
5601,30101,1,0,0
5601,8550,2,0,0
5601,9000,3,0,0
5601,9020,4,0,0
5601,18205,5,0,0
5601,18090449,6,0,0
5601,18090450,7,0,0
5601,18171,8,0,0
5601,18175,9,0,0
5601,18090451,10,0,0
5601,16090531,11,0,0
5601,16090532,12,0,0
5601,91050,13,0,0
5601,91010,14,0,0
5601,91000,15,0,0
5601,15010502,16,0,0
5601,18031,17,0,0
5601,18021,18,0,0
5601,9790,19,0,0
5601,15090856,20,0,0
5601,15090857,21,0,0
5601,15090858,22,0,0
5601,15090859,23,0,0
5601,9810,24,0,0
5601,9820,25,0,0
5601,9830,26,0,0
5601,9840,27,0,0
5601,26800,28,0,0
5700,30106,1,0,0
5700,8550,2,0,0
5700,15370,3,0,0
5700,15380,4,0,0
5700,15390,5,0,0
5700,15400,6,0,0
5700,15410,7,0,0
5700,15420,8,0,0
5700,15430,9,0,0
5700,15440,10,0,0
5700,15450,11,0,0
5700,15460,12,0,0
5700,15470,13,0,0
5700,15480,14,0,0
5700,15500,15,0,0
5700,15510,16,0,0
5700,45200,17,0,0
5700,15090862,18,0,0
5700,15090726,19,0,0
5700,15090727,20,0,0
5700,15090728,21,0,0
5700,15090863,22,0,0
5700,15540,23,0,0
5700,15550,24,0,0
5700,15090864,25,0,0
5700,15090865,26,0,0
5700,15090866,27,0,0
5700,15090867,28,0,0
5700,15090868,29,0,0
5700,15090869,30,0,0
5700,15090870,31,0,0
5700,15090871,32,0,0
5700,92470,33,0,0
5700,92465,34,0,0
5700,14560,35,0,0
5700,13930,36,0,0
5700,15090872,37,0,0
5700,91350,38,0,0
5700,8430,39,0,0
5700,8440,40,0,0
5700,8450,41,0,0
5700,8460,42,0,0
5700,7455,43,1,1
5701,7455,1,0,0
5701,7460,2,0,0
5701,7470,3,0,0
5701,7480,4,0,0
5701,7490,5,0,0
5701,7500,6,0,0
5701,7510,7,0,0
5701,7520,8,0,0
5701,7530,9,0,0
5701,7535,10,0,0
5701,14510,11,0,0
5701,14520,12,0,0
5701,14530,13,0,0
5701,14540,14,0,0
5701,14550,15,0,0
5701,8400,16,0,0
5701,8410,17,0,0
5701,15090873,18,0,0
5701,15090874,19,0,0
5701,15090875,20,0,0
5701,15090876,21,0,0
5701,15090877,22,0,0
5701,15090878,23,0,0
5701,15090879,24,0,0
5701,15090880,25,0,0
5701,16250,26,0,0
5701,94115,27,0,0
5701,15090712,28,0,0
5701,15090713,29,0,0
5701,45270,30,0,0
5701,16280,31,0,0
5701,16290,32,0,0
5701,16310,33,0,0
5701,16320,34,0,0
5701,16330,35,0,0
5701,16340,36,0,0
5701,16350,37,0,0
5701,16360,38,0,0
5701,16370,39,0,0
5701,16380,40,0,0
5701,8940,41,0,0
5701,8950,42,0,0
5701,8960,43,0,0
5701,15033003,44,0,0
5701,30106,45,1,1
5800,93035,1,0,0
5800,15051803,2,0,0
5800,93040,3,0,0
5800,93045,4,0,0
5800,93050,5,0,0
5800,93055,6,0,0
5800,93060,7,0,0
5800,93000,8,0,0
5800,93005,9,0,0
5800,18010802,10,0,0
5800,18010803,11,0,0
5800,18010804,12,0,0
5800,18010805,13,0,0
5800,18010806,14,0,0
5800,18010807,15,0,0
5800,24102800,16,0,0
5800,18010808,17,0,0
5800,18010809,18,0,0
5800,24102801,19,0,0
5800,24102802,20,0,0
5800,25090104,21,0,0
5800,24102803,22,0,0
5800,25010600,23,1,1
5801,25010600,1,0,0
5801,24102805,2,0,0
5801,24102806,3,0,0
5801,24102807,4,0,0
5801,18010811,5,0,0
5801,18010812,6,0,0
5801,18010813,7,0,0
5801,18010814,8,0,0
5801,18010815,9,0,0
5801,18010816,10,0,0
5801,18010817,11,0,0
5801,93505,12,0,0
5801,93510,13,0,0
5801,93515,14,0,0
5801,93520,15,0,0
5801,1500,16,0,0
5801,1508,17,0,0
5801,93530,18,0,0
5801,93535,19,0,0
5801,93540,20,0,0
5801,93545,21,0,0
5801,20010500,22,0,0
5801,93550,23,0,0
5801,93555,24,0,0
5801,93560,25,0,0
5801,93020,26,0,0
5801,93025,27,0,0
5801,93030,28,0,0
5801,93035,29,1,1
6000,93035,1,0,0
6000,15090814,2,0,0
6000,15090815,3,0,0
6000,44405,4,0,0
6000,15090816,5,0,0
6000,15090817,6,0,0
6000,15090818,7,0,0
6000,15090819,8,0,0
6000,15090820,9,0,0
6000,15090821,10,0,0
6000,15090822,11,0,0
6000,15090823,12,0,0
6000,15090824,13,0,0
6000,16090502,14,0,0
6000,91385,15,0,0
6000,91650,16,0,0
6000,91655,17,0,0
6000,91660,18,0,0
6000,15010503,19,0,0
6000,92300,20,0,0
6000,49070,21,0,0
6000,49080,22,0,0
6000,49090,23,0,0
6000,49100,24,0,0
6000,44250,25,0,0
6000,44260,26,0,0
6000,44270,27,0,0
6000,44280,28,0,0
6000,44290,29,0,0
6000,44300,30,0,0
6000,44303,31,0,0
6000,16430,32,1,1
6001,16430,1,0,0
6001,44310,2,0,0
6001,44315,3,0,0
6001,44320,4,0,0
6001,44330,5,0,0
6001,44340,6,0,0
6001,44350,7,0,0
6001,44245,8,0,0
6001,49000,9,0,0
6001,94100,10,0,0
6001,49010,11,0,0
6001,49020,12,0,0
6001,49030,13,0,0
6001,91670,14,0,0
6001,91675,15,0,0
6001,91680,16,0,0
6001,16090505,17,0,0
6001,15090808,18,0,0
6001,15090809,19,0,0
6001,15090810,20,0,0
6001,16103103,21,0,0
6001,15110201,22,0,0
6001,15090811,23,0,0
6001,23010900,24,0,0
6001,1510,25,0,0
6001,1520,26,0,0
6001,93545,27,0,0
6001,20010500,28,0,0
6001,93550,29,0,0
6001,93555,30,0,0
6001,93560,31,0,0
6001,93020,32,0,0
6001,93025,33,0,0
6001,93030,34,0,0
6001,93035,35,1,1
8100,19090314,1,0,0
8100,12560,2,0,0
8100,12565,3,0,0
8100,12568,4,0,0
8100,18870,5,0,0
8100,18885,6,0,0
8100,42400,7,0,0
8100,18920,8,0,0
8100,18930,9,0,0
8100,24062410,10,0,0
8100,19090321,11,0,0
8100,19090322,12,0,0
8100,19090323,13,0,0
8100,19090324,14,0,0
8100,19090325,15,0,0
8100,19090326,16,0,0
8100,19090327,17,1,1
8101,19090327,1,0,0
8101,19090328,2,0,0
8101,19090329,3,0,0
8101,19090330,4,0,0
8101,19090331,5,0,0
8101,16090577,6,0,0
8101,14240,7,0,0
8101,14270,8,0,0
8101,14280,9,0,0
8101,12410,10,0,0
8101,12420,11,0,0
8101,19090314,12,1,1
10400,30100,1,0,0
10400,8550,2,0,0
10400,15033001,3,0,0
10400,1450,4,0,0
10400,15090838,5,0,0
10400,40980,6,0,0
10400,40970,7,0,0
10400,15670,8,0,0
10400,15680,9,0,0
10400,15695,10,0,0
10400,15730,11,0,0
10400,40240,12,1,1
10401,40240,1,0,0
10401,16050,2,0,0
10401,16070,3,0,0
10401,16100,4,0,0
10401,16120,5,0,0
10401,16130,6,0,0
10401,40940,7,0,0
10401,40950,8,0,0
10401,40960,9,0,0
10401,540,10,0,0
10401,8510,11,0,0
10401,15033003,12,0,0
10401,30100,13,1,1
11500,10101,1,0,0
11500,43011,2,0,0
11500,43013,3,0,0
11500,43015,4,0,0
11500,43017,5,0,0
11500,43019,6,0,0
11500,43021,7,0,0
11500,43023,8,0,0
11500,43025,9,0,0
11500,2900,10,0,0
11500,2925,11,0,0
11500,42295,12,0,0
11500,22080105,13,0,0
11500,22080101,14,1,0
11500,16050908,15,0,0
11500,45575,16,1,1
11501,45575,1,0,0
11501,16050909,2,0,0
11501,22080100,3,0,0
11501,22080106,4,0,0
11501,42290,5,0,0
11501,3680,6,0,0
11501,42980,7,0,0
11501,43300,8,1,0
11501,43303,9,1,0
11501,43305,10,1,0
11501,43307,11,1,0
11501,43309,12,0,0
11501,10101,13,1,1
19900,16090581,1,0,0
19900,30113,2,1,1
19901,30113,1,0,0
19901,16090581,2,1,1
20000,17960,1,0,0
20000,17970,2,0,0
20000,17980,3,0,0
20000,17990,4,0,0
20000,18000,5,0,0
20000,18010,6,0,0
20000,18020,7,0,0
20000,18030,8,0,0
20000,18040,9,0,0
20000,18050,10,0,0
20000,18055,11,0,0
20000,8510,12,0,0
20000,15033003,13,0,0
20000,30112,14,0,0
20000,610,15,0,0
20000,620,16,0,0
20000,51100,17,0,0
20000,440,18,0,0
20000,20,19,1,1
20001,20,1,0,0
20001,1340,2,0,0
20001,1350,3,0,0
20001,9770,4,0,0
20001,17960,5,0,0
20001,17970,6,0,0
20001,17980,7,0,0
20001,17990,8,0,0
20001,18000,9,0,0
20001,18010,10,0,0
20001,18020,11,0,0
20001,18030,12,0,0
20001,18040,13,0,0
20001,18050,14,0,0
20001,18055,15,0,0
20001,8510,16,0,0
20001,15033003,17,0,0
20001,30112,18,1,1
20100,42395,1,0,0
20100,9415,2,0,0
20100,13383,3,0,0
20100,13385,4,0,0
20100,13400,5,0,0
20100,13410,6,0,0
20100,13675,7,0,0
20100,90420,8,0,0
20100,90425,9,0,0
20100,4500,10,1,1
20101,4500,1,0,0
20101,90415,2,0,0
20101,90410,3,0,0
20101,13676,4,0,0
20101,13230,5,0,0
20101,13240,6,0,0
20101,13250,7,0,0
20101,13260,8,0,0
20101,11160,9,0,0
20101,12485,10,1,1
20200,11170,1,0,0
20200,11180,2,0,0
20200,9430,3,0,0
20200,9440,4,0,0
20200,9450,5,0,0
20200,16090574,6,0,0
20200,90500,7,0,0
20200,90600,8,0,0
20200,14150,9,0,0
20200,14151,10,0,0
20200,42400,11,0,0
20200,18920,12,0,0
20200,18930,13,0,0
20200,18940,14,0,0
20200,18960,15,0,0
20200,91600,16,0,0
20200,90695,17,0,0
20200,16090575,18,0,0
20200,91611,19,0,0
20200,4500,20,1,1
20201,4500,1,0,0
20201,91610,2,0,0
20201,16090576,3,0,0
20201,90690,4,0,0
20201,90700,5,0,0
20201,18970,6,0,0
20201,13250,7,0,0
20201,13260,8,0,0
20201,11170,9,1,1
20301,4500,1,0,0
20301,18940,2,0,0
20301,18950,3,0,0
20301,18960,4,0,0
20301,18970,5,0,0
20301,13240,6,0,0
20301,13250,7,0,0
20301,11160,8,0,0
20301,11170,9,1,1
20401,4500,1,0,0
20401,16090577,2,0,0
20401,14240,3,0,0
20401,14270,4,0,0
20401,14280,5,0,0
20401,14158,6,0,0
20401,14160,7,0,0
20401,90800,8,0,0
20401,90652,9,0,0
20401,16090578,10,0,0
20401,90650,11,0,0
20401,16090579,12,0,0
20401,16090580,13,0,0
20401,9360,14,0,0
20401,11730,15,1,1
20500,45555,1,0,0
20500,3900,2,0,0
20500,3910,3,0,0
20500,20200,4,0,0
20500,3930,5,0,0
20500,50112,6,0,0
20500,50114,7,0,0
20500,3475,8,0,0
20500,3100,9,0,0
20500,25080,10,1,1
20501,25080,1,0,0
20501,8070,2,0,0
20501,50162,3,0,0
20501,21210,4,0,0
20501,3864,5,0,0
20501,3865,6,0,0
20501,45555,7,1,1
20600,17960,1,0,0
20600,17970,2,0,0
20600,17980,3,0,0
20600,17990,4,0,0
20600,18000,5,0,0
20600,18010,6,0,0
20600,18020,7,0,0
20600,18030,8,0,0
20600,18040,9,0,0
20600,18050,10,0,0
20600,18045,11,0,0
20600,18110,12,0,0
20600,18120,13,0,0
20600,18130,14,0,0
20600,18135,15,0,0
20600,18150,16,0,0
20600,18170,17,0,0
20600,18180,18,0,0
20600,90900,19,0,0
20600,15470,20,0,0
20600,15480,21,0,0
20600,15500,22,0,0
20600,15510,23,0,0
20600,45200,24,0,0
20600,15520,25,0,0
20600,15540,26,1,1
20601,16250,1,0,0
20601,16270,2,0,0
20601,16280,3,0,0
20601,16290,4,0,0
20601,16310,5,0,0
20601,16320,6,0,0
20601,16330,7,0,0
20601,90950,8,0,0
20601,18171,9,0,0
20601,18175,10,0,0
20601,18090451,11,0,0
20601,16090531,12,0,0
20601,16090532,13,0,0
20601,91050,14,0,0
20601,91010,15,0,0
20601,91000,16,0,0
20601,15010502,17,0,0
20601,18031,18,0,0
20601,18021,19,0,0
20601,9790,20,0,0
20601,9800,21,0,0
20601,9820,22,0,0
20601,9830,23,1,1
20700,45565,1,0,0
20700,3900,2,0,0
20700,3910,3,0,0
20700,20200,4,0,0
20700,3930,5,0,0
20700,3940,6,0,0
20700,3950,7,0,0
20700,3960,8,0,0
20700,3980,9,0,0
20700,3990,10,0,0
20700,4000,11,0,0
20700,18370,12,0,0
20700,18380,13,0,0
20700,4030,14,0,0
20700,4040,15,0,0
20700,4050,16,0,0
20700,4060,17,0,0
20700,4070,18,0,0
20700,4080,19,0,0
20700,4090,20,0,0
20700,4720,21,0,0
20700,44061,22,0,0
20700,44065,23,0,0
20700,4095,24,0,0
20700,4100,25,0,0
20700,15051802,26,0,0
20700,55560,27,0,0
20700,4500,28,1,1
20701,4500,1,0,0
20701,55575,2,0,0
20701,46050,3,0,0
20701,44047,4,0,0
20701,44050,5,0,0
20701,44060,6,0,0
20701,4180,7,0,0
20701,4190,8,0,0
20701,4200,9,0,0
20701,4225,10,0,0
20701,4220,11,0,0
20701,16645,12,0,0
20701,4240,13,0,0
20701,4250,14,0,0
20701,4260,15,0,0
20701,4270,16,0,0
20701,4280,17,0,0
20701,4290,18,0,0
20701,21210,19,0,0
20701,3864,20,0,0
20701,3865,21,0,0
20701,45565,22,1,1
20800,45560,1,0,0
20800,9895,2,0,0
20800,9867,3,0,0
20800,20090801,4,0,0
20800,6080,5,0,0
20800,6090,6,0,0
20800,6100,7,0,0
20800,6110,8,0,0
20800,6120,9,0,0
20800,6130,10,0,0
20800,6140,11,0,0
20800,6150,12,0,0
20800,6160,13,0,0
20800,6175,14,0,0
20800,6170,15,0,0
20800,6180,16,0,0
20800,6185,17,0,0
20800,6190,18,0,0
20800,6200,19,0,0
20800,6210,20,0,0
20800,6220,21,0,0
20800,6230,22,0,0
20800,6240,23,0,0
20800,6250,24,0,0
20800,6255,25,0,0
20800,6253,26,0,0
20800,6258,27,0,0
20800,4500,28,1,1
20801,4500,1,0,0
20801,90100,2,0,0
20801,16050901,3,0,0
20801,45186,4,0,0
20801,45190,5,0,0
20801,6330,6,0,0
20801,6340,7,0,0
20801,6350,8,0,0
20801,6360,9,0,0
20801,6370,10,0,0
20801,6380,11,0,0
20801,6390,12,0,0
20801,6400,13,0,0
20801,6410,14,0,0
20801,6420,15,0,0
20801,18680,16,0,0
20801,18690,17,0,0
20801,18700,18,0,0
20801,18710,19,0,0
20801,18720,20,0,0
20801,18730,21,0,0
20801,18740,22,0,0
20801,230,23,0,0
20801,235,24,0,0
20801,9875,25,0,0
20801,9885,26,0,0
20801,45560,27,1,1
20900,15540,1,0,0
20900,15550,2,0,0
20900,15090864,3,0,0
20900,15090865,4,0,0
20900,15090866,5,0,0
20900,15090867,6,0,0
20900,15090868,7,0,0
20900,15090869,8,0,0
20900,15090870,9,0,0
20900,15090871,10,0,0
20900,8430,11,0,0
20900,8440,12,0,0
20900,8450,13,0,0
20900,8460,14,0,0
20900,7455,15,0,0
20900,7460,16,0,0
20900,7470,17,0,0
20900,7480,18,0,0
20900,7490,19,0,0
20900,7500,20,0,0
20900,7510,21,0,0
20900,7530,22,0,0
20900,7535,23,0,0
20900,14510,24,0,0
20900,14520,25,0,0
20900,14530,26,0,0
20900,14540,27,0,0
20900,8400,28,1,1
20901,15090871,1,0,0
20901,8430,2,0,0
20901,8440,3,0,0
20901,8450,4,0,0
20901,8460,5,0,0
20901,7455,6,0,0
20901,7460,7,0,0
20901,7470,8,0,0
20901,7480,9,0,0
20901,7490,10,0,0
20901,7500,11,0,0
20901,7510,12,0,0
20901,7530,13,0,0
20901,7535,14,0,0
20901,14510,15,0,0
20901,14520,16,0,0
20901,14530,17,0,0
20901,14540,18,0,0
20901,8400,19,0,0
20901,8410,20,0,0
20901,15090873,21,0,0
20901,15090874,22,0,0
20901,15090875,23,0,0
20901,15090876,24,0,0
20901,15090877,25,0,0
20901,15090878,26,0,0
20901,15090879,27,0,0
20901,15090880,28,0,0
20901,16250,29,1,1
21100,26490,1,0,0
21100,1870,2,0,0
21100,1880,3,0,0
21100,1890,4,0,0
21100,18010821,5,0,0
21100,18010822,6,0,0
21100,18010823,7,0,0
21100,16690,8,0,0
21100,16700,9,0,0
21100,15120,10,0,0
21100,15125,11,0,0
21100,40037,12,0,0
21100,16715,13,0,0
21100,16720,14,0,0
21100,45280,15,1,1
21101,15105,1,0,0
21101,15110,2,0,0
21101,40035,3,0,0
21101,40036,4,0,0
21101,17090,5,0,0
21101,17100,6,0,0
21101,18010818,7,0,0
21101,18010819,8,0,0
21101,18010820,9,0,0
21101,2140,10,0,0
21101,2150,11,0,0
21101,2160,12,0,0
21101,2165,13,0,0
21101,2170,14,0,0
21101,2180,15,0,0
21101,2190,16,0,0
21101,24430,17,0,0
21101,26490,18,1,1
21200,44245,1,0,0
21200,44355,2,0,0
21200,44360,3,0,0
21200,25890,4,0,0
21200,25900,5,0,0
21200,25910,6,0,0
21200,13010,7,0,0
21200,13020,8,0,0
21200,13030,9,0,0
21200,17310,10,0,0
21200,17320,11,0,0
21200,15910,12,0,0
21200,15920,13,0,0
21200,15930,14,0,0
21200,15940,15,0,0
21200,11510,16,0,0
21200,11520,17,0,0
21200,11530,18,1,1
21201,15800,1,0,0
21201,15810,2,0,0
21201,15820,3,0,0
21201,15840,4,0,0
21201,15845,5,0,0
21201,15850,6,0,0
21201,15860,7,0,0
21201,16450,8,0,0
21201,16460,9,0,0
21201,16468,10,0,0
21201,13630,11,0,0
21201,1345,12,0,0
21201,13650,13,0,0
21201,13660,14,0,0
21201,26700,15,0,0
21201,26710,16,0,0
21201,26720,17,0,0
21201,26735,18,0,0
21201,26730,19,0,0
21201,44240,20,0,0
21201,44243,21,0,0
21201,44245,22,1,1
21300,40250,1,0,0
21300,11540,2,0,0
21300,11550,3,0,0
21300,11583,4,0,0
21300,11590,5,0,0
21300,40510,6,0,0
21300,40490,7,0,0
21300,40470,8,0,0
21300,40460,9,0,0
21300,40440,10,0,0
21300,40420,11,0,0
21300,12290,12,0,0
21300,90610,13,0,0
21300,90620,14,0,0
21300,90630,15,0,0
21300,90801,16,0,0
21300,90800,17,0,0
21300,90652,18,0,0
21300,90660,19,0,0
21300,90670,20,1,1
21301,12580,1,0,0
21301,14135,2,0,0
21301,14140,3,0,0
21301,14150,4,0,0
21301,14170,5,0,0
21301,90641,6,0,0
21301,20030200,7,0,0
21301,90621,8,0,0
21301,20030201,9,0,0
21301,90601,10,0,0
21301,12590,11,0,0
21301,12600,12,0,0
21301,40410,13,0,0
21301,40450,14,0,0
21301,40480,15,0,0
21301,40520,16,0,0
21301,16030,17,0,0
21301,16040,18,0,0
21301,16050,19,0,0
21301,40240,20,0,0
21301,40250,21,1,1
21400,16710,1,0,0
21400,16715,2,0,0
21400,16720,3,0,0
21400,45280,4,0,0
21400,44195,5,0,0
21400,44200,6,0,0
21400,44140,7,0,0
21400,44150,8,0,0
21400,47021,9,0,0
21400,47030,10,0,0
21400,47040,11,0,0
21400,47051,12,0,0
21400,47060,13,0,0
21400,17605,14,0,0
21400,47070,15,0,0
21400,47080,16,0,0
21400,47090,17,0,0
21400,47100,18,0,0
21400,47500,19,0,0
21400,47510,20,0,0
21400,47520,21,0,0
21400,47530,22,0,0
21400,93845,23,0,0
21400,93850,24,0,0
21400,93855,25,0,0
21400,93860,26,0,0
21400,93865,27,0,0
21400,93870,28,0,0
21400,93875,29,0,0
21400,27050,30,0,0
21400,27205,31,0,0
21400,27206,32,0,0
21400,27207,33,0,0
21400,17627,34,0,0
21400,27080,35,0,0
21400,27010,36,0,0
21400,27012,37,0,0
21400,27013,38,0,0
21400,27020,39,1,1
21401,27080,1,0,0
21401,27010,2,0,0
21401,27012,3,0,0
21401,27013,4,0,0
21401,27020,5,0,0
21401,27040,6,0,0
21401,27045,7,0,0
21401,47553,8,0,0
21401,93810,9,0,0
21401,93815,10,0,0
21401,93820,11,0,0
21401,93825,12,0,0
21401,93830,13,0,0
21401,93835,14,0,0
21401,93840,15,0,0
21401,47538,16,0,0
21401,47537,17,0,0
21401,47536,18,0,0
21401,47535,19,0,0
21401,47150,20,0,0
21401,47160,21,0,0
21401,47170,22,0,0
21401,47180,23,0,0
21401,47190,24,0,0
21401,47200,25,0,0
21401,47210,26,0,0
21401,47220,27,0,0
21401,44170,28,0,0
21401,44180,29,0,0
21401,44151,30,0,0
21401,40030,31,0,0
21401,40040,32,0,0
21401,40050,33,0,0
21401,17075,34,0,0
21401,15105,35,0,0
21401,15110,36,0,0
21401,14090129,37,0,0
21401,15115,38,1,1
21500,25840,1,0,0
21500,15895,2,0,0
21500,15900,3,0,0
21500,16450,4,0,0
21500,16460,5,0,0
21500,16468,6,0,0
21500,13630,7,0,0
21500,1345,8,0,0
21500,13650,9,0,0
21500,13660,10,0,0
21500,13680,11,0,0
21500,12750,12,0,0
21500,12760,13,0,0
21500,12770,14,0,0
21500,12780,15,0,0
21500,13730,16,0,0
21500,13740,17,0,0
21500,24830,18,0,0
21500,24840,19,0,0
21500,24850,20,0,0
21500,24855,21,0,0
21500,24860,22,0,0
21500,24870,23,0,0
21500,24880,24,0,0
21500,24890,25,0,0
21500,24900,26,0,0
21500,24910,27,0,0
21500,24920,28,0,0
21500,24930,29,0,0
21500,24940,30,0,0
21500,5540,31,0,0
21500,5550,32,0,0
21500,5560,33,0,0
21500,24980,34,0,0
21500,24990,35,0,0
21500,18300,36,0,0
21500,18310,37,0,0
21500,23840,38,0,0
21500,25030,39,0,0
21500,2240,40,0,0
21500,25050,41,0,0
21500,25060,42,0,0
21500,25080,43,1,1
21501,25080,1,0,0
21501,50160,2,0,0
21501,8070,3,0,0
21501,50162,4,0,0
21501,1740,5,0,0
21501,1750,6,0,0
21501,1760,7,0,0
21501,25440,8,0,0
21501,25450,9,0,0
21501,23880,10,0,0
21501,23890,11,0,0
21501,25480,12,0,0
21501,25490,13,0,0
21501,25500,14,0,0
21501,5300,15,0,0
21501,5310,16,0,0
21501,5320,17,0,0
21501,25530,18,0,0
21501,25535,19,0,0
21501,25540,20,0,0
21501,25550,21,0,0
21501,25560,22,0,0
21501,25570,23,0,0
21501,25580,24,0,0
21501,25590,25,0,0
21501,25600,26,0,0
21501,25610,27,0,0
21501,25620,28,0,0
21501,25640,29,0,0
21501,25650,30,0,0
21501,12920,31,0,0
21501,12930,32,0,0
21501,12940,33,0,0
21501,12080,34,0,0
21501,12090,35,0,0
21501,12970,36,0,0
21501,12980,37,0,0
21501,12990,38,0,0
21501,13000,39,0,0
21501,13010,40,0,0
21501,13020,41,0,0
21501,13030,42,0,0
21501,17310,43,0,0
21501,17320,44,0,0
21501,17330,45,0,0
21501,15870,46,0,0
21501,15875,47,0,0
21501,25840,48,1,1
21600,16150,1,0,0
21600,8430,2,0,0
21600,8440,3,0,0
21600,15670,4,0,0
21600,25900,5,0,0
21600,25910,6,0,0
21600,13010,7,0,0
21600,13020,8,0,0
21600,13030,9,0,0
21600,13033,10,0,0
21600,16470,11,0,0
21600,16480,12,0,0
21600,12710,13,0,0
21600,12715,14,0,0
21600,12720,15,0,0
21600,12730,16,0,0
21600,25950,17,0,0
21600,25960,18,0,0
21600,25980,19,0,0
21600,25990,20,0,0
21600,9580,21,0,0
21600,9590,22,0,0
21600,9600,23,0,0
21600,9610,24,0,0
21600,9620,25,0,0
21600,9630,26,0,0
21600,12840,27,0,0
21600,9640,28,0,0
21600,9650,29,1,1
21601,9160,1,0,0
21601,9170,2,0,0
21601,9180,3,0,0
21601,9190,4,0,0
21601,9195,5,0,0
21601,9210,6,0,0
21601,9220,7,0,0
21601,9235,8,0,0
21601,9230,9,0,0
21601,26630,10,0,0
21601,23635,11,0,0
21601,26650,12,0,0
21601,26655,13,0,0
21601,26660,14,0,0
21601,12110,15,0,0
21601,12120,16,0,0
21601,12130,17,0,0
21601,12140,18,0,0
21601,12150,19,0,0
21601,12160,20,0,0
21601,17290,21,0,0
21601,14090133,22,0,0
21601,13630,23,0,0
21601,1345,24,0,0
21601,13650,25,0,0
21601,13660,26,0,0
21601,26700,27,0,0
21601,26710,28,0,0
21601,26720,29,0,0
21601,16130,30,0,0
21601,16140,31,0,0
21601,16150,32,1,1
21701,25080,1,0,0
21701,8070,2,0,0
21701,3475,3,0,0
21701,25415,4,0,0
21701,25420,5,0,0
21701,1770,6,0,0
21701,25440,7,0,0
21701,25450,8,0,0
21701,23880,9,0,0
21701,23890,10,0,0
21701,23900,11,0,0
21701,23910,12,0,0
21701,45555,13,1,1
21800,12360,1,0,0
21800,9380,2,0,0
21800,11730,3,1,1
21801,11730,1,0,0
21801,12330,2,0,0
21801,12370,3,1,1
30000,11060,1,0,0
30000,24072906,2,0,0
30000,24072907,3,1,1
30001,24072907,1,0,0
30001,6330,2,0,0
30001,11060,3,1,1
30100,44840,1,0,0
30100,44850,2,0,0
30100,44860,3,0,0
30100,4630,4,0,0
30100,51104,5,0,0
30100,670,6,0,0
30100,680,7,0,0
30100,51106,8,0,0
30100,700,9,0,0
30100,22080105,10,1,1
30101,22080105,1,0,0
30101,1260,2,0,0
30101,51107,3,0,0
30101,4580,4,0,0
30101,26030201,5,0,0
30101,26030202,6,0,0
30101,44825,7,0,0
30101,44830,8,0,0
30101,44840,9,1,1
50100,50100,1,0,0
50100,50102,2,0,0
50100,50104,3,0,0
50100,50106,4,0,0
50100,50108,5,0,0
50100,50110,6,0,0
50100,50198,7,0,0
50100,50112,8,0,0
50100,50114,9,0,0
50100,50116,10,0,0
50100,50118,11,0,0
50100,50120,12,0,0
50100,50122,13,0,0
50100,50124,14,0,0
50100,50126,15,0,0
50100,50128,16,0,0
50100,18102902,17,0,0
50100,20370,18,0,0
50100,20390,19,0,0
50100,20400,20,0,0
50100,20420,21,0,0
50100,20430,22,0,0
50100,20450,23,0,0
50100,20460,24,0,0
50100,20480,25,0,0
50100,20500,26,0,0
50100,20930,27,0,0
50100,18010824,28,0,0
50100,18090455,29,1,1
50101,18090455,1,0,0
50101,18010827,2,0,0
50101,20510,3,0,0
50101,20940,4,0,0
50101,20960,5,0,0
50101,20980,6,0,0
50101,20985,7,0,0
50101,21010,8,0,0
50101,21020,9,0,0
50101,21040,10,0,0
50101,21060,11,0,0
50101,21070,12,0,0
50101,18102903,13,0,0
50101,50150,14,0,0
50101,50152,15,0,0
50101,50154,16,0,0
50101,50156,17,0,0
50101,50158,18,0,0
50101,50160,19,0,0
50101,50162,20,0,0
50101,50164,21,0,0
50101,50166,22,0,0
50101,50193,23,0,0
50101,50168,24,0,0
50101,50170,25,0,0
50101,50172,26,0,0
50101,50174,27,0,0
50101,50176,28,0,0
50101,50100,29,1,1
50200,28180,1,0,0
50200,28075,2,0,0
50200,28080,3,0,0
50200,28085,4,0,0
50200,28090,5,0,0
50200,28060,6,0,0
50200,28070,7,0,0
50200,26790,8,0,0
50200,26800,9,0,0
50200,30110,10,0,0
50200,9090,11,0,0
50200,9140,12,0,0
50200,9160,13,0,0
50200,9195,14,0,0
50200,9230,15,0,0
50200,9280,16,0,0
50200,12425,17,0,0
50200,12430,18,1,1
50201,12430,1,0,0
50201,9475,2,0,0
50201,9530,3,0,0
50201,9580,4,0,0
50201,9610,5,0,0
50201,9650,6,0,0
50201,9670,7,0,0
50201,9720,8,0,0
50201,30117,9,0,0
50201,9780,10,0,0
50201,9785,11,0,0
50201,26815,12,0,0
50201,28110,13,0,0
50201,28120,14,0,0
50201,28130,15,0,0
50201,28140,16,0,0
50201,28150,17,0,0
50201,28190,18,1,1
50500,14090132,1,0,0
50500,15900,2,0,0
50500,16460,3,0,0
50500,16480,4,0,0
50500,16510,5,0,0
50500,16540,6,0,0
50500,16560,7,0,0
50500,14090135,8,0,0
50500,14090137,9,0,0
50500,14090139,10,0,0
50500,17145,11,0,0
50500,16670,12,0,0
50500,16700,13,0,0
50500,15130,14,0,0
50500,15160,15,0,0
50500,18030505,16,0,0
50500,10130,17,0,0
50500,15240,18,0,0
50500,18090403,19,0,0
50500,18090404,20,0,0
50500,18090457,21,1,1
50500,42980,22,0,0
50500,22103101,23,0,0
50500,22103102,24,1,1
50501,22103102,1,0,0
50501,22103103,2,0,0
50501,43013,3,0,0
50501,22103104,4,0,0
50501,18090457,5,0,0
50501,18090405,6,0,0
50501,14750,7,0,0
50501,14790,8,0,0
50501,10125,9,0,0
50501,18030504,10,0,0
50501,14890,11,0,0
50501,14905,12,0,0
50501,17090,13,0,0
50501,17120,14,0,0
50501,17135,15,0,0
50501,17150,16,0,0
50501,14090138,17,0,0
50501,14090135,18,1,1
50501,14090136,19,0,0
50501,14090134,20,0,0
50501,17230,21,0,0
50501,17270,22,0,0
50501,14090133,23,0,0
50501,17320,24,0,0
50501,15870,25,0,0
50501,14090132,26,1,1
51100,44406,1,0,0
51100,477,2,0,0
51100,469,3,0,0
51100,461,4,0,0
51100,18090456,5,0,0
51100,15033006,6,0,0
51100,470,7,0,0
51100,15033005,8,0,0
51100,540,9,0,0
51100,15033002,10,0,0
51100,15033003,11,0,0
51100,30109,12,0,0
51100,51100,13,0,0
51100,51102,14,0,0
51100,51104,15,0,0
51100,51106,16,0,0
51100,22080109,17,0,0
51100,51110,18,0,0
51100,51112,19,0,0
51100,51114,20,0,0
51100,51116,21,0,0
51100,18030502,22,0,0
51100,17870,23,0,0
51100,15090802,24,1,1
51101,15090802,1,0,0
51101,17400,2,0,0
51101,1090,3,0,0
51101,51117,4,0,0
51101,51115,5,0,0
51101,51113,6,0,0
51101,51111,7,0,0
51101,22080108,8,0,0
51101,51107,9,0,0
51101,51105,10,0,0
51101,51103,11,0,0
51101,51101,12,0,0
51101,30102,13,0,0
51101,8550,14,0,0
51101,15033002,15,1,1
51101,15033001,16,0,0
51101,15033004,17,0,0
51101,1500,18,0,0
51101,1508,19,0,0
51101,15033007,20,0,0
51101,466,21,0,0
51101,468,22,0,0
51101,475,23,0,0
51101,44406,24,1,1
56100,15090711,1,0,0
56100,16090501,2,0,0
56100,15090804,3,0,0
56100,16090502,4,0,0
56100,92485,5,0,0
56100,92495,6,0,0
56100,16170,7,0,0
56100,92465,8,0,0
56100,7620,9,0,0
56100,45510,10,1,1
56101,45510,1,0,0
56101,8370,2,0,0
56101,8400,3,0,0
56101,92000,4,0,0
56101,91360,5,0,0
56101,91370,6,0,0
56101,16090503,7,0,0
56101,15090826,8,0,0
56101,16090504,9,0,0
56101,15090711,10,1,1
