901,'251229-MULTI-Saturday-01',744,,4873,0,,1,90,,4874,0,,1,91,,4875,0,,1,90,,4876,0,,1,90,,4877,0,,1,50,,4878,0,,1,90,,4879,0,,1,90,,4880,0,,1,90,,4881,0,,1,92,,4882,0,,1,89,,4883,0,,1,50,,4884,0,,1,90,,4885,0,,1,89,,4886,0,,1,89,,4887,0,,1
901,'251229-MULTI-Sunday-01',831,,4888,0,,1,105,,4895,0,,1,109,,4896,0,,1,105,,4897,0,,1,105,,4898,0,,1,146,,4894,0,,1,107,,4890,0,,1,105,,4891,0,,1,107,,4892,0,,1,107,,4889,0,,1,106,,4893,0,,1
901,'260105-MULTI-Holiday1-01',831,,4899,0,,1,105,,4906,0,,1,109,,4907,0,,1,105,,4908,0,,1,105,,4909,0,,1,146,,4905,0,,1,107,,4901,0,,1,105,,4902,0,,1,107,,4903,0,,1,107,,4900,0,,1,106,,4904,0,,1
901,'260105-MULTI-Saturday-01',744,,4910,0,,1,90,,4911,0,,1,91,,4912,0,,1,90,,4913,0,,1,90,,4914,0,,1,50,,4915,0,,1,90,,4916,0,,1,90,,4917,0,,1,90,,4918,0,,1,92,,4919,0,,1,89,,4920,0,,1,50,,4921,0,,1,90,,4922,0,,1,89,,4923,0,,1,89,,4924,0,,1
901,'260105-MULTI-Sunday-01',831,,4925,0,,1,105,,4932,0,,1,109,,4933,0,,1,105,,4934,0,,1,105,,4935,0,,1,146,,4931,0,,1,107,,4927,0,,1,105,,4928,0,,1,107,,4929,0,,1,107,,4926,0,,1,106,,4930,0,,1
901,'260105-MULTI-Weekday-01',544,,4936,0,,1,76,,4939,0,,1,34,,4940,0,,1,74,,4941,0,,1,23,,4938,0,,1,79,,4942,0,,1,75,,4953,0,,1,45,,4954,0,,1,87,,4955,0,,1,82,,4956,0,,1,87,,4957,0,,1,48,,4958,0,,1,85,,4943,0,,1,83,,4952,0,,1,32,,4949,0,,1,75,,4945,0,,1,78,,4950,0,,1,35,,4947,0,,1,75,,4944,0,,1,35,,4946,0,,1,76,,4951,0,,1,73,,4948,0,,1,34,,4959,0,,1,79,,4961,0,,1,41,,4960,0,,1,85,,4937,0,,1
1204,'251229-MULTI-Saturday-01',622,,6010,0,,1,80,,6008,0,,1,40,,6009,0,,1,80,,6011,0,,1,80,,6012,0,,1,40,,6013,0,,1,82,,6014,0,,1,80,,6015,0,,1,40,,6017,0,,1,80,,6016,0,,1,80,,6019,0,,1,40,,6018,0,,1,81,,6021,0,,1,80,,6020,0,,1,40,,6022,0,,1,80,,6023,0,,1,80,,6025,0,,1,38,,6024,0,,1,80,,6026,0,,1,80,,6027,0,,1,40,,6028,0,,1,81,,6030,0,,1,80,,6032,0,,1,40,,6029,0,,1,80,,6031,0,,1,80,,6033,0,,1,36,,6034,0,,1,80,,6035,0,,1,80,,6036,0,,1
1204,'251229-MULTI-Sunday-01',837,,6042,0,,1,83,,6037,0,,1,39,,6040,0,,1,80,,6041,0,,1,80,,6038,0,,1,40,,6039,0,,1,80,,6043,0,,1,80,,6045,0,,1,81,,6044,0,,1,40,,6047,0,,1,83,,6046,0,,1,80,,6049,0,,1,38,,6048,0,,1,80,,6050,0,,1,80,,6051,0,,1,40,,6052,0,,1,79,,6053,0,,1,38,,6054,0,,1,79,,6055,0,,1,80,,6056,0,,1,40,,6057,0,,1,78,,6058,0,,1,80,,6059,0,,1
1204,'260105-MULTI-Holiday1-01',837,,6065,0,,1,83,,6060,0,,1,39,,6063,0,,1,80,,6064,0,,1,80,,6061,0,,1,40,,6062,0,,1,80,,6066,0,,1,80,,6068,0,,1,81,,6067,0,,1,44,,6070,0,,1,79,,6069,0,,1,80,,6072,0,,1,38,,6071,0,,1,80,,6073,0,,1,80,,6074,0,,1,40,,6075,0,,1,79,,6076,0,,1,38,,6077,0,,1,79,,6078,0,,1,80,,6079,0,,1,40,,6080,0,,1,78,,6081,0,,1,80,,6082,0,,1
1204,'260105-MULTI-Saturday-01',622,,6085,0,,1,80,,6083,0,,1,40,,6084,0,,1,80,,6086,0,,1,80,,6087,0,,1,40,,6088,0,,1,82,,6089,0,,1,80,,6090,0,,1,40,,6092,0,,1,80,,6091,0,,1,80,,6094,0,,1,40,,6093,0,,1,81,,6095,0,,1,80,,6096,0,,1,40,,6097,0,,1,80,,6098,0,,1,80,,6100,0,,1,38,,6099,0,,1,80,,6101,0,,1,80,,6102,0,,1,40,,6103,0,,1,81,,6105,0,,1,80,,6107,0,,1,40,,6104,0,,1,80,,6106,0,,1,80,,6108,0,,1,36,,6109,0,,1,80,,6110,0,,1,80,,6111,0,,1
1204,'260105-MULTI-Sunday-01',837,,6117,0,,1,83,,6112,0,,1,39,,6115,0,,1,80,,6116,0,,1,80,,6113,0,,1,40,,6114,0,,1,80,,6118,0,,1,80,,6120,0,,1,81,,6119,0,,1,44,,6122,0,,1,79,,6121,0,,1,80,,6124,0,,1,38,,6123,0,,1,80,,6125,0,,1,80,,6126,0,,1,40,,6127,0,,1,79,,6128,0,,1,38,,6129,0,,1,79,,6130,0,,1,80,,6131,0,,1,40,,6132,0,,1,78,,6133,0,,1,80,,6134,0,,1
1204,'260105-MULTI-Weekday-01',607,,6135,0,,1,40,,6136,0,,1,79,,6137,0,,1,75,,6138,0,,1,37,,6139,0,,1,68,,6140,0,,1,32,,6141,0,,1,72,,6142,0,,1,39,,6143,0,,1,84,,6144,0,,1,77,,6145,0,,1,46,,6146,0,,1,83,,6147,0,,1,87,,6148,0,,1,82,,6149,0,,1,93,,6159,0,,1,35,,6160,0,,1,67,,6161,0,,1,28,,6162,0,,1,74,,6163,0,,1,26,,6164,0,,1,74,,6165,0,,1,23,,6158,0,,1,30,,6154,0,,1,79,,6150,0,,1,86,,6155,0,,1,86,,6151,0,,1,44,,6156,0,,1,85,,6152,0,,1,79,,6157,0,,1,86,,6153,0,,1
21500,'260105-MULTI-Weekday-01',752,,16116,0,,1
