502,'251229-MULTI-Saturday-01',549,,3121,0,,1,85,,3122,0,,1,88,,3123,0,,1,16,,3160,0,,1,72,,3124,0,,1,31,,3125,0,,1,70,,3126,0,,1,30,,3127,0,,1,71,,3128,0,,1,29,,3129,0,,1,72,,3130,0,,1,32,,3149,0,,1,70,,3150,0,,1,31,,3148,0,,1,70,,3152,0,,1,30,,3154,0,,1,70,,3151,0,,1,31,,3155,0,,1,70,,3153,0,,1,30,,3157,0,,1,70,,3158,0,,1,31,,3159,0,,1,72,,3156,0,,1,30,,3145,0,,1,69,,3147,0,,1,30,,3144,0,,1,68,,3146,0,,1,30,,3143,0,,1,68,,3131,0,,1,29,,3132,0,,1,68,,3133,0,,1,31,,3134,0,,1,68,,3135,0,,1,28,,3136,0,,1,70,,3137,0,,1,28,,3138,0,,1,70,,3140,0,,1,29,,3139,0,,1,70,,3142,0,,1,30,,3141,0,,1
502,'251229-MULTI-Sunday-01',648,,3166,0,,1,162,,3178,0,,1,30,,3171,0,,1,70,,3167,0,,1,30,,3161,0,,1,72,,3176,0,,1,32,,3169,0,,1,70,,3163,0,,1,31,,3162,0,,1,70,,3174,0,,1,30,,3170,0,,1,71,,3164,0,,1,31,,3165,0,,1,70,,3168,0,,1,32,,3177,0,,1,71,,3173,0,,1,30,,3172,0,,1,70,,3175,0,,1,30,,3179,0,,1,70,,3180,0,,1,30,,3181,0,,1,70,,3182,0,,1,30,,3184,0,,1,69,,3183,0,,1,29,,3185,0,,1,69,,3186,0,,1,29,,3187,0,,1,69,,3188,0,,1,29,,3189,0,,1,69,,3190,0,,1,29,,3191,0,,1,69,,3192,0,,1,30,,3194,0,,1,70,,3195,0,,1,29,,3193,0,,1,69,,3196,0,,1
502,'260105-MULTI-Holiday1-01',648,,3202,0,,1,158,,3214,0,,1,30,,3207,0,,1,70,,3203,0,,1,30,,3197,0,,1,72,,3212,0,,1,32,,3205,0,,1,70,,3199,0,,1,31,,3198,0,,1,70,,3210,0,,1,30,,3206,0,,1,70,,3200,0,,1,32,,3201,0,,1,70,,3204,0,,1,32,,3213,0,,1,71,,3209,0,,1,40,,3208,0,,1,70,,3211,0,,1,30,,3215,0,,1,70,,3216,0,,1,30,,3217,0,,1,70,,3218,0,,1,29,,3220,0,,1,70,,3219,0,,1,30,,3221,0,,1,68,,3223,0,,1,29,,3222,0,,1,67,,3224,0,,1,30,,3225,0,,1,68,,3226,0,,1,29,,3227,0,,1,70,,3228,0,,1,20,,3230,0,,1,70,,3231,0,,1,29,,3229,0,,1,69,,3232,0,,1
502,'260105-MULTI-Saturday-01',549,,3233,0,,1,93,,3234,0,,1,68,,3235,0,,1,31,,3272,0,,1,70,,3236,0,,1,31,,3237,0,,1,76,,3238,0,,1,31,,3239,0,,1,70,,3240,0,,1,30,,3241,0,,1,73,,3242,0,,1,31,,3261,0,,1,72,,3262,0,,1,95,,3260,0,,1,35,,3264,0,,1,70,,3266,0,,1,31,,3263,0,,1,70,,3267,0,,1,30,,3265,0,,1,70,,3269,0,,1,31,,3270,0,,1,72,,3271,0,,1,30,,3268,0,,1,69,,3257,0,,1,30,,3259,0,,1,68,,3256,0,,1,28,,3258,0,,1,64,,3255,0,,1,25,,3243,0,,1,66,,3244,0,,1,27,,3245,0,,1,72,,3246,0,,1,26,,3247,0,,1,74,,3248,0,,1,29,,3249,0,,1,70,,3250,0,,1,29,,3252,0,,1,70,,3251,0,,1,30,,3254,0,,1,70,,3253,0,,1
502,'260105-MULTI-Sunday-01',648,,3278,0,,1,158,,3290,0,,1,30,,3283,0,,1,70,,3279,0,,1,30,,3273,0,,1,72,,3288,0,,1,32,,3281,0,,1,70,,3275,0,,1,31,,3274,0,,1,70,,3286,0,,1,30,,3282,0,,1,70,,3276,0,,1,32,,3277,0,,1,70,,3280,0,,1,32,,3289,0,,1,71,,3285,0,,1,40,,3284,0,,1,70,,3287,0,,1,30,,3291,0,,1,70,,3292,0,,1,30,,3293,0,,1,70,,3294,0,,1,29,,3296,0,,1,70,,3295,0,,1,30,,3297,0,,1,68,,3299,0,,1,29,,3298,0,,1,67,,3300,0,,1,30,,3301,0,,1,68,,3302,0,,1,29,,3303,0,,1,70,,3304,0,,1,20,,3306,0,,1,70,,3307,0,,1,29,,3305,0,,1,69,,3308,0,,1
502,'260105-MULTI-Weekday-01',533,,3313,0,,1,24,,3311,0,,1,60,,3312,0,,1,18,,3310,0,,1,15,,3309,0,,1,54,,3317,0,,1,16,,3316,0,,1,14,,3315,0,,1,15,,3314,0,,1,58,,3319,0,5,1,5,,3322,0,,1,24,,3320,0,5,1,11,,3323,0,,1,57,,3321,0,5,1,11,,3324,0,,1,16,,3318,0,5,1,10,,3325,0,,1,69,,3326,0,5,1,17,,3328,0,,1,23,,3334,0,5,1,57,,3327,0,,1,24,,3336,0,5,1,16,,3329,0,,1,64,,3338,0,5,1,16,,3330,0,,1,25,,3335,0,5,1,57,,3331,0,,1,25,,3339,0,5,1,17,,3332,0,,1,64,,3337,0,5,1,17,,3333,0,,1,23,,3341,0,5,1,54,,3342,0,,1,16,,3353,0,5,1,12,,3343,0,,1,16,,3354,0,5,1,51,,3340,0,,1,16,,3355,0,5,1,9,,3344,0,,1,18,,3356,0,5,1,9,,3345,0,,1,58,,3357,0,5,1,12,,3346,0,,1,14,,3358,0,5,1,12,,3348,0,,1,55,,3359,0,5,1,9,,3349,0,,1,14,,3360,0,5,1,11,,3350,0,,1,14,,3361,0,5,1,48,,3347,0,,1,16,,3362,0,5,1,8,,3351,0,,1,16,,3363,0,5,1,8,,3352,0,,1,63,,3364,0,5,1,9,,3368,0,,1,18,,3369,0,,1,60,,3374,0,,1,27,,3378,0,,1,77,,3366,0,,1,35,,3372,0,,1,63,,3376,0,,1,6,,3370,0,,1,19,,3371,0,,1,5,,3373,0,,1,69,,3380,0,,1,14,,3365,0,,1,25,,3377,0,,1,70,,3379,0,,1,25,,3375,0,,1,71,,3367,0,,1
21601,'260105-MULTI-Weekday-01',804,,16119,0,,1
50502,'251229-MULTI-Saturday-01',917,,18092,0,,1,16,,18093,0,,1,16,,18098,0,,1,56,,18099,0,,1,17,,18100,0,,1,17,,18102,0,,1,18,,18103,0,,1,58,,18104,0,,1,17,,18106,0,,1,16,,18101,0,,1,56,,18107,0,,1,17,,18108,0,,1,16,,18105,0,,1,16,,18110,0,,1,56,,18111,0,,1,16,,18113,0,,1,17,,18114,0,,1,16,,18109,0,,1,55,,18115,0,,1,19,,18116,0,,1,15,,18096,0,,1,55,,18118,0,,1,16,,18119,0,,1,17,,18121,0,,1,16,,18122,0,,1,57,,18123,0,,1,18,,18120,0,,1,14,,18124,0,,1,16,,18125,0,,1,55,,18126,0,,1,16,,18128,0,,1,16,,18129,0,,1,15,,18130,0,,1,55,,18131,0,,1,16,,18127,0,,1,15,,18117,0,,1,56,,18097,0,,1,16,,18094,0,,1,16,,18112,0,,1,16,,18095,0,,1
50502,'251229-MULTI-Sunday-01',1023,,18132,0,,1,16,,18135,0,,1,16,,18136,0,,1,56,,18138,0,,1,17,,18140,0,,1,16,,18137,0,,1,56,,18142,0,,1,17,,18139,0,,1,16,,18143,0,,1,16,,18144,0,,1,57,,18141,0,,1,16,,18146,0,,1,16,,18147,0,,1,20,,18148,0,,1,60,,18145,0,,1,13,,18149,0,,1,17,,18151,0,,1,56,,18152,0,,1,16,,18153,0,,1,17,,18150,0,,1,16,,18154,0,,1,56,,18155,0,,1,15,,18156,0,,1,14,,18157,0,,1,16,,18158,0,,1,56,,18159,0,,1,15,,18160,0,,1,16,,18161,0,,1,15,,18162,0,,1,56,,18163,0,,1,16,,18133,0,,1,16,,18134,0,,1
50502,'260105-MULTI-Holiday1-01',1023,,18164,0,,1,16,,18168,0,,1,16,,18169,0,,1,56,,18167,0,,1,17,,18172,0,,1,16,,18170,0,,1,56,,18174,0,,1,17,,18171,0,,1,16,,18175,0,,1,16,,18176,0,,1,57,,18173,0,,1,16,,18178,0,,1,16,,18179,0,,1,20,,18180,0,,1,60,,18177,0,,1,13,,18181,0,,1,17,,18183,0,,1,56,,18184,0,,1,16,,18185,0,,1,17,,18182,0,,1,16,,18186,0,,1,56,,18187,0,,1,15,,18188,0,,1,14,,18189,0,,1,16,,18190,0,,1,56,,18191,0,,1,15,,18192,0,,1,16,,18193,0,,1,15,,18194,0,,1,56,,18195,0,,1,16,,18165,0,,1,16,,18166,0,,1
50502,'260105-MULTI-Saturday-01',917,,18196,0,,1,16,,18197,0,,1,16,,18202,0,,1,56,,18203,0,,1,17,,18204,0,,1,17,,18206,0,,1,18,,18207,0,,1,58,,18208,0,,1,17,,18210,0,,1,16,,18205,0,,1,56,,18211,0,,1,17,,18212,0,,1,16,,18209,0,,1,16,,18214,0,,1,56,,18215,0,,1,16,,18217,0,,1,17,,18218,0,,1,16,,18213,0,,1,55,,18219,0,,1,19,,18220,0,,1,15,,18200,0,,1,55,,18222,0,,1,16,,18223,0,,1,17,,18225,0,,1,16,,18226,0,,1,57,,18227,0,,1,18,,18224,0,,1,14,,18228,0,,1,16,,18229,0,,1,55,,18230,0,,1,16,,18232,0,,1,16,,18233,0,,1,15,,18234,0,,1,55,,18235,0,,1,16,,18231,0,,1,15,,18221,0,,1,56,,18201,0,,1,16,,18198,0,,1,16,,18216,0,,1,16,,18199,0,,1
50502,'260105-MULTI-Sunday-01',1023,,18236,0,,1,16,,18240,0,,1,16,,18241,0,,1,56,,18239,0,,1,17,,18244,0,,1,16,,18242,0,,1,56,,18246,0,,1,17,,18243,0,,1,16,,18247,0,,1,16,,18248,0,,1,57,,18245,0,,1,16,,18250,0,,1,16,,18251,0,,1,20,,18252,0,,1,60,,18249,0,,1,13,,18253,0,,1,17,,18255,0,,1,56,,18256,0,,1,16,,18257,0,,1,17,,18254,0,,1,16,,18258,0,,1,56,,18259,0,,1,15,,18260,0,,1,14,,18261,0,,1,16,,18262,0,,1,56,,18263,0,,1,15,,18264,0,,1,16,,18265,0,,1,15,,18266,0,,1,56,,18267,0,,1,16,,18237,0,,1,16,,18238,0,,1
50502,'260105-MULTI-Weekday-01',723,,18268,0,,1,15,,18273,0,,1,17,,18274,0,,1,58,,18275,0,,1,17,,18276,0,,1,17,,18277,0,,1,55,,18278,0,,1,13,,18279,0,,1,17,,18280,0,,1,12,,18281,0,,1,58,,18282,0,,1,22,,18283,0,,1,18,,18284,0,,1,62,,18285,0,,1,18,,18286,0,,1,19,,18287,0,,1,60,,18288,0,,1,21,,18289,0,,1,17,,18290,0,,1,67,,18292,0,,1,20,,18293,0,,1,20,,18294,0,,1,60,,18291,0,,1,21,,18296,0,,1,23,,18297,0,,1,61,,18298,0,,1,23,,18295,0,,1,22,,18299,0,,1,60,,18300,0,,1,17,,18301,0,,1,19,,18302,0,,1,62,,18303,0,,1,15,,18305,0,,1,17,,18306,0,,1,59,,18307,0,,1,17,,18304,0,,1,17,,18308,0,,1,17,,18309,0,,1,55,,18310,0,,1,17,,18311,0,,1,16,,18312,0,,1,12,,18313,0,,1,62,,18314,0,,1,21,,18315,0,,1,15,,18316,0,,1,59,,18317,0,,1
