1300,'Saturday',824,,4207,4,,,1,100,,4208,4,,,1,100,,4209,4,,,1,100,,4210,4,,,1,100,,4213,4,,,1,100,,4214,4,,,1,100,,4215,4,,,1,100,,4212,4,,,1,100,,4216,4,,,1,100,,4217,4,,,1,100,,4211,4,,,1,100,,4206,4,,,1
1300,'Weekday',454,,4220,4,,,1,82,,4221,4,,,1,83,,4222,4,,,1,85,,4218,4,,,1,47,,4219,4,,,1,85,,4223,4,,,1,87,,4224,4,,,1,84,,4225,4,,,1,43,,4226,4,,,1,87,,4227,4,,,1,84,,4228,4,,,1,82,,4229,4,,,1,44,,4230,4,,,1,90,,4232,4,,,1,87,,4233,4,,,1,83,,4234,4,,,1,49,,4231,4,,,1,83,,4235,4,,,1,86,,4236,4,,,1,80,,4237,4,,,1
1500,'Holiday1',720,,4848,12,0,6,1,80,,4817,12,0,6,1,30,,4818,12,0,6,1,70,,4816,12,0,6,1,30,,4819,12,0,6,1,70,,4820,12,0,6,1,30,,4821,12,0,6,1,70,,4822,12,0,6,1,30,,4826,12,0,6,1,70,,4823,12,0,6,1,30,,4827,12,0,6,1,70,,4824,12,0,6,1,30,,4830,12,0,6,1,70,,4825,12,0,6,1,30,,4831,12,0,6,1,70,,4828,12,0,6,1,30,,4829,12,0,6,1,70,,4832,12,0,6,1,30,,4833,12,0,6,1,70,,4834,12,0,6,1,30,,4835,12,0,6,1,70,,4836,12,0,6,1,30,,4837,12,0,6,1,70,,4838,12,0,6,1,30,,4839,12,0,6,1,70,,4840,12,0,6,1,30,,4841,12,0,6,1,70,,4843,12,0,6,1,30,,4844,12,0,6,1,70,,4845,12,0,6,1,30,,4842,12,0,6,1,70,,4846,12,0,6,1,30,,4847,12,0,6,1,70,,4851,12,0,6,1,30,,4850,12,0,6,1
1500,'Saturday',600,,4852,12,0,6,1,22,,4853,12,0,6,1,22,,4867,12,0,6,1,62,,4868,12,0,6,1,22,,4869,12,0,6,1,22,,4866,12,0,6,1,62,,4870,12,0,6,1,22,,4871,12,0,6,1,22,,4872,12,0,6,1,62,,4875,12,0,6,1,22,,4876,12,0,6,1,62,,4873,12,0,6,1,22,,4874,12,0,6,1,22,,4877,12,0,6,1,62,,4878,12,0,6,1,22,,4879,12,0,6,1,22,,4881,12,0,6,1,62,,4882,12,0,6,1,22,,4883,12,0,6,1,22,,4880,12,0,6,1,62,,4885,12,0,6,1,22,,4886,12,0,6,1,62,,4887,12,0,6,1,22,,4884,12,0,6,1,22,,4888,12,0,6,1,62,,4890,12,0,6,1,22,,4891,12,0,6,1,22,,4892,12,0,6,1,62,,4889,12,0,6,1,22,,4893,12,0,6,1,62,,4894,12,0,6,1,22,,4895,12,0,6,1,22,,4897,12,0,6,1,62,,4898,12,0,6,1,22,,4899,12,0,6,1,22,,4896,12,0,6,1,62,,4900,12,0,6,1,22,,4901,12,0,6,1,22,,4902,12,0,6,1,62,,4904,12,0,6,1,22,,4905,12,0,6,1,62,,4906,12,0,6,1,22,,4865,12,0,6,1,22,,4864,12,0,6,1,62,,4858,12,0,6,1,22,,4863,12,0,6,1,22,,4859,12,0,6,1,62,,4862,12,0,6,1,22,,4860,12,0,6,1,22,,4861,12,0,6,1,65,,4854,12,0,6,1,19,,4903,12,,,1,60,,4856,12,,,1,25,,4857,12,,,1
1500,'Sunday',720,,4939,12,0,6,1,80,,4908,12,0,6,1,30,,4909,12,0,6,1,70,,4907,12,0,6,1,30,,4910,12,0,6,1,70,,4911,12,0,6,1,30,,4912,12,0,6,1,70,,4913,12,0,6,1,30,,4916,12,0,6,1,70,,4917,12,0,6,1,30,,4918,12,0,6,1,70,,4914,12,0,6,1,30,,4921,12,0,6,1,70,,4915,12,0,6,1,30,,4922,12,0,6,1,70,,4919,12,0,6,1,30,,4920,12,0,6,1,70,,4923,12,0,6,1,30,,4924,12,0,6,1,70,,4925,12,0,6,1,30,,4926,12,0,6,1,70,,4927,12,0,6,1,30,,4928,12,0,6,1,70,,4929,12,0,6,1,30,,4930,12,0,6,1,70,,4931,12,0,6,1,30,,4932,12,0,6,1,70,,4934,12,0,6,1,30,,4935,12,0,6,1,70,,4936,12,0,6,1,30,,4933,12,0,6,1,70,,4937,12,0,6,1,30,,4938,12,0,6,1,70,,4942,12,0,6,1,30,,4941,12,0,6,1
1500,'Weekday',535,,4943,4,0,6,1,18,,4971,4,0,5,1,48,,5003,12,0,6,1,25,,4956,4,0,5,1,5,,4993,12,0,6,1,12,,5006,12,0,6,1,8,,4952,4,0,5,1,51,,4950,4,0,5,1,1,,5004,12,0,6,1,17,,4953,4,0,5,1,8,,4990,12,0,6,1,13,,4954,4,0,5,1,14,,4955,4,0,5,1,3,,4983,12,0,6,1,67,,4995,12,0,6,1,6,,4951,4,0,5,1,12,,4999,12,0,6,1,1,,4973,4,0,5,1,14,,4967,4,0,5,1,46,,4996,12,0,6,1,13,,4969,4,0,5,1,7,,4981,12,0,6,1,17,,4963,4,0,5,1,13,,5029,12,0,6,1,55,,5032,4,0,5,1,20,,5035,4,0,5,1,1,,5028,12,0,6,1,70,,5034,12,0,6,1,12,,5036,4,0,5,1,8,,5031,12,0,6,1,23,,5026,4,0,5,1,6,,5018,12,0,6,1,56,,5021,4,0,5,1,17,,5022,12,0,6,1,28,,5019,4,0,5,1,8,,5025,12,0,6,1,63,,5020,4,0,5,1,19,,5023,4,0,5,1,7,,5024,12,0,6,1,68,,4966,4,0,5,1,7,,4965,12,0,6,1,7,,4974,4,0,5,1,23,,4972,4,0,5,1,59,,4960,4,0,5,1,9,,5005,12,0,6,1,22,,4964,4,0,5,1,6,,4988,12,0,6,1,56,,4945,4,0,5,1,12,,4985,12,0,6,1,8,,4989,12,0,6,1,2,,4946,4,0,5,1,19,,4947,4,0,5,1,12,,4997,12,0,6,1,48,,4948,4,0,5,1,9,,4984,12,0,6,1,1,,4949,4,0,5,1,7,,4979,12,0,6,1,15,,4957,4,0,5,1,12,,4980,12,0,6,1,53,,4961,4,0,5,1,9,,5013,12,0,6,1,10,,4962,4,0,5,1,2,,5009,12,0,6,1,16,,4958,4,0,5,1,9,,5015,12,0,6,1,54,,4976,4,0,5,1,9,,4992,12,0,6,1,6,,4982,12,0,6,1,19,,5037,4,0,5,1,10,,5000,12,0,6,1,6,,5038,4,0,5,1,65,,4987,12,0,6,1,11,,5039,4,0,5,1,11,,4986,12,0,6,1,62,,4991,12,0,6,1,19,,5030,4,0,5,1,17,,4998,12,0,6,1,17,,5040,4,0,5,1,57,,5002,12,0,6,1,26,,5001,12,0,6,1,65,,4970,12,0,6,1,30,,5008,12,0,6,1,70,,5007,12,0,6,1,29,,5017,12,0,6,1,70,,4944,12,,,1,30,,5014,12,0,6,1,25,,5033,12,,,1,62,,5011,12,,,1
1600,'Holiday1',838,,5267,4,,,1,81,,5268,4,,,1,40,,5263,4,,,1,80,,5265,4,,,1,80,,5269,4,,,1,40,,5264,4,,,1,80,,5266,4,,,1,80,,5270,4,,,1,40,,5272,4,,,1,80,,5271,4,,,1,82,,5273,4,,,1,38,,5274,4,,,1,80,,5275,4,,,1,80,,5276,4,,,1,40,,5277,4,,,1,79,,5278,4,,,1,80,,5280,4,,,1,40,,5279,4,,,1,80,,5281,4,,,1,80,,5282,4,,,1,40,,5283,4,,,1,80,,5284,4,,,1
1600,'Saturday',623,,5286,4,,,1,80,,5287,4,,,1,40,,5285,4,,,1,80,,5288,4,,,1,80,,5290,4,,,1,40,,5289,4,,,1,80,,5291,4,,,1,81,,5292,4,,,1,40,,5293,4,,,1,80,,5294,4,,,1,80,,5295,4,,,1,40,,5296,4,,,1,80,,5297,4,,,1,80,,5298,4,,,1,40,,5299,4,,,1,80,,5300,4,,,1,80,,5302,4,,,1,40,,5303,4,,,1,80,,5301,4,,,1,79,,5304,4,,,1,40,,5305,4,,,1,80,,5306,4,,,1,80,,5308,4,,,1,40,,5307,4,,,1,80,,5309,4,,,1,80,,5310,4,,,1,40,,5312,4,,,1,80,,5311,4,,,1
1600,'Sunday',838,,5317,4,,,1,81,,5318,4,,,1,40,,5313,4,,,1,80,,5315,4,,,1,80,,5319,4,,,1,40,,5314,4,,,1,80,,5316,4,,,1,80,,5320,4,,,1,40,,5322,4,,,1,80,,5321,4,,,1,82,,5323,4,,,1,38,,5324,4,,,1,80,,5325,4,,,1,80,,5326,4,,,1,40,,5327,4,,,1,79,,5328,4,,,1,80,,5330,4,,,1,40,,5329,4,,,1,80,,5331,4,,,1,80,,5332,4,,,1,40,,5333,4,,,1,80,,5334,4,,,1
1600,'Weekday',549,,5335,4,,,1,84,,5339,4,,,1,72,,5340,4,,,1,30,,5341,4,,,1,77,,5338,4,,,1,34,,5342,4,,,1,74,,5343,4,,,1,31,,5336,4,,,1,73,,5337,4,,,1,86,,5360,4,,,1,45,,5361,4,,,1,87,,5362,4,,,1,86,,5363,4,,,1,87,,5364,4,,,1,88,,5365,4,,,1,23,,5345,4,,,1,27,,5346,4,,,1,73,,5347,4,,,1,75,,5348,4,,,1,31,,5349,4,,,1,70,,5350,4,,,1,31,,5351,4,,,1,67,,5352,4,,,1,24,,5353,4,,,1,30,,5354,4,,,1,85,,5355,4,,,1,83,,5356,4,,,1,87,,5357,4,,,1,45,,5358,4,,,1,85,,5359,4,,,1,85,,5344,4,,,1
