500,'Holiday1',650,,1949,32,,,1,70,,1944,32,,,1,30,,1936,32,,,1,70,,1934,32,,,1,37,,1947,32,,,1,73,,1941,32,,,1,29,,1937,32,,,1,64,,1932,32,,,1,23,,1946,32,,,1,71,,1942,32,,,1,31,,1935,32,,,1,70,,1931,32,,,1,33,,1933,32,,,1,70,,1945,32,,,1,32,,1938,32,,,1,76,,1940,32,,,1,72,,1939,32,,,1,30,,1943,32,,,1,70,,1948,32,,,1,30,,1950,32,,,1,70,,1951,32,,,1,30,,1952,32,,,1,70,,1953,32,,,1,30,,1954,32,,,1,70,,1955,32,,,1,30,,1956,32,,,1,69,,1957,32,,,1,30,,1959,32,,,1,70,,1958,32,,,1,29,,1960,32,,,1,28,,1961,32,,,1,67,,1962,32,,,1,26,,1964,32,,,1,64,,1965,32,,,1,29,,1963,32,,,1
500,'Saturday',517,,1966,32,,,1,27,,1987,32,,,1,68,,2006,32,,,1,27,,1967,32,,,1,72,,1968,32,,,1,31,,1969,32,,,1,71,,1970,32,,,1,29,,1971,32,,,1,72,,1972,32,,,1,32,,1973,32,,,1,72,,1974,32,,,1,34,,1975,32,,,1,75,,1990,32,,,1,30,,1991,32,,,1,76,,1994,32,,,1,70,,1992,32,,,1,24,,1989,32,,,1,30,,1993,32,,,1,70,,1995,32,,,1,30,,1996,32,,,1,71,,1997,32,,,1,30,,1998,32,,,1,70,,2000,32,,,1,30,,2001,32,,,1,70,,2002,32,,,1,30,,1999,32,,,1,70,,2003,32,,,1,29,,2004,32,,,1,66,,2005,32,,,1,30,,1976,32,,,1,65,,1977,32,,,1,29,,1978,32,,,1,65,,1979,32,,,1,27,,1980,32,,,1,71,,1981,32,,,1,28,,1982,32,,,1,68,,1983,32,,,1,23,,1984,32,,,1,29,,1985,32,,,1,70,,1988,32,,,1,30,,1986,32,,,1
500,'Sunday',650,,2025,32,,,1,70,,2020,32,,,1,30,,2012,32,,,1,70,,2010,32,,,1,37,,2023,32,,,1,73,,2017,32,,,1,29,,2013,32,,,1,64,,2008,32,,,1,23,,2022,32,,,1,71,,2018,32,,,1,31,,2011,32,,,1,70,,2007,32,,,1,33,,2009,32,,,1,70,,2021,32,,,1,32,,2014,32,,,1,76,,2016,32,,,1,72,,2015,32,,,1,30,,2019,32,,,1,70,,2024,32,,,1,30,,2026,32,,,1,70,,2027,32,,,1,30,,2028,32,,,1,70,,2029,32,,,1,30,,2030,32,,,1,70,,2031,32,,,1,30,,2032,32,,,1,69,,2033,32,,,1,30,,2035,32,,,1,70,,2034,32,,,1,29,,2036,32,,,1,28,,2037,32,,,1,67,,2038,32,,,1,26,,2040,32,,,1,64,,2041,32,,,1,29,,2039,32,,,1
500,'Weekday',446,,2047,32,,,1,60,,2049,32,,,1,21,,2048,32,,,1,21,,2046,32,,,1,61,,2045,32,,,1,20,,2044,32,,,1,21,,2043,32,,,1,54,,2042,32,,,1,15,,2051,32,,,1,7,,2113,32,,,1,7,,2050,32,,,1,15,,2052,32,,,1,67,,2053,32,,,1,29,,2055,32,,,1,68,,2056,32,,,1,27,,2057,32,,,1,80,,2083,32,,,1,38,,2084,32,,,1,81,,2085,32,,,1,80,,2087,32,,,1,40,,2088,32,,,1,81,,2089,32,,,1,80,,2086,32,,,1,33,,2090,32,,,1,68,,2091,32,,,1,27,,2092,32,,,1,66,,2093,32,,,1,26,,2094,32,,,1,67,,2095,32,,,1,26,,2096,32,,,1,26,,2097,32,,,1,65,,2098,32,,,1,26,,2099,32,,,1,66,,2067,32,,,1,25,,2076,32,,,1,83,,2109,32,,,1,24,,2107,32,,,1,69,,2110,32,,,1,17,,2111,32,,,1,18,,2112,32,,,1,59,,2101,32,,,1,7,,2102,32,,,1,35,,2105,32,,,1,64,,2100,32,,,1,31,,2108,32,,,1,66,,2106,32,,,1,39,,2104,32,,,1,67,,2103,32,,,1
2300,'Holiday1',805,,6293,66,,,1,32,,6266,66,,,1,71,,6268,66,,,1,23,,6265,66,,,1,28,,6269,66,,,1,71,,6267,66,,,1,74,,6270,66,,,1,28,,6271,66,,,1,68,,6272,66,,,1,29,,6273,66,,,1,28,,6274,66,,,1,69,,6278,66,,,1,28,,6279,66,,,1,70,,6280,66,,,1,28,,6275,66,,,1,66,,6277,66,,,1,31,,6281,66,,,1,68,,6282,66,,,1,28,,6276,66,,,1,67,,6284,66,,,1,28,,6285,66,,,1,69,,6287,66,,,1,26,,6283,66,,,1,67,,6288,66,,,1,28,,6286,66,,,1,26,,6290,66,,,1,65,,6291,66,,,1,27,,6289,66,,,1,68,,6294,66,,,1,27,,6292,66,,,1,67,,6296,66,,,1,28,,6295,66,,,1
2300,'Saturday',715,,6298,66,,,1,30,,6297,66,,,1,68,,6307,66,,,1,29,,6311,66,,,1,71,,6312,66,,,1,29,,6309,66,,,1,67,,6308,66,,,1,27,,6310,66,,,1,68,,6313,66,,,1,28,,6314,66,,,1,71,,6315,66,,,1,29,,6316,66,,,1,68,,6318,66,,,1,29,,6319,66,,,1,30,,6320,66,,,1,69,,6317,66,,,1,28,,6321,66,,,1,70,,6323,66,,,1,29,,6324,66,,,1,66,,6325,66,,,1,29,,6322,66,,,1,65,,6326,66,,,1,28,,6327,66,,,1,67,,6328,66,,,1,32,,6329,66,,,1,78,,6301,66,,,1,29,,6299,66,,,1,70,,6302,66,,,1,29,,6300,66,,,1,69,,6304,66,,,1,28,,6306,66,,,1,70,,6303,66,,,1,29,,6305,66,,,1,69,,6330,66,,,1,30,,6332,66,,,1,70,,6331,66,,,1,30,,6333,66,,,1,70,,6334,66,,,1
2300,'Sunday',805,,6363,66,,,1,32,,6336,66,,,1,71,,6338,66,,,1,23,,6335,66,,,1,28,,6339,66,,,1,71,,6337,66,,,1,74,,6340,66,,,1,28,,6341,66,,,1,68,,6342,66,,,1,29,,6343,66,,,1,28,,6344,66,,,1,69,,6347,66,,,1,28,,6348,66,,,1,70,,6349,66,,,1,28,,6345,66,,,1,66,,6350,66,,,1,31,,6351,66,,,1,68,,6352,66,,,1,28,,6346,66,,,1,67,,6354,66,,,1,28,,6355,66,,,1,69,,6357,66,,,1,26,,6353,66,,,1,67,,6358,66,,,1,28,,6356,66,,,1,26,,6360,66,,,1,65,,6361,66,,,1,27,,6359,66,,,1,68,,6364,66,,,1,27,,6362,66,,,1,67,,6366,66,,,1,28,,6365,66,,,1
2300,'Weekday',509,,6367,66,,,1,15,,6368,66,,,1,15,,6369,66,,,1,16,,6370,66,,,1,57,,6371,66,,,1,15,,6372,66,,,1,14,,6373,66,,,1,14,,6374,66,,,1,56,,6375,66,,,1,15,,6376,66,,,1,16,,6377,66,,,1,17,,6379,66,,,1,55,,6380,66,,,1,18,,6381,66,,,1,16,,6378,66,,,1,55,,6383,66,,,1,13,,6384,66,,,1,15,,6385,66,,,1,15,,6382,66,,,1,54,,6386,66,,,1,30,,6387,66,,,1,28,,6388,66,,,1,71,,6389,66,,,1,76,,6390,66,,,1,30,,6391,66,,,1,66,,6392,66,,,1,29,,6393,66,,,1,70,,6394,66,,,1,29,,6395,66,,,1,21,,6426,66,,,1,60,,6396,66,,,1,16,,6425,66,,,1,15,,6422,66,,,1,15,,6424,66,,,1,53,,6423,66,,,1,14,,6398,66,,,1,15,,6397,66,,,1,15,,6399,66,,,1,55,,6401,66,,,1,14,,6403,66,,,1,15,,6404,66,,,1,15,,6405,66,,,1,55,,6402,66,,,1,14,,6406,66,,,1,15,,6400,66,,,1,15,,6407,66,,,1,55,,6408,66,,,1,15,,6409,66,,,1,14,,6410,66,,,1,14,,6411,66,,,1,60,,6412,66,,,1,33,,6413,66,,,1,73,,6414,66,,,1,32,,6416,66,,,1,74,,6417,66,,,1,33,,6418,66,,,1,71,,6415,66,,,1,32,,6419,66,,,1,74,,6420,66,,,1,74,,6421,66,,,1
3501,'Holiday1',851,,8628,6,,,1,85,,8623,6,,,1,85,,8629,6,,,1,85,,8622,6,,,1,45,,8621,6,,,1,85,,8627,6,,,1,85,,8624,6,,,1,85,,8625,6,,,1,45,,8630,6,,,1,85,,8626,6,,,1,85,,8632,6,,,1,85,,8631,6,,,1,45,,8633,6,,,1,85,,8635,6,,,1,85,,8634,6,,,1,85,,8636,6,,,1
3501,'Saturday',907,,8639,6,,,1,45,,8637,6,,,1,85,,8638,6,,,1,85,,8640,6,,,1,85,,8642,6,,,1,45,,8641,6,,,1,85,,8643,6,,,1,85,,8644,6,,,1,85,,8645,6,,,1,45,,8646,6,,,1,85,,8648,6,,,1,85,,8647,6,,,1,85,,8651,6,,,1,45,,8649,6,,,1,85,,8650,6,,,1,85,,8652,6,,,1
3501,'Sunday',851,,8660,6,,,1,85,,8655,6,,,1,85,,8661,6,,,1,85,,8654,6,,,1,45,,8653,6,,,1,85,,8659,6,,,1,85,,8656,6,,,1,85,,8657,6,,,1,45,,8662,6,,,1,85,,8658,6,,,1,85,,8664,6,,,1,85,,8663,6,,,1,45,,8665,6,,,1,85,,8667,6,,,1,85,,8666,6,,,1,85,,8668,6,,,1
3501,'Weekday',521,,8669,6,,,1,35,,8670,6,,,1,75,,8671,6,,,1,75,,8673,6,,,1,35,,8674,6,,,1,75,,8672,6,,,1,35,,8676,6,,,1,75,,8677,6,,,1,75,,8675,6,,,1,35,,8678,6,,,1,75,,8679,6,,,1,35,,8680,6,,,1,79,,8681,6,,,1,31,,8682,6,,,1,75,,8683,6,,,1,75,,8684,6,,,1,35,,8685,6,,,1,76,,8686,6,,,1,35,,8687,6,,,1,75,,8688,6,,,1,75,,8689,6,,,1,35,,8690,6,,,1,75,,8691,6,,,1,35,,8692,6,,,1,75,,8693,6,,,1,35,,8694,6,,,1,75,,8696,6,,,1,75,,8697,6,,,1,35,,8698,6,,,1,75,,8695,6,,,1,35,,8699,6,,,1,75,,8700,6,,,1
21100,'Weekday',1506,,11239,13,,,1
21400,'Weekday',751,,11245,2,,,1
