502,'Holiday1',735,,15581,27,,,1,70,,15579,27,,,1,30,,15580,27,,,1,70,,15578,27,,,1,39,,15576,27,,,1,72,,15575,27,,,1,30,,15574,27,,,1,64,,15573,27,,,1,29,,15572,27,,,1,67,,15571,27,,,1,30,,15570,27,,,1,70,,15568,27,,,1,33,,15569,27,,,1,72,,15567,27,,,1,34,,15566,27,,,1,75,,15561,27,,,1,30,,15564,27,,,1,70,,15565,27,,,1,30,,15563,27,,,1,70,,15559,27,,,1,30,,15560,27,,,1,69,,15562,27,,,1,30,,15558,27,,,1,70,,15557,27,,,1,90,,15586,27,,,1,49,,15587,27,,,1,89,,15584,27,,,1,89,,15583,27,,,1,90,,15582,27,,,1,89,,15585,27,,,1
502,'Saturday',618,,15588,27,,,1,27,,15596,27,,,1,71,,15609,27,,,1,30,,15589,27,,,1,70,,15592,27,,,1,36,,15590,27,,,1,71,,15597,27,,,1,29,,15601,27,,,1,71,,15593,27,,,1,30,,15594,27,,,1,70,,15595,27,,,1,32,,15600,27,,,1,95,,15599,27,,,1,75,,15598,27,,,1,30,,15605,27,,,1,70,,15602,27,,,1,30,,15604,27,,,1,70,,15607,27,,,1,30,,15606,27,,,1,70,,15603,27,,,1,30,,15608,27,,,1,70,,15612,27,,,1,30,,15610,27,,,1,70,,15611,27,,,1,77,,15617,27,,,1,50,,15616,27,,,1,93,,15615,27,,,1,85,,15613,27,,,1,90,,15614,27,,,1,90,,15621,27,,,1,90,,15620,27,,,1,50,,15618,27,,,1,90,,15619,27,,,1
502,'Sunday',735,,15646,27,,,1,70,,15644,27,,,1,30,,15645,27,,,1,70,,15643,27,,,1,39,,15641,27,,,1,72,,15640,27,,,1,30,,15639,27,,,1,64,,15638,27,,,1,29,,15637,27,,,1,67,,15636,27,,,1,30,,15635,27,,,1,70,,15633,27,,,1,33,,15634,27,,,1,72,,15632,27,,,1,34,,15631,27,,,1,75,,15626,27,,,1,30,,15629,27,,,1,70,,15630,27,,,1,30,,15628,27,,,1,70,,15624,27,,,1,30,,15625,27,,,1,69,,15627,27,,,1,30,,15623,27,,,1,70,,15622,27,,,1,90,,15651,27,,,1,49,,15652,27,,,1,89,,15649,27,,,1,89,,15648,27,,,1,90,,15647,27,,,1,89,,15650,27,,,1
502,'Weekday',508,,15653,27,,,1,20,,15663,27,,,1,20,,15664,27,,,1,61,,15665,27,,,1,21,,15666,27,,,1,23,,15667,27,,,1,60,,15668,27,,,1,21,,15669,28,0,5,1,16,,15672,27,,,1,64,,15670,28,0,5,1,16,,15673,27,,,1,24,,15671,28,0,5,1,53,,15674,27,,,1,29,,15697,28,0,5,1,65,,15696,27,,,1,27,,15692,28,0,5,1,25,,15695,27,,,1,69,,15691,28,0,5,1,23,,15700,27,,,1,73,,15694,28,0,5,1,21,,15699,27,,,1,74,,15693,28,0,5,1,23,,15698,27,,,1,75,,15675,27,,,1,27,,15676,28,0,5,1,14,,15684,27,,,1,66,,15677,28,0,5,1,16,,15685,27,,,1,66,,15678,28,0,5,1,14,,15686,27,,,1,26,,15679,28,0,5,1,13,,15687,27,,,1,67,,15680,28,0,5,1,15,,15688,27,,,1,67,,15681,28,0,5,1,12,,15689,27,,,1,25,,15682,28,0,5,1,13,,15690,27,,,1,67,,15683,28,0,5,1,86,,15661,27,,,1,42,,15660,27,,,1,80,,15657,27,,,1,80,,15662,27,,,1,39,,15659,27,,,1,80,,15656,27,,,1,82,,15658,27,,,1,40,,15655,27,,,1,74,,15654,27,,,1
1203,'Holiday1',757,,17402,29,,,1,80,,17398,29,,,1,81,,17401,29,,,1,40,,17406,29,,,1,80,,17397,29,,,1,80,,17400,29,,,1,40,,17405,29,,,1,80,,17399,29,,,1,80,,17404,29,,,1,40,,17403,29,,,1,82,,17408,29,,,1,80,,17407,29,,,1,80,,17409,29,,,1,40,,17410,29,,,1,80,,17411,29,,,1,80,,17413,29,,,1,40,,17412,29,,,1,79,,17414,29,,,1,40,,17415,29,,,1,80,,17416,29,,,1,80,,17418,29,,,1,40,,17417,29,,,1,78,,17419,29,,,1
1203,'Saturday',538,,17422,29,,,1,79,,17421,29,,,1,40,,17420,29,,,1,81,,17423,29,,,1,80,,17424,29,,,1,40,,17425,29,,,1,80,,17426,29,,,1,81,,17427,29,,,1,40,,17428,29,,,1,80,,17429,29,,,1,80,,17430,29,,,1,40,,17432,29,,,1,80,,17431,29,,,1,80,,17434,29,,,1,40,,17433,29,,,1,82,,17435,29,,,1,80,,17436,29,,,1,80,,17439,29,,,1,40,,17437,29,,,1,80,,17438,29,,,1,80,,17440,29,,,1,40,,17441,29,,,1,79,,17443,29,,,1,80,,17445,29,,,1,40,,17446,29,,,1,80,,17444,29,,,1,80,,17442,29,,,1,38,,17447,29,,,1,80,,17448,29,,,1
1203,'Sunday',757,,17454,29,,,1,80,,17450,29,,,1,81,,17453,29,,,1,40,,17458,29,,,1,80,,17449,29,,,1,80,,17452,29,,,1,40,,17457,29,,,1,80,,17451,29,,,1,80,,17456,29,,,1,40,,17455,29,,,1,82,,17460,29,,,1,80,,17459,29,,,1,80,,17461,29,,,1,40,,17462,29,,,1,80,,17463,29,,,1,80,,17465,29,,,1,40,,17464,29,,,1,79,,17466,29,,,1,40,,17467,29,,,1,80,,17468,29,,,1,80,,17470,29,,,1,40,,17469,29,,,1,78,,17471,29,,,1
1203,'Weekday',526,,17473,29,,,1,74,,17472,29,,,1,42,,17478,29,,,1,71,,17479,29,,,1,37,,17480,29,,,1,70,,17481,29,,,1,35,,17482,29,,,1,69,,17483,29,,,1,76,,17474,29,,,1,45,,17476,29,,,1,79,,17475,29,,,1,84,,17484,29,,,1,41,,17486,29,,,1,85,,17487,29,,,1,91,,17488,29,,,1,82,,17485,29,,,1,39,,17492,29,,,1,65,,17493,29,,,1,27,,17491,29,,,1,76,,17494,29,,,1,30,,17495,29,,,1,70,,17496,29,,,1,28,,17497,29,,,1,67,,17498,29,,,1,37,,17499,29,,,1,92,,17500,29,,,1,87,,17501,29,,,1,81,,17502,29,,,1,46,,17503,29,,,1,81,,17490,29,,,1,86,,17489,29,,,1,86,,17477,29,,,1
3503,'Holiday1',834,,21911,41,,,1,85,,21910,41,,,1,86,,21918,41,,,1,47,,21913,41,,,1,85,,21915,41,,,1,85,,21917,41,,,1,85,,21912,41,,,1,45,,21919,41,,,1,85,,21909,41,,,1,85,,21914,41,,,1,85,,21916,41,,,1,45,,21920,41,,,1,85,,21921,41,,,1,85,,21924,41,,,1,85,,21922,41,,,1,45,,21923,41,,,1
3503,'Saturday',851,,21927,41,,,1,87,,21925,41,,,1,85,,21928,41,,,1,85,,21926,41,,,1,46,,21930,41,,,1,85,,21929,41,,,1,85,,21932,41,,,1,85,,21933,41,,,1,45,,21934,41,,,1,85,,21931,41,,,1,85,,21935,41,,,1,85,,21937,41,,,1,45,,21938,41,,,1,84,,21936,41,,,1,85,,21939,41,,,1,85,,21940,41,,,1,45,,21941,41,,,1
3503,'Sunday',834,,21944,41,,,1,85,,21943,41,,,1,86,,21951,41,,,1,47,,21946,41,,,1,85,,21948,41,,,1,85,,21950,41,,,1,85,,21945,41,,,1,45,,21952,41,,,1,85,,21942,41,,,1,85,,21947,41,,,1,85,,21949,41,,,1,45,,21953,41,,,1,85,,21954,41,,,1,85,,21957,41,,,1,85,,21955,41,,,1,45,,21956,41,,,1
3503,'Weekday',611,,21958,41,,,1,38,,21962,41,,,1,75,,21959,41,,,1,76,,21981,41,,,1,35,,21966,41,,,1,75,,21977,41,,,1,33,,21984,41,,,1,75,,21989,41,,,1,35,,21983,41,,,1,75,,21961,41,,,1,80,,21982,41,,,1,31,,21980,41,,,1,76,,21985,41,,,1,33,,21978,41,,,1,76,,21987,41,,,1,35,,21988,41,,,1,75,,21979,41,,,1,77,,21969,41,,,1,36,,21968,41,,,1,75,,21964,41,,,1,35,,21974,41,,,1,74,,21970,41,,,1,73,,21973,41,,,1,33,,21967,41,,,1,74,,21963,41,,,1,34,,21971,41,,,1,75,,21972,41,,,1,34,,21975,41,,,1,74,,21976,41,,,1,75,,21960,41,,,1,35,,21965,41,,,1,75,,21986,41,,,1
50502,'Holiday1',959,,25826,10,,,1,56,,25830,10,,,1,16,,25831,10,,,1,16,,25829,10,,,1,57,,25834,10,,,1,16,,25832,10,,,1,16,,25836,10,,,1,16,,25833,10,,,1,56,,25837,10,,,1,16,,25838,10,,,1,16,,25835,10,,,1,16,,25840,10,,,1,56,,25841,10,,,1,20,,25843,10,,,1,18,,25839,10,,,1,52,,25844,10,,,1,17,,25842,10,,,1,16,,25846,10,,,1,16,,25847,10,,,1,57,,25845,10,,,1,16,,25848,10,,,1,16,,25849,10,,,1,16,,25850,10,,,1,55,,25851,10,,,1,16,,25852,10,,,1,16,,25853,10,,,1,16,,25854,10,,,1,56,,25855,10,,,1,15,,25856,10,,,1,16,,25857,10,,,1,56,,25827,10,,,1,16,,25828,10,,,1
50502,'Saturday',852,,25858,10,,,1,56,,25859,10,,,1,16,,25864,10,,,1,16,,25865,10,,,1,16,,25866,10,,,1,57,,25868,10,,,1,18,,25869,10,,,1,16,,25870,10,,,1,56,,25872,10,,,1,16,,25867,10,,,1,16,,25873,10,,,1,16,,25874,10,,,1,56,,25871,10,,,1,16,,25876,10,,,1,16,,25877,10,,,1,16,,25879,10,,,1,57,,25880,10,,,1,16,,25875,10,,,1,14,,25881,10,,,1,58,,25882,10,,,1,15,,25862,10,,,1,16,,25884,10,,,1,16,,25885,10,,,1,57,,25887,10,,,1,16,,25888,10,,,1,17,,25889,10,,,1,18,,25886,10,,,1,54,,25890,10,,,1,16,,25891,10,,,1,16,,25892,10,,,1,16,,25894,10,,,1,57,,25895,10,,,1,15,,25896,10,,,1,16,,25897,10,,,1,55,,25893,10,,,1,15,,25883,10,,,1,16,,25863,10,,,1,16,,25860,10,,,1,56,,25878,10,,,1,16,,25861,10,,,1
50502,'Sunday',959,,25898,10,,,1,56,,25902,10,,,1,16,,25903,10,,,1,16,,25901,10,,,1,57,,25906,10,,,1,16,,25904,10,,,1,16,,25908,10,,,1,16,,25905,10,,,1,56,,25909,10,,,1,16,,25910,10,,,1,16,,25907,10,,,1,16,,25912,10,,,1,56,,25913,10,,,1,20,,25915,10,,,1,18,,25911,10,,,1,52,,25916,10,,,1,17,,25914,10,,,1,16,,25918,10,,,1,16,,25919,10,,,1,57,,25917,10,,,1,16,,25920,10,,,1,16,,25921,10,,,1,16,,25922,10,,,1,55,,25923,10,,,1,16,,25924,10,,,1,16,,25925,10,,,1,16,,25926,10,,,1,56,,25927,10,,,1,15,,25928,10,,,1,16,,25929,10,,,1,56,,25899,10,,,1,16,,25900,10,,,1
50502,'Weekday',653,,25930,10,,,1,49,,25931,12,0,5,1,10,,25935,10,,,1,17,,25936,10,,,1,9,,25932,12,0,5,1,9,,25937,10,,,1,58,,25938,10,,,1,18,,25939,10,,,1,10,,25933,12,0,5,1,10,,25940,10,,,1,16,,25941,10,,,1,49,,25934,12,0,5,1,12,,25942,10,,,1,15,,25943,10,,,1,22,,25944,10,,,1,47,,25976,12,0,5,1,17,,25945,10,,,1,12,,25977,12,0,5,1,9,,25946,10,,,1,67,,25947,10,,,1,19,,25978,12,0,5,1,7,,25948,10,,,1,20,,25949,10,,,1,57,,25950,10,,,1,8,,25975,12,0,5,1,18,,25951,10,,,1,17,,25980,12,0,5,1,49,,25952,10,,,1,21,,25953,10,,,1,24,,25955,10,,,1,6,,25981,12,0,5,1,58,,25956,10,,,1,20,,25982,12,0,5,1,6,,25957,10,,,1,62,,25954,10,,,1,14,,25958,10,,,1,12,,25979,12,0,5,1,9,,25959,10,,,1,18,,25960,10,,,1,62,,25961,10,,,1,8,,25983,12,0,5,1,13,,25962,10,,,1,17,,25964,10,,,1,58,,25965,10,,,1,10,,25984,12,0,5,1,12,,25966,10,,,1,15,,25963,10,,,1,58,,25967,10,,,1,7,,25985,12,0,5,1,11,,25968,10,,,1,18,,25969,10,,,1,57,,25986,12,0,5,1,17,,25970,10,,,1,18,,25971,10,,,1,19,,25972,10,,,1,48,,25987,12,0,5,1,21,,25973,10,,,1,16,,25988,12,0,5,1,11,,25974,10,,,1
