1203,'Holiday1',812,,17402,50,4,,1,40,,17398,50,4,,1,81,,17401,50,4,,1,80,,17406,50,4,,1,40,,17397,50,4,,1,82,,17400,50,4,,1,80,,17405,50,4,,1,40,,17399,50,4,,1,80,,17404,50,4,,1,81,,17403,50,4,,1,42,,17408,50,4,,1,80,,17407,50,4,,1,80,,17409,50,4,,1,40,,17410,50,4,,1,80,,17411,50,4,,1,80,,17413,50,4,,1,40,,17412,50,4,,1,78,,17414,50,4,,1,78,,17415,50,4,,1,40,,17416,50,4,,1,80,,17418,50,4,,1,80,,17417,50,4,,1,38,,17419,50,4,,1
1203,'Saturday',552,,17422,50,4,,1,77,,17421,50,4,,1,81,,17420,50,4,,1,42,,17423,50,4,,1,80,,17424,50,4,,1,81,,17425,50,4,,1,40,,17426,50,4,,1,81,,17427,50,4,,1,80,,17428,50,4,,1,40,,17429,50,4,,1,82,,17430,50,4,,1,80,,17432,50,4,,1,40,,17431,50,4,,1,80,,17434,50,4,,1,81,,17433,50,4,,1,42,,17435,50,4,,1,80,,17436,50,4,,1,80,,17439,50,4,,1,40,,17437,50,4,,1,80,,17438,50,4,,1,80,,17440,50,4,,1,40,,17441,50,4,,1,78,,17443,50,4,,1,78,,17445,50,4,,1,40,,17446,50,4,,1,80,,17444,50,4,,1,80,,17442,50,4,,1,38,,17447,50,4,,1,80,,17448,50,4,,1
1203,'Sunday',812,,17454,50,4,,1,40,,17450,50,4,,1,81,,17453,50,4,,1,80,,17458,50,4,,1,40,,17449,50,4,,1,82,,17452,50,4,,1,80,,17457,50,4,,1,40,,17451,50,4,,1,80,,17456,50,4,,1,81,,17455,50,4,,1,42,,17460,50,4,,1,80,,17459,50,4,,1,80,,17461,50,4,,1,40,,17462,50,4,,1,80,,17463,50,4,,1,80,,17465,50,4,,1,40,,17464,50,4,,1,78,,17466,50,4,,1,78,,17467,50,4,,1,40,,17468,50,4,,1,80,,17470,50,4,,1,80,,17469,50,4,,1,38,,17471,50,4,,1
1203,'Weekday',540,,17473,50,4,,1,76,,17472,50,4,,1,42,,17478,50,4,,1,72,,17479,50,4,,1,77,,17480,50,4,,1,31,,17481,50,4,,1,74,,17482,50,4,,1,29,,17483,50,4,,1,76,,17474,50,4,,1,85,,17476,50,4,,1,39,,17475,50,4,,1,86,,17484,50,4,,1,81,,17486,50,4,,1,45,,17487,50,4,,1,91,,17488,50,4,,1,83,,17485,50,4,,1,79,,17492,50,4,,1,25,,17493,50,4,,1,27,,17491,50,4,,1,76,,17494,50,4,,1,70,,17495,50,4,,1,30,,17496,50,4,,1,68,,17497,50,4,,1,27,,17498,50,4,,1,76,,17499,50,4,,1,50,,17500,50,4,,1,86,,17501,50,4,,1,81,,17502,50,4,,1,86,,17503,50,4,,1,40,,17490,50,4,,1,86,,17489,50,4,,1,86,,17477,50,4,,1
1204,'Holiday1',815,,17510,1,,,1,40,,17504,1,,,1,80,,17507,1,,,1,80,,17508,1,,,1,40,,17505,1,,,1,80,,17506,1,,,1,80,,17511,1,,,1,40,,17512,1,,,1,80,,17509,1,,,1,84,,17514,1,,,1,39,,17513,1,,,1,80,,17516,1,,,1,80,,17515,1,,,1,40,,17517,1,,,1,80,,17518,1,,,1,80,,17519,1,,,1,40,,17520,1,,,1,78,,17521,1,,,1,79,,17522,1,,,1,40,,17523,1,,,1,80,,17524,1,,,1,80,,17525,1,,,1,40,,17526,1,,,1
1204,'Saturday',600,,17529,1,,,1,40,,17527,1,,,1,80,,17528,1,,,1,80,,17530,1,,,1,40,,17531,1,,,1,80,,17532,1,,,1,80,,17533,1,,,1,40,,17534,1,,,1,80,,17536,1,,,1,80,,17535,1,,,1,40,,17538,1,,,1,80,,17537,1,,,1,80,,17539,1,,,1,40,,17540,1,,,1,80,,17541,1,,,1,80,,17542,1,,,1,40,,17544,1,,,1,80,,17543,1,,,1,80,,17545,1,,,1,40,,17546,1,,,1,80,,17547,1,,,1,80,,17549,1,,,1,40,,17551,1,,,1,80,,17548,1,,,1,80,,17550,1,,,1,40,,17552,1,,,1,80,,17553,1,,,1,80,,17554,1,,,1,40,,17555,1,,,1
1204,'Sunday',815,,17562,1,,,1,40,,17556,1,,,1,80,,17559,1,,,1,80,,17560,1,,,1,40,,17557,1,,,1,80,,17558,1,,,1,80,,17563,1,,,1,40,,17564,1,,,1,80,,17561,1,,,1,84,,17566,1,,,1,39,,17565,1,,,1,80,,17568,1,,,1,80,,17567,1,,,1,40,,17569,1,,,1,80,,17570,1,,,1,80,,17571,1,,,1,40,,17572,1,,,1,78,,17573,1,,,1,79,,17574,1,,,1,40,,17575,1,,,1,80,,17576,1,,,1,80,,17577,1,,,1,40,,17578,1,,,1
1204,'Weekday',543,,17579,1,,,1,75,,17580,1,,,1,83,,17581,1,,,1,35,,17582,1,,,1,77,,17583,1,,,1,29,,17584,1,,,1,73,,17585,1,,,1,31,,17586,1,,,1,78,,17587,1,,,1,84,,17588,1,,,1,40,,17589,1,,,1,83,,17590,1,,,1,86,,17591,1,,,1,83,,17592,1,,,1,45,,17593,1,,,1,90,,17603,1,,,1,75,,17604,1,,,1,27,,17605,1,,,1,68,,17606,1,,,1,34,,17607,1,,,1,69,,17608,1,,,1,32,,17609,1,,,1,65,,17602,1,,,1,30,,17598,1,,,1,79,,17594,1,,,1,86,,17599,1,,,1,46,,17595,1,,,1,84,,17600,1,,,1,85,,17596,1,,,1,39,,17601,1,,,1,86,,17597,1,,,1
1503,'Holiday1',715,,18253,25,0,6,1,34,,18252,46,0,6,1,80,,18221,46,0,6,1,30,,18222,46,0,6,1,70,,18220,46,0,6,1,30,,18223,46,0,6,1,70,,18224,46,0,6,1,30,,18225,46,0,6,1,70,,18226,46,0,6,1,30,,18229,46,0,6,1,70,,18230,46,0,6,1,30,,18231,46,0,6,1,70,,18227,46,0,6,1,30,,18234,46,0,6,1,70,,18228,46,0,6,1,30,,18235,46,0,6,1,70,,18232,46,0,6,1,30,,18233,46,0,6,1,70,,18236,46,0,6,1,30,,18237,46,0,6,1,70,,18239,46,0,6,1,30,,18240,46,0,6,1,70,,18241,46,0,6,1,30,,18238,46,0,6,1,70,,18242,46,0,6,1,30,,18243,46,0,6,1,70,,18244,46,0,6,1,30,,18245,46,0,6,1,70,,18247,46,0,6,1,30,,18248,46,0,6,1,70,,18249,46,0,6,1,30,,18246,46,0,6,1,70,,18250,46,0,6,1,30,,18251,46,0,6,1,70,,18255,46,0,6,1,30,,18254,46,0,6,1
1503,'Saturday',549,,18259,25,0,6,1,80,,18256,46,0,6,1,22,,18257,46,0,6,1,62,,18271,46,0,6,1,22,,18272,46,0,6,1,22,,18273,46,0,6,1,62,,18270,46,0,6,1,22,,18274,46,0,6,1,62,,18275,46,0,6,1,22,,18276,46,0,6,1,22,,18279,46,0,6,1,62,,18280,46,0,6,1,22,,18277,46,0,6,1,22,,18278,46,0,6,1,62,,18281,46,0,6,1,22,,18282,46,0,6,1,22,,18283,46,0,6,1,62,,18285,46,0,6,1,22,,18286,46,0,6,1,62,,18287,46,0,6,1,22,,18284,46,0,6,1,22,,18289,46,0,6,1,62,,18290,46,0,6,1,22,,18291,46,0,6,1,22,,18288,46,0,6,1,62,,18292,46,0,6,1,22,,18294,46,0,6,1,62,,18295,46,0,6,1,22,,18296,46,0,6,1,22,,18293,46,0,6,1,62,,18297,46,0,6,1,22,,18298,46,0,6,1,22,,18299,46,0,6,1,62,,18301,46,0,6,1,22,,18302,46,0,6,1,22,,18303,46,0,6,1,62,,18300,46,0,6,1,22,,18304,46,0,6,1,62,,18305,46,0,6,1,22,,18306,46,0,6,1,22,,18308,46,0,6,1,62,,18309,46,0,6,1,22,,18310,46,0,6,1,22,,18269,46,0,6,1,62,,18268,46,0,6,1,22,,18262,46,0,6,1,22,,18267,46,0,6,1,62,,18263,46,0,6,1,22,,18266,46,0,6,1,62,,18264,46,0,6,1,22,,18265,46,0,6,1,25,,18258,46,0,6,1
1503,'Sunday',715,,18344,25,0,6,1,34,,18343,46,0,6,1,80,,18312,46,0,6,1,30,,18313,46,0,6,1,70,,18311,46,0,6,1,30,,18314,46,0,6,1,70,,18315,46,0,6,1,30,,18316,46,0,6,1,70,,18317,46,0,6,1,30,,18320,46,0,6,1,70,,18321,46,0,6,1,30,,18322,46,0,6,1,70,,18318,46,0,6,1,30,,18325,46,0,6,1,70,,18319,46,0,6,1,30,,18326,46,0,6,1,70,,18323,46,0,6,1,30,,18324,46,0,6,1,70,,18327,46,0,6,1,30,,18328,46,0,6,1,70,,18330,46,0,6,1,30,,18331,46,0,6,1,70,,18332,46,0,6,1,30,,18329,46,0,6,1,70,,18333,46,0,6,1,30,,18334,46,0,6,1,70,,18335,46,0,6,1,30,,18336,46,0,6,1,70,,18338,46,0,6,1,30,,18339,46,0,6,1,70,,18340,46,0,6,1,30,,18337,46,0,6,1,70,,18341,46,0,6,1,30,,18342,46,0,6,1,70,,18346,46,0,6,1,30,,18345,46,0,6,1
1503,'Weekday',442,,18414,25,0,6,1,66,,18416,25,0,6,1,35,,18420,25,0,6,1,60,,18347,38,0,6,1,29,,18407,46,0,6,1,70,,18397,46,0,6,1,13,,18410,46,0,6,1,20,,18408,46,0,6,1,65,,18394,46,0,6,1,14,,18398,46,0,6,1,17,,18387,46,0,6,1,27,,18399,46,0,6,1,56,,18403,46,0,6,1,20,,18400,46,0,6,1,20,,18385,46,0,6,1,71,,18433,46,0,6,1,76,,18432,46,0,6,1,32,,18438,46,0,6,1,20,,18435,46,0,6,1,69,,18422,46,0,6,1,32,,18426,46,0,6,1,75,,18429,46,0,6,1,23,,18431,46,0,6,1,69,,18428,46,0,6,1,35,,18369,46,0,6,1,70,,18372,46,0,6,1,30,,18409,46,0,6,1,69,,18392,46,0,6,1,28,,18389,46,0,6,1,48,,18393,46,0,6,1,31,,18401,46,0,6,1,17,,18388,46,0,6,1,8,,18383,46,0,6,1,67,,18384,46,0,6,1,22,,18417,46,0,6,1,12,,18413,46,0,6,1,65,,18419,46,0,6,1,22,,18396,46,0,6,1,6,,18386,46,0,6,1,68,,18404,46,0,6,1,30,,18391,46,0,6,1,62,,18390,46,0,6,1,22,,18395,46,0,6,1,75,,18402,46,0,6,1,33,,18406,46,0,6,1,66,,18405,46,0,6,1,24,,18374,46,0,6,1,70,,18412,46,0,6,1,28,,18411,46,0,6,1,29,,18421,46,0,6,1,99,,18418,46,0,6,1
20700,'Weekday',742,,24466,25,,,1
