1301,'Saturday',812,,4238,18,,,1,100,,4240,18,,,1,100,,4239,18,,,1,100,,4241,18,,,1,101,,4242,18,,,1,100,,4243,18,,,1,100,,4244,18,,,1,100,,4245,18,,,1,100,,4246,18,,,1,100,,4247,18,,,1,100,,4248,18,,,1,100,,4249,18,,,1
1301,'Weekday',524,,4250,18,,,1,82,,4251,18,,,1,45,,4252,18,,,1,86,,4253,18,,,1,86,,4254,18,,,1,85,,4255,18,,,1,44,,4256,18,,,1,85,,4257,18,,,1,85,,4258,18,,,1,85,,4259,18,,,1,44,,4260,18,,,1,84,,4261,18,,,1,84,,4263,18,,,1,89,,4264,18,,,1,47,,4265,18,,,1,83,,4262,18,,,1,88,,4266,18,,,1,86,,4267,18,,,1,42,,4268,18,,,1,81,,4269,18,,,1
1501,'Holiday1',733,,5074,35,,,1,70,,5041,35,,,1,31,,5044,35,,,1,69,,5045,35,,,1,30,,5046,35,,,1,70,,5047,35,,,1,30,,5048,35,,,1,70,,5052,35,,,1,30,,5053,35,,,1,70,,5050,35,,,1,30,,5054,35,,,1,70,,5049,35,,,1,30,,5055,35,,,1,70,,5056,35,,,1,30,,5059,35,,,1,70,,5051,35,,,1,30,,5057,35,,,1,70,,5060,35,,,1,30,,5058,35,,,1,70,,5061,35,,,1,30,,5062,35,,,1,70,,5063,35,,,1,30,,5064,35,,,1,70,,5065,35,,,1,36,,5066,35,,,1,64,,5067,35,,,1,30,,5069,35,,,1,70,,5070,35,,,1,30,,5071,35,,,1,70,,5068,35,,,1,30,,5072,35,,,1,70,,5073,35,,,1,30,,5042,35,,,1,70,,5043,35,,,1
1501,'Saturday',533,,5080,10,,,1,24,,5081,10,,,1,82,,5079,35,,,1,62,,5077,35,,,1,22,,5084,35,,,1,22,,5085,35,,,1,62,,5083,35,,,1,22,,5089,35,,,1,22,,5090,35,,,1,62,,5086,35,,,1,22,,5088,35,,,1,22,,5087,35,,,1,62,,5091,35,,,1,22,,5092,35,,,1,62,,5093,35,,,1,22,,5094,35,,,1,22,,5096,35,,,1,62,,5097,35,,,1,22,,5098,35,,,1,22,,5095,35,,,1,62,,5099,35,,,1,22,,5100,35,,,1,22,,5102,35,,,1,62,,5103,35,,,1,22,,5104,35,,,1,62,,5101,35,,,1,22,,5106,35,,,1,22,,5107,35,,,1,62,,5109,35,,,1,22,,5110,35,,,1,22,,5111,35,,,1,62,,5108,35,,,1,22,,5105,35,,,1,62,,5113,35,,,1,22,,5114,35,,,1,22,,5115,35,,,1,62,,5112,35,,,1,22,,5116,35,,,1,22,,5118,35,,,1,62,,5119,35,,,1,22,,5120,35,,,1,22,,5117,35,,,1,62,,5121,35,,,1,22,,5122,35,,,1,62,,5123,35,,,1,22,,5125,35,,,1,22,,5126,35,,,1,62,,5127,35,,,1,22,,5124,35,,,1,22,,5128,35,,,1,62,,5129,35,,,1,22,,5130,35,,,1,66,,5078,35,,,1
1501,'Sunday',733,,5164,35,,,1,70,,5131,35,,,1,31,,5134,35,,,1,69,,5135,35,,,1,30,,5136,35,,,1,70,,5137,35,,,1,30,,5138,35,,,1,70,,5141,35,,,1,30,,5143,35,,,1,70,,5139,35,,,1,30,,5144,35,,,1,70,,5142,35,,,1,30,,5145,35,,,1,70,,5146,35,,,1,30,,5149,35,,,1,70,,5140,35,,,1,30,,5147,35,,,1,70,,5150,35,,,1,30,,5148,35,,,1,70,,5151,35,,,1,30,,5152,35,,,1,70,,5153,35,,,1,30,,5154,35,,,1,70,,5155,35,,,1,36,,5156,35,,,1,64,,5157,35,,,1,30,,5159,35,,,1,70,,5160,35,,,1,30,,5161,35,,,1,70,,5158,35,,,1,30,,5162,35,,,1,70,,5163,35,,,1,30,,5132,35,,,1,70,,5133,35,,,1
1501,'Weekday',522,,5167,38,0,5,1,7,,5223,35,,,1,17,,5185,38,0,5,1,12,,5222,35,,,1,56,,5197,38,0,5,1,2,,5236,35,,,1,16,,5218,35,,,1,1,,5237,38,0,5,1,15,,5193,38,0,5,1,8,,5235,35,,,1,50,,5168,38,0,5,1,6,,5196,35,,,1,11,,5190,38,0,5,1,2,,5212,35,,,1,16,,5175,38,0,5,1,15,,5210,35,,,1,51,,5171,38,0,5,1,2,,5226,35,,,1,17,,5173,38,0,5,1,7,,5227,35,,,1,10,,5179,38,0,5,1,11,,5202,35,,,1,50,,5192,38,0,5,1,19,,5200,35,,,1,4,,5199,38,0,5,1,18,,5198,35,,,1,7,,5194,38,0,5,1,51,,5246,35,,,1,13,,5187,38,0,5,1,15,,5184,33,,,1,15,,5240,35,,,1,12,,5243,38,0,5,1,57,,5250,35,,,1,14,,5254,38,0,5,1,19,,5251,38,0,5,1,76,,5244,35,,,1,9,,5252,38,0,5,1,12,,5238,35,,,1,60,,5249,38,0,5,1,10,,5241,35,,,1,10,,5253,38,0,5,1,20,,5245,35,,,1,68,,5248,38,0,5,1,7,,5247,35,,,1,20,,5189,38,0,5,1,3,,5205,35,,,1,15,,5169,38,0,5,1,55,,5204,35,,,1,17,,5182,38,0,5,1,9,,5188,35,,,1,9,,5191,35,,,1,3,,5186,38,0,5,1,60,,5177,38,0,5,1,6,,5221,35,,,1,15,,5178,38,0,5,1,6,,5201,35,,,1,8,,5217,35,,,1,2,,5180,38,0,5,1,55,,5181,38,0,5,1,10,,5213,35,,,1,12,,5174,38,0,5,1,12,,5215,35,,,1,11,,5172,38,0,5,1,1,,5224,35,,,1,59,,5170,38,0,5,1,9,,5219,35,,,1,11,,5176,38,0,5,1,9,,5203,35,,,1,9,,5214,35,,,1,5,,5183,38,0,5,1,59,,5225,35,,,1,10,,5256,38,0,5,1,18,,5261,38,0,5,1,8,,5206,35,,,1,11,,5257,38,0,5,1,47,,5207,35,,,1,13,,5258,38,0,5,1,11,,5208,35,,,1,27,,5259,38,0,5,1,49,,5216,35,,,1,5,,5260,38,0,5,1,27,,5209,35,,,1,9,,5262,38,0,5,1,59,,5211,35,,,1,22,,5220,35,,,1,30,,5228,35,,,1,69,,5229,35,,,1,30,,5231,35,,,1,69,,5195,35,,,1,30,,5230,35,,,1,69,,5255,35,,,1,29,,5232,35,,,1
1601,'Holiday1',829,,5370,21,,,1,81,,5374,21,,,1,40,,5366,21,,,1,80,,5368,21,,,1,80,,5373,21,,,1,40,,5367,21,,,1,80,,5369,21,,,1,80,,5371,21,,,1,40,,5372,21,,,1,80,,5376,21,,,1,82,,5375,21,,,1,38,,5378,21,,,1,80,,5377,21,,,1,80,,5379,21,,,1,40,,5381,21,,,1,79,,5380,21,,,1,81,,5382,21,,,1,40,,5384,21,,,1,80,,5383,21,,,1,80,,5385,21,,,1,40,,5386,21,,,1,80,,5387,21,,,1,80,,5388,21,,,1
1601,'Saturday',614,,5389,21,,,1,40,,5390,21,,,1,80,,5391,21,,,1,80,,5392,21,,,1,40,,5393,21,,,1,80,,5394,21,,,1,81,,5395,21,,,1,40,,5396,21,,,1,80,,5397,21,,,1,80,,5398,21,,,1,40,,5400,21,,,1,80,,5399,21,,,1,80,,5402,21,,,1,40,,5401,21,,,1,80,,5403,21,,,1,80,,5404,21,,,1,40,,5406,21,,,1,80,,5405,21,,,1,80,,5407,21,,,1,40,,5408,21,,,1,80,,5409,21,,,1,80,,5411,21,,,1,40,,5413,21,,,1,80,,5410,21,,,1,80,,5412,21,,,1,40,,5414,21,,,1,80,,5415,21,,,1,79,,5416,21,,,1
1601,'Sunday',829,,5421,21,,,1,81,,5425,21,,,1,40,,5417,21,,,1,80,,5419,21,,,1,80,,5424,21,,,1,40,,5418,21,,,1,80,,5420,21,,,1,80,,5422,21,,,1,40,,5423,21,,,1,80,,5427,21,,,1,82,,5426,21,,,1,38,,5429,21,,,1,80,,5428,21,,,1,80,,5430,21,,,1,40,,5432,21,,,1,79,,5431,21,,,1,81,,5433,21,,,1,40,,5435,21,,,1,80,,5434,21,,,1,80,,5436,21,,,1,40,,5437,21,,,1,80,,5438,21,,,1,80,,5439,21,,,1
1601,'Weekday',540,,5440,21,,,1,79,,5441,21,,,1,29,,5442,21,,,1,63,,5443,21,,,1,89,,5444,21,,,1,35,,5445,21,,,1,75,,5446,21,,,1,31,,5447,21,,,1,72,,5448,21,,,1,87,,5465,21,,,1,45,,5466,21,,,1,87,,5467,21,,,1,86,,5468,21,,,1,88,,5469,21,,,1,47,,5470,21,,,1,63,,5449,21,,,1,27,,5450,21,,,1,72,,5451,21,,,1,30,,5452,21,,,1,69,,5453,21,,,1,30,,5454,21,,,1,69,,5455,21,,,1,30,,5456,21,,,1,70,,5457,21,,,1,28,,5458,21,,,1,89,,5459,21,,,1,83,,5460,21,,,1,87,,5461,21,,,1,45,,5462,21,,,1,85,,5463,21,,,1,85,,5464,21,,,1
