3103,'251229-MULTI-Saturday-01',844,,11898,0,5,1,100,,11899,0,5,1,108,,11900,0,5,1,105,,11902,0,5,1,145,,11903,0,5,1,104,,11901,0,5,1,106,,11904,0,5,1,105,,11905,0,5,1,105,,11906,0,5,1,105,,11907,0,5,1,102,,11908,0,5,1
3103,'251229-MULTI-Sunday-01',947,,11918,0,5,1,105,,11919,0,5,1,105,,11920,0,5,1,145,,11921,0,5,1,105,,11922,0,5,1,105,,11923,0,5,1,105,,11924,0,5,1,105,,11925,0,5,1,105,,11926,0,5,1
3103,'260105-MULTI-Holiday1-01',947,,11936,0,5,1,105,,11937,0,5,1,105,,11938,0,5,1,145,,11940,0,5,1,105,,11939,0,5,1,105,,11941,0,5,1,105,,11942,0,5,1,105,,11943,0,5,1,105,,11944,0,5,1
3103,'260105-MULTI-Saturday-01',844,,11956,0,5,1,100,,11957,0,5,1,108,,11958,0,5,1,105,,11960,0,5,1,145,,11961,0,5,1,104,,11959,0,5,1,106,,11962,0,5,1,105,,11963,0,5,1,105,,11964,0,5,1,105,,11965,0,5,1,102,,11966,0,5,1
3103,'260105-MULTI-Sunday-01',947,,11976,0,5,1,105,,11977,0,5,1,105,,11978,0,5,1,145,,11980,0,5,1,105,,11979,0,5,1,105,,11981,0,5,1,105,,11982,0,5,1,105,,11983,0,5,1,105,,11984,0,5,1
3103,'260105-MULTI-Weekday-01',555,,12016,0,5,1,145,,12017,0,5,1,104,,12018,0,5,1,104,,12019,0,5,1,104,,12020,0,5,1,104,,12021,0,5,1,104,,12022,0,5,1,104,,12023,0,5,1,104,,12024,0,5,1,104,,12025,0,5,1,104,,12026,0,5,1,104,,12027,0,5,1,97,,12028,0,5,1,110,,12029,0,5,1,110,,12030,0,5,1
3503,'251229-MULTI-Saturday-01',843,,12338,0,,1,86,,12336,0,,1,85,,12339,0,,1,45,,12337,0,,1,86,,12340,0,,1,85,,12341,0,,1,85,,12342,0,,1,85,,12344,0,,1,45,,12345,0,,1,85,,12343,0,,1,85,,12346,0,,1,85,,12348,0,,1,45,,12349,0,,1,84,,12347,0,,1,85,,12350,0,,1,45,,12351,0,,1,85,,12352,0,,1
3503,'251229-MULTI-Sunday-01',827,,12355,0,,1,85,,12354,0,,1,46,,12362,0,,1,87,,12357,0,,1,85,,12359,0,,1,85,,12361,0,,1,85,,12356,0,,1,45,,12363,0,,1,85,,12353,0,,1,85,,12358,0,,1,85,,12360,0,,1,45,,12364,0,,1,85,,12365,0,,1,85,,12368,0,,1,85,,12366,0,,1,45,,12367,0,,1
3503,'260105-MULTI-Holiday1-01',827,,12371,0,,1,85,,12370,0,,1,46,,12378,0,,1,87,,12373,0,,1,85,,12375,0,,1,85,,12377,0,,1,85,,12372,0,,1,45,,12379,0,,1,85,,12369,0,,1,85,,12374,0,,1,85,,12376,0,,1,45,,12380,0,,1,85,,12381,0,,1,85,,12384,0,,1,85,,12382,0,,1,45,,12383,0,,1
3503,'260105-MULTI-Saturday-01',843,,12387,0,,1,86,,12385,0,,1,85,,12388,0,,1,45,,12386,0,,1,86,,12390,0,,1,85,,12389,0,,1,85,,12391,0,,1,85,,12393,0,,1,45,,12394,0,,1,85,,12392,0,,1,85,,12395,0,,1,85,,12397,0,,1,45,,12398,0,,1,84,,12396,0,,1,85,,12399,0,,1,45,,12400,0,,1,85,,12401,0,,1
3503,'260105-MULTI-Sunday-01',827,,12404,0,,1,85,,12403,0,,1,46,,12411,0,,1,87,,12406,0,,1,85,,12408,0,,1,85,,12410,0,,1,85,,12405,0,,1,45,,12412,0,,1,85,,12402,0,,1,85,,12407,0,,1,85,,12409,0,,1,45,,12413,0,,1,85,,12414,0,,1,85,,12417,0,,1,85,,12415,0,,1,45,,12416,0,,1
3503,'260105-MULTI-Weekday-01',602,,12418,0,,1,38,,12422,0,,1,75,,12419,0,,1,36,,12441,0,,1,75,,12426,0,,1,75,,12437,0,,1,33,,12444,0,,1,75,,12449,0,,1,35,,12443,0,,1,75,,12421,0,,1,40,,12442,0,,1,71,,12440,0,,1,76,,12445,0,,1,33,,12438,0,,1,75,,12447,0,,1,35,,12448,0,,1,75,,12439,0,,1,76,,12429,0,,1,36,,12428,0,,1,75,,12424,0,,1,35,,12434,0,,1,74,,12430,0,,1,34,,12433,0,,1,74,,12427,0,,1,74,,12423,0,,1,34,,12431,0,,1,75,,12432,0,,1,34,,12435,0,,1,75,,12436,0,,1,35,,12420,0,,1,75,,12425,0,,1,75,,12446,0,,1
