'251229-MULTI-Saturday-01',101,55000,0,'',1,6000,0,'',1,1900,0,'',1,2400,0,'',1,6100,0,'',1,2000,0,'',1,2000,0,'',1,6300,0,'',1,2100,0,'',1,6300,0,'',1,2100,0,'',1,1900,0,'',1,1800,0,'',1,5900,0,'',1,2200,0,'',1,6100,0,'',1,1500,0,'',1,1500,0,'',1,1500,0,'',1,5500,0,'',1,1500,0,'',1,1500,0,'',1,1500,0,'',1,5500,0,'',1,1600,0,'',1,1600,0,'',1,1500,0,'',1,5300,0,'',1,1200,0,'',1,1500,0,'',1,1500,0,'',1,1600,0,'',1,5500,0,'',1,1600,0,'',1,1500,0,'',1,5500,0,'',1,1500,0,'',1,1500,0,'',1,1500,0,'',1,5500,0,'',1,1300,0,'',1,1500,0,'',1,1500,0,'',1,1400,0,'',1,5400,0,'',1,1400,0,'',1,1500,0,'',1,1500,0,'',1,5400,0,'',1,1500,0,'',1,1400,0,'',1,2000,0,'',1,5900,0,'',1,1800,0,'',1,1900,0,'',1,6000,0,'',1,2000,0,'',1,2000,0,'',1,6000,0,'',1,2600,0,'',1,6800,0,'',1,2900,0,'',1,6900,0,'',1,2900,0,'',1,7000,0,'',1,2900,0,'',1
'251229-MULTI-Sunday-01',101,60300,0,'',1,13000,0,'',1,2000,0,'',1,6100,0,'',1,2000,0,'',1,2000,0,'',1,6000,0,'',1,2000,0,'',1,2000,0,'',1,6000,0,'',1,2000,0,'',1,2000,0,'',1,6000,0,'',1,2100,0,'',1,2000,0,'',1,6000,0,'',1,2000,0,'',1,2000,0,'',1,6000,0,'',1,2100,0,'',1,2000,0,'',1,6100,0,'',1,2000,0,'',1,2000,0,'',1,6000,0,'',1,2000,0,'',1,2000,0,'',1,6000,0,'',1,2000,0,'',1,2100,0,'',1,6000,0,'',1,2000,0,'',1,2000,0,'',1,5900,0,'',1,1800,0,'',1,2000,0,'',1,6000,0,'',1,2000,0,'',1,2000,0,'',1,5900,0,'',1,2000,0,'',1,1900,0,'',1,6000,0,'',1,2500,0,'',1,2000,0,'',1,6000,0,'',1,2000,0,'',1,1900,0,'',1,6000,0,'',1,1900,0,'',1,1500,0,'',1,6000,0,'',1,2300,0,'',1
'260105-MULTI-Holiday1-01',101,60300,0,'',1,13000,0,'',1,2000,0,'',1,6100,0,'',1,2000,0,'',1,2000,0,'',1,6000,0,'',1,2000,0,'',1,2000,0,'',1,6000,0,'',1,2000,0,'',1,2000,0,'',1,6000,0,'',1,2100,0,'',1,2000,0,'',1,6000,0,'',1,2000,0,'',1,2000,0,'',1,6000,0,'',1,2100,0,'',1,2000,0,'',1,6100,0,'',1,2000,0,'',1,2000,0,'',1,6000,0,'',1,2000,0,'',1,2000,0,'',1,6000,0,'',1,2000,0,'',1,2100,0,'',1,6000,0,'',1,2000,0,'',1,2000,0,'',1,5900,0,'',1,1800,0,'',1,2000,0,'',1,6000,0,'',1,2000,0,'',1,2000,0,'',1,5900,0,'',1,2000,0,'',1,1900,0,'',1,6000,0,'',1,2500,0,'',1,2000,0,'',1,6000,0,'',1,2000,0,'',1,1900,0,'',1,6000,0,'',1,1900,0,'',1,1500,0,'',1,6000,0,'',1,2300,0,'',1
'260105-MULTI-Saturday-01',101,55000,0,'',1,6000,0,'',1,1900,0,'',1,2400,0,'',1,6100,0,'',1,2000,0,'',1,2000,0,'',1,6300,0,'',1,2100,0,'',1,6300,0,'',1,2100,0,'',1,1900,0,'',1,1800,0,'',1,5900,0,'',1,2200,0,'',1,6100,0,'',1,1500,0,'',1,1500,0,'',1,1500,0,'',1,5500,0,'',1,1500,0,'',1,1500,0,'',1,1500,0,'',1,5500,0,'',1,1600,0,'',1,1600,0,'',1,1500,0,'',1,5300,0,'',1,1200,0,'',1,1500,0,'',1,1500,0,'',1,1600,0,'',1,5500,0,'',1,1600,0,'',1,1500,0,'',1,5500,0,'',1,1500,0,'',1,1500,0,'',1,1500,0,'',1,5500,0,'',1,1300,0,'',1,1500,0,'',1,1500,0,'',1,1400,0,'',1,5400,0,'',1,1400,0,'',1,1500,0,'',1,1500,0,'',1,5400,0,'',1,1500,0,'',1,1400,0,'',1,2000,0,'',1,5900,0,'',1,1800,0,'',1,1900,0,'',1,6000,0,'',1,2000,0,'',1,2000,0,'',1,6000,0,'',1,2600,0,'',1,6800,0,'',1,2900,0,'',1,6900,0,'',1,2900,0,'',1,7000,0,'',1,2900,0,'',1
'260105-MULTI-Sunday-01',101,60300,0,'',1,13000,0,'',1,2000,0,'',1,6100,0,'',1,2000,0,'',1,2000,0,'',1,6000,0,'',1,2000,0,'',1,2000,0,'',1,6000,0,'',1,2000,0,'',1,2000,0,'',1,6000,0,'',1,2100,0,'',1,2000,0,'',1,6000,0,'',1,2000,0,'',1,2000,0,'',1,6000,0,'',1,2100,0,'',1,2000,0,'',1,6100,0,'',1,2000,0,'',1,2000,0,'',1,6000,0,'',1,2000,0,'',1,2000,0,'',1,6000,0,'',1,2000,0,'',1,2100,0,'',1,6000,0,'',1,2000,0,'',1,2000,0,'',1,5900,0,'',1,1800,0,'',1,2000,0,'',1,6000,0,'',1,2000,0,'',1,2000,0,'',1,5900,0,'',1,2000,0,'',1,1900,0,'',1,6000,0,'',1,2500,0,'',1,2000,0,'',1,6000,0,'',1,2000,0,'',1,1900,0,'',1,6000,0,'',1,1900,0,'',1,1500,0,'',1,6000,0,'',1,2300,0,'',1
'260105-MULTI-Weekday-01',101,40600,0,'',1,2200,0,'',1,2000,0,'',1,5800,0,'',1,3100,0,'',1,2000,0,'',1,4800,0,'',1,2500,0,'A',1,1200,0,'',1,1000,0,'A',1,5500,0,'',1,1200,0,'A',1,1100,0,'',1,1100,0,'A',1,1400,0,'',1,5200,0,'A',1,200,0,'',1,2000,0,'A',1,1500,0,'',1,800,0,'A',1,5300,0,'',1,900,0,'A',1,1300,0,'',1,500,0,'',1,1400,0,'A',1,6300,0,'A',1,1300,0,'',1,700,0,'A',1,2000,0,'',1,6200,0,'A',1,2000,0,'',1,1200,0,'A',1,1500,0,'',1,5100,0,'A',1,1600,0,'',1,2100,0,'A',1,700,0,'',1,6800,0,'A',1,1600,0,'FCCC',1,1600,0,'A',1,5100,0,'',1,2200,0,'A',1,1600,0,'',1,1000,0,'A FCCC',1,5100,0,'',1,2300,0,'A',1,500,0,'FCCC',1,2700,0,'A',1,4800,0,'',1,1700,0,'A',1,800,0,'',1,1500,0,'A',1,700,0,'',1,5300,0,'A',1,1100,0,'',1,600,0,'A',1,2100,0,'',1,600,0,'A',1,5300,0,'',1,600,0,'A',1,1700,0,'',1,600,0,'A',1,1200,0,'',1,800,0,'A',1,4800,0,'',1,1400,0,'A',1,1000,0,'',1,900,0,'',1,600,0,'A',1,2000,0,'',1,6200,0,'',1,3000,0,'',1,6400,0,'',1,1900,0,'',1,2200,0,'',1,6400,0,'',1,3800,0,'',1,6700,0,'',1,8400,0,'',1,3500,0,'',1,7200,0,'',1,3400,0,'',1
'260105-MULTI-Weekday-01',1003,60800,0,'',1,3200,0,'',1,6200,0,'',1,3200,0,'',1,2300,0,'',1,5500,0,'',1,3100,0,'',1,6700,0,'',1,2400,0,'',1,2400,0,'',1,6200,0,'',1,8600,0,'',1,9600,0,'',1,5500,0,'',1,9400,0,'',1,8700,0,'',1,7000,0,'',1,2800,0,'',1,1800,0,'',1,6400,0,'',1,2700,0,'',1,7000,0,'',1,2900,0,'',1,5700,0,'',1,2900,0,'',1,2200,0,'',1,6600,0,'',1,2300,0,'',1
'251229-MULTI-Saturday-01',1303,83200,0,'',1,10000,0,'',1,10100,0,'',1,10000,0,'',1,10100,0,'',1,10000,0,'',1,10000,0,'',1,10000,0,'',1,10000,0,'',1,9900,0,'',1,10000,0,'',1,10000,0,'',1
'260105-MULTI-Saturday-01',1303,83200,0,'',1,10000,0,'',1,10100,0,'',1,10000,0,'',1,10100,0,'',1,10000,0,'',1,10000,0,'',1,10000,0,'',1,10000,0,'',1,9900,0,'',1,10000,0,'',1,10000,0,'',1
'260105-MULTI-Weekday-01',1303,51400,0,'',1,4300,0,'',1,8900,0,'',1,8700,0,'',1,8700,0,'',1,8700,0,'',1,4200,0,'',1,8300,0,'',1,8500,0,'',1,8500,0,'',1,4200,0,'',1,8400,0,'',1,8600,0,'',1,4500,0,'',1,8600,0,'',1,8700,0,'',1,8700,0,'',1,8500,0,'',1,4500,0,'',1,8300,0,'',1
'251229-MULTI-Saturday-01',1803,40300,0,'A',1,23200,0,'',1,2000,0,'',1,6000,0,'',1,2000,0,'',1,2000,0,'',1,6400,0,'',1,2600,0,'',1,6200,0,'',1,2000,0,'',1,2000,0,'',1,6000,0,'',1,2000,0,'',1,2000,0,'',1,6000,0,'',1,2100,0,'',1,2000,0,'',1,6100,0,'',1,300,0,'A',1,1700,0,'',1,1200,0,'A',1,800,0,'',1,5500,0,'',1,2500,0,'',1,2000,0,'',1,6000,0,'',1,2000,0,'',1,2000,0,'',1,6000,0,'',1,2000,0,'',1,2000,0,'',1,6000,0,'',1,2000,0,'',1,2000,0,'',1,6000,0,'',1,2000,0,'',1,2000,0,'',1,6100,0,'',1,2100,0,'',1,2000,0,'',1,5800,0,'',1,2000,0,'',1,2000,0,'',1,6000,0,'',1,1900,0,'',1,2000,0,'',1,6000,0,'',1,1600,0,'',1,2400,0,'',1,6500,0,'',1,1700,0,'',1,1600,0,'',1,7300,0,'',1,3000,0,'',1,7000,0,'',1,3000,0,'',1,7400,0,'',1
'251229-MULTI-Saturday-01',1804,63100,0,'',1,2000,0,'',1,6000,0,'',1,2500,0,'',1,2000,0,'',1,6100,0,'',1,2100,0,'',1,6700,0,'',1,2100,0,'',1,100,0,'',1,1800,0,'',1,6000,0,'',1,1700,0,'',1,2000,0,'',1,6000,0,'',1,2100,0,'',1,2000,0,'',1,6000,0,'',1,2100,0,'',1,2000,0,'',1,6100,0,'',1,2000,0,'',1,2000,0,'',1,6000,0,'',1,2000,0,'',1,2000,0,'',1,6000,0,'',1,2000,0,'',1,2000,0,'',1,6000,0,'',1,2000,0,'',1,2000,0,'',1,6000,0,'',1,2000,0,'',1,2000,0,'',1,6000,0,'',1,2000,0,'',1,2000,0,'',1,6000,0,'',1,600,0,'',1,1100,0,'',1,1900,0,'',1,1500,0,'',1,4500,0,'',1,2000,0,'',1,2000,0,'',1,6000,0,'',1,1300,0,'',1,1300,0,'',1,2600,0,'',1,7000,0,'',1,2700,0,'',1,7000,0,'',1,3000,0,'',1,6800,0,'',1,3000,0,'',1,7000,0,'',1,3000,0,'',1,6700,0,'',1
'251229-MULTI-Sunday-01',1803,40600,0,'A',1,40200,0,'',1,3300,0,'',1,7300,0,'',1,3300,0,'',1,7300,0,'',1,2500,0,'',1,6000,0,'',1,2200,0,'',1,7300,0,'',1,1400,0,'A',1,2000,0,'',1,1000,0,'A',1,6300,0,'',1,3400,0,'',1,7300,0,'',1,3300,0,'',1,7300,0,'',1,3300,0,'',1,7300,0,'',1,3300,0,'',1,7300,0,'',1,7300,0,'',1,3300,0,'',1,7300,0,'',1,3300,0,'',1,7100,0,'',1,3300,0,'',1,7200,0,'',1,3300,0,'',1,7200,0,'',1,3300,0,'',1,7100,0,'',1,7300,0,'',1
'251229-MULTI-Sunday-01',1804,70800,0,'',1,3400,0,'',1,7200,0,'',1,3300,0,'',1,7400,0,'',1,700,0,'A',1,1900,0,'',1,5800,0,'',1,1800,0,'',1,3400,0,'',1,7300,0,'',1,1300,0,'',1,6100,0,'',1,3200,0,'',1,7300,0,'',1,3300,0,'',1,7300,0,'',1,3300,0,'',1,7300,0,'',1,3300,0,'',1,7300,0,'',1,7300,0,'',1,3300,0,'',1,7300,0,'',1,3300,0,'',1,7300,0,'',1,100,0,'A',1,3200,0,'',1,1300,0,'A',1,5900,0,'',1,3500,0,'',1,7200,0,'',1,3300,0,'',1,7300,0,'',1,7300,0,'',1,3100,0,'',1,7300,0,'',1
'260105-MULTI-Holiday1-01',1803,40600,0,'A',1,40200,0,'',1,3300,0,'',1,7300,0,'',1,3300,0,'',1,7300,0,'',1,2500,0,'',1,6000,0,'',1,2200,0,'',1,7300,0,'',1,1400,0,'A',1,2000,0,'',1,1000,0,'A',1,6300,0,'',1,3400,0,'',1,7300,0,'',1,3300,0,'',1,7300,0,'',1,3300,0,'',1,7300,0,'',1,3300,0,'',1,7300,0,'',1,7300,0,'',1,3300,0,'',1,7300,0,'',1,3300,0,'',1,7100,0,'',1,3300,0,'',1,7200,0,'',1,3300,0,'',1,7200,0,'',1,3300,0,'',1,7100,0,'',1,7300,0,'',1
'260105-MULTI-Holiday1-01',1804,70800,0,'',1,3400,0,'',1,7200,0,'',1,3300,0,'',1,7400,0,'',1,700,0,'A',1,1900,0,'',1,5800,0,'',1,1800,0,'',1,3400,0,'',1,7300,0,'',1,1300,0,'',1,6100,0,'',1,3200,0,'',1,7300,0,'',1,3300,0,'',1,7300,0,'',1,3300,0,'',1,7300,0,'',1,3300,0,'',1,7300,0,'',1,7300,0,'',1,3300,0,'',1,7300,0,'',1,3300,0,'',1,7300,0,'',1,100,0,'A',1,3200,0,'',1,1300,0,'A',1,5900,0,'',1,3500,0,'',1,7200,0,'',1,3300,0,'',1,7300,0,'',1,7300,0,'',1,3100,0,'',1,7300,0,'',1
'260105-MULTI-Saturday-01',1803,40300,0,'A',1,23200,0,'',1,2000,0,'',1,6000,0,'',1,2000,0,'',1,2000,0,'',1,6400,0,'',1,2600,0,'',1,6200,0,'',1,2000,0,'',1,2000,0,'',1,6000,0,'',1,2000,0,'',1,2000,0,'',1,6000,0,'',1,2100,0,'',1,2000,0,'',1,6100,0,'',1,300,0,'A',1,1700,0,'',1,1200,0,'A',1,800,0,'',1,5500,0,'',1,2500,0,'',1,2000,0,'',1,6000,0,'',1,2000,0,'',1,2000,0,'',1,6000,0,'',1,2000,0,'',1,2000,0,'',1,6000,0,'',1,2000,0,'',1,2000,0,'',1,6000,0,'',1,2000,0,'',1,2000,0,'',1,6100,0,'',1,2100,0,'',1,2000,0,'',1,5800,0,'',1,2000,0,'',1,2000,0,'',1,6000,0,'',1,1900,0,'',1,2000,0,'',1,6000,0,'',1,1600,0,'',1,2400,0,'',1,6500,0,'',1,1700,0,'',1,1600,0,'',1,7300,0,'',1,3000,0,'',1,7000,0,'',1,3000,0,'',1,7400,0,'',1
'260105-MULTI-Saturday-01',1804,63100,0,'',1,2000,0,'',1,6000,0,'',1,2500,0,'',1,2000,0,'',1,6100,0,'',1,2100,0,'',1,6700,0,'',1,2100,0,'',1,100,0,'',1,1800,0,'',1,6000,0,'',1,1700,0,'',1,2000,0,'',1,6000,0,'',1,2100,0,'',1,2000,0,'',1,6000,0,'',1,2100,0,'',1,2000,0,'',1,6100,0,'',1,2000,0,'',1,2000,0,'',1,6000,0,'',1,2000,0,'',1,2000,0,'',1,6000,0,'',1,2000,0,'',1,2000,0,'',1,6000,0,'',1,2000,0,'',1,2000,0,'',1,6000,0,'',1,2000,0,'',1,2000,0,'',1,6000,0,'',1,2000,0,'',1,2000,0,'',1,6000,0,'',1,600,0,'',1,1100,0,'',1,1900,0,'',1,1500,0,'',1,4500,0,'',1,2000,0,'',1,2000,0,'',1,6000,0,'',1,1300,0,'',1,1300,0,'',1,2600,0,'',1,7000,0,'',1,2700,0,'',1,7000,0,'',1,3000,0,'',1,6800,0,'',1,3000,0,'',1,7000,0,'',1,3000,0,'',1,6700,0,'',1
'260105-MULTI-Sunday-01',1803,40600,0,'A',1,40200,0,'',1,3300,0,'',1,7300,0,'',1,3300,0,'',1,7300,0,'',1,2500,0,'',1,6000,0,'',1,2200,0,'',1,7300,0,'',1,1400,0,'A',1,2000,0,'',1,1000,0,'A',1,6300,0,'',1,3400,0,'',1,7300,0,'',1,3300,0,'',1,7300,0,'',1,3300,0,'',1,7300,0,'',1,3300,0,'',1,7300,0,'',1,7300,0,'',1,3300,0,'',1,7300,0,'',1,3300,0,'',1,7100,0,'',1,3300,0,'',1,7200,0,'',1,3300,0,'',1,7200,0,'',1,3300,0,'',1,7100,0,'',1,7300,0,'',1
'260105-MULTI-Sunday-01',1804,70800,0,'',1,3400,0,'',1,7200,0,'',1,3300,0,'',1,7400,0,'',1,700,0,'A',1,1900,0,'',1,5800,0,'',1,1800,0,'',1,3400,0,'',1,7300,0,'',1,1300,0,'',1,6100,0,'',1,3200,0,'',1,7300,0,'',1,3300,0,'',1,7300,0,'',1,3300,0,'',1,7300,0,'',1,3300,0,'',1,7300,0,'',1,7300,0,'',1,3300,0,'',1,7300,0,'',1,3300,0,'',1,7300,0,'',1,100,0,'A',1,3200,0,'',1,1300,0,'A',1,5900,0,'',1,3500,0,'',1,7200,0,'',1,3300,0,'',1,7300,0,'',1,7300,0,'',1,3100,0,'',1,7300,0,'',1
'260105-MULTI-Weekday-01',1803,40000,0,'A',1,11100,0,'',1,1000,0,'',1,1000,0,'',1,1000,0,'',1,1000,0,'',1,5100,0,'',1,1100,0,'',1,1000,0,'',1,1000,0,'',1,1000,0,'',1,1000,0,'',1,5000,0,'',1,1000,0,'',1,1000,0,'',1,1000,0,'',1,1000,0,'',1,1000,0,'',1,5000,0,'',1,1100,0,'',1,700,0,'',1,500,0,'A',1,900,0,'',1,1000,0,'',1,1000,0,'',1,5000,0,'',1,900,0,'',1,1200,0,'',1,1200,0,'',1,1700,0,'',1,5800,0,'',1,1700,0,'',1,1700,0,'',1,5700,0,'',1,1700,0,'',1,1700,0,'A',1,400,0,'',1,1300,0,'',1,5900,0,'',1,1600,0,'',1,1700,0,'',1,5700,0,'',1,1800,0,'',1,1700,0,'',1,1700,0,'',1,5700,0,'',1,1400,0,'',1,1200,0,'',1,1200,0,'',1,5300,0,'',1,1300,0,'',1,1200,0,'',1,1200,0,'',1,1200,0,'',1,4800,0,'A',1,800,0,'',1,900,0,'',1,1400,0,'',1,1200,0,'',1,700,0,'A',1,800,0,'',1,4900,0,'',1,1200,0,'',1,1200,0,'',1,1200,0,'',1,1200,0,'',1,5100,0,'',1,1200,0,'',1,1200,0,'',1,1200,0,'',1,1200,0,'',1,5100,0,'',1,1000,0,'',1,1200,0,'',1,1200,0,'',1,1200,0,'',1,5200,0,'',1,1200,0,'',1,1200,0,'',1,1200,0,'',1,1200,0,'',1,5100,0,'',1,1000,0,'',1,1000,0,'',1,1800,0,'',1,6000,0,'',1,2000,0,'',1,2000,0,'',1,1000,0,'',1,5000,0,'',1,2000,0,'',1,2000,0,'',1,6000,0,'',1,2000,0,'',1,2000,0,'',1,6000,0,'',1,2000,0,'',1,2200,0,'',1,5800,0,'',1,2000,0,'',1,2000,0,'',1
'260105-MULTI-Weekday-01',1804,44000,0,'',1,700,0,'',1,700,0,'',1,4700,0,'',1,400,0,'',1,600,0,'',1,1000,0,'',1,1000,0,'',1,1000,0,'',1,1000,0,'',1,5000,0,'',1,1000,0,'',1,1000,0,'',1,1000,0,'',1,1000,0,'',1,1000,0,'',1,5000,0,'',1,900,0,'',1,1100,0,'',1,1000,0,'',1,1000,0,'',1,1000,0,'',1,5000,0,'',1,1200,0,'',1,1100,0,'',1,1100,0,'',1,1000,0,'',1,1000,0,'',1,5000,0,'',1,900,0,'',1,1000,0,'',1,1100,0,'',1,1200,0,'',1,5500,0,'A',1,800,0,'',1,1100,0,'',1,1700,0,'',1,1700,0,'',1,5800,0,'',1,1700,0,'',1,1700,0,'',1,5700,0,'',1,1700,0,'',1,1700,0,'',1,1700,0,'',1,5700,0,'',1,1700,0,'',1,1700,0,'',1,5700,0,'',1,1700,0,'',1,1400,0,'',1,1200,0,'',1,1200,0,'',1,5300,0,'',1,1200,0,'',1,1000,0,'',1,1200,0,'',1,1200,0,'',1,5200,0,'',1,1200,0,'',1,1200,0,'',1,1200,0,'',1,1200,0,'',1,5200,0,'',1,1100,0,'',1,1200,0,'',1,1200,0,'',1,1200,0,'',1,5100,0,'',1,500,0,'',1,700,0,'',1,1200,0,'',1,1200,0,'',1,1200,0,'',1,5200,0,'',1,1200,0,'',1,1200,0,'',1,1200,0,'',1,1200,0,'',1,5200,0,'',1,1200,0,'',1,1200,0,'',1,1200,0,'',1,1200,0,'',1,5300,0,'',1,900,0,'',1,1700,0,'',1,1400,0,'',1,5800,0,'',1,2000,0,'',1,2000,0,'',1,1100,0,'',1,4900,0,'',1,1900,0,'',1,2000,0,'',1,6000,0,'',1,600,0,'',1,1400,0,'',1,1600,0,'',1,1100,0,'',1,5300,0,'',1,2000,0,'',1,2000,0,'',1,6000,0,'',1,2000,0,'',1
'260105-MULTI-Weekday-01',20801,150400,0,'',1
