500,'Holiday1',651,,1949,33,,,1,70,,1944,33,,,1,30,,1936,33,,,1,70,,1934,33,,,1,37,,1947,33,,,1,73,,1941,33,,,1,69,,1937,33,,,1,24,,1932,33,,,1,23,,1946,33,,,1,70,,1942,33,,,1,31,,1935,33,,,1,70,,1931,33,,,1,33,,1933,33,,,1,70,,1945,33,,,1,32,,1938,33,,,1,76,,1940,33,,,1,72,,1939,33,,,1,30,,1943,33,,,1,70,,1948,33,,,1,30,,1950,33,,,1,70,,1951,33,,,1,30,,1952,33,,,1,70,,1953,33,,,1,30,,1954,33,,,1,70,,1955,33,,,1,30,,1956,33,,,1,69,,1957,33,,,1,30,,1959,33,,,1,70,,1958,33,,,1,29,,1960,33,,,1,28,,1961,33,,,1,68,,1962,33,,,1,26,,1964,33,,,1,64,,1965,33,,,1,29,,1963,33,,,1
500,'Saturday',518,,1966,33,,,1,27,,1987,33,,,1,67,,2006,33,,,1,27,,1967,33,,,1,72,,1968,33,,,1,31,,1969,33,,,1,71,,1970,33,,,1,29,,1971,33,,,1,72,,1972,33,,,1,32,,1973,33,,,1,72,,1974,33,,,1,34,,1975,33,,,1,75,,1990,33,,,1,30,,1991,33,,,1,76,,1994,33,,,1,70,,1992,33,,,1,24,,1989,33,,,1,30,,1993,33,,,1,70,,1995,33,,,1,30,,1996,33,,,1,71,,1997,33,,,1,30,,1998,33,,,1,70,,2000,33,,,1,30,,2001,33,,,1,70,,2002,33,,,1,30,,1999,33,,,1,70,,2003,33,,,1,29,,2004,33,,,1,67,,2005,33,,,1,30,,1976,33,,,1,65,,1977,33,,,1,29,,1978,33,,,1,65,,1979,33,,,1,27,,1980,33,,,1,71,,1981,33,,,1,28,,1982,33,,,1,68,,1983,33,,,1,23,,1984,33,,,1,29,,1985,33,,,1,70,,1988,33,,,1,30,,1986,33,,,1
500,'Sunday',651,,2025,33,,,1,70,,2020,33,,,1,30,,2012,33,,,1,70,,2010,33,,,1,37,,2023,33,,,1,73,,2017,33,,,1,69,,2013,33,,,1,24,,2008,33,,,1,23,,2022,33,,,1,70,,2018,33,,,1,31,,2011,33,,,1,70,,2007,33,,,1,33,,2009,33,,,1,70,,2021,33,,,1,32,,2014,33,,,1,76,,2016,33,,,1,72,,2015,33,,,1,30,,2019,33,,,1,70,,2024,33,,,1,30,,2026,33,,,1,70,,2027,33,,,1,30,,2028,33,,,1,70,,2029,33,,,1,30,,2030,33,,,1,70,,2031,33,,,1,30,,2032,33,,,1,69,,2033,33,,,1,30,,2035,33,,,1,70,,2034,33,,,1,29,,2036,33,,,1,28,,2037,33,,,1,68,,2038,33,,,1,26,,2040,33,,,1,64,,2041,33,,,1,29,,2039,33,,,1
500,'Weekday',447,,2047,33,,,1,60,,2049,33,,,1,21,,2048,33,,,1,21,,2046,33,,,1,60,,2045,33,,,1,20,,2044,33,,,1,21,,2043,33,,,1,55,,2042,33,,,1,15,,2051,33,,,1,7,,2113,33,,,1,7,,2050,33,,,1,15,,2052,33,,,1,67,,2053,33,,,1,29,,2055,33,,,1,67,,2056,33,,,1,27,,2057,33,,,1,80,,2083,33,,,1,38,,2084,33,,,1,81,,2085,33,,,1,80,,2087,33,,,1,40,,2088,33,,,1,81,,2089,33,,,1,80,,2086,33,,,1,33,,2090,33,,,1,68,,2091,33,,,1,27,,2092,33,,,1,66,,2093,33,,,1,26,,2094,33,,,1,67,,2095,33,,,1,26,,2096,33,,,1,26,,2097,33,,,1,65,,2098,33,,,1,26,,2099,33,,,1,66,,2067,33,,,1,25,,2076,33,,,1,83,,2109,33,,,1,24,,2107,33,,,1,70,,2110,33,,,1,17,,2111,33,,,1,18,,2112,33,,,1,58,,2101,33,,,1,7,,2102,33,,,1,35,,2105,33,,,1,64,,2100,33,,,1,31,,2108,33,,,1,67,,2106,33,,,1,39,,2104,33,,,1,67,,2103,33,,,1
2300,'Holiday1',806,,6293,67,,,1,32,,6266,67,,,1,71,,6268,67,,,1,23,,6265,67,,,1,68,,6269,67,,,1,31,,6267,67,,,1,74,,6270,67,,,1,28,,6271,67,,,1,68,,6272,67,,,1,29,,6273,67,,,1,28,,6274,67,,,1,69,,6278,67,,,1,28,,6279,67,,,1,70,,6280,67,,,1,28,,6275,67,,,1,66,,6277,67,,,1,31,,6281,67,,,1,68,,6282,67,,,1,28,,6276,67,,,1,67,,6284,67,,,1,28,,6285,67,,,1,69,,6287,67,,,1,26,,6283,67,,,1,67,,6288,67,,,1,28,,6286,67,,,1,26,,6290,67,,,1,65,,6291,67,,,1,27,,6289,67,,,1,68,,6294,67,,,1,27,,6292,67,,,1,67,,6296,67,,,1,28,,6295,67,,,1
2300,'Saturday',716,,6298,67,,,1,30,,6297,67,,,1,68,,6307,67,,,1,29,,6311,67,,,1,71,,6312,67,,,1,29,,6309,67,,,1,67,,6308,67,,,1,27,,6310,67,,,1,68,,6313,67,,,1,28,,6314,67,,,1,71,,6315,67,,,1,29,,6316,67,,,1,68,,6318,67,,,1,29,,6319,67,,,1,70,,6320,67,,,1,29,,6317,67,,,1,28,,6321,67,,,1,70,,6323,67,,,1,29,,6324,67,,,1,66,,6325,67,,,1,29,,6322,67,,,1,65,,6326,67,,,1,28,,6327,67,,,1,67,,6328,67,,,1,32,,6329,67,,,1,78,,6301,67,,,1,29,,6299,67,,,1,70,,6302,67,,,1,29,,6300,67,,,1,69,,6304,67,,,1,28,,6306,67,,,1,70,,6303,67,,,1,29,,6305,67,,,1,69,,6330,67,,,1,30,,6332,67,,,1,70,,6331,67,,,1,30,,6333,67,,,1,70,,6334,67,,,1
2300,'Sunday',806,,6363,67,,,1,32,,6336,67,,,1,71,,6338,67,,,1,23,,6335,67,,,1,68,,6339,67,,,1,31,,6337,67,,,1,74,,6340,67,,,1,28,,6341,67,,,1,68,,6342,67,,,1,29,,6343,67,,,1,28,,6344,67,,,1,69,,6347,67,,,1,28,,6348,67,,,1,70,,6349,67,,,1,28,,6345,67,,,1,66,,6350,67,,,1,31,,6351,67,,,1,68,,6352,67,,,1,28,,6346,67,,,1,67,,6354,67,,,1,28,,6355,67,,,1,69,,6357,67,,,1,26,,6353,67,,,1,67,,6358,67,,,1,28,,6356,67,,,1,26,,6360,67,,,1,65,,6361,67,,,1,27,,6359,67,,,1,68,,6364,67,,,1,27,,6362,67,,,1,67,,6366,67,,,1,28,,6365,67,,,1
2300,'Weekday',510,,6367,67,,,1,15,,6368,67,,,1,15,,6369,67,,,1,16,,6370,67,,,1,57,,6371,67,,,1,15,,6372,67,,,1,14,,6373,67,,,1,14,,6374,67,,,1,56,,6375,67,,,1,15,,6376,67,,,1,16,,6377,67,,,1,57,,6379,67,,,1,15,,6380,67,,,1,18,,6381,67,,,1,16,,6378,67,,,1,55,,6383,67,,,1,13,,6384,67,,,1,15,,6385,67,,,1,15,,6382,67,,,1,54,,6386,67,,,1,30,,6387,67,,,1,28,,6388,67,,,1,71,,6389,67,,,1,76,,6390,67,,,1,30,,6391,67,,,1,66,,6392,67,,,1,29,,6393,67,,,1,70,,6394,67,,,1,29,,6395,67,,,1,21,,6426,67,,,1,60,,6396,67,,,1,16,,6425,67,,,1,15,,6422,67,,,1,15,,6424,67,,,1,53,,6423,67,,,1,14,,6398,67,,,1,15,,6397,67,,,1,15,,6399,67,,,1,55,,6401,67,,,1,14,,6403,67,,,1,15,,6404,67,,,1,15,,6405,67,,,1,55,,6402,67,,,1,14,,6406,67,,,1,15,,6400,67,,,1,15,,6407,67,,,1,55,,6408,67,,,1,15,,6409,67,,,1,14,,6410,67,,,1,14,,6411,67,,,1,60,,6412,67,,,1,33,,6413,67,,,1,73,,6414,67,,,1,32,,6416,67,,,1,74,,6417,67,,,1,33,,6418,67,,,1,71,,6415,67,,,1,32,,6419,67,,,1,74,,6420,67,,,1,74,,6421,67,,,1
3501,'Holiday1',851,,8628,7,,,1,85,,8623,7,,,1,85,,8629,7,,,1,85,,8622,7,,,1,45,,8621,7,,,1,85,,8627,7,,,1,85,,8624,7,,,1,85,,8625,7,,,1,45,,8630,7,,,1,85,,8626,7,,,1,85,,8632,7,,,1,85,,8631,7,,,1,45,,8633,7,,,1,85,,8635,7,,,1,85,,8634,7,,,1,85,,8636,7,,,1
3501,'Saturday',907,,8639,7,,,1,45,,8637,7,,,1,85,,8638,7,,,1,85,,8640,7,,,1,85,,8642,7,,,1,45,,8641,7,,,1,85,,8643,7,,,1,85,,8644,7,,,1,85,,8645,7,,,1,45,,8646,7,,,1,85,,8648,7,,,1,85,,8647,7,,,1,85,,8651,7,,,1,45,,8649,7,,,1,85,,8650,7,,,1,85,,8652,7,,,1
3501,'Sunday',851,,8660,7,,,1,85,,8655,7,,,1,85,,8661,7,,,1,85,,8654,7,,,1,45,,8653,7,,,1,85,,8659,7,,,1,85,,8656,7,,,1,85,,8657,7,,,1,45,,8662,7,,,1,85,,8658,7,,,1,85,,8664,7,,,1,85,,8663,7,,,1,45,,8665,7,,,1,85,,8667,7,,,1,85,,8666,7,,,1,85,,8668,7,,,1
3501,'Weekday',521,,8669,7,,,1,36,,8670,7,,,1,75,,8671,7,,,1,75,,8673,7,,,1,35,,8674,7,,,1,75,,8672,7,,,1,35,,8676,7,,,1,75,,8677,7,,,1,75,,8675,7,,,1,35,,8678,7,,,1,75,,8679,7,,,1,35,,8680,7,,,1,79,,8681,7,,,1,31,,8682,7,,,1,75,,8683,7,,,1,75,,8684,7,,,1,35,,8685,7,,,1,76,,8686,7,,,1,35,,8687,7,,,1,75,,8688,7,,,1,75,,8689,7,,,1,35,,8690,7,,,1,75,,8691,7,,,1,35,,8692,7,,,1,75,,8693,7,,,1,35,,8694,7,,,1,75,,8696,7,,,1,75,,8697,7,,,1,35,,8698,7,,,1,75,,8695,7,,,1,35,,8699,7,,,1,74,,8700,7,,,1
21100,'Weekday',1508,,11239,14,,,1
21400,'Weekday',752,,11245,3,,,1
