200,'Holiday1',739,,505,18,,,1,73,,506,18,,,1,33,,507,18,,,1,73,,508,18,,,1,33,,509,18,,,1,74,,511,18,,,1,33,,512,18,,,1,74,,513,18,,,1,73,,510,18,,,1,33,,515,18,,,1,73,,517,18,,,1,33,,518,18,,,1,73,,514,18,,,1,33,,519,18,,,1,73,,516,18,,,1,33,,520,18,,,1,73,,521,18,,,1,73,,523,18,,,1,33,,524,18,,,1,73,,525,18,,,1,33,,522,18,,,1,72,,527,18,,,1,33,,528,18,,,1,73,,529,18,,,1,33,,526,18,,,1,71,,531,18,,,1,33,,532,18,,,1,73,,534,18,,,1,73,,535,18,,,1,32,,533,18,,,1,73,,536,18,,,1,33,,530,18,,,1
200,'Saturday',548,,537,18,,,1,70,,538,18,,,1,30,,541,18,,,1,72,,542,18,,,1,25,,540,18,,,1,78,,539,18,,,1,29,,545,18,,,1,91,,546,18,,,1,71,,543,18,,,1,30,,544,18,,,1,71,,547,18,,,1,30,,549,18,,,1,71,,551,18,,,1,30,,552,18,,,1,70,,548,18,,,1,30,,553,18,,,1,70,,550,18,,,1,30,,554,18,,,1,70,,555,18,,,1,30,,558,18,,,1,70,,559,18,,,1,30,,560,18,,,1,70,,556,18,,,1,30,,557,18,,,1,70,,561,18,,,1,30,,563,18,,,1,69,,564,18,,,1,28,,565,18,,,1,68,,562,18,,,1,29,,566,18,,,1,70,,567,18,,,1,29,,570,18,,,1,70,,571,18,,,1,30,,568,18,,,1,70,,569,18,,,1,30,,573,18,,,1,70,,574,18,,,1,30,,572,18,,,1,70,,575,18,,,1,30,,576,18,,,1
200,'Sunday',739,,577,18,,,1,73,,578,18,,,1,33,,579,18,,,1,73,,580,18,,,1,33,,581,18,,,1,74,,583,18,,,1,33,,584,18,,,1,74,,585,18,,,1,73,,582,18,,,1,33,,587,18,,,1,73,,588,18,,,1,33,,589,18,,,1,73,,586,18,,,1,33,,590,18,,,1,73,,591,18,,,1,33,,592,18,,,1,73,,593,18,,,1,73,,595,18,,,1,33,,596,18,,,1,73,,597,18,,,1,33,,594,18,,,1,72,,599,18,,,1,33,,600,18,,,1,73,,601,18,,,1,33,,598,18,,,1,71,,603,18,,,1,33,,604,18,,,1,73,,606,18,,,1,73,,607,18,,,1,32,,605,18,,,1,73,,608,18,,,1,33,,602,18,,,1
200,'Weekday',434,,609,18,,,1,22,,611,18,,,1,62,,612,18,,,1,22,,613,18,,,1,61,,610,18,,,1,23,,614,18,,,1,18,,615,18,,,1,59,,616,18,,,1,25,,617,18,,,1,31,,618,18,,,1,62,,619,18,,,1,15,,620,18,,,1,19,,622,18,,,1,69,,623,18,,,1,27,,624,18,,,1,62,,621,18,,,1,19,,625,18,,,1,19,,626,18,,,1,63,,627,18,,,1,25,,628,18,,,1,22,,629,18,,,1,58,,630,18,,,1,18,,632,18,,,1,66,,633,18,,,1,26,,634,18,,,1,22,,631,18,,,1,55,,636,18,,,1,19,,637,18,,,1,26,,638,18,,,1,66,,635,18,,,1,21,,639,18,,,1,16,,641,18,,,1,60,,642,18,,,1,27,,643,18,,,1,68,,640,18,,,1,22,,644,18,,,1,19,,646,18,,,1,64,,647,18,,,1,25,,648,18,,,1,67,,645,18,,,1,20,,649,18,,,1,19,,650,18,,,1,67,,651,18,,,1,23,,652,18,,,1,19,,653,18,,,1,63,,654,18,,,1,21,,655,18,,,1,21,,657,18,,,1,60,,658,18,,,1,16,,659,18,,,1,69,,656,18,,,1,32,,660,18,,,1,72,,661,18,,,1,32,,662,18,,,1,68,,663,18,,,1,28,,664,18,,,1
2400,'Holiday1',809,,6585,6,,,1,45,,6586,6,,,1,85,,6587,6,,,1,85,,6588,6,,,1,85,,6590,6,,,1,45,,6591,6,,,1,85,,6592,6,,,1,85,,6589,6,,,1,85,,6594,6,,,1,45,,6596,6,,,1,85,,6597,6,,,1,85,,6593,6,,,1,85,,6598,6,,,1,45,,6595,6,,,1,85,,6599,6,,,1
2400,'Saturday',809,,6607,6,,,1,45,,6608,6,,,1,85,,6609,6,,,1,85,,6606,6,,,1,85,,6610,6,,,1,45,,6611,6,,,1,85,,6612,6,,,1,85,,6613,6,,,1,85,,6614,6,,,1,45,,6600,6,,,1,85,,6603,6,,,1,85,,6601,6,,,1,85,,6605,6,,,1,45,,6602,6,,,1,85,,6604,6,,,1
2400,'Sunday',809,,6615,6,,,1,45,,6616,6,,,1,85,,6617,6,,,1,85,,6618,6,,,1,85,,6620,6,,,1,45,,6621,6,,,1,85,,6622,6,,,1,85,,6619,6,,,1,85,,6624,6,,,1,45,,6625,6,,,1,85,,6626,6,,,1,85,,6623,6,,,1,85,,6627,6,,,1,45,,6628,6,,,1,85,,6629,6,,,1
2400,'Weekday',440,,6634,6,,,1,65,,6632,6,,,1,30,,6630,6,,,1,71,,6636,6,,,1,36,,6652,6,,,1,76,,6646,6,,,1,36,,6647,6,,,1,76,,6645,6,,,1,76,,6643,6,,,1,36,,6644,6,,,1,81,,6631,6,,,1,35,,6633,6,,,1,76,,6649,6,,,1,76,,6650,6,,,1,37,,6648,6,,,1,77,,6651,6,,,1,27,,6635,6,,,1,73,,6639,6,,,1,35,,6640,6,,,1,77,,6654,6,,,1,77,,6656,6,,,1,36,,6657,6,,,1,76,,6658,6,,,1,76,,6655,6,,,1,36,,6659,6,,,1,75,,6653,6,,,1,33,,6637,6,,,1,75,,6638,6,,,1,33,,6641,6,,,1,85,,6642,6,,,1
2500,'Weekday',521,,6735,6,,,1,30,,6734,6,,,1,70,,6738,6,,,1,36,,6744,6,,,1,76,,6743,6,,,1,76,,6741,6,,,1,36,,6740,6,,,1,77,,6742,6,,,1,36,,6745,6,,,1,448,,6736,6,,,1,38,,6737,6,,,1,78,,6746,6,,,1,36,,6747,6,,,1,74,,6748,6,,,1,78,,6749,6,,,1,36,,6750,6,,,1,75,,6751,6,,,1,36,,6752,6,,,1,75,,6739,6,,,1
21601,'Weekday',754,,11250,3,,,1
