902,'Holiday1',832,,16795,49,,,1,105,,16797,49,,,1,108,,16798,49,,,1,105,,16799,49,,,1,105,,16800,49,,,1,145,,16801,49,,,1,107,,16802,49,,,1,105,,16803,49,,,1,107,,16804,49,,,1,106,,16805,49,,,1,107,,16796,49,,,1
902,'Saturday',801,,16806,49,,,1,50,,16813,49,,,1,93,,16816,49,,,1,90,,16814,49,,,1,90,,16818,49,,,1,90,,16819,49,,,1,90,,16820,49,,,1,50,,16817,49,,,1,90,,16812,49,,,1,92,,16807,49,,,1,92,,16809,49,,,1,90,,16811,49,,,1,88,,16815,49,,,1,47,,16808,49,,,1,90,,16810,49,,,1
902,'Sunday',832,,16821,49,,,1,105,,16823,49,,,1,108,,16824,49,,,1,105,,16825,49,,,1,105,,16826,49,,,1,145,,16827,49,,,1,107,,16828,49,,,1,105,,16829,49,,,1,107,,16830,49,,,1,106,,16831,49,,,1,107,,16822,49,,,1
902,'Weekday',646,,16832,49,,,1,79,,16841,49,,,1,34,,16842,49,,,1,85,,16840,49,,,1,90,,16838,49,,,1,78,,16844,49,,,1,45,,16849,49,,,1,85,,16846,49,,,1,85,,16839,49,,,1,88,,16835,49,,,1,29,,16850,49,,,1,75,,16851,49,,,1,35,,16852,49,,,1,46,,16847,49,,,1,33,,16853,49,,,1,75,,16854,49,,,1,35,,16845,49,,,1,75,,16843,49,,,1,35,,16848,49,,,1,76,,16836,49,,,1,78,,16837,49,,,1,42,,16855,49,,,1,89,,16856,49,,,1,86,,16834,49,,,1,117,,16833,49,,,1
2403,'Holiday1',817,,19989,14,,,1,85,,19990,14,,,1,45,,19991,14,,,1,85,,19992,14,,,1,85,,19994,14,,,1,85,,19995,14,,,1,45,,19996,14,,,1,85,,19993,14,,,1,85,,19998,14,,,1,85,,19999,14,,,1,45,,20000,14,,,1,85,,19997,14,,,1,85,,20001,14,,,1,85,,20002,14,,,1,45,,20003,14,,,1
2403,'Saturday',817,,20011,14,,,1,85,,20012,14,,,1,45,,20013,14,,,1,85,,20010,14,,,1,85,,20014,14,,,1,85,,20015,14,,,1,45,,20016,14,,,1,85,,20017,14,,,1,85,,20018,14,,,1,85,,20004,14,,,1,45,,20007,14,,,1,85,,20005,14,,,1,85,,20009,14,,,1,85,,20006,14,,,1,45,,20008,14,,,1
2403,'Sunday',817,,20019,14,,,1,85,,20020,14,,,1,45,,20021,14,,,1,85,,20022,14,,,1,85,,20024,14,,,1,85,,20025,14,,,1,45,,20026,14,,,1,85,,20023,14,,,1,85,,20028,14,,,1,85,,20029,14,,,1,45,,20030,14,,,1,85,,20027,14,,,1,85,,20031,14,,,1,85,,20032,14,,,1,45,,20033,14,,,1
2403,'Weekday',445,,20038,14,,,1,65,,20036,14,,,1,30,,20034,14,,,1,72,,20040,14,,,1,36,,20056,14,,,1,76,,20050,14,,,1,76,,20051,14,,,1,35,,20049,14,,,1,76,,20047,14,,,1,36,,20048,14,,,1,81,,20035,14,,,1,75,,20037,14,,,1,36,,20053,14,,,1,76,,20054,14,,,1,37,,20052,14,,,1,77,,20055,14,,,1,27,,20039,14,,,1,74,,20043,14,,,1,76,,20044,14,,,1,37,,20058,14,,,1,78,,20060,14,,,1,36,,20061,14,,,1,76,,20062,14,,,1,76,,20059,14,,,1,36,,20063,14,,,1,74,,20057,14,,,1,33,,20041,14,,,1,75,,20042,14,,,1,73,,20045,14,,,1,45,,20046,14,,,1
2503,'Weekday',526,,20139,12,,,1,30,,20138,12,,,1,70,,20142,12,,,1,76,,20148,12,,,1,37,,20147,12,,,1,77,,20145,12,,,1,36,,20144,12,,,1,76,,20146,12,,,1,76,,20149,12,,,1,408,,20140,12,,,1,38,,20141,12,,,1,79,,20150,12,,,1,77,,20151,12,,,1,34,,20152,12,,,1,78,,20153,12,,,1,36,,20154,12,,,1,75,,20155,12,,,1,75,,20156,12,,,1,35,,20143,12,,,1
21501,'Weekday',1501,,24482,35,,,1
