2603,'251229-MULTI-Saturday-01',712,,9797,4,,1,23,,9799,4,,1,70,,9800,4,,1,30,,9798,4,,1,70,,9801,4,,1,30,,9802,4,,1,70,,9803,4,,1,29,,9805,4,,1,70,,9806,4,,1,30,,9807,4,,1,70,,9804,4,,1,31,,9808,4,,1,70,,9810,4,,1,31,,9811,4,,1,70,,9812,4,,1,30,,9809,4,,1,70,,9813,4,,1,30,,9814,4,,1,70,,9815,4,,1,30,,9816,4,,1,70,,9817,4,,1,30,,9818,4,,1,70,,9819,4,,1,30,,9821,4,,1,70,,9822,4,,1,29,,9823,4,,1,70,,9820,4,,1,30,,9824,4,,1,70,,9825,4,,1,30,,9826,4,,1,70,,9827,4,,1
2603,'251229-MULTI-Sunday-01',711,,9828,4,,1,94,,9829,4,,1,100,,9830,4,,1,100,,9831,4,,1,99,,9832,4,,1,100,,9833,4,,1,101,,9834,4,,1,101,,9835,4,,1,100,,9836,4,,1,100,,9837,4,,1,100,,9838,4,,1,100,,9839,4,,1,100,,9840,4,,1,99,,9841,4,,1,100,,9842,4,,1
2603,'260105-MULTI-Holiday1-01',711,,9843,4,,1,94,,9844,4,,1,100,,9845,4,,1,100,,9846,4,,1,99,,9847,4,,1,100,,9848,4,,1,101,,9849,4,,1,101,,9851,4,,1,100,,9852,4,,1,100,,9853,4,,1,100,,9850,4,,1,100,,9854,4,,1,100,,9855,4,,1,99,,9856,4,,1,100,,9857,4,,1
2603,'260105-MULTI-Saturday-01',712,,9858,4,,1,23,,9860,4,,1,70,,9861,4,,1,30,,9859,4,,1,70,,9862,4,,1,30,,9863,4,,1,70,,9864,4,,1,29,,9866,4,,1,70,,9867,4,,1,30,,9868,4,,1,70,,9865,4,,1,31,,9870,4,,1,70,,9872,4,,1,31,,9869,4,,1,70,,9873,4,,1,30,,9871,4,,1,70,,9874,4,,1,30,,9875,4,,1,70,,9876,4,,1,30,,9877,4,,1,70,,9878,4,,1,30,,9879,4,,1,70,,9880,4,,1,30,,9882,4,,1,70,,9883,4,,1,29,,9884,4,,1,70,,9881,4,,1,30,,9885,4,,1,70,,9886,4,,1,30,,9887,4,,1,70,,9888,4,,1
2603,'260105-MULTI-Sunday-01',711,,9889,4,,1,94,,9890,4,,1,100,,9891,4,,1,100,,9892,4,,1,99,,9893,4,,1,100,,9894,4,,1,101,,9895,4,,1,101,,9897,4,,1,100,,9898,4,,1,100,,9899,4,,1,100,,9896,4,,1,100,,9900,4,,1,100,,9901,4,,1,99,,9902,4,,1,100,,9903,4,,1
2603,'260105-MULTI-Weekday-01',443,,9904,4,,1,62,,9905,4,,1,22,,9906,4,,1,22,,9907,4,,1,62,,9908,4,,1,22,,9909,4,,1,22,,9910,4,,1,63,,9911,4,,1,22,,9912,4,,1,62,,9913,4,,1,22,,9914,4,,1,22,,9915,4,,1,62,,9916,4,,1,21,,9917,4,,1,22,,9918,4,,1,62,,9919,4,,1,22,,9920,4,,1,22,,9921,4,,1,62,,9922,4,,1,22,,9923,4,,1,62,,9924,4,,1,24,,9926,4,,1,22,,9927,4,,1,62,,9928,4,,1,22,,9925,4,,1,22,,9929,4,,1,62,,9930,4,,1,22,,9931,4,,1,62,,9932,4,,1,22,,9933,4,,1,22,,9934,4,,1,62,,9935,4,,1,22,,9936,4,,1,22,,9937,4,,1,62,,9938,4,,1,22,,9939,4,,1,65,,9940,4,,1,19,,9941,4,,1,22,,9942,4,,1,62,,9943,4,,1,22,,9944,4,,1,22,,9945,4,,1,61,,9946,4,,1,21,,9947,4,,1,22,,9948,4,,1,62,,9949,4,,1,22,,9950,4,,1,22,,9951,4,,1,64,,9952,4,,1,22,,9953,4,,1,62,,9954,4,,1,22,,9955,4,,1,22,,9956,4,,1,61,,9957,4,,1,22,,9958,4,,1,22,,9959,4,,1
2604,'251229-MULTI-Saturday-01',713,,9963,0,,1,30,,9960,0,,1,70,,9964,0,,1,30,,9966,0,,1,70,,9967,0,,1,30,,9968,0,,1,70,,9965,0,,1,30,,9969,0,,1,70,,9970,0,,1,30,,9971,0,,1,70,,9972,0,,1,30,,9973,0,,1,70,,9974,0,,1,30,,9975,0,,1,70,,9989,0,,1,30,,9977,0,,1,70,,9978,0,,1,30,,9979,0,,1,70,,9976,0,,1,30,,9980,0,,1,70,,9981,0,,1,30,,9982,0,,1,70,,9983,0,,1,30,,9984,0,,1,70,,9985,0,,1,30,,9986,0,,1,70,,9987,0,,1,30,,9988,0,,1,70,,9961,0,,1,30,,9962,0,,1
2604,'251229-MULTI-Sunday-01',713,,9990,0,,1,100,,9993,0,,1,100,,9994,0,,1,100,,9991,0,,1,100,,9992,0,,1,100,,9995,0,,1,100,,9997,0,,1,100,,9998,0,,1,100,,9999,0,,1,100,,9996,0,,1,100,,10000,0,,1,100,,10001,0,,1,100,,10002,0,,1,100,,10003,0,,1
2604,'260105-MULTI-Holiday1-01',713,,10004,0,,1,100,,10007,0,,1,100,,10008,0,,1,100,,10005,0,,1,100,,10006,0,,1,100,,10009,0,,1,100,,10011,0,,1,100,,10012,0,,1,100,,10013,0,,1,100,,10010,0,,1,100,,10014,0,,1,100,,10015,0,,1,100,,10016,0,,1,100,,10017,0,,1
2604,'260105-MULTI-Saturday-01',713,,10021,0,,1,30,,10018,0,,1,70,,10023,0,,1,30,,10025,0,,1,70,,10022,0,,1,30,,10026,0,,1,70,,10024,0,,1,30,,10027,0,,1,70,,10028,0,,1,30,,10029,0,,1,70,,10030,0,,1,30,,10031,0,,1,70,,10032,0,,1,30,,10033,0,,1,70,,10047,0,,1,30,,10035,0,,1,70,,10036,0,,1,30,,10037,0,,1,70,,10034,0,,1,30,,10038,0,,1,70,,10039,0,,1,30,,10040,0,,1,70,,10041,0,,1,30,,10042,0,,1,70,,10043,0,,1,30,,10044,0,,1,70,,10045,0,,1,30,,10046,0,,1,70,,10019,0,,1,30,,10020,0,,1
2604,'260105-MULTI-Sunday-01',713,,10048,0,,1,100,,10051,0,,1,100,,10052,0,,1,100,,10049,0,,1,100,,10050,0,,1,100,,10053,0,,1,100,,10055,0,,1,100,,10056,0,,1,100,,10057,0,,1,100,,10054,0,,1,100,,10058,0,,1,100,,10059,0,,1,100,,10060,0,,1,100,,10061,0,,1
2604,'260105-MULTI-Weekday-01',448,,10062,0,,1,62,,10063,0,,1,22,,10064,0,,1,22,,10066,0,,1,62,,10067,0,,1,22,,10068,0,,1,62,,10065,0,,1,22,,10069,0,,1,22,,10070,0,,1,62,,10071,0,,1,22,,10072,0,,1,22,,10073,0,,1,62,,10074,0,,1,22,,10075,0,,1,22,,10076,0,,1,62,,10077,0,,1,22,,10078,0,,1,62,,10079,0,,1,22,,10080,0,,1,22,,10081,0,,1,62,,10082,0,,1,22,,10083,0,,1,22,,10084,0,,1,62,,10085,0,,1,22,,10086,0,,1,22,,10087,0,,1,62,,10088,0,,1,22,,10089,0,,1,62,,10090,0,,1,22,,10091,0,,1,22,,10092,0,,1,62,,10093,0,,1,22,,10094,0,,1,22,,10095,0,,1,62,,10096,0,,1,22,,10097,0,,1,64,,10098,0,,1,20,,10099,0,,1,22,,10101,0,,1,62,,10102,0,,1,22,,10103,0,,1,22,,10100,0,,1,62,,10104,0,,1,22,,10105,0,,1,22,,10106,0,,1,62,,10107,0,,1,22,,10108,0,,1,62,,10109,0,,1,22,,10110,0,,1,22,,10111,0,,1,62,,10112,0,,1,22,,10113,0,,1,22,,10114,0,,1,62,,10115,0,,1,22,,10116,0,,1
