'251229-MULTI-Saturday-01',2302,52300,0,'',1,3000,0,'',1,7000,0,'',1,3200,0,'',1,8000,0,'',1,7200,0,'',1,2800,0,'',1,6700,0,'',1,2800,0,'',1,2800,0,'',1,6800,0,'',1,2800,0,'',1,6900,0,'',1,2800,0,'',1,6800,0,'',1,2800,0,'',1,6800,0,'',1,2800,0,'',1,6700,0,'',1,2800,0,'',1,6900,0,'',1,2800,0,'',1,6800,0,'',1,3000,0,'',1,7000,0,'',1,2600,0,'',1,2600,0,'',1,6600,0,'',1,3300,0,'',1,7000,0,'',1,3200,0,'',1,6800,0,'',1,3000,0,'',1,7000,0,'',1,3000,0,'',1,7000,0,'',1,3000,0,'',1,7000,0,'',1,3000,0,'',1
'251229-MULTI-Sunday-01',2302,72600,0,'',1,3000,0,'',1,6800,0,'',1,3200,0,'',1,6800,0,'',1,2800,0,'',1,6800,0,'',1,2800,0,'',1,6800,0,'',1,2800,0,'',1,6900,0,'',1,2800,0,'',1,6700,0,'',1,2800,0,'',1,6900,0,'',1,2800,0,'',1,6800,0,'',1,2800,0,'',1,2800,0,'',1,6800,0,'',1,2800,0,'',1,6800,0,'',1,2800,0,'',1,6800,0,'',1,2800,0,'',1,6800,0,'',1,2800,0,'',1,6800,0,'',1,2800,0,'',1,6800,0,'',1,2800,0,'',1,6800,0,'',1
'260105-MULTI-Holiday1-01',2302,72600,0,'',1,3000,0,'',1,6800,0,'',1,3200,0,'',1,6800,0,'',1,2800,0,'',1,6800,0,'',1,2800,0,'',1,6800,0,'',1,2800,0,'',1,6900,0,'',1,2800,0,'',1,6700,0,'',1,2800,0,'',1,6900,0,'',1,2800,0,'',1,6800,0,'',1,2800,0,'',1,2800,0,'',1,6800,0,'',1,2800,0,'',1,6800,0,'',1,2800,0,'',1,6800,0,'',1,2800,0,'',1,6800,0,'',1,2800,0,'',1,6800,0,'',1,2800,0,'',1,6800,0,'',1,2800,0,'',1,6800,0,'',1
'260105-MULTI-Saturday-01',2302,52300,0,'',1,3000,0,'',1,7000,0,'',1,3200,0,'',1,8000,0,'',1,7200,0,'',1,2800,0,'',1,6700,0,'',1,2800,0,'',1,2800,0,'',1,6800,0,'',1,2800,0,'',1,6900,0,'',1,2800,0,'',1,6800,0,'',1,2800,0,'',1,6800,0,'',1,2800,0,'',1,6700,0,'',1,2800,0,'',1,6900,0,'',1,2800,0,'',1,6800,0,'',1,3000,0,'',1,7000,0,'',1,2600,0,'',1,2600,0,'',1,6600,0,'',1,3300,0,'',1,7000,0,'',1,3200,0,'',1,6800,0,'',1,3000,0,'',1,7000,0,'',1,3000,0,'',1,7000,0,'',1,3000,0,'',1,7000,0,'',1,3000,0,'',1
'260105-MULTI-Sunday-01',2302,72600,0,'',1,3000,0,'',1,6800,0,'',1,3200,0,'',1,6800,0,'',1,2800,0,'',1,6800,0,'',1,2800,0,'',1,6800,0,'',1,2800,0,'',1,6900,0,'',1,2800,0,'',1,6700,0,'',1,2800,0,'',1,6900,0,'',1,2800,0,'',1,6800,0,'',1,2800,0,'',1,2800,0,'',1,6800,0,'',1,2800,0,'',1,6800,0,'',1,2800,0,'',1,6800,0,'',1,2800,0,'',1,6800,0,'',1,2800,0,'',1,6800,0,'',1,2800,0,'',1,6800,0,'',1,2800,0,'',1,6800,0,'',1
'260105-MULTI-Weekday-01',2302,44600,0,'',1,5500,0,'',1,1600,0,'',1,1500,0,'',1,1500,0,'',1,5500,0,'',1,1500,0,'',1,1500,0,'',1,1500,0,'',1,5500,0,'',1,1500,0,'',1,1500,0,'',1,1500,0,'',1,5500,0,'',1,1600,0,'',1,1700,0,'',1,1800,0,'',1,6500,0,'',1,2900,0,'',1,7100,0,'',1,2900,0,'',1,7100,0,'',1,3000,0,'',1,6900,0,'',1,3000,0,'',1,7100,0,'',1,3000,0,'',1,6900,0,'',1,1500,0,'',1,1500,0,'',1,5500,0,'',1,1500,0,'',1,1500,0,'',1,2000,0,'',1,5500,0,'',1,1500,0,'',1,1500,0,'',1,1500,0,'',1,5500,0,'',1,1500,0,'',1,1500,0,'',1,1500,0,'',1,5500,0,'',1,1500,0,'',1,1700,0,'',1,1300,0,'',1,5500,0,'',1,3400,0,'',1,7400,0,'',1,3400,0,'',1,7300,0,'',1,3400,0,'',1,7400,0,'',1,7400,0,'',1,3400,0,'',1
'251229-MULTI-Saturday-01',3503,81900,0,'',1,8600,0,'',1,4500,0,'',1,8500,0,'',1,8500,0,'',1,8500,0,'',1,4500,0,'',1,8500,0,'',1,8500,0,'',1,8500,0,'',1,4500,0,'',1,8500,0,'',1,8500,0,'',1,8500,0,'',1,4500,0,'',1,8500,0,'',1,8500,0,'',1
'251229-MULTI-Sunday-01',3503,80400,0,'',1,4500,0,'',1,8500,0,'',1,8600,0,'',1,8500,0,'',1,4500,0,'',1,8500,0,'',1,8500,0,'',1,8500,0,'',1,4500,0,'',1,8500,0,'',1,8500,0,'',1,8500,0,'',1,4500,0,'',1,8500,0,'',1,8500,0,'',1
'260105-MULTI-Holiday1-01',3503,80400,0,'',1,4500,0,'',1,8500,0,'',1,8600,0,'',1,8500,0,'',1,4500,0,'',1,8500,0,'',1,8500,0,'',1,8500,0,'',1,4500,0,'',1,8500,0,'',1,8500,0,'',1,8500,0,'',1,4500,0,'',1,8500,0,'',1,8500,0,'',1
'260105-MULTI-Saturday-01',3503,81900,0,'',1,8600,0,'',1,4500,0,'',1,8500,0,'',1,8500,0,'',1,8500,0,'',1,4500,0,'',1,8500,0,'',1,8500,0,'',1,8500,0,'',1,4500,0,'',1,8500,0,'',1,8500,0,'',1,8500,0,'',1,4500,0,'',1,8500,0,'',1,8500,0,'',1
'260105-MULTI-Sunday-01',3503,80400,0,'',1,4500,0,'',1,8500,0,'',1,8600,0,'',1,8500,0,'',1,4500,0,'',1,8500,0,'',1,8500,0,'',1,8500,0,'',1,4500,0,'',1,8500,0,'',1,8500,0,'',1,8500,0,'',1,4500,0,'',1,8500,0,'',1,8500,0,'',1
'260105-MULTI-Weekday-01',3503,53400,0,'',1,7600,0,'',1,3500,0,'',1,7500,0,'',1,3500,0,'',1,7500,0,'',1,7500,0,'',1,3500,0,'',1,7500,0,'',1,3500,0,'',1,8000,0,'',1,7000,0,'',1,3500,0,'',1,7500,0,'',1,3500,0,'',1,7500,0,'',1,3500,0,'',1,7600,0,'',1,7500,0,'',1,3500,0,'',1,7500,0,'',1,3500,0,'',1,7500,0,'',1,7500,0,'',1,3500,0,'',1,7400,0,'',1,3500,0,'',1,7500,0,'',1,3500,0,'',1,7500,0,'',1,7500,0,'',1,3500,0,'',1
