501,'251229-MULTI-Saturday-01',522,,2862,0,,1,83,,2883,0,,1,17,,2902,0,,1,24,,2863,0,,1,72,,2864,0,,1,31,,2865,0,,1,71,,2866,0,,1,31,,2867,0,,1,70,,2868,0,,1,29,,2869,0,,1,70,,2870,0,,1,34,,2871,0,,1,80,,2886,0,,1,70,,2887,0,,1,30,,2889,0,,1,70,,2890,0,,1,30,,2885,0,,1,70,,2888,0,,1,30,,2891,0,,1,70,,2892,0,,1,31,,2893,0,,1,70,,2894,0,,1,30,,2896,0,,1,70,,2897,0,,1,30,,2898,0,,1,70,,2895,0,,1,30,,2899,0,,1,69,,2900,0,,1,26,,2901,0,,1,70,,2872,0,,1,25,,2873,0,,1,29,,2874,0,,1,64,,2875,0,,1,29,,2876,0,,1,70,,2877,0,,1,28,,2878,0,,1,69,,2879,0,,1,27,,2880,0,,1,70,,2881,0,,1,30,,2884,0,,1,70,,2882,0,,1
501,'251229-MULTI-Sunday-01',648,,2921,0,,1,70,,2916,0,,1,30,,2908,0,,1,70,,2906,0,,1,31,,2919,0,,1,71,,2912,0,,1,33,,2909,0,,1,71,,2904,0,,1,29,,2918,0,,1,71,,2913,0,,1,31,,2907,0,,1,70,,2903,0,,1,33,,2905,0,,1,70,,2917,0,,1,30,,2910,0,,1,80,,2914,0,,1,70,,2911,0,,1,30,,2915,0,,1,70,,2920,0,,1,30,,2922,0,,1,70,,2923,0,,1,30,,2924,0,,1,70,,2925,0,,1,30,,2926,0,,1,70,,2927,0,,1,30,,2928,0,,1,69,,2929,0,,1,30,,2931,0,,1,70,,2930,0,,1,29,,2932,0,,1,68,,2933,0,,1,27,,2934,0,,1,20,,2936,0,,1,70,,2937,0,,1,29,,2935,0,,1
501,'260105-MULTI-Holiday1-01',648,,2956,0,,1,70,,2951,0,,1,30,,2943,0,,1,70,,2941,0,,1,31,,2954,0,,1,71,,2948,0,,1,33,,2944,0,,1,71,,2939,0,,1,29,,2953,0,,1,71,,2949,0,,1,31,,2942,0,,1,70,,2938,0,,1,33,,2940,0,,1,70,,2952,0,,1,30,,2945,0,,1,80,,2947,0,,1,70,,2946,0,,1,30,,2950,0,,1,70,,2955,0,,1,30,,2957,0,,1,70,,2958,0,,1,30,,2959,0,,1,70,,2960,0,,1,30,,2961,0,,1,70,,2962,0,,1,30,,2963,0,,1,69,,2964,0,,1,30,,2966,0,,1,70,,2965,0,,1,29,,2967,0,,1,68,,2968,0,,1,27,,2969,0,,1,26,,2971,0,,1,64,,2972,0,,1,29,,2970,0,,1
501,'260105-MULTI-Saturday-01',522,,2973,0,,1,27,,2994,0,,1,70,,3013,0,,1,27,,2974,0,,1,72,,2975,0,,1,31,,2976,0,,1,71,,2977,0,,1,29,,2978,0,,1,72,,2979,0,,1,32,,2980,0,,1,72,,2981,0,,1,34,,2982,0,,1,75,,2997,0,,1,70,,2998,0,,1,36,,3001,0,,1,70,,2999,0,,1,24,,2996,0,,1,70,,3000,0,,1,30,,3002,0,,1,70,,3003,0,,1,31,,3004,0,,1,70,,3005,0,,1,30,,3007,0,,1,70,,3008,0,,1,30,,3009,0,,1,70,,3006,0,,1,30,,3010,0,,1,69,,3011,0,,1,26,,3012,0,,1,70,,2983,0,,1,25,,2984,0,,1,29,,2985,0,,1,64,,2986,0,,1,27,,2987,0,,1,72,,2988,0,,1,28,,2989,0,,1,67,,2990,0,,1,23,,2991,0,,1,69,,2992,0,,1,30,,2995,0,,1,70,,2993,0,,1
501,'260105-MULTI-Sunday-01',648,,3032,0,,1,70,,3027,0,,1,30,,3019,0,,1,70,,3017,0,,1,31,,3030,0,,1,71,,3024,0,,1,33,,3020,0,,1,71,,3015,0,,1,29,,3029,0,,1,71,,3025,0,,1,31,,3018,0,,1,70,,3014,0,,1,33,,3016,0,,1,70,,3028,0,,1,30,,3021,0,,1,80,,3023,0,,1,70,,3022,0,,1,30,,3026,0,,1,70,,3031,0,,1,30,,3033,0,,1,70,,3034,0,,1,30,,3035,0,,1,70,,3036,0,,1,30,,3037,0,,1,70,,3038,0,,1,30,,3039,0,,1,69,,3040,0,,1,30,,3042,0,,1,70,,3041,0,,1,29,,3043,0,,1,68,,3044,0,,1,27,,3045,0,,1,26,,3047,0,,1,64,,3048,0,,1,29,,3046,0,,1
501,'260105-MULTI-Weekday-01',453,,3054,0,,1,60,,3056,0,,1,21,,3055,0,,1,21,,3053,0,,1,62,,3052,0,,1,20,,3051,0,,1,21,,3050,0,,1,55,,3049,0,,1,15,,3058,0,,1,7,,3120,0,,1,7,,3057,0,,1,15,,3059,0,,1,67,,3060,0,,1,29,,3062,0,,1,66,,3063,0,,1,27,,3064,0,,1,80,,3090,0,,1,78,,3091,0,,1,41,,3092,0,,1,80,,3094,0,,1,80,,3095,0,,1,41,,3096,0,,1,80,,3093,0,,1,33,,3097,0,,1,69,,3098,0,,1,27,,3099,0,,1,66,,3100,0,,1,26,,3101,0,,1,67,,3102,0,,1,26,,3103,0,,1,66,,3104,0,,1,25,,3105,0,,1,26,,3106,0,,1,65,,3074,0,,1,25,,3083,0,,1,83,,3116,0,,1,24,,3114,0,,1,69,,3117,0,,1,17,,3118,0,,1,11,,3119,0,,1,66,,3108,0,,1,5,,3109,0,,1,37,,3112,0,,1,64,,3107,0,,1,31,,3115,0,,1,65,,3113,0,,1,39,,3111,0,,1,67,,3110,0,,1
2901,'251229-MULTI-Saturday-01',605,,10659,0,,1,25,,10650,0,,1,25,,10660,0,,1,66,,10661,0,,1,26,,10662,0,,1,66,,10663,0,,1,27,,10664,0,,1,65,,10665,0,,1,26,,10666,0,,1,25,,10667,0,,1,65,,10668,0,,1,25,,10669,0,,1,65,,10670,0,,1,25,,10671,0,,1,65,,10673,0,,1,26,,10674,0,,1,25,,10675,0,,1,65,,10672,0,,1,25,,10676,0,,1,65,,10677,0,,1,25,,10678,0,,1,25,,10679,0,,1,65,,10681,0,,1,25,,10682,0,,1,65,,10683,0,,1,25,,10680,0,,1,65,,10684,0,,1,25,,10685,0,,1,25,,10686,0,,1,65,,10687,0,,1,24,,10688,0,,1,65,,10689,0,,1,30,,10652,0,,1,73,,10651,0,,1,33,,10653,0,,1,68,,10655,0,,1,39,,10654,0,,1,93,,10656,0,,1,87,,10657,0,,1,90,,10658,0,,1
2901,'251229-MULTI-Sunday-01',630,,10715,0,,1,75,,10714,0,,1,35,,10704,0,,1,75,,10706,0,,1,37,,10707,0,,1,76,,10702,0,,1,76,,10703,0,,1,36,,10708,0,,1,76,,10705,0,,1,35,,10709,0,,1,76,,10701,0,,1,75,,10694,0,,1,35,,10700,0,,1,75,,10696,0,,1,35,,10699,0,,1,75,,10698,0,,1,35,,10697,0,,1,75,,10695,0,,1,75,,10693,0,,1,35,,10692,0,,1,75,,10690,0,,1,33,,10691,0,,1,73,,10710,0,,1,35,,10711,0,,1,75,,10713,0,,1,75,,10712,0,,1,48,,10717,0,,1,90,,10716,0,,1,90,,10718,0,,1,90,,10719,0,,1
2901,'260105-MULTI-Holiday1-01',630,,10745,0,,1,75,,10744,0,,1,35,,10731,0,,1,75,,10736,0,,1,37,,10737,0,,1,76,,10733,0,,1,76,,10734,0,,1,36,,10738,0,,1,76,,10735,0,,1,35,,10739,0,,1,76,,10732,0,,1,75,,10724,0,,1,35,,10730,0,,1,75,,10726,0,,1,35,,10729,0,,1,75,,10728,0,,1,35,,10727,0,,1,75,,10725,0,,1,75,,10723,0,,1,35,,10722,0,,1,75,,10720,0,,1,33,,10721,0,,1,73,,10740,0,,1,35,,10741,0,,1,75,,10743,0,,1,75,,10742,0,,1,48,,10747,0,,1,90,,10746,0,,1,90,,10748,0,,1,90,,10749,0,,1
2901,'260105-MULTI-Saturday-01',605,,10759,0,,1,25,,10750,0,,1,25,,10760,0,,1,66,,10761,0,,1,26,,10762,0,,1,66,,10763,0,,1,27,,10764,0,,1,65,,10765,0,,1,26,,10766,0,,1,25,,10767,0,,1,65,,10768,0,,1,25,,10769,0,,1,65,,10770,0,,1,25,,10771,0,,1,65,,10773,0,,1,26,,10774,0,,1,25,,10775,0,,1,65,,10772,0,,1,25,,10776,0,,1,65,,10778,0,,1,25,,10779,0,,1,25,,10780,0,,1,65,,10781,0,,1,25,,10782,0,,1,65,,10783,0,,1,25,,10777,0,,1,65,,10784,0,,1,25,,10785,0,,1,25,,10786,0,,1,65,,10787,0,,1,24,,10788,0,,1,65,,10789,0,,1,30,,10752,0,,1,73,,10751,0,,1,33,,10753,0,,1,68,,10755,0,,1,39,,10754,0,,1,93,,10756,0,,1,87,,10757,0,,1,90,,10758,0,,1
2901,'260105-MULTI-Sunday-01',630,,10815,0,,1,75,,10814,0,,1,35,,10801,0,,1,75,,10806,0,,1,37,,10807,0,,1,76,,10803,0,,1,76,,10804,0,,1,36,,10808,0,,1,76,,10805,0,,1,35,,10809,0,,1,76,,10802,0,,1,75,,10794,0,,1,35,,10800,0,,1,75,,10796,0,,1,35,,10799,0,,1,75,,10798,0,,1,35,,10797,0,,1,75,,10795,0,,1,75,,10793,0,,1,35,,10792,0,,1,75,,10790,0,,1,33,,10791,0,,1,73,,10810,0,,1,35,,10811,0,,1,75,,10813,0,,1,75,,10812,0,,1,48,,10817,0,,1,90,,10816,0,,1,90,,10818,0,,1,90,,10819,0,,1
2901,'260105-MULTI-Weekday-01',544,,10821,0,5,1,14,,10820,0,5,1,58,,10828,0,5,1,16,,10827,0,5,1,5,,10886,0,5,1,10,,10824,0,5,1,54,,10826,0,5,1,13,,10823,0,5,1,15,,10825,0,5,1,16,,10837,0,5,1,14,,10834,0,5,1,54,,10838,0,5,1,9,,10885,0,5,1,5,,10830,0,5,1,14,,10839,0,5,1,14,,10829,0,5,1,53,,10833,0,5,1,12,,10831,0,5,1,12,,10836,0,5,1,13,,10835,0,5,1,14,,10832,0,5,1,55,,10822,0,,1,25,,10840,0,,1,65,,10841,0,,1,25,,10842,0,,1,25,,10843,0,,1,66,,10844,0,,1,26,,10845,0,,1,65,,10846,0,,1,25,,10847,0,,1,65,,10848,0,,1,27,,10849,0,,1,24,,10850,0,5,1,49,,10887,0,5,1,5,,10851,0,5,1,15,,10852,0,5,1,14,,10853,0,5,1,14,,10854,0,5,1,55,,10855,0,5,1,15,,10857,0,5,1,15,,10858,0,5,1,15,,10859,0,5,1,55,,10856,0,5,1,15,,10860,0,5,1,15,,10861,0,5,1,15,,10862,0,5,1,55,,10863,0,5,1,15,,10864,0,5,1,15,,10865,0,5,1,15,,10866,0,5,1,54,,10867,0,5,1,13,,10868,0,5,1,13,,10869,0,5,1,14,,10870,0,5,1,15,,10871,0,5,1,58,,10872,0,5,1,15,,10873,0,5,1,14,,10874,0,5,1,63,,10875,0,,1,30,,10876,0,,1,75,,10877,0,,1,30,,10878,0,,1,71,,10879,0,,1,27,,10880,0,,1,70,,10881,0,,1,30,,10882,0,,1,70,,10883,0,,1,30,,10884,0,,1
