'251229-MULTI-Saturday-01',3103,83300,0,'A',1,600,0,'',1,8900,0,'',1,500,0,'A',1,10300,0,'',1,500,0,'A',1,10000,0,'',1,500,0,'A',1,10000,0,'',1,500,0,'A',1,9900,0,'',1,500,0,'A',1,10100,0,'',1,4500,0,'A',1,10000,0,'',1,500,0,'A',1,10000,0,'',1,500,0,'A',1,10000,0,'',1,500,0,'A',1,9700,0,'',1,500,0,'A',1
'251229-MULTI-Sunday-01',3103,92600,0,'',1,500,0,'A',1,10000,0,'',1,500,0,'A',1,10000,0,'',1,500,0,'A',1,10000,0,'',1,500,0,'A',1,10000,0,'',1,500,0,'A',1,10000,0,'',1,500,0,'A',1,10000,0,'',1,4500,0,'A',1,10000,0,'',1,500,0,'A',1,10000,0,'',1,500,0,'A',1
'260105-MULTI-Holiday1-01',3103,92600,0,'',1,500,0,'A',1,10000,0,'',1,500,0,'A',1,10000,0,'',1,500,0,'A',1,10000,0,'',1,500,0,'A',1,10000,0,'',1,500,0,'A',1,10000,0,'',1,500,0,'A',1,10000,0,'',1,4500,0,'A',1,10000,0,'',1,500,0,'A',1,10000,0,'',1,500,0,'A',1
'260105-MULTI-Saturday-01',3103,83300,0,'A',1,600,0,'',1,8900,0,'',1,500,0,'A',1,10300,0,'',1,500,0,'A',1,10000,0,'',1,500,0,'A',1,10000,0,'',1,500,0,'A',1,9900,0,'',1,500,0,'A',1,10100,0,'',1,4500,0,'A',1,10000,0,'',1,500,0,'A',1,10000,0,'',1,500,0,'A',1,10000,0,'',1,500,0,'A',1,9700,0,'',1,500,0,'A',1
'260105-MULTI-Sunday-01',3103,92600,0,'',1,500,0,'A',1,10000,0,'',1,500,0,'A',1,10000,0,'',1,500,0,'A',1,10000,0,'',1,500,0,'A',1,10000,0,'',1,500,0,'A',1,10000,0,'',1,500,0,'A',1,10000,0,'',1,4500,0,'A',1,10000,0,'',1,500,0,'A',1,10000,0,'',1,500,0,'A',1
'260105-MULTI-Weekday-01',3103,53500,0,'',1,500,0,'A',1,6800,0,'',1,3200,0,'',1,500,0,'A',1,6700,0,'',1,3200,0,'',1,500,0,'A',1,6700,0,'',1,3200,0,'',1,500,0,'A',1,6700,0,'',1,3200,0,'',1,500,0,'A',1,6700,0,'',1,3200,0,'',1,4500,0,'A',1,2700,0,'',1,7200,0,'',1,500,0,'A',1,2700,0,'',1,7200,0,'',1,500,0,'A',1,2700,0,'',1,7200,0,'',1,500,0,'A',1,2700,0,'',1,7200,0,'',1,500,0,'A',1,2700,0,'',1,7200,0,'',1,500,0,'A',1,2700,0,'',1,7200,0,'',1,500,0,'A',1,2700,0,'',1,7200,0,'',1,3200,0,'',1,7900,0,'',1,11000,0,'',1,10000,0,'',1,10000,0,'',1,10000,0,'',1
'251229-MULTI-Saturday-01',50102,65500,0,'',1,5600,0,'',1,1700,0,'',1,1600,0,'',1,5600,0,'',1,1600,0,'',1,1600,0,'',1,1600,0,'',1,5600,0,'',1,1600,0,'',1,1700,0,'',1,1600,0,'',1,5600,0,'',1,1600,0,'',1,1600,0,'',1,1600,0,'',1,5600,0,'',1,1600,0,'',1,1800,0,'',1,5500,0,'',1,1500,0,'',1,1600,0,'',1,1400,0,'',1,5600,0,'',1,1600,0,'',1,1600,0,'',1,1600,0,'',1,5600,0,'',1,1600,0,'',1,1600,0,'',1,1600,0,'',1,5600,0,'',1,1600,0,'',1,1600,0,'',1,1600,0,'',1,5600,0,'',1,1300,0,'',1,1600,0,'',1,5600,0,'',1,1600,0,'',1,1600,0,'',1,1600,0,'',1,5600,0,'',1,1400,0,'',1,1800,0,'',1,2300,0,'',1,5800,0,'',1,1700,0,'',1,2200,0,'',1,5800,0,'',1,2400,0,'',1,1600,0,'',1,6000,0,'',1,2000,0,'',1,2000,0,'',1,6000,0,'',1,2000,0,'',1,2000,0,'',1,5700,0,'',1,1800,0,'',1,2100,0,'',1,6000,0,'',1
'251229-MULTI-Sunday-01',50102,83100,0,'',1,1800,0,'',1,5800,0,'',1,2200,0,'',1,2000,0,'',1,5800,0,'',1,1900,0,'',1,1800,0,'',1,5800,0,'',1,1800,0,'',1,1800,0,'',1,1800,0,'',1,5800,0,'',1,1900,0,'',1,2200,0,'',1,6400,0,'',1,2200,0,'',1,6100,0,'',1,1800,0,'',1,1800,0,'',1,1800,0,'',1,5800,0,'',1,1800,0,'',1,1800,0,'',1,5800,0,'',1,1800,0,'',1,1800,0,'',1,5800,0,'',1,1800,0,'',1,1800,0,'',1,1800,0,'',1,5500,0,'',1,1400,0,'',1,1500,0,'',1,1600,0,'',1,5800,0,'',1,1400,0,'',1,1800,0,'',1,5800,0,'',1,2000,0,'',1,1800,0,'',1,5800,0,'',1,1800,0,'',1,1800,0,'',1,1400,0,'',1,5600,0,'',1,2000,0,'',1,2300,0,'',1,6500,0,'',1,2100,0,'',1,6500,0,'',1
'260105-MULTI-Holiday1-01',50102,83100,0,'',1,1800,0,'',1,5800,0,'',1,2200,0,'',1,2000,0,'',1,5800,0,'',1,1900,0,'',1,1800,0,'',1,5800,0,'',1,1800,0,'',1,1800,0,'',1,1800,0,'',1,5800,0,'',1,1900,0,'',1,2200,0,'',1,6400,0,'',1,2200,0,'',1,6100,0,'',1,1800,0,'',1,1800,0,'',1,1800,0,'',1,5800,0,'',1,1800,0,'',1,1800,0,'',1,5800,0,'',1,1800,0,'',1,1800,0,'',1,5800,0,'',1,1800,0,'',1,1800,0,'',1,1800,0,'',1,5500,0,'',1,1400,0,'',1,1500,0,'',1,1600,0,'',1,5800,0,'',1,1400,0,'',1,1800,0,'',1,5800,0,'',1,2000,0,'',1,1800,0,'',1,5800,0,'',1,1800,0,'',1,1800,0,'',1,1400,0,'',1,5600,0,'',1,2000,0,'',1,2300,0,'',1,6500,0,'',1,2100,0,'',1,6500,0,'',1
'260105-MULTI-Saturday-01',50102,65500,0,'',1,5600,0,'',1,1700,0,'',1,1600,0,'',1,5600,0,'',1,1600,0,'',1,1600,0,'',1,1600,0,'',1,5600,0,'',1,1600,0,'',1,1700,0,'',1,1600,0,'',1,5600,0,'',1,1600,0,'',1,1600,0,'',1,1600,0,'',1,5600,0,'',1,1600,0,'',1,1800,0,'',1,5500,0,'',1,1500,0,'',1,1600,0,'',1,1400,0,'',1,5600,0,'',1,1600,0,'',1,1600,0,'',1,1600,0,'',1,5600,0,'',1,1600,0,'',1,1600,0,'',1,1600,0,'',1,5600,0,'',1,1600,0,'',1,1600,0,'',1,1600,0,'',1,5600,0,'',1,1300,0,'',1,1600,0,'',1,5600,0,'',1,1600,0,'',1,1600,0,'',1,1600,0,'',1,5600,0,'',1,1400,0,'',1,1800,0,'',1,2300,0,'',1,5800,0,'',1,1700,0,'',1,2200,0,'',1,5800,0,'',1,2400,0,'',1,1600,0,'',1,6000,0,'',1,2000,0,'',1,2000,0,'',1,6000,0,'',1,2000,0,'',1,2000,0,'',1,5700,0,'',1,1800,0,'',1,2100,0,'',1,6000,0,'',1
'260105-MULTI-Sunday-01',50102,83100,0,'',1,1800,0,'',1,5800,0,'',1,2200,0,'',1,2000,0,'',1,5800,0,'',1,1900,0,'',1,1800,0,'',1,5800,0,'',1,1800,0,'',1,1800,0,'',1,1800,0,'',1,5800,0,'',1,1900,0,'',1,2200,0,'',1,6400,0,'',1,2200,0,'',1,6100,0,'',1,1800,0,'',1,1800,0,'',1,1800,0,'',1,5800,0,'',1,1800,0,'',1,1800,0,'',1,5800,0,'',1,1800,0,'',1,1800,0,'',1,5800,0,'',1,1800,0,'',1,1800,0,'',1,1800,0,'',1,5500,0,'',1,1400,0,'',1,1500,0,'',1,1600,0,'',1,5800,0,'',1,1400,0,'',1,1800,0,'',1,5800,0,'',1,2000,0,'',1,1800,0,'',1,5800,0,'',1,1800,0,'',1,1800,0,'',1,1400,0,'',1,5600,0,'',1,2000,0,'',1,2300,0,'',1,6500,0,'',1,2100,0,'',1,6500,0,'',1
'260105-MULTI-Weekday-01',50102,61200,0,'',1,1100,0,'',1,1300,0,'',1,1200,0,'',1,5200,0,'',1,1200,0,'',1,1500,0,'',1,1200,0,'',1,1200,0,'',1,5200,0,'',1,1200,0,'',1,1200,0,'',1,1200,0,'',1,1200,0,'',1,5200,0,'',1,1200,0,'',1,1100,0,'',1,1200,0,'',1,1200,0,'',1,5200,0,'',1,1200,0,'',1,1200,0,'',1,1200,0,'',1,1200,0,'',1,5200,0,'',1,1200,0,'',1,1200,0,'',1,1200,0,'',1,1200,0,'',1,5200,0,'',1,1200,0,'',1,1200,0,'',1,1200,0,'',1,1200,0,'',1,5200,0,'',1,1200,0,'',1,1200,0,'',1,1200,0,'',1,1200,0,'',1,5300,0,'',1,1300,0,'',1,1400,0,'',1,700,0,'',1,600,0,'',1,600,0,'',1,600,0,'',1,4600,0,'',1,600,0,'',1,700,0,'',1,900,0,'',1,600,0,'',1,600,0,'',1,600,0,'',1,600,0,'',1,600,0,'',1,600,0,'',1,4600,0,'',1,600,0,'',1,600,0,'',1,600,0,'',1,600,0,'',1,600,0,'',1,600,0,'',1,600,0,'',1,600,0,'',1,600,0,'',1,4600,0,'',1,600,0,'',1,500,0,'',1,600,0,'',1,600,0,'',1,600,0,'',1,600,0,'',1,600,0,'',1,600,0,'',1,600,0,'',1,4600,0,'',1,500,0,'',1,500,0,'',1,400,0,'',1,600,0,'',1,600,0,'',1,500,0,'',1,600,0,'',1,600,0,'',1,600,0,'',1,600,0,'',1,4500,0,'',1,500,0,'',1,500,0,'',1,500,0,'',1,500,0,'',1,600,0,'',1,600,0,'',1,600,0,'',1,600,0,'',1,600,0,'',1,4600,0,'',1,600,0,'',1,600,0,'',1,600,0,'',1,600,0,'',1,600,0,'',1,1200,0,'',1,1200,0,'',1,5200,0,'',1,900,0,'',1,900,0,'',1,1000,0,'',1,900,0,'',1,1500,0,'',1,5500,0,'',1,1300,0,'',1,2100,0,'',1,6200,0,'',1,1500,0,'',1,1800,0,'',1,5800,0,'',1,1800,0,'',1
