1101,'Holiday1',519,,3516,7,,,1,40,,3514,7,,,1,80,,3512,7,,,1,80,,3510,7,,,1,40,,3517,7,,,1,80,,3519,7,,,1,80,,3522,7,,,1,40,,3523,7,,,1,80,,3526,7,,,1,80,,3525,7,,,1,40,,3529,7,,,1,80,,3532,7,,,1,80,,3533,7,,,1,40,,3534,7,,,1,80,,3536,7,,,1,82,,3539,7,,,1,82,,3543,7,,,1,42,,3544,7,,,1,82,,3548,7,,,1,80,,3546,7,,,1,41,,3545,7,,,1,86,,3550,7,,,1,86,,3551,7,,,1,84,,3559,7,,,1,45,,3556,7,,,1,88,,3555,7,,,1,86,,3562,7,,,1,80,,3563,7,,,1
1101,'Saturday',436,,3564,7,,,1,82,,3567,7,,,1,40,,3568,7,,,1,81,,3566,7,,,1,80,,3565,7,,,1,40,,3569,7,,,1,82,,3576,7,,,1,88,,3578,7,,,1,79,,3579,7,,,1,42,,3580,7,,,1,82,,3582,7,,,1,82,,3583,7,,,1,41,,3584,7,,,1,82,,3581,7,,,1,81,,3585,7,,,1,86,,3599,7,,,1,44,,3600,7,,,1,87,,3601,7,,,1,83,,3602,7,,,1,84,,3603,7,,,1,45,,3604,7,,,1,87,,3608,7,,,1,84,,3609,7,,,1,87,,3610,7,,,1,54,,3612,7,,,1,94,,3615,7,,,1,105,,3616,7,,,1
1101,'Sunday',519,,3623,7,,,1,40,,3621,7,,,1,80,,3619,7,,,1,80,,3617,7,,,1,40,,3624,7,,,1,80,,3626,7,,,1,80,,3629,7,,,1,40,,3630,7,,,1,80,,3633,7,,,1,80,,3632,7,,,1,40,,3636,7,,,1,80,,3638,7,,,1,80,,3640,7,,,1,40,,3641,7,,,1,80,,3643,7,,,1,82,,3646,7,,,1,82,,3650,7,,,1,42,,3651,7,,,1,82,,3655,7,,,1,80,,3653,7,,,1,41,,3652,7,,,1,86,,3657,7,,,1,86,,3658,7,,,1,84,,3666,7,,,1,45,,3663,7,,,1,88,,3662,7,,,1,86,,3669,7,,,1,80,,3670,7,,,1
1101,'Weekday',425,,3743,7,,,1,33,,3744,7,,,1,74,,3742,7,,,1,70,,3740,7,,,1,28,,3749,7,,,1,28,,3746,7,,,1,68,,3745,7,,,1,28,,3725,7,,,1,68,,3723,7,,,1,31,,3724,7,,,1,66,,3737,7,,,1,34,,3728,7,,,1,73,,3729,7,,,1,32,,3714,7,,,1,79,,3715,7,,,1,81,,3702,7,,,1,30,,3703,7,,,1,10,,3700,9,0,9 10,1,62,,3731,7,,,1,35,,3734,7,,,1,67,,3695,7,,,1,30,,3696,7,,,1,98,,3711,7,,,1,68,,3701,9,0,9 11,1,27,,3712,7,,,1,67,,3686,7,,,1,29,,3732,7,,,1,71,,3684,7,,,1,25,,3706,7,,,1,64,,3717,7,,,1,28,,3716,7,,,1,71,,3677,7,,,1,34,,3675,7,,,1,74,,3680,7,,,1,23,,3691,9,0,9 11,1,21,,3689,7,,,1,77,,3678,7,,,1,88,,3682,7,,,1,35,,3672,6,0,9 10,1,59,,3688,7,,,1,18,,3671,6,0,9 10,1,15,,3674,7,,,1,75,,3698,7,,,1
5101,'Holiday1',850,,9282,4,,,1,101,,9284,4,,,1,99,,9283,4,,,1,100,,9281,4,,,1,103,,9280,4,,,1,100,,9279,4,,,1,100,,9278,4,,,1,100,,9277,4,,,1,100,,9276,4,,,1,100,,9274,4,,,1,99,,9275,4,,,1,100,,9273,4,,,1,100,,9272,4,,,1,100,,9271,4,,,1
5101,'Saturday',651,,9286,4,,,1,100,,9287,4,,,1,100,,9288,4,,,1,100,,9292,4,,,1,100,,9290,4,,,1,100,,9289,4,,,1,101,,9291,4,,,1,100,,9294,4,,,1,100,,9293,4,,,1,100,,9296,4,,,1,100,,9295,4,,,1,100,,9297,4,,,1,100,,9285,4,,,1,100,,9300,4,,,1,100,,9298,4,,,1,100,,9299,4,,,1
5101,'Sunday',850,,9312,4,,,1,101,,9314,4,,,1,99,,9313,4,,,1,100,,9311,4,,,1,103,,9310,4,,,1,100,,9309,4,,,1,100,,9308,4,,,1,100,,9307,4,,,1,100,,9306,4,,,1,100,,9304,4,,,1,99,,9305,4,,,1,100,,9303,4,,,1,100,,9302,4,,,1,100,,9301,4,,,1
5101,'Weekday',500,,9315,4,,,1,33,,9328,4,,,1,70,,9316,4,,,1,37,,9326,4,,,1,64,,9317,4,,,1,32,,9325,4,,,1,68,,9319,4,,,1,34,,9327,4,,,1,67,,9323,4,,,1,31,,9338,4,,,1,69,,9340,4,,,1,30,,9341,4,,,1,70,,9342,4,,,1,30,,9339,4,,,1,70,,9343,4,,,1,26,,9344,4,,,1,72,,9345,4,,,1,27,,9346,4,,,1,73,,9347,4,,,1,32,,9348,4,,,1,69,,9320,4,,,1,30,,9330,4,,,1,73,,9321,4,,,1,27,,9331,4,,,1,71,,9318,4,,,1,29,,9332,4,,,1,74,,9324,4,,,1,28,,9329,4,,,1,100,,9322,4,,,1,100,,9334,4,,,1,99,,9335,4,,,1,100,,9336,4,,,1,108,,9337,4,,,1,92,,9333,4,,,1
51101,'Holiday1',446,,12828,4,,,1,70,,12830,4,,,1,41,,12836,7,,,1,60,,12839,7,,,1,32,,12837,7,,,1,63,,12805,7,,,1,10,,12840,7,,,1,10,,12838,7,,,1,20,,12808,7,,,1,75,,12806,7,,,1,85,,12809,7,,,1,40,,12810,7,,,1,80,,12807,7,,,1,80,,12812,7,,,1,40,,12813,7,,,1,80,,12814,7,,,1,80,,12811,7,,,1,43,,12815,7,,,1,1,,12831,4,,,1,81,,12816,7,,,1,80,,12817,7,,,1,40,,12818,7,,,1,80,,12819,7,,,1,80,,12820,7,,,1,29,,12832,4,,,1,10,,12829,4,,,1,44,,12821,7,,,1,16,,12833,4,,,1,21,,12823,7,,,1,80,,12824,7,,,1,4,,12834,4,,,1,33,,12825,7,,,1,79,,12822,7,,,1,80,,12826,7,,,1,40,,12827,7,,,1,193,,12835,4,,,1
51101,'Saturday',449,,12842,4,,,1,63,,12841,7,,,1,4,,12844,4,0,13,1,30,,12849,7,,,1,11,,12845,7,,,1,59,,12843,7,,,1,30,,12853,7,,,1,66,,12847,7,0,13,1,12,,12866,7,0,13,1,3,,12851,7,,,1,86,,12852,7,,,1,45,,12848,7,,,1,85,,12858,7,,,1,86,,12861,7,,,1,90,,12868,7,,,1,90,,12867,7,,,1,50,,12874,7,,,1,90,,12873,7,,,1,7,,12892,4,0,13,1,83,,12880,7,,,1,90,,12887,7,,,1,90,,12893,7,,,1,90,,12899,7,,,1,37,,12908,4,0,13,1,1,,12900,7,0,13,1,8,,12905,7,0,13,1,1,,12913,4,0,13,1,1,,12903,7,,,1,59,,12918,4,0,13,1,1,,12906,7,0,13,1,11,,12921,7,0,13,1,21,,12909,7,,,1,72,,12923,4,0,13,1,1,,12922,7,0,13,1,17,,12915,7,,,1,407,,12932,4,0,13,1
51101,'Sunday',446,,12977,4,,,1,70,,12979,4,,,1,41,,12987,7,,,1,60,,12988,7,,,1,32,,12985,7,,,1,63,,12954,7,,,1,10,,12989,7,,,1,10,,12986,7,,,1,20,,12957,7,,,1,75,,12955,7,,,1,85,,12958,7,,,1,40,,12959,7,,,1,80,,12956,7,,,1,80,,12961,7,,,1,40,,12962,7,,,1,80,,12963,7,,,1,80,,12960,7,,,1,43,,12964,7,,,1,1,,12980,4,,,1,81,,12965,7,,,1,80,,12966,7,,,1,40,,12967,7,,,1,80,,12968,7,,,1,80,,12969,7,,,1,29,,12981,4,,,1,10,,12978,4,,,1,44,,12970,7,,,1,16,,12982,4,,,1,21,,12971,7,,,1,80,,12972,7,,,1,4,,12983,4,,,1,33,,12973,7,,,1,79,,12974,7,,,1,80,,12975,7,,,1,40,,12976,7,,,1,193,,12984,4,,,1
51101,'Weekday',446,,12991,4,,,1,70,,12995,4,,,1,30,,12999,7,,,1,54,,13002,7,,,1,14,,13005,7,,,1,8,,13011,7,0,8,1,7,,13021,7,,,1,15,,13017,7,,,1,14,,12996,7,,,1,55,,13000,7,,,1,15,,12998,7,,,1,15,,13003,7,,,1,16,,13001,7,,,1,55,,13004,7,,,1,15,,13013,7,,,1,15,,13025,7,,,1,15,,13028,7,,,1,58,,13009,7,,,1,28,,13095,7,,,1,65,,13096,7,,,1,24,,13097,7,,,1,24,,13098,7,,,1,64,,13099,7,,,1,24,,13100,7,,,1,63,,13101,7,,,1,24,,13102,7,,,1,24,,13103,7,,,1,62,,13104,7,,,1,26,,13105,7,,,1,64,,13033,7,,,1,20,,13042,7,,,1,15,,13040,7,,,1,15,,13038,7,,,1,55,,13044,7,,,1,15,,13075,7,,,1,15,,13046,7,,,1,15,,13066,7,,,1,55,,13045,7,,,1,15,,13062,7,,,1,15,,13053,7,,,1,15,,13052,7,,,1,55,,13063,7,,,1,15,,13059,7,,,1,15,,13054,7,,,1,13,,13065,4,,,1,43,,13058,7,,,1,15,,13067,7,,,1,12,,13081,4,,,1,3,,13077,7,,,1,15,,13074,7,,,1,55,,13070,7,,,1,15,,13078,7,,,1,14,,13084,4,,,1,1,,13071,7,,,1,15,,13080,7,,,1,55,,13079,7,,,1,22,,13082,7,,,1,21,,13083,7,,,1,60,,13085,7,,,1,20,,13086,7,,,1,22,,13089,7,,,1,60,,13092,7,,,1,22,,13087,7,,,1,18,,13091,7,,,1,62,,13090,7,,,1,16,,13088,7,,,1,17,,13027,7,,,1,13,,13023,4,,,1,54,,13093,7,,,1,20,,13094,7,,,1,20,,13029,7,,,1
