1403,'251229-MULTI-Saturday-01',530,,6254,0,5,1,80,,6260,0,5,1,20,,6256,0,5,1,80,,6259,0,5,1,40,,6265,0,5,1,82,,6266,0,5,1,80,,6262,0,5,1,40,,6263,0,5,1,79,,6264,0,5,1,70,,6287,0,5,1,30,,6291,0,5,1,70,,6292,0,5,1,31,,6294,0,5,1,71,,6295,0,5,1,30,,6296,0,5,1,70,,6293,0,5,1,30,,6297,0,5,1,71,,6298,0,5,1,33,,6299,0,5,1,71,,6300,0,5,1,29,,6301,0,5,1,70,,6302,0,5,1,30,,6303,0,5,1,70,,6304,0,5,1,30,,6305,0,5,1,69,,6306,0,5,1,29,,6307,0,5,1,74,,6317,0,5,1,39,,6318,0,5,1,79,,6319,0,5,1,79,,6320,0,5,1,39,,6321,0,5,1,79,,6322,0,5,1,80,,6323,0,5,1,40,,6324,0,5,1
1403,'251229-MULTI-Sunday-01',722,,6348,0,5,1,80,,6349,0,5,1,40,,6350,0,5,1,84,,6351,0,5,1,80,,6353,0,5,1,39,,6354,0,5,1,80,,6355,0,5,1,80,,6352,0,5,1,39,,6356,0,5,1,85,,6357,0,5,1,81,,6358,0,5,1,38,,6359,0,5,1,79,,6360,0,5,1,81,,6362,0,5,1,43,,6363,0,5,1,78,,6364,0,5,1,79,,6361,0,5,1,40,,6365,0,5,1,80,,6366,0,5,1,79,,6373,0,5,1,40,,6370,0,5,1,80,,6374,0,5,1,79,,6375,0,5,1,44,,6329,0,5,1,255,,6327,0,5,1
1403,'260105-MULTI-Holiday1-01',722,,6399,0,5,1,80,,6400,0,5,1,40,,6401,0,5,1,84,,6402,0,5,1,80,,6404,0,5,1,39,,6405,0,5,1,80,,6406,0,5,1,80,,6403,0,5,1,39,,6407,0,5,1,85,,6408,0,5,1,81,,6409,0,5,1,38,,6410,0,5,1,79,,6411,0,5,1,81,,6413,0,5,1,43,,6414,0,5,1,78,,6415,0,5,1,79,,6412,0,5,1,40,,6416,0,5,1,80,,6417,0,5,1,79,,6425,0,5,1,40,,6421,0,5,1,80,,6426,0,5,1,79,,6423,0,5,1,44,,6380,0,5,1,255,,6378,0,5,1
1403,'260105-MULTI-Saturday-01',530,,6427,0,5,1,80,,6433,0,5,1,20,,6429,0,5,1,80,,6432,0,5,1,40,,6438,0,5,1,82,,6439,0,5,1,80,,6435,0,5,1,40,,6436,0,5,1,79,,6437,0,5,1,70,,6460,0,5,1,30,,6464,0,5,1,70,,6465,0,5,1,31,,6467,0,5,1,71,,6468,0,5,1,30,,6469,0,5,1,70,,6466,0,5,1,30,,6470,0,5,1,71,,6471,0,5,1,33,,6472,0,5,1,71,,6473,0,5,1,29,,6474,0,5,1,70,,6475,0,5,1,30,,6476,0,5,1,70,,6477,0,5,1,30,,6478,0,5,1,69,,6479,0,5,1,29,,6480,0,5,1,74,,6491,0,5,1,39,,6492,0,5,1,79,,6493,0,5,1,79,,6490,0,5,1,39,,6494,0,5,1,79,,6495,0,5,1,80,,6496,0,5,1,40,,6497,0,5,1
1403,'260105-MULTI-Sunday-01',722,,6521,0,5,1,80,,6522,0,5,1,40,,6523,0,5,1,84,,6524,0,5,1,80,,6526,0,5,1,39,,6527,0,5,1,80,,6528,0,5,1,80,,6525,0,5,1,39,,6529,0,5,1,85,,6530,0,5,1,81,,6531,0,5,1,38,,6532,0,5,1,79,,6533,0,5,1,81,,6535,0,5,1,43,,6536,0,5,1,78,,6537,0,5,1,79,,6534,0,5,1,40,,6538,0,5,1,80,,6539,0,5,1,79,,6547,0,5,1,40,,6543,0,5,1,80,,6548,0,5,1,79,,6545,0,5,1,44,,6502,0,5,1,255,,6500,0,5,1
1403,'260105-MULTI-Weekday-01',438,,6554,0,5,1,78,,6571,0,5,1,19,,6555,0,5,1,16,,6550,0,5,1,56,,6615,0,5,1,18,,6617,0,5,1,17,,6618,0,5,1,16,,6619,0,5,1,56,,6616,0,5,1,16,,6620,0,5,1,16,,6621,0,5,1,56,,6622,0,5,1,16,,6623,0,5,1,15,,6624,0,5,1,16,,6625,0,5,1,56,,6626,0,5,1,16,,6627,0,5,1,17,,6628,0,5,1,66,,6653,0,5,1,30,,6652,0,5,1,71,,6657,0,5,1,28,,6654,0,5,1,81,,6575,0,5,1,35,,6576,0,5,1,62,,6577,0,5,1,23,,6578,0,5,1,22,,6579,0,5,1,64,,6580,0,5,1,23,,6581,0,5,1,64,,6582,0,5,1,24,,6584,0,5,1,22,,6585,0,5,1,56,,6644,0,5,1,6,,6586,0,5,1,28,,6583,0,5,1,63,,6587,0,5,1,22,,6589,0,5,1,15,,6645,0,5,1,6,,6590,0,5,1,62,,6591,0,5,1,20,,6588,0,5,1,19,,6592,0,5,1,62,,6593,0,5,1,20,,6595,0,5,1,69,,6562,0,5,1,39,,6563,0,5,1,77,,6559,0,5,1,39,,6556,0,5,1,79,,6564,0,5,1,106,,6561,0,5,1,98,,6569,0,5,1,100,,6568,0,5,1
3200,'251229-MULTI-Saturday-01',818,,12181,0,,1,84,,12183,0,,1,56,,12185,0,,1,90,,12186,0,,1,90,,12182,0,,1,90,,12187,0,,1,91,,12184,0,,1,90,,12188,0,,1,50,,12189,0,,1,91,,12190,0,,1,90,,12192,0,,1,90,,12193,0,,1,89,,12194,0,,1,90,,12191,0,,1,50,,12195,0,,1
3200,'251229-MULTI-Sunday-01',815,,12196,0,,1,90,,12197,0,,1,50,,12198,0,,1,90,,12200,0,,1,90,,12201,0,,1,93,,12202,0,,1,91,,12199,0,,1,90,,12203,0,,1,91,,12205,0,,1,52,,12206,0,,1,90,,12207,0,,1,90,,12204,0,,1,90,,12208,0,,1,88,,12209,0,,1,46,,12210,0,,1,90,,12211,0,,1
3200,'260105-MULTI-Holiday1-01',815,,12212,0,,1,90,,12213,0,,1,50,,12214,0,,1,90,,12216,0,,1,90,,12217,0,,1,93,,12218,0,,1,91,,12215,0,,1,90,,12219,0,,1,91,,12221,0,,1,52,,12222,0,,1,90,,12223,0,,1,90,,12220,0,,1,90,,12224,0,,1,88,,12225,0,,1,46,,12226,0,,1,90,,12227,0,,1
3200,'260105-MULTI-Saturday-01',818,,12228,0,,1,84,,12231,0,,1,56,,12233,0,,1,90,,12230,0,,1,90,,12229,0,,1,90,,12234,0,,1,91,,12232,0,,1,90,,12235,0,,1,50,,12236,0,,1,91,,12237,0,,1,90,,12239,0,,1,90,,12240,0,,1,89,,12241,0,,1,90,,12238,0,,1,50,,12242,0,,1
3200,'260105-MULTI-Sunday-01',815,,12243,0,,1,90,,12244,0,,1,50,,12245,0,,1,90,,12247,0,,1,90,,12248,0,,1,93,,12249,0,,1,91,,12246,0,,1,90,,12250,0,,1,91,,12252,0,,1,52,,12253,0,,1,90,,12254,0,,1,90,,12251,0,,1,90,,12255,0,,1,88,,12256,0,,1,46,,12257,0,,1,90,,12258,0,,1
3200,'260105-MULTI-Weekday-01',619,,12267,0,,1,34,,12260,0,,1,74,,12268,0,,1,74,,12265,0,,1,34,,12261,0,,1,76,,12266,0,,1,98,,12263,0,,1,48,,12281,0,,1,90,,12280,0,,1,90,,12278,0,,1,91,,12279,0,,1,93,,12259,0,,1,14,,12282,0,,1,6,,12283,0,,1,15,,12264,0,,1,64,,12277,0,,1,15,,12271,0,,1,74,,12262,0,,1,34,,12270,0,,1,72,,12269,0,,1,36,,12272,0,,1,74,,12273,0,,1,34,,12274,0,,1,74,,12275,0,,1,82,,12276,0,,1
