500,'Holiday1',652,,1949,34,,,1,70,,1944,34,,,1,30,,1936,34,,,1,70,,1934,34,,,1,37,,1947,34,,,1,73,,1941,34,,,1,69,,1937,34,,,1,24,,1932,34,,,1,23,,1946,34,,,1,70,,1942,34,,,1,31,,1935,34,,,1,70,,1931,34,,,1,33,,1933,34,,,1,70,,1945,34,,,1,32,,1938,34,,,1,76,,1940,34,,,1,72,,1939,34,,,1,30,,1943,34,,,1,70,,1948,34,,,1,30,,1950,34,,,1,70,,1951,34,,,1,30,,1952,34,,,1,70,,1953,34,,,1,30,,1954,34,,,1,70,,1955,34,,,1,30,,1956,34,,,1,69,,1957,34,,,1,30,,1959,34,,,1,70,,1958,34,,,1,29,,1960,34,,,1,28,,1961,34,,,1,68,,1962,34,,,1,26,,1964,34,,,1,64,,1965,34,,,1,29,,1963,34,,,1
500,'Saturday',518,,1966,34,,,1,27,,1987,34,,,1,68,,2006,34,,,1,27,,1967,34,,,1,72,,1968,34,,,1,31,,1969,34,,,1,71,,1970,34,,,1,29,,1971,34,,,1,72,,1972,34,,,1,32,,1973,34,,,1,72,,1974,34,,,1,34,,1975,34,,,1,75,,1990,34,,,1,30,,1991,34,,,1,76,,1994,34,,,1,70,,1992,34,,,1,24,,1989,34,,,1,30,,1993,34,,,1,70,,1995,34,,,1,30,,1996,34,,,1,71,,1997,34,,,1,30,,1998,34,,,1,70,,2000,34,,,1,30,,2001,34,,,1,70,,2002,34,,,1,30,,1999,34,,,1,70,,2003,34,,,1,29,,2004,34,,,1,67,,2005,34,,,1,30,,1976,34,,,1,65,,1977,34,,,1,29,,1978,34,,,1,64,,1979,34,,,1,27,,1980,34,,,1,72,,1981,34,,,1,28,,1982,34,,,1,67,,1983,34,,,1,23,,1984,34,,,1,29,,1985,34,,,1,70,,1988,34,,,1,30,,1986,34,,,1
500,'Sunday',652,,2025,34,,,1,70,,2020,34,,,1,30,,2012,34,,,1,70,,2010,34,,,1,37,,2023,34,,,1,73,,2017,34,,,1,69,,2013,34,,,1,24,,2008,34,,,1,23,,2022,34,,,1,70,,2018,34,,,1,31,,2011,34,,,1,70,,2007,34,,,1,33,,2009,34,,,1,70,,2021,34,,,1,32,,2014,34,,,1,76,,2016,34,,,1,72,,2015,34,,,1,30,,2019,34,,,1,70,,2024,34,,,1,30,,2026,34,,,1,70,,2027,34,,,1,30,,2028,34,,,1,70,,2029,34,,,1,30,,2030,34,,,1,70,,2031,34,,,1,30,,2032,34,,,1,69,,2033,34,,,1,30,,2035,34,,,1,70,,2034,34,,,1,29,,2036,34,,,1,28,,2037,34,,,1,68,,2038,34,,,1,26,,2040,34,,,1,64,,2041,34,,,1,29,,2039,34,,,1
500,'Weekday',448,,2047,34,,,1,60,,2049,34,,,1,21,,2048,34,,,1,21,,2046,34,,,1,60,,2045,34,,,1,20,,2044,34,,,1,21,,2043,34,,,1,55,,2042,34,,,1,15,,2051,34,,,1,7,,2113,34,,,1,7,,2050,34,,,1,15,,2052,34,,,1,67,,2053,34,,,1,29,,2055,34,,,1,67,,2056,34,,,1,27,,2057,34,,,1,80,,2083,34,,,1,38,,2084,34,,,1,81,,2085,34,,,1,80,,2087,34,,,1,40,,2088,34,,,1,81,,2089,34,,,1,80,,2086,34,,,1,33,,2090,34,,,1,68,,2091,34,,,1,27,,2092,34,,,1,66,,2093,34,,,1,26,,2094,34,,,1,67,,2095,34,,,1,26,,2096,34,,,1,26,,2097,34,,,1,65,,2098,34,,,1,26,,2099,34,,,1,66,,2067,34,,,1,25,,2076,34,,,1,83,,2109,34,,,1,24,,2107,34,,,1,70,,2110,34,,,1,17,,2111,34,,,1,18,,2112,34,,,1,58,,2101,34,,,1,7,,2102,34,,,1,35,,2105,34,,,1,64,,2100,34,,,1,31,,2108,34,,,1,66,,2106,34,,,1,39,,2104,34,,,1,67,,2103,34,,,1
2300,'Holiday1',807,,6293,68,,,1,32,,6266,68,,,1,71,,6268,68,,,1,23,,6265,68,,,1,68,,6269,68,,,1,31,,6267,68,,,1,74,,6270,68,,,1,28,,6271,68,,,1,68,,6272,68,,,1,29,,6273,68,,,1,28,,6274,68,,,1,69,,6278,68,,,1,28,,6279,68,,,1,70,,6280,68,,,1,28,,6275,68,,,1,66,,6277,68,,,1,31,,6281,68,,,1,68,,6282,68,,,1,28,,6276,68,,,1,67,,6284,68,,,1,28,,6285,68,,,1,69,,6287,68,,,1,26,,6283,68,,,1,67,,6288,68,,,1,28,,6286,68,,,1,26,,6290,68,,,1,65,,6291,68,,,1,27,,6289,68,,,1,68,,6294,68,,,1,27,,6292,68,,,1,67,,6296,68,,,1,28,,6295,68,,,1
2300,'Saturday',717,,6298,68,,,1,30,,6297,68,,,1,68,,6307,68,,,1,29,,6311,68,,,1,71,,6312,68,,,1,29,,6309,68,,,1,67,,6308,68,,,1,27,,6310,68,,,1,68,,6313,68,,,1,28,,6314,68,,,1,71,,6315,68,,,1,29,,6316,68,,,1,68,,6318,68,,,1,29,,6319,68,,,1,70,,6320,68,,,1,29,,6317,68,,,1,28,,6321,68,,,1,70,,6323,68,,,1,29,,6324,68,,,1,66,,6325,68,,,1,29,,6322,68,,,1,65,,6326,68,,,1,28,,6327,68,,,1,67,,6328,68,,,1,32,,6329,68,,,1,78,,6301,68,,,1,29,,6299,68,,,1,70,,6302,68,,,1,29,,6300,68,,,1,69,,6304,68,,,1,28,,6306,68,,,1,70,,6303,68,,,1,29,,6305,68,,,1,69,,6330,68,,,1,30,,6332,68,,,1,70,,6331,68,,,1,30,,6333,68,,,1,70,,6334,68,,,1
2300,'Sunday',807,,6363,68,,,1,32,,6336,68,,,1,71,,6338,68,,,1,23,,6335,68,,,1,68,,6339,68,,,1,31,,6337,68,,,1,74,,6340,68,,,1,28,,6341,68,,,1,68,,6342,68,,,1,29,,6343,68,,,1,28,,6344,68,,,1,69,,6347,68,,,1,28,,6348,68,,,1,70,,6349,68,,,1,28,,6345,68,,,1,66,,6350,68,,,1,31,,6351,68,,,1,68,,6352,68,,,1,28,,6346,68,,,1,67,,6354,68,,,1,28,,6355,68,,,1,69,,6357,68,,,1,26,,6353,68,,,1,67,,6358,68,,,1,28,,6356,68,,,1,26,,6360,68,,,1,65,,6361,68,,,1,27,,6359,68,,,1,68,,6364,68,,,1,27,,6362,68,,,1,67,,6366,68,,,1,28,,6365,68,,,1
2300,'Weekday',511,,6367,68,,,1,15,,6368,68,,,1,15,,6369,68,,,1,16,,6370,68,,,1,57,,6371,68,,,1,15,,6372,68,,,1,14,,6373,68,,,1,14,,6374,68,,,1,56,,6375,68,,,1,15,,6376,68,,,1,16,,6377,68,,,1,57,,6379,68,,,1,15,,6380,68,,,1,18,,6381,68,,,1,16,,6378,68,,,1,55,,6383,68,,,1,13,,6384,68,,,1,15,,6385,68,,,1,15,,6382,68,,,1,54,,6386,68,,,1,30,,6387,68,,,1,68,,6388,68,,,1,31,,6389,68,,,1,76,,6390,68,,,1,30,,6391,68,,,1,66,,6392,68,,,1,29,,6393,68,,,1,70,,6394,68,,,1,29,,6395,68,,,1,21,,6426,68,,,1,60,,6396,68,,,1,16,,6425,68,,,1,15,,6422,68,,,1,15,,6424,68,,,1,53,,6423,68,,,1,14,,6398,68,,,1,15,,6397,68,,,1,15,,6399,68,,,1,55,,6401,68,,,1,14,,6403,68,,,1,15,,6404,68,,,1,15,,6405,68,,,1,55,,6402,68,,,1,14,,6406,68,,,1,15,,6400,68,,,1,15,,6407,68,,,1,55,,6408,68,,,1,15,,6409,68,,,1,14,,6410,68,,,1,14,,6411,68,,,1,60,,6412,68,,,1,33,,6413,68,,,1,73,,6414,68,,,1,32,,6416,68,,,1,74,,6417,68,,,1,33,,6418,68,,,1,71,,6415,68,,,1,32,,6419,68,,,1,74,,6420,68,,,1,74,,6421,68,,,1
21100,'Weekday',1509,,11239,15,4,,1
21400,'Weekday',753,,11245,4,,,1
