101,7455,1,0
101,7460,2,0
101,7470,3,0
101,7480,4,0
101,7490,5,0
101,7500,6,0
101,7510,7,0
101,7520,8,0
101,7530,9,0
101,7535,10,0
101,14510,11,0
101,14520,12,0
101,14530,13,0
101,14540,14,0
101,14550,15,0
101,14560,16,0
101,13930,17,0
101,13935,18,0
101,13940,19,0
101,7600,20,0
101,7610,21,0
101,7620,22,0
101,7630,23,0
101,7640,24,0
101,7650,25,0
101,45500,26,0
101,7675,27,0
101,7680,28,0
101,50102,29,0
101,7700,30,0
101,7710,31,0
101,50104,32,0
101,7730,33,0
101,7740,34,0
101,7750,35,0
101,50106,36,0
101,23040,37,0
101,7790,38,0
101,7800,39,0
101,200,40,0
101,210,41,0
101,220,42,0
101,230,43,0
101,235,44,0
101,9875,45,0
101,9885,46,0
101,2410,47,0
101,23140,48,0
101,45533,49,0
101,3900,50,0
101,3910,51,0
101,20200,52,0
101,3930,53,0
101,50112,54,0
101,50114,55,0
101,50116,56,0
101,222,57,0
101,50118,58,0
101,20270,59,0
101,50120,60,0
101,7970,61,0
101,7980,62,0
101,7990,63,0
101,7995,64,0
101,8000,65,0
101,20300,66,0
101,20310,67,0
101,50122,68,0
101,44480,69,0
101,44490,70,0
101,44500,71,0
101,44510,72,0
101,44520,73,0
101,44818,74,0
101,44820,75,0
101,47130,76,0
101,47140,77,0
101,47143,78,0
101,47145,79,0
101,50150,80,1
102,50150,1,0
102,50152,2,0
102,21100,3,0
102,50154,4,0
102,50156,5,0
102,21135,6,0
102,21137,7,0
102,50158,8,0
102,21160,9,0
102,8000,10,0
102,8015,11,0
102,8020,12,0
102,8030,13,0
102,8040,14,0
102,8050,15,0
102,50160,16,0
102,8070,17,0
102,50162,18,0
102,50164,19,0
102,21210,20,0
102,3864,21,0
102,3865,22,0
102,2410,23,0
102,23140,24,0
102,45528,25,0
102,2390,26,0
102,9895,27,0
102,9867,28,0
102,42420,29,0
102,270,30,0
102,280,31,0
102,290,32,0
102,8200,33,0
102,8210,34,0
102,50170,35,0
102,23180,36,0
102,50172,37,0
102,8245,38,0
102,8250,39,0
102,8260,40,0
102,50174,41,0
102,8280,42,0
102,8290,43,0
102,50176,44,0
102,8310,45,0
102,8320,46,0
102,45515,47,0
102,8340,48,0
102,8350,49,0
102,8360,50,0
102,8370,51,0
102,8380,52,0
102,8390,53,0
102,14560,54,0
102,13930,55,0
102,13935,56,0
102,8400,57,0
102,8410,58,0
102,91350,59,0
102,8430,60,0
102,8440,61,0
102,8450,62,0
102,8460,63,0
102,7455,64,1
203,26792,1,0
203,26790,2,0
203,26800,3,0
203,30111,4,0
203,9060,5,0
203,9065,6,0
203,9070,7,0
203,9080,8,0
203,9090,9,0
203,9100,10,0
203,9110,11,0
203,9120,12,0
203,9130,13,0
203,9140,14,0
203,9145,15,0
203,9150,16,0
203,9160,17,0
203,9170,18,0
203,9180,19,0
203,9190,20,0
203,9195,21,0
203,9210,22,0
203,9220,23,0
203,9235,24,0
203,9230,25,0
203,9250,26,0
203,9265,27,0
203,9270,28,0
203,9277,29,0
203,9280,30,0
203,9300,31,0
203,9310,32,0
203,9320,33,0
203,9330,34,0
203,9340,35,0
203,9350,36,0
203,9360,37,0
203,9380,38,0
203,9390,39,1
204,9390,1,0
204,9415,2,0
204,9420,3,0
204,9430,4,0
204,9440,5,0
204,9450,6,0
204,9460,7,0
204,9475,8,0
204,9480,9,0
204,9490,10,0
204,9500,11,0
204,9510,12,0
204,9520,13,0
204,9530,14,0
204,9540,15,0
204,9550,16,0
204,9560,17,0
204,9580,18,0
204,9590,19,0
204,9600,20,0
204,9610,21,0
204,9620,22,0
204,9630,23,0
204,12840,24,0
204,9640,25,0
204,9650,26,0
204,9660,27,0
204,9670,28,0
204,9680,29,0
204,9700,30,0
204,9715,31,0
204,9720,32,0
204,9730,33,0
204,9740,34,0
204,9750,35,0
204,9760,36,0
204,30115,37,0
204,9770,38,0
204,9780,39,0
204,9785,40,0
204,26805,41,0
204,26810,42,0
204,26815,43,0
204,26807,44,0
204,28012,45,0
204,28014,46,0
204,28016,47,0
204,28005,48,0
204,28007,49,0
204,28010,50,0
204,28020,51,0
204,28030,52,0
204,28040,53,0
204,28050,54,0
204,26792,55,1
303,30107,1,0
303,8550,2,0
303,9000,3,0
303,9010,4,0
303,13860,5,0
303,13870,6,0
303,13880,7,0
303,13895,8,0
303,13900,9,0
303,13910,10,0
303,13920,11,0
303,13930,12,0
303,13935,13,0
303,13940,14,0
303,13950,15,0
303,13960,16,0
303,13970,17,0
303,13980,18,0
303,13990,19,0
303,13995,20,0
303,14000,21,0
303,14010,22,0
303,14030,23,0
303,14040,24,0
303,14050,25,0
303,14060,26,0
303,14070,27,0
303,14080,28,0
303,14085,29,0
303,14090,30,0
303,14100,31,0
303,14110,32,0
303,13160,33,0
303,13170,34,0
303,12295,35,0
303,12300,36,0
303,12400,37,0
303,12410,38,0
303,12420,39,0
303,9330,40,0
303,9340,41,0
303,9350,42,0
303,9360,43,0
303,9380,44,0
303,42395,45,1
304,42395,1,0
304,9415,2,0
304,9420,3,0
304,9430,4,0
304,9440,5,0
304,9450,6,0
304,9460,7,0
304,12425,8,0
304,12560,9,0
304,12570,10,0
304,12580,11,0
304,12585,12,0
304,13470,13,0
304,13480,14,0
304,14370,15,0
304,14380,16,0
304,14390,17,0
304,14396,18,0
304,14400,19,0
304,14410,20,0
304,14420,21,0
304,14430,22,0
304,14440,23,0
304,94105,24,0
304,14450,25,0
304,14470,26,0
304,14480,27,0
304,14490,28,0
304,14500,29,0
304,14510,30,0
304,14520,31,0
304,14530,32,0
304,14540,33,0
304,14550,34,0
304,14560,35,0
304,13930,36,0
304,14580,37,0
304,14590,38,0
304,14600,39,0
304,14610,40,0
304,14620,41,0
304,14630,42,0
304,14635,43,0
304,8510,44,0
304,15033003,45,0
304,30107,46,1
403,30100,1,0
403,8550,2,0
403,9000,3,0
403,9010,4,0
403,1430,5,0
403,1440,6,0
403,1450,7,0
403,15517,8,0
403,15520,9,0
403,15090838,10,0
403,40982,11,0
403,40980,12,0
403,40985,13,0
403,40970,14,0
403,15650,15,0
403,15660,16,0
403,15670,17,0
403,15680,18,0
403,15690,19,0
403,15695,20,0
403,15700,21,0
403,15710,22,0
403,15720,23,0
403,15730,24,0
403,15735,25,0
403,15740,26,0
403,15750,27,0
403,94000,28,0
403,94005,29,0
403,94010,30,0
403,94015,31,0
403,40984,32,0
403,15051809,33,0
403,40988,34,0
403,40990,35,0
403,40995,36,0
403,40555,37,0
403,40560,38,0
403,15051806,39,0
403,40570,40,0
403,40580,41,0
403,11405,42,0
403,11410,43,0
403,11420,44,0
403,11430,45,0
403,40930,46,0
403,40330,47,0
403,40360,48,0
403,15780,49,0
403,15790,50,0
403,15800,51,0
403,15810,52,0
403,15820,53,0
403,15840,54,0
403,15845,55,0
403,15850,56,0
403,15860,57,0
403,15870,58,0
403,15875,59,0
403,15880,60,1
404,15880,1,0
404,15895,2,0
404,11460,3,0
404,11470,4,0
404,11480,5,0
404,11485,6,0
404,40600,7,0
404,30000,8,0
404,15090777,9,0
404,40610,10,0
404,40620,11,0
404,40630,12,0
404,40900,13,0
404,40910,14,0
404,15051808,15,0
404,40920,16,0
404,15900,17,0
404,15910,18,0
404,15920,19,0
404,15930,20,0
404,15940,21,0
404,11490,22,0
404,11510,23,0
404,11520,24,0
404,11530,25,0
404,11540,26,0
404,11550,27,0
404,40350,28,0
404,40340,29,0
404,15110205,30,0
404,94025,31,0
404,94030,32,0
404,16030,33,0
404,16040,34,0
404,16050,35,0
404,16070,36,0
404,16080,37,0
404,16090,38,0
404,16100,39,0
404,16110,40,0
404,16120,41,0
404,16130,42,0
404,16140,43,0
404,16150,44,0
404,40940,45,0
404,15090839,46,0
404,40950,47,0
404,15090840,48,0
404,40960,49,0
404,16270,50,0
404,15513,51,0
404,15515,52,0
404,540,53,0
404,530,54,0
404,550,55,0
404,560,56,0
404,8510,57,0
404,15033003,58,0
404,30100,59,1
501,14090132,1,0
501,15895,2,0
501,15900,3,0
501,16450,4,0
501,16460,5,0
501,16468,6,0
501,16470,7,0
501,16480,8,0
501,16490,9,0
501,16500,10,0
501,16510,11,0
501,16520,12,0
501,16530,13,0
501,16540,14,0
501,16550,15,0
501,16560,16,0
501,14090135,17,0
501,16565,18,0
501,16600,19,0
501,14090137,20,0
501,16630,21,0
501,16635,22,0
501,14090139,23,0
501,17145,24,0
501,16650,25,0
501,16665,26,0
501,16670,27,0
501,16680,28,0
501,16690,29,0
501,16700,30,0
501,15120,31,0
501,15125,32,0
501,15130,33,0
501,15140,34,0
501,15160,35,0
501,15162,36,0
501,15165,37,0
501,15170,38,0
501,15180,39,0
501,15190,40,0
501,15200,41,0
501,15210,42,0
501,15220,43,0
501,10130,44,0
501,15240,45,0
501,15250,46,0
501,15260,47,0
501,15270,48,0
501,15280,49,0
501,15290,50,0
501,15300,51,0
501,15310,52,0
501,15320,53,0
501,15330,54,0
501,16710,55,0
501,16715,56,0
501,16720,57,0
501,45280,58,0
501,16730,59,0
501,16740,60,0
501,16750,61,0
501,16755,62,0
501,16760,63,0
501,16770,64,0
501,16780,65,0
501,16785,66,0
501,16790,67,0
501,16800,68,0
501,16810,69,0
501,16820,70,0
501,16830,71,0
501,810,72,0
501,820,73,0
501,16860,74,0
501,16870,75,0
501,16880,76,0
501,16890,77,1
502,16890,1,0
502,16910,2,0
502,16920,3,0
502,16930,4,0
502,16940,5,0
502,1160,6,0
502,1170,7,0
502,16970,8,0
502,16980,9,0
502,16990,10,0
502,17000,11,0
502,17010,12,0
502,17020,13,0
502,17025,14,0
502,17030,15,0
502,17035,16,0
502,17040,17,0
502,17050,18,0
502,17060,19,0
502,17070,20,0
502,17075,21,0
502,17080,22,0
502,15105,23,0
502,15110,24,0
502,15115,25,0
502,14690,26,0
502,14700,27,0
502,14710,28,0
502,14720,29,0
502,14730,30,0
502,14740,31,0
502,14750,32,0
502,14760,33,0
502,14770,34,0
502,14780,35,0
502,14790,36,0
502,14800,37,0
502,10125,38,0
502,14820,39,0
502,14830,40,0
502,14840,41,0
502,14850,42,0
502,14860,43,0
502,14865,44,0
502,14870,45,0
502,14875,46,0
502,14880,47,0
502,14890,48,0
502,14900,49,0
502,14905,50,0
502,17090,51,0
502,17100,52,0
502,2110,53,0
502,17120,54,0
502,17125,55,0
502,17130,56,0
502,17135,57,0
502,17150,58,0
502,17155,59,0
502,17160,60,0
502,14090138,61,0
502,17180,62,0
502,16570,63,0
502,14090136,64,0
502,14090134,65,0
502,17220,66,0
502,17230,67,0
502,17240,68,0
502,17250,69,0
502,17260,70,0
502,17270,71,0
502,17280,72,0
502,17285,73,0
502,17290,74,0
502,14090133,75,0
502,17310,76,0
502,17320,77,0
502,17330,78,0
502,15870,79,0
502,15875,80,0
502,14090132,81,1
603,26792,1,0
603,26810,2,0
603,26815,3,0
603,15090744,4,0
603,15090741,5,0
603,15090721,6,0
603,15090742,7,0
603,15090722,8,0
603,15090723,9,0
603,15090724,10,0
603,15090725,11,0
603,15033004,12,0
603,45262,13,0
603,45260,14,0
603,45258,15,0
603,15090726,16,0
603,15090727,17,0
603,15090728,18,0
603,94065,19,0
603,94070,20,0
603,94075,21,0
603,94080,22,0
603,94085,23,1
604,94085,1,0
604,94090,2,0
604,94095,3,0
604,92000,4,0
604,94040,5,0
604,94045,6,0
604,94050,7,0
604,94055,8,0
604,94060,9,0
604,14102702,10,0
604,15090712,11,0
604,15090713,12,0
604,45210,13,0
604,45212,14,0
604,45220,15,0
604,535,16,0
604,15090714,17,0
604,40710,18,0
604,15090715,19,0
604,15090716,20,0
604,15090717,21,0
604,15090739,22,0
604,15090718,23,0
604,15090740,24,0
604,15090719,25,0
604,15090720,26,0
604,28040,27,0
604,28050,28,0
604,26792,29,1
703,28060,1,0
703,19490,2,0
703,19500,3,0
703,19510,4,0
703,19520,5,0
703,19530,6,0
703,19540,7,0
703,19550,8,0
703,19560,9,0
703,19565,10,0
703,19570,11,0
703,19378,12,0
703,19575,13,0
703,20,14,0
703,30,15,0
703,19610,16,0
703,19620,17,0
703,19630,18,0
703,19640,19,0
703,19650,20,0
703,19660,21,0
703,19670,22,0
703,19680,23,0
703,19690,24,0
703,19700,25,0
703,19710,26,0
703,19720,27,0
703,19730,28,0
703,19740,29,0
703,19750,30,0
703,19760,31,0
703,19770,32,0
703,19780,33,0
703,19790,34,0
703,19800,35,0
703,19810,36,0
703,19820,37,0
703,19830,38,0
703,19840,39,0
703,19850,40,0
703,19860,41,0
703,19870,42,0
703,19880,43,0
703,19890,44,0
703,19900,45,0
703,11150,46,0
703,11160,47,0
703,12495,48,0
703,11180,49,0
703,9430,50,0
703,9440,51,0
703,9450,52,0
703,9460,53,0
703,12425,54,0
703,12560,55,0
703,12565,56,0
703,12568,57,0
703,18870,58,0
703,18880,59,0
703,18885,60,0
703,18887,61,0
703,42400,62,0
703,18920,63,0
703,18930,64,0
703,18940,65,0
703,18950,66,0
703,18960,67,0
703,18970,68,0
703,13240,69,0
703,13250,70,0
703,13260,71,0
703,19930,72,0
703,12470,73,0
703,19060,74,0
703,19070,75,0
703,19080,76,0
703,19090,77,0
703,19100,78,0
703,19110,79,0
703,19120,80,0
703,19130,81,0
703,19140,82,0
703,19150,83,0
703,19160,84,0
703,19170,85,0
703,19180,86,0
703,19190,87,0
703,19200,88,0
703,19210,89,0
703,19220,90,0
703,19230,91,0
703,19240,92,0
703,19250,93,0
703,19260,94,0
703,19270,95,0
703,19280,96,0
703,19290,97,0
703,19300,98,0
703,19310,99,0
703,19320,100,0
703,19330,101,0
703,19340,102,0
703,19350,103,0
703,19360,104,0
703,19370,105,0
703,19372,106,0
703,19375,107,0
703,19390,108,0
703,19567,109,0
703,19400,110,0
703,19410,111,0
703,19940,112,0
703,19420,113,0
703,19430,114,0
703,19440,115,0
703,19450,116,0
703,19455,117,0
703,19470,118,0
703,19928,119,1
704,42400,1,0
704,18920,2,0
704,18930,3,0
704,18940,4,0
704,18950,5,0
704,18960,6,0
704,18970,7,0
704,13240,8,0
704,13250,9,0
704,13260,10,0
704,11160,11,0
704,19930,12,0
704,11180,13,0
704,12470,14,0
704,19060,15,0
704,19070,16,0
704,19080,17,0
704,19090,18,0
704,19100,19,0
704,19110,20,0
704,19120,21,0
704,19130,22,0
704,19140,23,0
704,19150,24,0
704,19160,25,0
704,19170,26,0
704,19180,27,0
704,19190,28,0
704,19200,29,0
704,19210,30,0
704,19220,31,0
704,19230,32,0
704,19240,33,0
704,19250,34,0
704,19260,35,0
704,19270,36,0
704,19280,37,0
704,19290,38,0
704,19300,39,0
704,19310,40,0
704,19320,41,0
704,19330,42,0
704,19340,43,0
704,19350,44,0
704,19360,45,0
704,19370,46,0
704,19372,47,0
704,19375,48,0
704,19390,49,0
704,19567,50,0
704,19400,51,0
704,19410,52,0
704,19940,53,0
704,19420,54,0
704,19430,55,0
704,19440,56,0
704,19450,57,0
704,19455,58,0
704,19470,59,0
704,28060,60,1
801,30113,1,0
801,22620,2,0
801,22640,3,0
801,22650,4,0
801,22660,5,0
801,22670,6,0
801,22680,7,0
801,22690,8,0
801,22700,9,0
801,22710,10,0
801,22720,11,0
801,22730,12,0
801,22740,13,0
801,22750,14,0
801,22760,15,0
801,22770,16,0
801,22780,17,0
801,22790,18,0
801,22800,19,0
801,22810,20,0
801,22820,21,0
801,22830,22,0
801,22840,23,0
801,22850,24,0
801,22860,25,0
801,22875,26,0
801,22880,27,0
801,22890,28,0
801,22900,29,0
801,22910,30,0
801,22920,31,0
801,22930,32,0
801,22940,33,0
801,22950,34,0
801,22960,35,0
801,22970,36,0
801,22980,37,0
801,22990,38,0
801,23000,39,0
801,23010,40,0
801,23020,41,0
801,23030,42,0
801,23040,43,0
801,50108,44,0
801,23058,45,0
801,50110,46,0
801,23070,47,0
801,45585,48,1
802,45585,1,0
802,23140,2,0
802,23150,3,0
802,50168,4,0
802,23165,5,0
802,50170,6,0
802,23180,7,0
802,23190,8,0
802,23200,9,0
802,23210,10,0
802,23220,11,0
802,23230,12,0
802,23235,13,0
802,23250,14,0
802,23260,15,0
802,23265,16,0
802,23270,17,0
802,23290,18,0
802,23300,19,0
802,23310,20,0
802,23320,21,0
802,23330,22,0
802,23340,23,0
802,23350,24,0
802,23360,25,0
802,23370,26,0
802,23390,27,0
802,23400,28,0
802,23410,29,0
802,23420,30,0
802,23430,31,0
802,23440,32,0
802,23450,33,0
802,23460,34,0
802,23475,35,0
802,23480,36,0
802,23490,37,0
802,23500,38,0
802,23510,39,0
802,23520,40,0
802,23530,41,0
802,23540,42,0
802,23550,43,0
802,23560,44,0
802,23570,45,0
802,23580,46,0
802,23590,47,0
802,23600,48,0
802,23610,49,0
802,30113,50,1
901,11440,1,0
901,15895,2,0
901,15900,3,0
901,16450,4,0
901,16460,5,0
901,16468,6,0
901,13630,7,0
901,1345,8,0
901,13650,9,0
901,13660,10,0
901,13765,11,0
901,13680,12,0
901,12750,13,0
901,12760,14,0
901,12770,15,0
901,12780,16,0
901,13730,17,0
901,13740,18,0
901,24830,19,0
901,24840,20,0
901,24850,21,0
901,24855,22,0
901,24860,23,0
901,24870,24,0
901,24880,25,0
901,24890,26,0
901,24900,27,0
901,24910,28,0
901,24920,29,0
901,24930,30,0
901,24940,31,0
901,5540,32,0
901,5550,33,0
901,5560,34,0
901,24980,35,0
901,24990,36,0
901,23900,37,0
901,23910,38,0
901,45565,39,0
901,18290,40,0
901,18300,41,0
901,18310,42,0
901,23840,43,0
901,25030,44,0
901,2240,45,0
901,25050,46,0
901,25060,47,0
901,25080,48,0
901,25090,49,0
901,25095,50,0
901,25375,51,0
901,25120,52,0
901,25130,53,0
901,25140,54,0
901,25150,55,0
901,15090729,56,0
901,15090730,57,0
901,15090743,58,0
901,15090731,59,0
901,25760,60,0
901,25770,61,1
902,25770,1,0
902,15090732,2,0
902,15090733,3,0
902,15090734,4,0
902,15090735,5,0
902,15090736,6,0
902,15090737,7,0
902,15090738,8,0
902,25340,9,0
902,25350,10,0
902,20355,11,0
902,25370,12,0
902,25380,13,0
902,25390,14,0
902,25400,15,0
902,25410,16,0
902,25420,17,0
902,1770,18,0
902,25440,19,0
902,25450,20,0
902,23880,21,0
902,23890,22,0
902,23900,23,0
902,23910,24,0
902,45560,25,0
902,18290,26,0
902,25480,27,0
902,25490,28,0
902,25500,29,0
902,5300,30,0
902,5310,31,0
902,25530,32,0
902,25535,33,0
902,25540,34,0
902,25550,35,0
902,25560,36,0
902,25570,37,0
902,25580,38,0
902,25590,39,0
902,25600,40,0
902,25610,41,0
902,25620,42,0
902,25640,43,0
902,25650,44,0
902,12920,45,0
902,12930,46,0
902,12940,47,0
902,12080,48,0
902,12090,49,0
902,12970,50,0
902,12980,51,0
902,12990,52,0
902,13000,53,0
902,13010,54,0
902,13020,55,0
902,13030,56,0
902,13033,57,0
902,17310,58,0
902,17320,59,0
902,17330,60,0
902,15870,61,0
902,15875,62,0
902,11440,63,1
1003,20,1,0
1003,30,2,0
1003,51100,3,0
1003,55,4,0
1003,60,5,0
1003,70,6,0
1003,80,7,0
1003,90,8,0
1003,100,9,0
1003,110,10,0
1003,120,11,0
1003,130,12,0
1003,140,13,0
1003,150,14,0
1003,160,15,0
1003,170,16,0
1003,180,17,0
1003,190,18,0
1003,200,19,0
1003,210,20,0
1003,220,21,0
1003,230,22,0
1003,235,23,0
1003,9875,24,0
1003,9885,25,0
1003,2410,26,0
1003,23140,27,0
1003,45580,28,1
1004,45570,1,0
1004,9895,2,0
1004,9867,3,0
1004,42420,4,0
1004,270,5,0
1004,280,6,0
1004,300,7,0
1004,308,8,0
1004,310,9,0
1004,320,10,0
1004,330,11,0
1004,340,12,0
1004,350,13,0
1004,360,14,0
1004,370,15,0
1004,365,16,0
1004,371,17,0
1004,372,18,0
1004,373,19,0
1004,410,20,0
1004,42180,21,0
1004,42185,22,0
1004,42190,23,0
1004,42200,24,0
1004,440,25,0
1004,20,26,1
1101,44406,1,0
1101,477,2,0
1101,469,3,0
1101,461,4,0
1101,15033006,5,0
1101,470,6,0
1101,15033005,7,0
1101,490,8,0
1101,500,9,0
1101,510,10,0
1101,15110204,11,0
1101,520,12,0
1101,535,13,0
1101,540,14,0
1101,530,15,0
1101,550,16,0
1101,560,17,0
1101,8510,18,0
1101,15033003,19,0
1101,30108,20,0
1101,600,21,0
1101,610,22,0
1101,620,23,0
1101,51100,24,0
1101,15021601,25,0
1101,51102,26,0
1101,51104,27,0
1101,670,28,0
1101,680,29,0
1101,51106,30,0
1101,700,31,0
1101,51108,32,0
1101,730,33,0
1101,740,34,0
1101,51110,35,0
1101,760,36,0
1101,51112,37,0
1101,780,38,0
1101,790,39,0
1101,800,40,0
1101,810,41,0
1101,830,42,0
1101,840,43,0
1101,850,44,0
1101,900,45,0
1101,910,46,0
1101,920,47,0
1101,930,48,0
1101,941,49,0
1101,942,50,0
1101,943,51,0
1101,944,52,0
1101,946,53,0
1101,945,54,0
1101,980,55,0
1101,17820,56,0
1101,17830,57,0
1101,17840,58,0
1101,17855,59,0
1101,17860,60,0
1101,17870,61,0
1101,17853,62,0
1101,15090803,63,1
1102,15090803,1,0
1102,17868,2,0
1102,17869,3,0
1102,17400,4,0
1102,17430,5,0
1102,1090,6,0
1102,1100,7,0
1102,1110,8,0
1102,1115,9,0
1102,1120,10,0
1102,1130,11,0
1102,1140,12,0
1102,1150,13,0
1102,1160,14,0
1102,51115,15,0
1102,1180,16,0
1102,51113,17,0
1102,51111,18,0
1102,1230,19,0
1102,1235,20,0
1102,1237,21,0
1102,51109,22,0
1102,1250,23,0
1102,1260,24,0
1102,51107,25,0
1102,1280,26,0
1102,51105,27,0
1102,1300,28,0
1102,51103,29,0
1102,1315,30,0
1102,1320,31,0
1102,51101,32,0
1102,1340,33,0
1102,1350,34,0
1102,1360,35,0
1102,30108,36,0
1102,30102,37,0
1102,8550,38,0
1102,9010,39,0
1102,1430,40,0
1102,1440,41,0
1102,15033004,42,0
1102,1460,43,0
1102,1465,44,0
1102,1470,45,0
1102,1480,46,0
1102,1500,47,0
1102,1508,48,0
1102,15033007,49,0
1102,466,50,0
1102,468,51,0
1102,475,52,0
1102,44406,53,1
1203,45555,1,0
1203,1640,2,0
1203,1650,3,0
1203,1660,4,0
1203,1670,5,0
1203,1680,6,0
1203,9890,7,0
1203,9900,8,0
1203,9910,9,0
1203,1720,10,0
1203,1730,11,0
1203,1740,12,0
1203,1750,13,0
1203,1760,14,0
1203,1770,15,0
1203,1780,16,0
1203,1790,17,0
1203,1800,18,0
1203,1810,19,0
1203,1815,20,0
1203,24260,21,0
1203,1840,22,0
1203,1850,23,0
1203,1860,24,0
1203,1870,25,0
1203,1880,26,0
1203,3140,27,0
1203,1890,28,0
1203,17120,29,0
1203,17125,30,0
1203,18425,31,0
1203,10858,32,0
1203,18430,33,0
1203,18440,34,0
1203,10520,35,0
1203,10530,36,0
1203,10540,37,0
1203,44870,38,0
1203,44880,39,0
1203,10952,40,0
1203,10938,41,0
1203,10934,42,0
1203,10929,43,0
1203,10925,44,0
1203,10918,45,0
1203,45110,46,0
1203,45120,47,0
1203,4095,48,0
1203,4100,49,1
1204,4100,1,0
1204,44945,2,0
1204,44935,3,0
1204,10915,4,0
1204,10924,5,0
1204,10930,6,0
1204,10931,7,0
1204,10940,8,0
1204,10950,9,0
1204,44890,10,0
1204,44900,11,0
1204,10820,12,0
1204,10830,13,0
1204,10840,14,0
1204,10845,15,0
1204,10855,16,0
1204,10857,17,0
1204,16665,18,0
1204,2125,19,0
1204,2130,20,0
1204,2140,21,0
1204,2150,22,0
1204,2160,23,0
1204,2165,24,0
1204,2170,25,0
1204,2180,26,0
1204,2190,27,0
1204,24430,28,0
1204,2210,29,0
1204,2220,30,0
1204,2230,31,0
1204,2240,32,0
1204,2250,33,0
1204,2260,34,0
1204,2270,35,0
1204,2280,36,0
1204,2290,37,0
1204,10310,38,0
1204,10320,39,0
1204,10330,40,0
1204,10340,41,0
1204,2350,42,0
1204,2360,43,0
1204,2370,44,0
1204,45555,45,1
1303,42245,1,0
1303,2430,2,0
1303,2450,3,0
1303,2460,4,0
1303,2470,5,0
1303,2475,6,0
1303,2490,7,0
1303,2500,8,0
1303,2510,9,0
1303,2650,10,0
1303,2660,11,0
1303,2670,12,0
1303,2680,13,0
1303,2690,14,0
1303,2700,15,0
1303,2710,16,0
1303,2720,17,0
1303,230,18,0
1303,235,19,0
1303,9875,20,0
1303,9885,21,0
1303,23140,22,0
1303,45580,23,1
1304,45580,1,0
1304,2390,2,0
1304,9895,3,0
1304,9867,4,0
1304,42420,5,0
1304,2540,6,0
1304,2550,7,0
1304,2560,8,0
1304,2570,9,0
1304,2580,10,0
1304,2590,11,0
1304,2600,12,0
1304,2610,13,0
1304,2620,14,0
1304,2630,15,0
1304,2640,16,0
1304,2740,17,0
1304,2750,18,0
1304,2760,19,0
1304,2770,20,0
1304,42245,21,1
1403,2816,1,0
1403,2820,2,0
1403,2830,3,0
1403,2840,4,0
1403,2850,5,0
1403,2855,6,0
1403,2870,7,0
1403,2880,8,0
1403,2890,9,0
1403,2900,10,0
1403,2910,11,0
1403,2920,12,0
1403,2930,13,0
1403,2940,14,0
1403,2950,15,0
1403,2960,16,0
1403,2970,17,0
1403,2980,18,0
1403,2990,19,0
1403,2995,20,0
1403,3000,21,0
1403,3010,22,0
1403,3020,23,0
1403,3030,24,0
1403,3040,25,0
1403,3050,26,0
1403,3055,27,0
1403,3070,28,0
1403,3075,29,0
1403,3080,30,0
1403,3475,31,0
1403,3100,32,0
1403,3110,33,0
1403,3120,34,0
1403,3130,35,0
1403,3140,36,0
1403,1890,37,0
1403,1910,38,0
1403,1920,39,0
1403,1930,40,0
1403,1935,41,0
1403,1940,42,0
1403,1945,43,0
1403,3220,44,0
1403,11980,45,0
1403,11982,46,0
1403,11986,47,0
1403,44905,48,0
1403,44910,49,0
1403,44920,50,0
1403,44930,51,0
1403,44940,52,0
1403,44950,53,0
1403,44960,54,0
1403,46000,55,0
1403,46010,56,1
1404,46010,1,0
1404,46020,2,0
1404,44995,3,0
1404,3355,4,0
1404,3360,5,0
1404,3370,6,0
1404,3380,7,0
1404,2120,8,0
1404,2125,9,0
1404,2130,10,0
1404,2140,11,0
1404,3430,12,0
1404,3440,13,0
1404,3450,14,0
1404,3460,15,0
1404,3470,16,0
1404,21200,17,0
1404,3480,18,0
1404,3500,19,0
1404,3510,20,0
1404,3520,21,0
1404,3530,22,0
1404,3540,23,0
1404,3550,24,0
1404,3560,25,0
1404,3570,26,0
1404,3580,27,0
1404,3590,28,0
1404,3595,29,0
1404,3600,30,0
1404,3610,31,0
1404,3620,32,0
1404,3630,33,0
1404,3640,34,0
1404,3650,35,0
1404,3660,36,0
1404,3670,37,0
1404,3680,38,0
1404,3690,39,0
1404,3700,40,0
1404,3710,41,0
1404,3720,42,0
1404,3730,43,0
1404,3740,44,0
1404,2817,45,1
1503,42311,1,0
1503,42320,2,0
1503,42330,3,0
1503,42335,4,0
1503,42340,5,0
1503,42280,6,0
1503,42275,7,0
1503,42260,8,0
1503,42385,9,0
1503,2430,10,0
1503,2450,11,0
1503,2460,12,0
1503,3810,13,0
1503,3820,14,0
1503,3830,15,0
1503,3840,16,0
1503,3850,17,0
1503,3864,18,0
1503,3865,19,0
1503,2410,20,0
1503,23140,21,0
1503,45550,22,0
1503,3900,23,0
1503,3910,24,0
1503,20200,25,0
1503,3930,26,0
1503,3940,27,0
1503,3950,28,0
1503,3960,29,0
1503,3980,30,0
1503,3990,31,0
1503,4000,32,0
1503,18370,33,0
1503,18380,34,0
1503,4030,35,0
1503,4040,36,0
1503,4050,37,0
1503,4060,38,0
1503,4070,39,0
1503,4080,40,0
1503,4090,41,0
1503,4720,42,0
1503,44052,43,0
1503,44061,44,0
1503,44065,45,0
1503,4095,46,0
1503,4100,47,0
1503,15051802,48,0
1503,55560,49,0
1503,55565,50,0
1503,55570,51,0
1503,4105,52,1
1504,55570,1,0
1504,55575,2,0
1504,4105,3,0
1504,4106,4,0
1504,4107,5,0
1504,4109,6,0
1504,44002,7,0
1504,44005,8,0
1504,44010,9,0
1504,45170,10,0
1504,46050,11,0
1504,44047,12,0
1504,44050,13,0
1504,44060,14,0
1504,4180,15,0
1504,4190,16,0
1504,4200,17,0
1504,4225,18,0
1504,4220,19,0
1504,16645,20,0
1504,4240,21,0
1504,4250,22,0
1504,4260,23,0
1504,4270,24,0
1504,4275,25,0
1504,4280,26,0
1504,4290,27,0
1504,21210,28,0
1504,3864,29,0
1504,3865,30,0
1504,2410,31,0
1504,23140,32,0
1504,45545,33,0
1504,3900,34,0
1504,3910,35,0
1504,4400,36,0
1504,4410,37,0
1504,4420,38,0
1504,4430,39,0
1504,4440,40,0
1504,2750,41,0
1504,2760,42,0
1504,2770,43,0
1504,42380,44,0
1504,42250,45,0
1504,42255,46,0
1504,42270,47,0
1504,42290,48,0
1504,42300,49,0
1504,42311,50,0
1504,42385,51,1
1603,42245,1,0
1603,2430,2,0
1603,2450,3,0
1603,2460,4,0
1603,4780,5,0
1603,4790,6,0
1603,4800,7,0
1603,4810,8,0
1603,4820,9,0
1603,4830,10,0
1603,4840,11,0
1603,4850,12,0
1603,4860,13,0
1603,4870,14,0
1603,10280,15,0
1603,10290,16,0
1603,10300,17,0
1603,10310,18,0
1603,10320,19,0
1603,10330,20,0
1603,10340,21,0
1603,10350,22,0
1603,10360,23,0
1603,9885,24,0
1603,45570,25,1
1604,45570,1,0
1604,9895,2,0
1604,9880,3,0
1604,9890,4,0
1604,9900,5,0
1604,9910,6,0
1604,9920,7,0
1604,9930,8,0
1604,9940,9,0
1604,9950,10,0
1604,5080,11,0
1604,5090,12,0
1604,5100,13,0
1604,5110,14,0
1604,5120,15,0
1604,5130,16,0
1604,5140,17,0
1604,5150,18,0
1604,5160,19,0
1604,5170,20,0
1604,2750,21,0
1604,2760,22,0
1604,2770,23,0
1604,42245,24,1
1703,45565,1,0
1703,5260,2,0
1703,5270,3,0
1703,5280,4,0
1703,5290,5,0
1703,5300,6,0
1703,5310,7,0
1703,5320,8,0
1703,5330,9,0
1703,5340,10,0
1703,5350,11,0
1703,5360,12,0
1703,5370,13,0
1703,5380,14,0
1703,5390,15,0
1703,5400,16,0
1703,5410,17,0
1703,16570,18,0
1703,14090136,19,1
1704,14090136,1,0
1704,11825,2,0
1704,5450,3,0
1704,5460,4,0
1704,5470,5,0
1704,5480,6,0
1704,5490,7,0
1704,5500,8,0
1704,5510,9,0
1704,5520,10,0
1704,5530,11,0
1704,5540,12,0
1704,5550,13,0
1704,5560,14,0
1704,5570,15,0
1704,5580,16,0
1704,5590,17,0
1704,23910,18,0
1704,45565,19,1
1803,5660,1,0
1803,5670,2,0
1803,5680,3,0
1803,5690,4,0
1803,5700,5,0
1803,5710,6,0
1803,5720,7,0
1803,5725,8,0
1803,5735,9,0
1803,5740,10,0
1803,5750,11,0
1803,5770,12,0
1803,5780,13,0
1803,5790,14,0
1803,5800,15,0
1803,5810,16,0
1803,5820,17,0
1803,5825,18,0
1803,5840,19,0
1803,5850,20,0
1803,5860,21,0
1803,5870,22,0
1803,5880,23,0
1803,5890,24,0
1803,5900,25,0
1803,5910,26,0
1803,5920,27,0
1803,5930,28,0
1803,5940,29,0
1803,5943,30,0
1803,5950,31,0
1803,5960,32,0
1803,5970,33,0
1803,5980,34,0
1803,5990,35,0
1803,6000,36,0
1803,6010,37,0
1803,6015,38,0
1803,6020,39,0
1803,2710,40,0
1803,2720,41,0
1803,230,42,0
1803,235,43,0
1803,9875,44,0
1803,9885,45,0
1803,2410,46,0
1803,23140,47,0
1803,45538,48,0
1803,2390,49,0
1803,9895,50,0
1803,9867,51,0
1803,42420,52,0
1803,6080,53,0
1803,6090,54,0
1803,6100,55,0
1803,6110,56,0
1803,6120,57,0
1803,6130,58,0
1803,6140,59,0
1803,6150,60,0
1803,6160,61,0
1803,6175,62,0
1803,6170,63,0
1803,6180,64,0
1803,6185,65,0
1803,6190,66,0
1803,6200,67,0
1803,6210,68,0
1803,6220,69,0
1803,6230,70,0
1803,6250,71,0
1803,6255,72,0
1803,6253,73,0
1803,6258,74,0
1803,6260,75,0
1803,6262,76,0
1803,4108,77,0
1803,10630,78,0
1803,10640,79,0
1803,10650,80,0
1803,11060,81,1
1804,4108,1,0
1804,44002,2,0
1804,44005,3,0
1804,45150,4,0
1804,45186,5,0
1804,45190,6,0
1804,6330,7,0
1804,6340,8,0
1804,6350,9,0
1804,6360,10,0
1804,11060,11,0
1804,10680,12,0
1804,10690,13,0
1804,10700,14,0
1804,10705,15,0
1804,6370,16,0
1804,6380,17,0
1804,6390,18,0
1804,6400,19,0
1804,6410,20,0
1804,6420,21,0
1804,18680,22,0
1804,18690,23,0
1804,18700,24,0
1804,18710,25,0
1804,18720,26,0
1804,18730,27,0
1804,18740,28,0
1804,230,29,0
1804,235,30,0
1804,9875,31,0
1804,9885,32,0
1804,2410,33,0
1804,23140,34,0
1804,45538,35,0
1804,45543,36,0
1804,2390,37,0
1804,9895,38,0
1804,9867,39,0
1804,42420,40,0
1804,2540,41,0
1804,2550,42,0
1804,6550,43,0
1804,6560,44,0
1804,6570,45,0
1804,6575,46,0
1804,6576,47,0
1804,6580,48,0
1804,6590,49,0
1804,6600,50,0
1804,6610,51,0
1804,6620,52,0
1804,6635,53,0
1804,6630,54,0
1804,6640,55,0
1804,6650,56,0
1804,6670,57,0
1804,5660,58,0
1804,5670,59,0
1804,5680,60,0
1804,5690,61,0
1804,5700,62,0
1804,5710,63,0
1804,5720,64,0
1804,5725,65,0
1804,5735,66,0
1804,5740,67,0
1804,5750,68,0
1804,5770,69,0
1804,5780,70,0
1804,5790,71,0
1804,5800,72,0
1804,5810,73,0
1804,5820,74,0
1804,5825,75,0
1804,5840,76,0
1804,5850,77,0
1804,5860,78,0
1804,5870,79,0
1804,5880,80,1
1903,45560,1,0
1903,18290,2,0
1903,18300,3,0
1903,6740,4,0
1903,6750,5,0
1903,6760,6,0
1903,6770,7,0
1903,6780,8,0
1903,6790,9,0
1903,3960,10,0
1903,3970,11,0
1903,6820,12,0
1903,6830,13,0
1903,6840,14,0
1903,6850,15,0
1903,6860,16,0
1903,6870,17,0
1903,6880,18,0
1903,6890,19,0
1903,6900,20,0
1903,10730,21,0
1903,10740,22,0
1903,6930,23,0
1903,6940,24,0
1903,6950,25,0
1903,15090745,26,0
1903,15090746,27,0
1903,44000,28,0
1903,45290,29,0
1903,15090749,30,0
1903,15090750,31,0
1903,15090751,32,0
1903,15090752,33,0
1903,15090753,34,0
1903,15090754,35,0
1903,6258,36,0
1903,6260,37,1
1904,6260,1,0
1904,6262,2,0
1904,4108,3,0
1904,44002,4,0
1904,44005,5,0
1904,44033,6,0
1904,44040,7,0
1904,44045,8,0
1904,4140,9,0
1904,6310,10,0
1904,7120,11,0
1904,7130,12,0
1904,7140,13,0
1904,10595,14,0
1904,18540,15,0
1904,18550,16,0
1904,18560,17,0
1904,18570,18,0
1904,18580,19,0
1904,18590,20,0
1904,18600,21,0
1904,18610,22,0
1904,7240,23,0
1904,18630,24,0
1904,18640,25,0
1904,7270,26,0
1904,7280,27,0
1904,4270,28,0
1904,4280,29,0
1904,23880,30,0
1904,7320,31,0
1904,7330,32,0
1904,7340,33,0
1904,7350,34,0
1904,7360,35,0
1904,7370,36,0
1904,23900,37,0
1904,23910,38,0
1904,45560,39,1
2001,45580,1,0
2001,3900,2,0
2001,3910,3,0
2001,9890,4,0
2001,9900,5,0
2001,9910,6,0
2001,9920,7,0
2001,9930,8,0
2001,9940,9,0
2001,9950,10,0
2001,9960,11,0
2001,9970,12,0
2001,9980,13,0
2001,9990,14,0
2001,10000,15,0
2001,10010,16,0
2001,10020,17,0
2001,10030,18,0
2001,10040,19,0
2001,10050,20,0
2001,10060,21,0
2001,10065,22,0
2001,10070,23,0
2001,10080,24,0
2001,10100,25,0
2001,10110,26,0
2001,10120,27,0
2001,15240,28,0
2001,15250,29,0
2001,14090109,30,0
2001,14090110,31,0
2001,14090111,32,0
2001,14090112,33,0
2001,14090113,34,1
2002,14090113,1,0
2002,14790,2,0
2002,10120,3,0
2002,10135,4,0
2002,10140,5,0
2002,10150,6,0
2002,10160,7,0
2002,10170,8,0
2002,10180,9,0
2002,10190,10,0
2002,10200,11,0
2002,10210,12,0
2002,10220,13,0
2002,10230,14,0
2002,10240,15,0
2002,10250,16,0
2002,10265,17,0
2002,10260,18,0
2002,10270,19,0
2002,10280,20,0
2002,10290,21,0
2002,10300,22,0
2002,10310,23,0
2002,10320,24,0
2002,10330,25,0
2002,10340,26,0
2002,3864,27,0
2002,3865,28,0
2002,45570,29,1
2103,11830,1,0
2103,44760,2,0
2103,44740,3,0
2103,44720,4,0
2103,44700,5,0
2103,44680,6,0
2103,44660,7,0
2103,26580,8,0
2103,23270,9,0
2103,23290,10,0
2103,23300,11,0
2103,19820,12,0
2103,17230,13,0
2103,17240,14,0
2103,44810,15,0
2103,12380,16,0
2103,12360,17,0
2103,12345,18,0
2103,12348,19,0
2103,44790,20,0
2103,44780,21,0
2103,9380,22,0
2103,11730,23,1
2104,11730,1,0
2104,9415,2,0
2104,9420,3,0
2104,12330,4,0
2104,12340,5,0
2104,12350,6,0
2104,12365,7,0
2104,12370,8,0
2104,12390,9,0
2104,44800,10,0
2104,12385,11,0
2104,19130,12,0
2104,22930,13,0
2104,22940,14,0
2104,22950,15,0
2104,22960,16,0
2104,44650,17,0
2104,44670,18,0
2104,44690,19,0
2104,44710,20,0
2104,44730,21,0
2104,44750,22,0
2104,11830,23,1
2301,30015,1,0
2301,30020,2,0
2301,30025,3,0
2301,30030,4,0
2301,30035,5,0
2301,15090777,6,0
2301,40610,7,0
2301,15110202,8,0
2301,40625,9,0
2301,40627,10,0
2301,40260,11,0
2301,40270,12,0
2301,40280,13,0
2301,40290,14,0
2301,40300,15,0
2301,11630,16,0
2301,11640,17,0
2301,11650,18,0
2301,11660,19,0
2301,11670,20,0
2301,9330,21,0
2301,9340,22,0
2301,9350,23,0
2301,9360,24,0
2301,9380,25,0
2301,14090119,26,0
2301,9415,27,0
2301,11750,28,0
2301,11760,29,0
2301,11770,30,0
2301,11780,31,0
2301,40860,32,0
2301,40870,33,0
2301,15051801,34,0
2301,40875,35,0
2301,11830,36,0
2301,16580,37,0
2301,11840,38,0
2301,11850,39,0
2301,11860,40,0
2301,11870,41,0
2301,11875,42,0
2301,11880,43,0
2301,11890,44,0
2301,7110,45,0
2301,40880,46,0
2301,11910,47,0
2301,11920,48,0
2301,11930,49,0
2301,11940,50,0
2301,11950,51,0
2301,11960,52,0
2301,11970,53,0
2301,11975,54,0
2301,40070,55,0
2301,40080,56,0
2301,40090,57,0
2301,40094,58,0
2301,40100,59,0
2301,40105,60,0
2301,15090846,61,0
2301,14090130,62,0
2301,14090131,63,0
2301,16715,64,0
2301,16720,65,0
2301,45280,66,0
2301,16730,67,0
2301,16740,68,0
2301,44195,69,0
2301,44200,70,0
2301,47000,71,0
2301,47010,72,0
2301,47020,73,0
2301,47030,74,0
2301,47040,75,0
2301,47051,76,0
2301,47060,77,0
2301,17605,78,0
2301,47070,79,0
2301,47080,80,0
2301,47090,81,0
2301,47100,82,0
2301,47110,83,0
2301,47120,84,0
2301,47140,85,0
2301,47143,86,0
2301,47145,87,0
2301,50150,88,1
2302,50150,1,0
2302,17550,2,0
2302,17555,3,0
2302,17560,4,0
2302,44818,5,0
2302,44820,6,0
2302,17675,7,0
2302,17680,8,0
2302,17690,9,0
2302,17700,10,0
2302,47150,11,0
2302,47160,12,0
2302,47170,13,0
2302,47180,14,0
2302,47190,15,0
2302,47200,16,0
2302,47210,17,0
2302,47220,18,0
2302,44170,19,0
2302,44180,20,0
2302,44190,21,0
2302,40030,22,0
2302,40040,23,0
2302,40050,24,0
2302,17075,25,0
2302,17080,26,0
2302,15105,27,0
2302,15110,28,0
2302,15090847,29,0
2302,15090848,30,0
2302,15090849,31,0
2302,15090850,32,0
2302,40120,33,0
2302,40130,34,0
2302,40140,35,0
2302,40150,36,0
2302,40160,37,0
2302,40170,38,0
2302,41180,39,0
2302,40180,40,0
2302,40190,41,0
2302,40195,42,0
2302,40200,43,0
2302,10960,44,0
2302,10970,45,0
2302,10975,46,0
2302,10980,47,0
2302,10990,48,0
2302,11000,49,0
2302,11010,50,0
2302,11790,51,0
2302,6990,52,0
2302,11810,53,0
2302,11815,54,0
2302,11825,55,0
2302,11060,56,0
2302,44755,57,0
2302,15010501,58,0
2302,44775,59,0
2302,44770,60,0
2302,44765,61,0
2302,11100,62,0
2302,11110,63,0
2302,11120,64,0
2302,11130,65,0
2302,11140,66,0
2302,11150,67,0
2302,11160,68,0
2302,11170,69,0
2302,11180,70,0
2302,9430,71,0
2302,9440,72,0
2302,9450,73,0
2302,9460,74,0
2302,9470,75,0
2302,11240,76,0
2302,11250,77,0
2302,11260,78,0
2302,42170,79,0
2302,40210,80,0
2302,40220,81,0
2302,40230,82,0
2302,40240,83,0
2302,42045,84,0
2302,40250,85,0
2302,40253,86,0
2302,40255,87,0
2302,40257,88,0
2302,40555,89,0
2302,40560,90,0
2302,15051806,91,0
2302,40561,92,0
2302,40562,93,0
2302,40563,94,0
2302,40564,95,0
2302,40566,96,0
2302,30015,97,1
2403,8340,1,0
2403,9145,2,0
2403,9150,3,0
2403,9160,4,0
2403,9170,5,0
2403,9180,6,0
2403,9190,7,0
2403,9195,8,0
2403,12040,9,0
2403,12050,10,0
2403,12060,11,0
2403,12070,12,0
2403,12080,13,0
2403,12090,14,0
2403,12100,15,0
2403,12110,16,0
2403,12120,17,0
2403,12130,18,0
2403,12140,19,0
2403,12150,20,0
2403,12160,21,0
2403,12170,22,0
2403,12180,23,0
2403,12190,24,0
2403,12200,25,0
2403,12210,26,0
2403,12220,27,0
2403,12230,28,0
2403,12240,29,0
2403,12250,30,0
2403,12260,31,0
2403,12270,32,0
2403,12280,33,0
2403,12290,34,0
2403,90610,35,0
2403,90620,36,0
2403,90630,37,0
2403,90645,38,0
2403,14190,39,0
2403,14200,40,0
2403,14210,41,0
2403,14220,42,0
2403,14230,43,0
2403,14235,44,0
2403,14240,45,1
2404,14240,1,0
2404,14270,2,0
2404,14280,3,0
2404,14158,4,0
2404,14160,5,0
2404,90800,6,0
2404,90652,7,0
2404,90660,8,0
2404,90670,9,0
2404,12585,10,0
2404,12590,11,0
2404,12600,12,0
2404,12610,13,0
2404,12615,14,0
2404,12630,15,0
2404,40890,16,0
2404,12640,17,0
2404,12650,18,0
2404,12660,19,0
2404,12675,20,0
2404,12678,21,0
2404,12690,22,0
2404,12710,23,0
2404,12715,24,0
2404,12720,25,0
2404,12730,26,0
2404,12740,27,0
2404,12750,28,0
2404,12760,29,0
2404,12770,30,0
2404,12780,31,0
2404,12790,32,0
2404,12795,33,0
2404,12800,34,0
2404,12810,35,0
2404,9610,36,0
2404,9620,37,0
2404,9630,38,0
2404,12840,39,0
2404,9640,40,0
2404,9650,41,0
2404,8340,42,1
2503,9150,1,0
2503,9160,2,0
2503,9170,3,0
2503,9180,4,0
2503,9190,5,0
2503,12920,6,0
2503,12930,7,0
2503,12940,8,0
2503,12080,9,0
2503,12090,10,0
2503,12970,11,0
2503,12980,12,0
2503,12990,13,0
2503,13000,14,0
2503,13010,15,0
2503,13020,16,0
2503,13030,17,0
2503,13033,18,0
2503,13040,19,0
2503,11350,20,0
2503,11351,21,0
2503,11360,22,0
2503,11365,23,0
2503,13070,24,0
2503,13080,25,0
2503,13090,26,0
2503,13100,27,0
2503,13110,28,0
2503,13120,29,0
2503,13130,30,0
2503,13140,31,0
2503,13150,32,1
2504,13150,1,0
2504,40370,2,0
2504,40380,3,0
2504,40390,4,0
2504,40395,5,0
2504,40400,6,0
2504,11290,7,0
2504,11300,8,0
2504,11305,9,0
2504,11310,10,0
2504,11320,11,0
2504,11330,12,0
2504,11340,13,0
2504,13620,14,0
2504,13630,15,0
2504,1345,16,0
2504,13650,17,0
2504,13660,18,0
2504,13765,19,0
2504,13680,20,0
2504,12750,21,0
2504,12760,22,0
2504,12770,23,0
2504,12780,24,0
2504,13730,25,0
2504,13740,26,0
2504,9610,27,0
2504,9620,28,0
2504,9630,29,0
2504,12840,30,0
2504,9640,31,0
2504,9650,32,0
2504,8340,33,0
2504,9145,34,0
2504,9150,35,1
2603,14090120,1,0
2603,30020,2,0
2603,30012,3,0
2603,45590,4,0
2603,45595,5,0
2603,15090756,6,0
2603,15090757,7,0
2603,15090758,8,0
2603,15090759,9,0
2603,14090124,10,0
2603,14090125,11,0
2603,14090126,12,0
2603,15090760,13,0
2603,15090761,14,0
2603,15090762,15,0
2603,15090763,16,0
2603,15090764,17,0
2603,15090765,18,0
2603,16021502,19,0
2603,16021503,20,0
2603,15090766,21,1
2604,15090766,1,0
2604,15090767,2,0
2604,15090768,3,0
2604,15090769,4,0
2604,15090770,5,0
2604,15090771,6,0
2604,15090772,7,0
2604,15090773,8,0
2604,15090774,9,0
2604,15090775,10,0
2604,15090776,11,0
2604,40564,12,0
2604,40566,13,0
2604,14090120,14,1
2901,25840,1,0
2901,44310,2,0
2901,44315,3,0
2901,44320,4,0
2901,44330,5,0
2901,44340,6,0
2901,44355,7,0
2901,44360,8,0
2901,25890,9,0
2901,25900,10,0
2901,25910,11,0
2901,25920,12,0
2901,13765,13,0
2901,13680,14,0
2901,25950,15,0
2901,25960,16,0
2901,25980,17,0
2901,25990,18,0
2901,26000,19,0
2901,26010,20,0
2901,26020,21,0
2901,26030,22,0
2901,26040,23,0
2901,26050,24,0
2901,26060,25,0
2901,26070,26,0
2901,26075,27,0
2901,26080,28,0
2901,26090,29,0
2901,26100,30,0
2901,26110,31,0
2901,26120,32,0
2901,7270,33,0
2901,7280,34,0
2901,26150,35,0
2901,26155,36,0
2901,26160,37,0
2901,26170,38,0
2901,26180,39,0
2901,26190,40,0
2901,26200,41,0
2901,25130,42,0
2901,25140,43,0
2901,25150,44,0
2901,25160,45,0
2901,25170,46,0
2901,25175,47,0
2901,25180,48,0
2901,25700,49,0
2901,25710,50,0
2901,25720,51,0
2901,93950,52,0
2901,50156,53,0
2901,16780,54,0
2901,16785,55,0
2901,16790,56,0
2901,16800,57,0
2901,16810,58,0
2901,16820,59,0
2901,51114,60,0
2901,14090107,61,0
2901,14090108,62,0
2901,1150,63,1
2902,1150,1,0
2902,1160,2,0
2902,1170,3,0
2902,16970,4,0
2902,16980,5,0
2902,16990,6,0
2902,17000,7,0
2902,17010,8,0
2902,50156,9,0
2902,21135,10,0
2902,25740,11,0
2902,25750,12,0
2902,25760,13,0
2902,25770,14,0
2902,25320,15,0
2902,25330,16,0
2902,25340,17,0
2902,25350,18,0
2902,25360,19,0
2902,26450,20,0
2902,26460,21,0
2902,26470,22,0
2902,26480,23,0
2902,26490,24,0
2902,26500,25,0
2902,6820,26,0
2902,18670,27,0
2902,18660,28,0
2902,26540,29,0
2902,26550,30,0
2902,26552,31,0
2902,26570,32,0
2902,26580,33,0
2902,26590,34,0
2902,26600,35,0
2902,26605,36,0
2902,26610,37,0
2902,26620,38,0
2902,26630,39,0
2902,23635,40,0
2902,26650,41,0
2902,26655,42,0
2902,26660,43,0
2902,12970,44,0
2902,12980,45,0
2902,12990,46,0
2902,13000,47,0
2902,26700,48,0
2902,26710,49,0
2902,26720,50,0
2902,26735,51,0
2902,26730,52,0
2902,44240,53,0
2902,44243,54,0
2902,44260,55,0
2902,44270,56,0
2902,44280,57,0
2902,44290,58,0
2902,44300,59,0
2902,25840,60,1
3003,2817,1,0
3003,14690,2,0
3003,14700,3,0
3003,14710,4,0
3003,14720,5,0
3003,14730,6,0
3003,14740,7,0
3003,14750,8,0
3003,14760,9,0
3003,14770,10,0
3003,14780,11,0
3003,14790,12,0
3003,14800,13,0
3003,10125,14,0
3003,14820,15,0
3003,14830,16,0
3003,14840,17,0
3003,14850,18,0
3003,14860,19,0
3003,14865,20,0
3003,14870,21,0
3003,14875,22,0
3003,14880,23,0
3003,14890,24,0
3003,14900,25,0
3003,14905,26,0
3003,14906,27,0
3003,14910,28,0
3003,14915,29,0
3003,14920,30,0
3003,14930,31,0
3003,14940,32,0
3003,14950,33,0
3003,14960,34,0
3003,14970,35,0
3003,14980,36,0
3003,44210,37,0
3003,14102701,38,0
3003,14989,39,0
3003,14990,40,1
3004,14990,1,0
3004,44210,2,0
3004,15000,3,0
3004,41955,4,0
3004,42000,5,0
3004,42010,6,0
3004,42050,7,0
3004,42055,8,0
3004,42060,9,0
3004,42070,10,0
3004,16021501,11,0
3004,42080,12,0
3004,42085,13,0
3004,42090,14,0
3004,42100,15,0
3004,42095,16,0
3004,41120,17,0
3004,15120,18,0
3004,15125,19,0
3004,15130,20,0
3004,15140,21,0
3004,15160,22,0
3004,15162,23,0
3004,15165,24,0
3004,15170,25,0
3004,15180,26,0
3004,15190,27,0
3004,15200,28,0
3004,15210,29,0
3004,15220,30,0
3004,10130,31,0
3004,15240,32,0
3004,15250,33,0
3004,15260,34,0
3004,15270,35,0
3004,15280,36,0
3004,15290,37,0
3004,15300,38,0
3004,15310,39,0
3004,15320,40,0
3004,15330,41,0
3004,2816,42,1
3103,17750,1,0
3103,50152,2,0
3103,21100,3,0
3103,44523,4,0
3103,44525,5,0
3103,44530,6,0
3103,44535,7,0
3103,44540,8,0
3103,44545,9,0
3103,44550,10,0
3103,44455,11,0
3103,44560,12,0
3103,44570,13,0
3103,44580,14,0
3103,44590,15,0
3103,44592,16,0
3103,15090843,17,0
3103,15090844,18,0
3103,15090780,19,0
3103,15090845,20,0
3103,44620,21,0
3103,44630,22,0
3103,44640,23,0
3103,41955,24,0
3103,42000,25,0
3103,42010,26,0
3103,42050,27,0
3103,42055,28,0
3103,42060,29,0
3103,14980,30,0
3103,44210,31,1
3104,44210,1,0
3104,15000,2,0
3104,15010,3,0
3104,15020,4,0
3104,15030,5,0
3104,15040,6,0
3104,15090778,7,0
3104,15090779,8,0
3104,15090841,9,0
3104,15090842,10,0
3104,15085,11,0
3104,15090,12,0
3104,15100,13,0
3104,44410,14,0
3104,44420,15,0
3104,93805,16,0
3104,44435,17,0
3104,44440,18,0
3104,44445,19,0
3104,44450,20,0
3104,44460,21,0
3104,44470,22,0
3104,44475,23,0
3104,44480,24,0
3104,44490,25,0
3104,44500,26,0
3104,44510,27,0
3104,44520,28,0
3104,17745,29,0
3104,17740,30,0
3104,17750,31,1
3200,11060,1,0
3200,11840,2,0
3200,11850,3,0
3200,11860,4,0
3200,11870,5,0
3200,11875,6,0
3200,6235,7,0
3200,6240,8,0
3200,6250,9,0
3200,6255,10,0
3200,6253,11,0
3200,44020,12,0
3200,44030,13,0
3200,44010,14,0
3200,45170,15,0
3200,45175,16,0
3200,45180,17,0
3200,45185,18,0
3200,45090,19,0
3200,45080,20,0
3200,45070,21,0
3200,44070,22,0
3200,44080,23,0
3200,44090,24,0
3200,44100,25,0
3200,44110,26,0
3200,44120,27,0
3200,44130,28,0
3200,40780,29,0
3200,40770,30,0
3200,40750,31,0
3200,2070,32,0
3200,10400,33,0
3200,10420,34,0
3200,10440,35,0
3200,10450,36,0
3200,10460,37,0
3200,10470,38,0
3200,10480,39,0
3200,10490,40,0
3200,10500,41,0
3200,10510,42,0
3200,42160,43,0
3200,42150,44,0
3200,4050,45,0
3200,4060,46,0
3200,10580,47,0
3200,10590,48,0
3200,10593,49,0
3200,10595,50,0
3200,18540,51,0
3200,10600,52,0
3200,10610,53,0
3200,10620,54,0
3200,10630,55,0
3200,10640,56,0
3200,10650,57,0
3200,11830,58,1
3301,11830,1,0
3301,16580,2,0
3301,10680,3,0
3301,10690,4,0
3301,10700,5,0
3301,10705,6,0
3301,10710,7,0
3301,10720,8,0
3301,10730,9,0
3301,10740,10,0
3301,10750,11,0
3301,10760,12,0
3301,10770,13,0
3301,10780,14,0
3301,4200,15,0
3301,42110,16,0
3301,42120,17,0
3301,42130,18,0
3301,10850,19,0
3301,10860,20,0
3301,10870,21,0
3301,10875,22,0
3301,10880,23,0
3301,10885,24,0
3301,2005,25,0
3301,2010,26,0
3301,2020,27,0
3301,2030,28,0
3301,2040,29,0
3301,2050,30,0
3301,2060,31,0
3301,40740,32,0
3301,40760,33,0
3301,40790,34,0
3301,40800,35,0
3301,45020,36,0
3301,45030,37,0
3301,45035,38,0
3301,45040,39,0
3301,45050,40,0
3301,45060,41,0
3301,44910,42,0
3301,44920,43,0
3301,44930,44,0
3301,45110,45,0
3301,45120,46,0
3301,45130,47,0
3301,45140,48,0
3301,45150,49,0
3301,45186,50,0
3301,45190,51,0
3301,11010,52,0
3301,11020,53,0
3301,11790,54,0
3301,6990,55,0
3301,11810,56,0
3301,11815,57,0
3301,11825,58,0
3301,11060,59,1
3503,15090853,1,0
3503,15090854,2,0
3503,15090855,3,0
3503,50150,4,0
3503,17550,5,0
3503,17555,6,0
3503,17560,7,0
3503,44818,8,0
3503,44820,9,0
3503,17675,10,0
3503,17680,11,0
3503,17690,12,0
3503,17700,13,0
3503,47500,14,0
3503,47510,15,0
3503,47520,16,0
3503,47530,17,0
3503,93845,18,0
3503,93850,19,0
3503,93855,20,0
3503,93860,21,0
3503,93865,22,0
3503,93870,23,0
3503,93875,24,0
3503,93880,25,0
3503,93885,26,0
3503,93890,27,0
3503,15033008,28,0
3503,15051804,29,0
3503,44560,30,0
3503,44570,31,0
3503,44580,32,0
3503,15105,33,0
3503,15110,34,0
3503,15115,35,0
3503,17090,36,0
3503,17100,37,0
3503,2110,38,0
3503,17120,39,0
3503,17125,40,0
3503,18425,41,0
3503,10857,42,1
3504,10857,1,0
3504,16650,2,0
3504,16665,3,0
3504,16670,4,0
3504,16680,5,0
3504,16690,6,0
3504,16700,7,0
3504,16710,8,0
3504,16715,9,0
3504,16720,10,0
3504,93800,11,0
3504,44410,12,0
3504,44420,13,0
3504,44430,14,0
3504,15051810,15,0
3504,15110203,16,0
3504,2735,17,0
3504,15051805,18,0
3504,27040,19,0
3504,27045,20,0
3504,47553,21,0
3504,93810,22,0
3504,93815,23,0
3504,93820,24,0
3504,93825,25,0
3504,93830,26,0
3504,93835,27,0
3504,93840,28,0
3504,47538,29,0
3504,47537,30,0
3504,47536,31,0
3504,47535,32,0
3504,47110,33,0
3504,47120,34,0
3504,15090851,35,0
3504,17730,36,0
3504,17745,37,0
3504,17740,38,0
3504,50126,39,0
3504,50128,40,0
3504,20370,41,0
3504,15090852,42,0
3504,15090853,43,0
3504,47140,44,0
3504,47143,45,0
3504,47145,46,0
3504,50150,47,1
3603,44523,1,0
3603,48000,2,0
3603,48010,3,0
3603,48020,4,0
3603,48030,5,0
3603,48040,6,0
3603,17590,7,0
3603,17600,8,0
3603,14090104,9,0
3603,14090105,10,0
3603,15090887,11,0
3603,15090888,12,0
3603,15090889,13,0
3603,15090890,14,0
3603,15090891,15,0
3603,15090702,16,0
3603,15090703,17,0
3603,15090704,18,0
3603,15090705,19,0
3603,15090706,20,0
3603,15090707,21,0
3603,15090708,22,0
3603,15090709,23,0
3603,15090710,24,0
3603,93885,25,0
3603,93890,26,0
3603,15033008,27,1
3604,15033008,1,0
3604,15051805,2,0
3604,27040,3,0
3604,27045,4,0
3604,27050,5,0
3604,27205,6,0
3604,27206,7,0
3604,27207,8,0
3604,15090881,9,0
3604,15090882,10,0
3604,15090883,11,0
3604,15090884,12,0
3604,15090885,13,0
3604,15090886,14,0
3604,15090887,15,0
3604,15090888,16,0
3604,15090889,17,0
3604,15090890,18,0
3604,15090891,19,0
3604,15090892,20,0
3604,15090893,21,0
3604,15090894,22,0
3604,15090895,23,0
3604,15090896,24,0
3604,15090897,25,0
3604,15090898,26,0
3604,15090899,27,0
3604,15090700,28,0
3604,15090701,29,0
3604,44523,30,1
4001,42375,1,0
4001,4470,2,0
4001,4480,3,0
4001,4490,4,0
4001,4505,5,0
4001,4510,6,0
4001,4520,7,0
4001,4530,8,0
4001,4540,9,0
4001,4550,10,0
4001,4560,11,0
4001,4570,12,0
4001,4575,13,0
4001,4580,14,0
4001,4590,15,0
4001,4600,16,0
4001,4610,17,0
4001,4620,18,0
4001,44825,19,0
4001,44830,20,0
4001,44840,21,0
4001,44850,22,0
4001,44860,23,0
4001,4630,24,0
4001,4640,25,0
4001,4650,26,0
4001,4660,27,0
4001,4670,28,0
4001,4680,29,0
4001,4690,30,0
4001,4700,31,0
4001,4710,32,0
4001,3760,33,0
4001,700,34,1
5003,15090801,1,0
5003,17862,2,0
5003,17863,3,0
5003,17864,4,0
5003,17865,5,0
5003,17866,6,0
5003,17867,7,0
5003,17883,8,0
5003,17868,9,0
5003,17869,10,0
5003,17871,11,0
5003,17872,12,0
5003,17881,13,0
5003,17882,14,0
5003,17400,15,0
5003,17430,16,0
5003,17435,17,0
5003,17440,18,0
5003,17460,19,0
5003,17470,20,0
5003,17480,21,0
5003,17490,22,0
5003,17500,23,0
5003,17520,24,0
5003,17525,25,0
5003,17530,26,0
5003,17540,27,0
5003,17545,28,0
5003,17550,29,0
5003,17555,30,0
5003,17560,31,0
5003,17563,32,0
5003,17565,33,0
5003,17568,34,0
5003,17623,35,0
5003,17625,36,0
5003,27000,37,0
5003,27010,38,0
5003,27012,39,0
5003,27013,40,0
5003,27020,41,0
5003,2735,42,1
5004,2735,1,0
5004,15051805,2,0
5004,27040,3,0
5004,27045,4,0
5004,47553,5,0
5004,93810,6,0
5004,93815,7,0
5004,93820,8,0
5004,93825,9,0
5004,14090101,10,0
5004,14090102,11,0
5004,14090103,12,0
5004,17627,13,0
5004,27080,14,0
5004,27200,15,0
5004,17620,16,0
5004,17628,17,0
5004,17629,18,0
5004,17630,19,0
5004,44220,20,0
5004,44237,21,0
5004,17745,22,0
5004,17740,23,0
5004,17750,24,0
5004,17753,25,0
5004,17755,26,0
5004,17760,27,0
5004,17770,28,0
5004,940,29,0
5004,950,30,0
5004,960,31,0
5004,970,32,0
5004,980,33,0
5004,17820,34,0
5004,17821,35,0
5004,17822,36,0
5004,17823,37,0
5004,17824,38,0
5004,17825,39,0
5004,17826,40,0
5004,17830,41,0
5004,17840,42,0
5004,17855,43,0
5004,17860,44,0
5004,17870,45,0
5004,17853,46,0
5004,15090801,47,1
5101,460,1,0
5101,15033006,2,0
5101,470,3,0
5101,15033005,4,0
5101,490,5,0
5101,500,6,0
5101,510,7,0
5101,15110204,8,0
5101,520,9,0
5101,535,10,0
5101,540,11,0
5101,530,12,0
5101,550,13,0
5101,560,14,0
5101,8510,15,0
5101,15033003,16,0
5101,30102,17,1
5102,30102,1,0
5102,8550,2,0
5102,9000,3,0
5102,9010,4,0
5102,1430,5,0
5102,1440,6,0
5102,15033004,7,0
5102,1460,8,0
5102,1465,9,0
5102,1470,10,0
5102,1480,11,0
5102,1490,12,0
5102,42205,13,0
5102,42210,14,0
5102,42220,15,0
5102,42230,16,0
5102,44370,17,0
5102,44385,18,0
5102,44390,19,0
5102,44393,20,0
5102,44395,21,0
5102,44400,22,0
5102,44405,23,0
5102,1530,24,0
5102,1540,25,0
5102,1550,26,0
5102,1560,27,0
5102,1570,28,0
5102,1575,29,0
5102,460,30,1
5203,30112,1,0
5203,8581,2,0
5203,8582,3,0
5203,8590,4,0
5203,8600,5,0
5203,8610,6,0
5203,8620,7,0
5203,8630,8,0
5203,8640,9,0
5203,8650,10,0
5203,8660,11,0
5203,8670,12,0
5203,8680,13,0
5203,8690,14,0
5203,8700,15,0
5203,8710,16,0
5203,8720,17,0
5203,8730,18,0
5203,8740,19,0
5203,45520,20,1
5204,45520,1,0
5204,8770,2,0
5204,8780,3,0
5204,8790,4,0
5204,8800,5,0
5204,8805,6,0
5204,8810,7,0
5204,8820,8,0
5204,8840,9,0
5204,8850,10,0
5204,8860,11,0
5204,8870,12,0
5204,8880,13,0
5204,8890,14,0
5204,8900,15,0
5204,8910,16,0
5204,8920,17,0
5204,8930,18,0
5204,8932,19,0
5204,9760,20,0
5204,30114,21,0
5204,9770,22,0
5204,17960,23,0
5204,17970,24,0
5204,17980,25,0
5204,17990,26,0
5204,15090856,27,0
5204,15090857,28,0
5204,15090858,29,0
5204,15090859,30,0
5204,18000,31,0
5204,18010,32,0
5204,18020,33,0
5204,14090114,34,0
5204,14090115,35,0
5204,14090116,36,0
5204,14090117,37,0
5204,14090118,38,0
5204,18030,39,0
5204,18040,40,0
5204,18050,41,0
5204,18053,42,0
5204,18055,43,0
5204,18200,44,0
5204,15033003,45,0
5204,30112,46,1
5300,30101,1,0
5300,8550,2,0
5300,9000,3,0
5300,9020,4,0
5300,18205,5,0
5300,40720,6,0
5300,40725,7,0
5300,18060,8,0
5300,18070,9,0
5300,18080,10,0
5300,18090,11,0
5300,18100,12,0
5300,18110,13,0
5300,18120,14,0
5300,18130,15,0
5300,40660,16,0
5300,40670,17,0
5300,40680,18,0
5300,40690,19,0
5300,40700,20,0
5300,45262,21,0
5300,45260,22,0
5300,45258,23,0
5300,45270,24,0
5300,15513,25,0
5300,15515,26,0
5300,15090860,27,0
5300,40710,28,0
5300,40715,29,0
5300,18135,30,0
5300,18140,31,0
5300,18150,32,0
5300,18170,33,0
5300,18180,34,0
5300,18190,35,0
5300,15033003,36,1
5603,9640,1,0
5603,9650,2,0
5603,8340,3,0
5603,8350,4,0
5603,8360,5,0
5603,8370,6,0
5603,8380,7,0
5603,8390,8,0
5603,8400,9,0
5603,8410,10,0
5603,91350,11,0
5603,91355,12,0
5603,15630,13,0
5603,92000,14,0
5603,91360,15,0
5603,91365,16,0
5603,91370,17,0
5603,91375,18,0
5603,91380,19,0
5603,91385,20,0
5603,91650,21,0
5603,91655,22,0
5603,91660,23,0
5603,15010503,24,0
5603,92300,25,0
5603,49070,26,0
5603,49080,27,0
5603,49090,28,0
5603,49100,29,0
5603,44260,30,0
5603,44270,31,0
5603,44280,32,0
5603,44290,33,0
5603,44300,34,0
5603,44303,35,0
5603,16430,36,1
5604,16430,1,0
5604,44310,2,0
5604,44315,3,0
5604,44320,4,0
5604,44330,5,0
5604,44340,6,0
5604,44350,7,0
5604,44245,8,0
5604,49000,9,0
5604,94100,10,0
5604,49010,11,0
5604,49020,12,0
5604,49030,13,0
5604,91670,14,0
5604,91675,15,0
5604,91680,16,0
5604,91690,17,0
5604,92475,18,0
5604,92480,19,0
5604,92485,20,0
5604,92490,21,0
5604,92495,22,0
5604,15051807,23,0
5604,16170,24,0
5604,15620,25,0
5604,91100,26,0
5604,92470,27,0
5604,92465,28,0
5604,7600,29,0
5604,7610,30,0
5604,7620,31,0
5604,7630,32,0
5604,7640,33,1
5703,30101,1,0
5703,8550,2,0
5703,15370,3,0
5703,15380,4,0
5703,15390,5,0
5703,15400,6,0
5703,15410,7,0
5703,15420,8,0
5703,15430,9,0
5703,15440,10,0
5703,15450,11,0
5703,15460,12,0
5703,15470,13,0
5703,15480,14,0
5703,15490,15,0
5703,15500,16,0
5703,15510,17,0
5703,45200,18,0
5703,15090862,19,0
5703,15090726,20,0
5703,15090727,21,0
5703,15090728,22,0
5703,15090863,23,0
5703,15540,24,0
5703,15550,25,0
5703,15090864,26,0
5703,15090865,27,0
5703,15090866,28,0
5703,15090867,29,0
5703,15090868,30,0
5703,15090869,31,0
5703,15090870,32,0
5703,15090871,33,0
5703,92470,34,0
5703,92465,35,0
5703,14560,36,0
5703,13930,37,1
5704,13930,1,0
5704,15090872,2,0
5704,15090873,3,0
5704,15090874,4,0
5704,15090875,5,0
5704,15090876,6,0
5704,15090877,7,0
5704,15090878,8,0
5704,15090879,9,0
5704,15090880,10,0
5704,16250,11,0
5704,94115,12,0
5704,15090712,13,0
5704,15090713,14,0
5704,45270,15,0
5704,16280,16,0
5704,16290,17,0
5704,16300,18,0
5704,16310,19,0
5704,16320,20,0
5704,16330,21,0
5704,16340,22,0
5704,16350,23,0
5704,16360,24,0
5704,16370,25,0
5704,16380,26,0
5704,8940,27,0
5704,8950,28,0
5704,8960,29,0
5704,15033003,30,0
5704,30101,31,1
5801,93000,1,0
5801,93005,2,0
5801,93015,3,0
5801,94110,4,0
5801,93010,5,0
5801,93500,6,0
5801,93505,7,0
5801,93510,8,0
5801,93515,9,0
5801,93520,10,0
5801,93525,11,0
5801,1500,12,0
5801,1508,13,0
5801,93530,14,0
5801,93535,15,0
5801,93540,16,0
5801,93545,17,0
5801,93550,18,0
5801,93555,19,0
5801,93560,20,0
5801,93020,21,0
5801,93025,22,0
5801,93030,23,0
5801,93035,24,0
5801,15051803,25,0
5801,93040,26,0
5801,93045,27,0
5801,93050,28,0
5801,93055,29,0
5801,93060,30,1
6003,93035,1,0
6003,15090814,2,0
6003,15090815,3,0
6003,44405,4,0
6003,15090816,5,0
6003,15090817,6,0
6003,15090818,7,0
6003,15090819,8,0
6003,15090820,9,0
6003,15090821,10,0
6003,15090822,11,0
6003,15090823,12,0
6003,15090824,13,0
6003,15090825,14,0
6003,49040,15,0
6003,49050,16,0
6003,15090826,17,0
6003,15090711,18,1
6004,15090711,1,0
6004,15090804,2,0
6004,15090805,3,0
6004,15090807,4,0
6004,15090808,5,0
6004,15090809,6,0
6004,15090810,7,0
6004,15110201,8,0
6004,15090811,9,0
6004,1510,10,0
6004,1520,11,0
6004,93545,12,0
6004,93550,13,0
6004,93555,14,0
6004,93560,15,0
6004,93020,16,0
6004,93025,17,0
6004,93030,18,0
6004,93035,19,1
9203,42375,1,0
9203,2430,2,0
9203,2450,3,0
9203,2460,4,0
9203,3810,5,0
9203,3820,6,0
9203,3830,7,0
9203,3840,8,0
9203,9890,9,0
9203,9900,10,0
9203,9910,11,0
9203,1720,12,0
9203,1730,13,0
9203,1740,14,0
9203,1750,15,0
9203,1760,16,0
9203,1770,17,0
9203,1780,18,0
9203,1790,19,0
9203,1800,20,0
9203,1810,21,0
9203,1815,22,0
9203,24260,23,0
9203,1840,24,0
9203,1850,25,0
9203,24290,26,0
9203,24300,27,0
9203,4250,28,0
9203,4260,29,0
9203,4270,30,1
9204,3980,1,0
9204,3990,2,0
9204,4000,3,0
9204,24380,4,0
9204,24385,5,0
9204,24390,6,0
9204,2170,7,0
9204,2180,8,0
9204,2190,9,0
9204,24430,10,0
9204,2210,11,0
9204,2220,12,0
9204,2230,13,0
9204,2240,14,0
9204,2250,15,0
9204,2260,16,0
9204,2270,17,0
9204,2280,18,0
9204,2290,19,0
9204,10310,20,0
9204,10320,21,0
9204,10330,22,0
9204,10340,23,0
9204,4400,24,0
9204,4410,25,0
9204,4420,26,0
9204,4430,27,0
9204,4440,28,0
9204,2750,29,0
9204,2760,30,0
9204,2770,31,0
9204,42375,32,1
11503,10101,1,0
11503,43011,2,0
11503,43013,3,0
11503,43015,4,0
11503,43017,5,0
11503,43019,6,0
11503,43021,7,0
11503,43023,8,0
11503,43025,9,0
11503,2925,10,0
11503,42295,11,0
11503,2430,12,0
11503,45575,13,1
11504,45575,1,0
11504,2770,2,0
11504,42290,3,0
11504,3680,4,0
11504,42980,5,0
11504,43300,6,0
11504,43303,7,0
11504,43305,8,0
11504,43307,9,0
11504,43309,10,0
11504,10101,11,1
18503,15090832,1,0
18503,15090833,2,0
18503,15090835,3,0
18503,15090836,4,0
18503,15090837,5,0
18503,5890,6,0
18503,5910,7,0
18503,5940,8,0
18503,5950,9,0
18503,5980,10,0
18503,6020,11,0
18503,2720,12,0
18503,45543,13,1
18504,45543,1,0
18504,2540,2,0
18504,6550,3,0
18504,6580,4,0
18504,6610,5,0
18504,6630,6,0
18504,6660,7,0
18504,6670,8,0
18504,5660,9,0
18504,15090827,10,0
18504,15090828,11,0
18504,15090830,12,0
18504,15090831,13,0
18504,15090832,14,1
20000,17960,1,0
20000,17970,2,0
20000,17980,3,0
20000,17990,4,0
20000,18000,5,0
20000,18010,6,0
20000,18020,7,0
20000,18030,8,0
20000,18040,9,0
20000,18050,10,0
20000,18055,11,0
20000,8510,12,0
20000,15033003,13,0
20000,30112,14,0
20000,600,15,0
20000,610,16,0
20000,620,17,0
20000,51100,18,0
20000,440,19,0
20000,20,20,1
20001,20,1,0
20001,30,2,0
20001,1340,3,0
20001,1350,4,0
20001,1360,5,0
20001,9770,6,0
20001,17960,7,0
20001,17970,8,0
20001,17980,9,0
20001,17990,10,0
20001,18000,11,0
20001,18010,12,0
20001,18020,13,0
20001,18030,14,0
20001,18040,15,0
20001,18050,16,0
20001,18055,17,0
20001,8510,18,0
20001,15033003,19,0
20001,30112,20,1
20100,42395,1,0
20100,9415,2,0
20100,13383,3,0
20100,13385,4,0
20100,13400,5,0
20100,13410,6,0
20100,13675,7,0
20100,90420,8,0
20100,90425,9,0
20100,90300,10,0
20100,4500,11,1
20101,4500,1,0
20101,90400,2,0
20101,90415,3,0
20101,90410,4,0
20101,13676,5,0
20101,13230,6,0
20101,13240,7,0
20101,13250,8,0
20101,13260,9,0
20101,11160,10,0
20101,12485,11,1
20200,11170,1,0
20200,11180,2,0
20200,9430,3,0
20200,9440,4,0
20200,9450,5,0
20200,90500,6,0
20200,90600,7,0
20200,14150,8,0
20200,14151,9,0
20200,18887,10,0
20200,42400,11,0
20200,18920,12,0
20200,18930,13,0
20200,18940,14,0
20200,18960,15,0
20200,91600,16,0
20200,90695,17,0
20200,91611,18,0
20200,90300,19,0
20200,4500,20,1
20201,4500,1,0
20201,90400,2,0
20201,91610,3,0
20201,90690,4,0
20201,90700,5,0
20201,18970,6,0
20201,13250,7,0
20201,13260,8,0
20201,11170,9,1
20301,4500,1,0
20301,18940,2,0
20301,18950,3,0
20301,18960,4,0
20301,18970,5,0
20301,13240,6,0
20301,13250,7,0
20301,11160,8,0
20301,11170,9,1
20401,4500,1,0
20401,90400,2,0
20401,14240,3,0
20401,14270,4,0
20401,14280,5,0
20401,14158,6,0
20401,14160,7,0
20401,90800,8,0
20401,90652,9,0
20401,9360,10,0
20401,11730,11,1
20500,45555,1,0
20500,3900,2,0
20500,3910,3,0
20500,20200,4,0
20500,3930,5,0
20500,50112,6,0
20500,50114,7,0
20500,3475,8,0
20500,3100,9,0
20500,25080,10,1
20501,25080,1,0
20501,8070,2,0
20501,50162,3,0
20501,21210,4,0
20501,3864,5,0
20501,3865,6,0
20501,45555,7,1
20600,17960,1,0
20600,17970,2,0
20600,17980,3,0
20600,18000,4,0
20600,18010,5,0
20600,18020,6,0
20600,18030,7,0
20600,18040,8,0
20600,18050,9,0
20600,18045,10,0
20600,18110,11,0
20600,18120,12,0
20600,18130,13,0
20600,18135,14,0
20600,18140,15,0
20600,18150,16,0
20600,18170,17,0
20600,18180,18,0
20600,90900,19,0
20600,15480,20,0
20600,15490,21,0
20600,15500,22,0
20600,15510,23,0
20600,15520,24,0
20600,15540,25,1
20601,16250,1,0
20601,16270,2,0
20601,16280,3,0
20601,16290,4,0
20601,16300,5,0
20601,16310,6,0
20601,16320,7,0
20601,16330,8,0
20601,90950,9,0
20601,18171,10,0
20601,18175,11,0
20601,91050,12,0
20601,91010,13,0
20601,91000,14,0
20601,15010502,15,0
20601,18031,16,0
20601,18021,17,0
20601,9790,18,0
20601,9800,19,0
20601,9820,20,0
20601,9830,21,1
20700,45565,1,0
20700,9870,2,0
20700,3900,3,0
20700,3910,4,0
20700,20200,5,0
20700,3930,6,0
20700,3940,7,0
20700,3950,8,0
20700,3960,9,0
20700,3980,10,0
20700,3990,11,0
20700,4000,12,0
20700,18370,13,0
20700,18380,14,0
20700,4030,15,0
20700,4040,16,0
20700,4050,17,0
20700,4060,18,0
20700,4070,19,0
20700,4080,20,0
20700,4090,21,0
20700,4500,22,1
20701,4500,1,0
20701,46050,2,0
20701,44050,3,0
20701,44060,4,0
20701,4180,5,0
20701,4190,6,0
20701,4200,7,0
20701,4220,8,0
20701,4240,9,0
20701,4250,10,0
20701,4260,11,0
20701,4270,12,0
20701,4280,13,0
20701,4290,14,0
20701,21210,15,0
20701,3864,16,0
20701,3865,17,0
20701,45565,18,1
20800,45560,1,0
20800,9870,2,0
20800,9895,3,0
20800,9867,4,0
20800,42420,5,0
20800,6080,6,0
20800,6090,7,0
20800,6100,8,0
20800,6110,9,0
20800,6120,10,0
20800,6130,11,0
20800,6140,12,0
20800,6150,13,0
20800,6160,14,0
20800,6175,15,0
20800,6170,16,0
20800,6185,17,0
20800,6190,18,0
20800,6200,19,0
20800,6210,20,0
20800,6220,21,0
20800,6230,22,0
20800,6240,23,0
20800,6250,24,0
20800,6255,25,0
20800,6253,26,0
20800,4500,27,1
20801,4500,1,0
20801,90100,2,0
20801,45190,3,0
20801,6330,4,0
20801,6340,5,0
20801,6350,6,0
20801,6360,7,0
20801,6370,8,0
20801,6380,9,0
20801,6390,10,0
20801,6400,11,0
20801,6410,12,0
20801,6420,13,0
20801,18680,14,0
20801,18690,15,0
20801,18700,16,0
20801,18710,17,0
20801,18720,18,0
20801,18730,19,0
20801,18740,20,0
20801,230,21,0
20801,235,22,0
20801,9875,23,0
20801,9885,24,0
20801,45560,25,1
20900,15540,1,0
20900,15560,2,0
20900,15570,3,0
20900,15580,4,0
20900,15590,5,0
20900,15600,6,0
20900,15610,7,0
20900,15615,8,0
20900,8430,9,0
20900,8440,10,0
20900,8450,11,0
20900,8460,12,0
20900,7455,13,0
20900,7460,14,0
20900,7470,15,0
20900,7480,16,0
20900,7490,17,0
20900,7500,18,0
20900,7510,19,0
20900,7530,20,0
20900,7535,21,0
20900,14510,22,0
20900,14520,23,0
20900,14530,24,0
20900,14540,25,0
20900,14550,26,1
20901,8430,1,0
20901,8440,2,0
20901,8450,3,0
20901,8460,4,0
20901,7455,5,0
20901,7460,6,0
20901,7470,7,0
20901,7480,8,0
20901,7490,9,0
20901,7500,10,0
20901,7510,11,0
20901,7530,12,0
20901,7535,13,0
20901,14510,14,0
20901,14520,15,0
20901,14530,16,0
20901,14540,17,0
20901,14550,18,0
20901,8400,19,0
20901,8410,20,0
20901,91350,21,0
20901,16180,22,0
20901,16190,23,0
20901,16200,24,0
20901,16210,25,0
20901,16220,26,0
20901,16230,27,0
20901,16235,28,0
20901,16240,29,0
20901,16250,30,1
21000,15540,1,0
21000,15560,2,0
21000,15570,3,0
21000,15580,4,0
21000,15590,5,0
21000,15600,6,0
21000,15610,7,0
21000,15615,8,0
21000,7600,9,0
21000,8840,10,0
21000,8850,11,0
21000,8860,12,0
21000,8870,13,0
21000,8880,14,0
21000,8890,15,0
21000,8900,16,0
21000,9090,17,0
21000,9100,18,0
21000,9110,19,0
21000,9120,20,1
21100,26490,1,0
21100,1870,2,0
21100,1880,3,0
21100,1890,4,0
21100,16670,5,0
21100,16680,6,0
21100,16690,7,0
21100,16700,8,0
21100,15120,9,0
21100,15125,10,0
21100,40037,11,0
21100,40038,12,0
21100,16715,13,0
21100,16720,14,0
21100,45280,15,1
21101,15105,1,0
21101,15110,2,0
21101,40035,3,0
21101,40036,4,0
21101,17090,5,0
21101,17100,6,0
21101,2110,7,0
21101,2125,8,0
21101,2130,9,0
21101,2150,10,0
21101,2160,11,0
21101,2165,12,0
21101,2170,13,0
21101,2180,14,0
21101,2190,15,0
21101,24430,16,0
21101,26490,17,1
21200,44245,1,0
21200,44355,2,0
21200,44360,3,0
21200,25890,4,0
21200,25900,5,0
21200,25910,6,0
21200,25920,7,0
21200,13010,8,0
21200,13020,9,0
21200,13030,10,0
21200,17310,11,0
21200,17320,12,0
21200,15910,13,0
21200,15920,14,0
21200,15930,15,0
21200,11520,16,0
21200,11530,17,1
21201,15800,1,0
21201,15810,2,0
21201,15820,3,0
21201,15840,4,0
21201,15845,5,0
21201,15850,6,0
21201,15860,7,0
21201,16450,8,0
21201,16460,9,0
21201,13630,10,0
21201,13650,11,0
21201,13660,12,0
21201,26700,13,0
21201,26710,14,0
21201,26720,15,0
21201,26735,16,0
21201,26730,17,0
21201,44240,18,0
21201,44245,19,1
21300,15800,1,0
21300,40260,2,0
21300,40270,3,0
21300,40280,4,0
21300,15750,5,0
21300,11583,6,0
21300,11590,7,0
21300,40510,8,0
21300,40490,9,0
21300,40470,10,0
21300,40460,11,0
21300,40440,12,0
21300,40420,13,0
21300,12290,14,0
21300,90610,15,0
21300,90620,16,0
21300,90630,17,0
21300,90640,18,0
21300,90801,19,0
21300,90800,20,0
21300,90652,21,0
21300,90660,22,0
21300,90670,23,1
21301,12580,1,0
21301,14150,2,0
21301,90641,3,0
21301,90621,4,0
21301,90601,5,0
21301,40410,6,0
21301,40450,7,0
21301,40480,8,0
21301,40520,9,0
21301,16030,10,0
21301,16040,11,0
21301,16050,12,0
21301,40240,13,0
21301,40250,14,1
21400,16710,1,0
21400,16715,2,0
21400,16720,3,0
21400,45280,4,0
21400,16730,5,0
21400,44195,6,0
21400,44200,7,0
21400,44140,8,0
21400,44150,9,0
21400,47021,10,0
21400,47030,11,0
21400,47040,12,0
21400,47051,13,0
21400,47060,14,0
21400,17605,15,0
21400,47070,16,0
21400,47080,17,0
21400,47090,18,0
21400,47100,19,0
21400,47500,20,0
21400,47510,21,0
21400,47520,22,0
21400,47530,23,0
21400,93845,24,0
21400,93850,25,0
21400,93855,26,0
21400,93860,27,0
21400,93865,28,0
21400,93870,29,0
21400,93875,30,0
21400,27050,31,0
21400,27205,32,0
21400,27206,33,0
21400,27207,34,0
21400,17627,35,0
21400,27080,36,0
21400,27010,37,0
21400,27012,38,0
21400,27013,39,0
21400,27020,40,1
21401,27080,1,0
21401,27010,2,0
21401,27012,3,0
21401,27013,4,0
21401,27020,5,0
21401,27040,6,0
21401,27045,7,0
21401,47553,8,0
21401,93810,9,0
21401,93815,10,0
21401,93820,11,0
21401,93825,12,0
21401,93830,13,0
21401,93835,14,0
21401,93840,15,0
21401,47538,16,0
21401,47537,17,0
21401,47536,18,0
21401,47535,19,0
21401,47150,20,0
21401,47160,21,0
21401,47170,22,0
21401,47180,23,0
21401,47190,24,0
21401,47200,25,0
21401,47210,26,0
21401,47220,27,0
21401,44170,28,0
21401,44180,29,0
21401,44151,30,0
21401,40030,31,0
21401,40040,32,0
21401,40050,33,0
21401,17075,34,0
21401,17080,35,0
21401,15105,36,0
21401,15110,37,0
21401,15115,38,1
21500,25840,1,0
21500,15895,2,0
21500,15900,3,0
21500,16450,4,0
21500,16460,5,0
21500,13630,6,0
21500,13650,7,0
21500,13660,8,0
21500,13765,9,0
21500,13680,10,0
21500,12750,11,0
21500,12760,12,0
21500,12770,13,0
21500,12780,14,0
21500,13730,15,0
21500,13740,16,0
21500,24830,17,0
21500,24840,18,0
21500,24850,19,0
21500,24855,20,0
21500,24860,21,0
21500,24870,22,0
21500,24880,23,0
21500,24890,24,0
21500,24900,25,0
21500,24910,26,0
21500,24920,27,0
21500,24930,28,0
21500,24940,29,0
21500,5540,30,0
21500,5550,31,0
21500,5560,32,0
21500,24980,33,0
21500,24990,34,0
21500,18300,35,0
21500,18310,36,0
21500,23840,37,0
21500,25030,38,0
21500,2240,39,0
21500,25050,40,0
21500,25060,41,0
21500,25080,42,1
21501,25080,1,0
21501,50160,2,0
21501,8070,3,0
21501,50162,4,0
21501,1740,5,0
21501,1750,6,0
21501,1760,7,0
21501,25440,8,0
21501,25450,9,0
21501,23880,10,0
21501,23890,11,0
21501,25480,12,0
21501,25490,13,0
21501,25500,14,0
21501,5300,15,0
21501,5310,16,0
21501,5320,17,0
21501,25530,18,0
21501,25535,19,0
21501,25540,20,0
21501,25550,21,0
21501,25560,22,0
21501,25570,23,0
21501,25580,24,0
21501,25590,25,0
21501,25600,26,0
21501,25610,27,0
21501,25620,28,0
21501,25640,29,0
21501,25650,30,0
21501,12920,31,0
21501,12930,32,0
21501,12940,33,0
21501,12080,34,0
21501,12090,35,0
21501,12970,36,0
21501,12980,37,0
21501,12990,38,0
21501,13000,39,0
21501,13010,40,0
21501,13020,41,0
21501,13030,42,0
21501,17310,43,0
21501,17320,44,0
21501,17330,45,0
21501,15870,46,0
21501,15875,47,0
21501,25840,48,1
21600,16150,1,0
21600,15670,2,0
21600,25900,3,0
21600,25910,4,0
21600,25920,5,0
21600,13010,6,0
21600,13020,7,0
21600,13030,8,0
21600,13033,9,0
21600,16470,10,0
21600,16480,11,0
21600,16490,12,0
21600,12710,13,0
21600,12715,14,0
21600,12720,15,0
21600,12730,16,0
21600,12740,17,0
21600,25950,18,0
21600,25960,19,0
21600,25980,20,0
21600,25990,21,0
21600,9580,22,0
21600,9590,23,0
21600,9600,24,0
21600,9610,25,0
21600,9620,26,0
21600,9630,27,0
21600,12840,28,0
21600,9640,29,0
21600,9650,30,1
21601,9160,1,0
21601,9170,2,0
21601,9180,3,0
21601,9190,4,0
21601,9195,5,0
21601,9210,6,0
21601,9220,7,0
21601,9235,8,0
21601,9230,9,0
21601,26630,10,0
21601,23635,11,0
21601,26650,12,0
21601,26655,13,0
21601,26660,14,0
21601,12110,15,0
21601,12120,16,0
21601,12130,17,0
21601,12140,18,0
21601,12150,19,0
21601,12160,20,0
21601,17290,21,0
21601,13630,22,0
21601,1345,23,0
21601,13650,24,0
21601,13660,25,0
21601,26700,26,0
21601,26710,27,0
21601,26720,28,0
21601,16130,29,0
21601,16140,30,0
21601,16150,31,1
21701,25080,1,0
21701,8070,2,0
21701,3475,3,0
21701,25415,4,0
21701,25420,5,0
21701,1770,6,0
21701,25440,7,0
21701,25450,8,0
21701,23880,9,0
21701,23890,10,0
21701,23900,11,0
21701,23910,12,0
21701,45555,13,1
50101,50100,1,0
50101,50102,2,0
50101,50104,3,0
50101,50106,4,0
50101,50108,5,0
50101,50110,6,0
50101,50198,7,0
50101,50112,8,0
50101,50114,9,0
50101,50116,10,0
50101,50118,11,0
50101,50120,12,0
50101,50122,13,0
50101,50124,14,0
50101,50126,15,0
50101,50128,16,0
50101,20390,17,0
50101,20400,18,0
50101,20420,19,0
50101,20430,20,0
50101,20460,21,0
50101,20480,22,0
50101,20500,23,0
50101,20510,24,0
50101,20518,25,0
50101,45101,26,0
50101,45100,27,1
50102,45101,1,0
50102,20933,2,0
50102,20935,3,0
50102,20940,4,0
50102,20960,5,0
50102,20980,6,0
50102,21010,7,0
50102,21020,8,0
50102,21040,9,0
50102,21060,10,0
50102,45100,11,0
50102,50150,12,0
50102,50152,13,0
50102,50154,14,0
50102,50156,15,0
50102,50158,16,0
50102,50160,17,0
50102,50162,18,0
50102,50164,19,0
50102,50166,20,0
50102,50193,21,0
50102,50168,22,0
50102,50170,23,0
50102,50172,24,0
50102,50174,25,0
50102,50176,26,0
50102,50100,27,1
50203,28180,1,0
50203,28075,2,0
50203,28080,3,0
50203,28085,4,0
50203,28090,5,0
50203,28060,6,0
50203,28070,7,0
50203,26790,8,0
50203,26800,9,0
50203,30110,10,0
50203,9090,11,0
50203,9140,12,0
50203,9160,13,0
50203,9195,14,0
50203,9230,15,0
50203,9280,16,0
50203,12425,17,0
50203,12430,18,1
50204,9475,1,0
50204,9530,2,0
50204,9580,3,0
50204,9610,4,0
50204,9650,5,0
50204,9670,6,0
50204,9720,7,0
50204,30117,8,0
50204,9780,9,0
50204,9785,10,0
50204,26815,11,0
50204,28110,12,0
50204,28120,13,0
50204,28130,14,0
50204,28140,15,0
50204,28150,16,0
50204,28190,17,1
50501,14090132,1,0
50501,15900,2,0
50501,16460,3,0
50501,16480,4,0
50501,16510,5,0
50501,16540,6,0
50501,16560,7,0
50501,14090135,8,0
50501,14090137,9,0
50501,14090139,10,0
50501,17145,11,0
50501,16670,12,0
50501,16700,13,0
50501,50156,14,1
50502,50156,1,0
50502,17090,2,0
50502,17120,3,0
50502,17135,4,0
50502,17150,5,0
50502,14090138,6,0
50502,14090136,7,0
50502,14090134,8,0
50502,17230,9,0
50502,17270,10,0
50502,14090133,11,0
50502,17320,12,0
50502,15870,13,0
50502,14090132,14,1
51101,44406,1,0
51101,477,2,0
51101,469,3,0
51101,461,4,0
51101,15033006,5,0
51101,470,6,0
51101,15033005,7,0
51101,540,8,0
51101,8510,9,0
51101,15033003,10,0
51101,30109,11,0
51101,51100,12,0
51101,51102,13,0
51101,51104,14,0
51101,51106,15,0
51101,51108,16,0
51101,51110,17,0
51101,51112,18,0
51101,51114,19,0
51101,51116,20,0
51101,15090802,21,1
51102,15090802,1,0
51102,51117,2,0
51102,51115,3,0
51102,51113,4,0
51102,51111,5,0
51102,51109,6,0
51102,51107,7,0
51102,51105,8,0
51102,51103,9,0
51102,51101,10,0
51102,30109,11,0
51102,30102,12,0
51102,8550,13,0
51102,9010,14,0
51102,15033004,15,0
51102,1500,16,0
51102,1508,17,0
51102,15033007,18,0
51102,466,19,0
51102,468,20,0
51102,475,21,0
51102,44406,22,1
